e[MeV/fm^3], P[MeV/fm^3], rho[fm^-3], v2[1], mu_q[MeV], mu_e[MeV]
71.58195607221194 0.019376260638347076 0.07551183166112621 0.01806185032450322 316.57195128971085 89.92341642585284
74.10016491175249 0.06485977178396946 0.07815115873557246 0.01806185032450326 316.72146406873105 91.024765790619
76.70639143836377 0.11193304521937247 0.08088273688183939 0.018061850324503265 316.876202692721 92.16461006582368
79.40371208999426 0.16065164710631397 0.08370979050524349 0.018061850324503224 317.0363498180116 93.34429474471072
82.19531083378259 0.21107308578268988 0.08663565671212049 0.018061850324503186 317.2020944852288 94.56521234887349
85.08448292446792 0.26325687964638034 0.08966378924900394 0.018061850324503227 317.3736323424404 95.82880407201151
88.0746387941701 0.317264627411876 0.09279776257949199 0.018061850324503234 317.55116587610246 97.13656148114251
91.1693080781302 0.37316008082260077 0.09604127610361388 0.0180618503245032 317.7349046500787 98.49002827727713
94.37214378115249 0.4310092199045644 0.09939815852466523 0.018088487354544512 317.9250655530129 99.89080211763012
97.6869757993967 0.49106090179612444 0.10287237236868205 0.019255301458732603 318.1222990017657 101.33984570908403
101.11986451800226 0.5612123980307122 0.10646801866188291 0.021662464342603646 318.3451487000273 102.80997251328064
104.67528624500615 0.6427510757917515 0.11018934177159138 0.024237271178381786 318.59574432277356 104.30486344182296
108.35791622476958 0.736980624741799 0.11404073441636543 0.026920267095794273 318.8759904930379 105.82396075340817
112.1727714362078 0.844944139362974 0.11802674285124978 0.029903169158792375 319.1863342944128 107.33131489870814
116.12536221854529 0.9697012467608513 0.12215207223425231 0.033128604049492305 319.53184301002517 108.83594926945497
120.22058430169312 1.1120115025052542 0.12642159218040233 0.03642699727296762 319.9131521806471 110.36057643612367
124.4640269233187 1.2739597956119093 0.130840342509936 0.04005797794488111 320.3330553238233 111.91312631407268
128.8618971317408 1.458760515403257 0.13541353919739 0.044167339746025575 320.79588975142224 113.49907969978847
133.4208715816421 1.6702641954106736 0.1401465805286361 0.04845346643322773 321.30651694759945 115.12367962053304
138.14674713038173 1.9093441223752088 0.14504505347311691 0.052773525840877133 321.864973007233 116.79378000164584
143.046301157445 2.1790046101745664 0.1501147402788089 0.057528169039875315 322.47450701812625 118.51374226197309
148.1273960447996 2.4844335534151987 0.15536162529769304 0.06284216502195894 323.1410092423423 120.28727240461446
153.3980665613772 2.830586859448035 0.16079190204979565 0.06832610081857435 323.8695330774141 122.11815106148126
158.86527298295658 3.219172163942335 0.1664119805341341 0.07388078486914754 324.6608118435546 124.01003694966207
164.53733520637863 3.6547355939838426 0.17222849479519628 0.08003547718389081 325.5190968335605 125.96563778643767
170.4244790514288 4.145740845861174 0.17824831075389239 0.0868529844855449 326.4526563846883 127.98699818273994
176.53631225317216 4.698462512306701 0.18447853431221173 0.09382020158110449 327.46672096984696 130.0757416868159
182.8813754413206 5.316058719226849 0.19092651974116215 0.10090610940848843 328.5630444196908 132.23321948878043
189.47003531795517 6.005327445562022 0.19759987836188778 0.10878861147005087 329.74707517392477 134.4600859855788
196.31596471295904 6.779778757210621 0.2045064875302128 0.11740966184855067 331.0300349266862 136.75533593637135
203.43050851080594 7.646768440999467 0.2116544999352168 0.12608946577877583 332.4166501261103 139.11816799894396
210.8244028704521 8.611548461528256 0.2190523532228215 0.1349022716417198 333.9096258088783 141.54800776113123
218.51074020607123 9.683761637930058 0.2267087799557421 0.144675685399567 335.51527196244086 144.04316211894482
226.5082297443755 10.883905458890382 0.2346328179215674 0.15515575564888284 337.2475539070624 146.5980221258686
234.82991040706085 12.219142432571214 0.24283382080112978 0.165468793415954 339.10915812779723 149.21047258606862
243.4895649756236 13.697245910404929 0.251321469209763 0.17584512352042914 341.1031533419793 151.87844925539375
252.5038440061727 15.330749682934059 0.2601057821244808 0.18722157626269964 343.23564238728784 154.59823272020708
261.8986645589929 17.148496170258692 0.2691971287105613 0.1990941783168373 345.52172126130665 157.35874279741
271.6882403462793 19.154773742642355 0.2786062405615009 0.21042316819891171 347.9601724040327 160.15923345514636
281.89049785111735 21.359861900727388 0.28834422436678714 0.22164620815909453 350.553435966267 162.99688619016126
292.5265475405733 23.778386588672046 0.29842257502243846 0.2337246132981532 353.30588629997703 165.86712739404365
303.63223194734013 26.447522162853414 0.3088531891997931 0.24592594617416275 356.23075742095136 168.75397623493998
315.221644345916 29.365222005850605 0.3196483793885593 0.2571506414649065 359.3222217150829 171.66146423910627
327.3182001354512 32.54397588998893 0.3308208884307057 0.2680601823279971 362.5812187590644 174.58688764206116
339.94834281111105 35.99922256647753 0.34238390456234696 0.27953912812815473 366.0093102394057 177.52639819239948
353.1609909336148 39.77515980981052 0.35435107698138235 0.29073954455728535 369.6146067251103 180.46095093582716
366.9678973380775 43.86090014922628 0.36673653195926065 0.30065088098701787 373.38857293297076 183.40165313600272
381.39961501803265 48.271172544303795 0.37955488951589167 0.31015245142971803 377.3304189270836 186.34635558829183
396.4906533657989 53.02360113792524 0.3928212806773882 0.31982610479761786 381.43924800134255 189.29179087628498
412.3008527606959 58.16142376409454 0.40655136533700936 0.3289384922226952 385.715199445606 192.22134084195403
428.8422763195667 63.67123483078209 0.4207613507403866 0.3367997029933043 390.1519632333736 195.14960434240515
446.15280627746716 69.56858793441738 0.43546801061685736 0.3442133252339814 394.74706680995223 198.07590608509867
464.2780259448425 75.87458447409477 0.4506887049794844 0.35150975801747597 399.4973996827608 200.99712370244046
483.2864678357302 82.62794089575061 0.46644140061713574 0.35815337345525355 404.39704715862416 203.9015725130736
503.19312868459383 89.81743999618276 0.48274469230281475 0.3637799635527825 409.443966892103 206.80418001389222
524.0438196115323 97.4597118607662 0.49961782474327404 0.36926738642350543 414.635064288593 209.7055981206466
540.6166650148731 103.61161302492292 0.5128449283113262 0.01246202447351985 419.965155467323 197.18673960236464
1037.7127589053403 118.49727136527153 2.020176231905687 0.047428441467773974 425.42575827814784 148.4459419555918
1334.3262739312136 135.6594898112179 2.9428716809540307 0.06541623809935201 431.0191767573046 101.26966114180838
1625.188759834841 156.84167776092949 3.9148138158460526 0.13059633295996254 436.7425864142945 55.02349455354172
1782.3134243508953 182.26512714485062 4.438550889408863 0.4334750316379332 442.58863755631796 9.970534280320724
1833.616683800323 209.05461570422727 4.55385583557105 0.5208617863148628 448.5493841174104 0.0
1887.6404472354254 237.11859101845783 4.67346911078858 0.5177205979534596 454.6305491184618 0.0
1944.5605465236954 266.48210566905095 4.797809118523503 0.5141997953099406 460.8299726039833 0.0
2004.355497678433 297.1235855578052 4.92674446403868 0.5105869205784286 467.1378280933174 0.0
2067.3625672865955 329.17096980517994 5.0606354549666275 0.5069874710413695 473.54898535308183 0.0
2133.5780117756226 362.626962859184 5.1995130605533335 0.5036147025245796 480.071280830431 0.0
2203.171897555684 397.5551469263228 5.343551239391656 0.5001021894156663 486.70328412661297 0.0
2276.411307812804 434.0448618228936 5.4929362876027765 0.4966014286169713 493.4322960810193 0.0
2353.252955399402 472.07362904667747 5.6475718669766035 0.4932915503626125 500.25755711425035 0.0
2433.981838138367 511.760268909369 5.807848104013124 0.4900095852656525 507.1877539542807 0.0
2518.7979194723794 553.1788851116642 5.973961671330187 0.4867274694795545 514.2221043128914 0.0
2607.769390955886 596.333762122408 6.145805288883698 0.48344642222338496 521.3446486630854 0.0
2701.1859678523833 641.339197588146 6.323719453452641 0.48024331049635727 528.5600614898749 0.0
2799.2843949698454 688.2928944847607 6.508016316158571 0.4771301141728763 535.8768235754889 0.0
2902.299012293075 737.281083468899 6.698917470845396 0.4740583352960903 543.2946808831524 0.0
3010.190390597755 788.2597862731315 6.896135771768327 0.4710387406190546 550.7940656725807 0.0
3123.3483360269884 841.3881085774431 7.100169597346966 0.46806896797331543 558.3858568647358 0.0
3242.1408262187083 896.8119912996435 7.311452346295715 0.46514755469248215 566.0774961051789 0.0
3366.8433330635316 954.6320946145864 7.530233683378332 0.4622760312489018 573.8691457199808 0.0
3497.3425456993264 1014.7691602375743 7.756082451982323 0.45946408395000615 581.7373188974098 0.0
3634.1989511329534 1077.4546974480397 7.989734150038045 0.4567061861005435 589.6997099959373 0.0
3777.808690689377 1142.8413410356686 8.231611710918095 0.45400134775474577 597.7620710944946 0.0
3928.4939036627625 1211.046058658901 8.481994881829143 0.45134949248290557 605.9248908074412 0.0
4086.0431716204657 1281.9448317487631 8.740279262056482 0.4487551398722873 614.160475058444 0.0
4251.262202890808 1355.8702717346873 9.007516566608766 0.44617541373607805 622.493868083454 0.0
4424.750642248506 1433.0463561902739 9.284281985940117 0.4436457945315997 630.9286144231583 0.0
4606.720542500032 1513.546967899327 9.570721089036567 0.4411226380254547 639.4654611461091 0.0
