e[MeV/fm^3], P[MeV/fm^3], rho[fm^-3], v2[1], mu_q[MeV], mu_e[MeV]
71.58195607221194 0.019376260638347076 0.07551183166112621 0.01806185032450322 316.57195128971085 89.92341642585284
74.10016491175249 0.06485977178396946 0.07815115873557246 0.01806185032450326 316.72146406873105 91.024765790619
76.70639143836377 0.11193304521937247 0.08088273688183939 0.018061850324503265 316.876202692721 92.16461006582368
79.40371208999426 0.16065164710631397 0.08370979050524349 0.018061850324503224 317.0363498180116 93.34429474471072
82.19531083378259 0.21107308578268988 0.08663565671212049 0.018061850324503186 317.2020944852288 94.56521234887349
85.08448292446792 0.26325687964638034 0.08966378924900394 0.018061850324503227 317.3736323424404 95.82880407201151
88.0746387941701 0.317264627411876 0.09279776257949199 0.018061850324503234 317.55116587610246 97.13656148114251
91.1693080781302 0.37316008082260077 0.09604127610361388 0.0180618503245032 317.7349046500787 98.49002827727713
94.37214378115249 0.4310092199045644 0.09939815852466523 0.018088487354544512 317.9250655530129 99.89080211763012
97.6869757993967 0.49106090179612444 0.10287237236868205 0.019255301458732603 318.1222990017657 101.33984570908403
101.11986451800226 0.5612123980307122 0.10646801866188291 0.021662464342603646 318.3451487000273 102.80997251328064
104.67528624500615 0.6427510757917515 0.11018934177159138 0.024237271178381786 318.59574432277356 104.30486344182296
108.35791622476958 0.736980624741799 0.11404073441636543 0.026920267095794273 318.8759904930379 105.82396075340817
112.1727714362078 0.844944139362974 0.11802674285124978 0.029903169158792375 319.1863342944128 107.33131489870814
116.12536221854529 0.9697012467608513 0.12215207223425231 0.033128604049492305 319.53184301002517 108.83594926945497
120.22058430169312 1.1120115025052542 0.12642159218040233 0.03642699727296762 319.9131521806471 110.36057643612367
124.4640269233187 1.2739597956119093 0.130840342509936 0.04005797794488111 320.3330553238233 111.91312631407268
128.8618971317408 1.458760515403257 0.13541353919739 0.044167339746025575 320.79588975142224 113.49907969978847
133.4208715816421 1.6702641954106736 0.1401465805286361 0.04845346643322773 321.30651694759945 115.12367962053304
138.14674713038173 1.9093441223752088 0.14504505347311691 0.052773525840877133 321.864973007233 116.79378000164584
143.046301157445 2.1790046101745664 0.1501147402788089 0.057528169039875315 322.47450701812625 118.51374226197309
148.1273960447996 2.4844335534151987 0.15536162529769304 0.06284216502195894 323.1410092423423 120.28727240461446
153.3980665613772 2.830586859448035 0.16079190204979565 0.06832610081857435 323.8695330774141 122.11815106148126
158.86527298295658 3.219172163942335 0.1664119805341341 0.07388078486914754 324.6608118435546 124.01003694966207
164.53733520637863 3.6547355939838426 0.17222849479519628 0.08003547718389081 325.5190968335605 125.96563778643767
170.4244790514288 4.145740845861174 0.17824831075389239 0.0868529844855449 326.4526563846883 127.98699818273994
176.53631225317216 4.698462512306701 0.18447853431221173 0.09382020158110449 327.46672096984696 996.4864181272792
182.8813754413206 5.316058719226849 0.19092651974116215 0.10090610940848843 328.5630444196908 983.8720056074611
189.47003531795517 6.005327445562022 0.19759987836188778 0.10878861147005087 329.74707517392477 970.2484236507075
196.31596471295904 6.779778757210621 0.2045064875302128 0.11740966184855067 331.0300349266862 955.4865542681257
203.43050851080594 7.646768440999467 0.2116544999352168 0.12608946577877583 332.4166501261103 939.5320144520916
210.8244028704521 8.611548461528256 0.2190523532228215 0.1349022716417198 333.9096258088783 922.3536797670363
218.51074020607123 9.683761637930058 0.2267087799557421 0.144675685399567 335.51527196244086 903.8789468359998
226.5082297443755 10.883905458890382 0.2346328179215674 0.15515575564888284 337.2475539070624 883.9471292203124
234.82991040706085 12.219142432571214 0.24283382080112978 0.165468793415954 339.10915812779723 862.527315941368
243.4895649756236 13.697245910404929 0.251321469209763 0.17584512352042914 341.1031533419793 839.5841980158888
252.5038440061727 15.330749682934059 0.2601057821244808 0.18722157626269964 343.23564238728784 815.0475555538978
261.8986645589929 17.148496170258692 0.2691971287105613 0.1990941783168373 345.52172126130665 788.7436924249811
271.6882403462793 19.154773742642355 0.2786062405615009 0.21042316819891171 347.9601724040327 760.6866180021462
281.89049785111735 21.359861900727388 0.28834422436678714 0.22164620815909453 350.553435966267 730.8482556545235
292.5265475405733 23.778386588672046 0.29842257502243846 0.2337246132981532 353.30588629997703 699.1782736298987
303.63223194734013 26.447522162853414 0.3088531891997931 0.24592594617416275 356.23075742095136 665.5243999555483
315.221644345916 29.365222005850605 0.3196483793885593 0.2571506414649065 359.3222217150829 629.9536877701822
327.3182001354512 32.54397588998893 0.3308208884307057 0.2680601823279971 362.5812187590644 592.4553262058955
339.94834281111105 35.99922256647753 0.34238390456234696 0.27953912812815473 366.0093102394057 553.0113463340267
353.1609909336148 39.77515980981052 0.35435107698138235 0.29073954455728535 369.6146067251103 511.5284270975495
366.9678973380775 43.86090014922628 0.36673653195926065 0.30065088098701787 373.38857293297076 468.1047763596348
381.39961501803265 48.271172544303795 0.37955488951589167 0.31015245142971803 377.3304189270836 422.7494832055807
396.4906533657989 53.02360113792524 0.3928212806773882 0.31982610479761786 381.43924800134255 375.4728652298302
412.3008527606959 58.16142376409454 0.40655136533700936 0.3289384922226952 385.715199445606 326.27331974867343
428.8422763195667 63.67123483078209 0.4207613507403866 0.3372449286997137 390.1519632333736 275.22345058837936
454.7233786803077 72.53965622895208 0.4427185870334392 0.012716971491161022 394.74706680995223 222.3517072223951
712.9022216358068 77.21118112483276 1.2448089108515665 0.02347131444585432 399.4973996827608 168.5924740429503
1094.1669261114039 89.18748084822371 2.4423540396468653 0.04153061615468376 404.39704715862416 116.0074569701463
1424.6088149788502 105.80883524402135 3.5427820015770686 0.0879112266947703 409.443966892103 64.69490275071206
1618.0741442015585 127.07675331633682 4.208471887805644 0.4501156754592186 414.635064288593 16.261497877259245
1661.22556943077 149.77405720021738 4.3121518124033225 0.5254766200560099 419.965155467323 0.0
1706.644408445553 173.6159579079902 4.419596954805744 0.5231931998667572 425.42575827814784 0.0
1754.6798092725737 198.6593068224836 4.5317480437770445 0.5197001316727998 431.0191767573046 0.0
1805.3676395006942 224.91342960491423 4.648610219143425 0.5161540022862099 436.7425864142945 0.0
1858.9423035245438 252.46410343256173 4.7704191376683225 0.5126147037186974 442.58863755631796 0.0
1915.3106400848144 281.2624634809637 4.896956391773521 0.5091531792712773 448.5493841174104 0.0
1974.8154886901334 311.4500668575277 5.028704154683348 0.5056330816998535 454.6305491184618 0.0
2037.5412483596199 343.05518576707897 5.1657252558793205 0.5022610615949539 460.8299726039833 0.0
2103.4658171775445 376.05561488288794 5.307876698056221 0.4988045287869709 467.1378280933174 0.0
2172.967763562986 410.59350734727815 5.455568227085493 0.49536388145368404 473.54898535308183 0.0
2246.042269032038 446.67133117130345 5.608830509373953 0.4921432061685991 480.071280830431 0.0
2322.880366770531 484.3598571243326 5.7678607959732044 0.48879239916973694 486.70328412661297 0.0
2403.7836429540107 523.7599260478952 5.932876464464792 0.4854557463694369 493.4322960810193 0.0
2488.704419110138 564.847362409202 6.103769126165859 0.4823041128392753 500.25755711425035 0.0
2577.9609902065267 607.7527845853608 6.280974608897469 0.4791818931857641 507.1877539542807 0.0
2671.7780711639457 652.558763337012 6.464715459593501 0.47606236632355214 514.2221043128914 0.0
2770.2354410717808 699.2728989718112 6.654879285199562 0.47294664662075814 521.3446486630854 0.0
2873.6576367380762 748.0216155791495 6.851848066527263 0.4699075950038054 528.5600614898749 0.0
2982.3092131702274 798.9124391016057 7.055969679652986 0.4669564515001743 535.8768235754889 0.0
3096.453609111167 852.0415363496778 7.267494526304264 0.46404703551857507 543.2946808831524 0.0
3216.050918842059 907.3638612016873 7.486109057955615 0.4611894303517454 550.7940656725807 0.0
3341.5370025381294 965.054727019964 7.712370154978107 0.4583812803094811 558.3858568647358 0.0
3473.323951031974 1025.2754619433733 7.9467631992432475 0.4556210849229383 566.0774961051789 0.0
3611.721548534181 1088.1384215075288 8.189570066062696 0.45291017394443367 573.8691457199808 0.0
3756.608047755891 1153.5603140307146 8.44031671641191 0.45025756894016133 581.7373188974098 0.0
3908.6097444222037 1221.7958970619973 8.699824084338562 0.447657931864339 589.6997099959373 0.0
4068.1709406997315 1293.014462480792 8.968566660255883 0.4451102118351984 597.7620710944946 0.0
4235.654012935273 1367.346670415333 9.246860114429941 0.4426142226201564 605.9248908074412 0.0
4410.828222978706 1444.6604877687707 9.534037060408481 0.44017410686055713 614.160475058444 0.0
4594.593907940533 1525.3219490027782 9.83127152354021 0.43774948291070226 622.493868083454 0.0
4787.624674027832 1609.580389824689 10.139211162515224 0.4353735628329658 630.9286144231583 0.0
4990.159528172755 1697.5187721904042 10.458019967276327 0.4330042058921233 639.4654611461091 0.0
