M[M_sun], R[km], Lambda[1], P_c[MeV/fm^3], rho_c[fm^-3]
0.23848912294887037 16.21570186450063 2784644.0411725277 3.4469561053153734 0.1694538074003404
0.24847402775237243 15.872858803112711 2285387.3642673283 3.63256832917891 0.1719324731299836
0.25874814845762273 15.569481049165603 1884666.4450573982 3.817022576736139 0.17421816346966695
0.26931217008588904 15.299933227327259 1560574.0333662862 4.013044828251611 0.17662143283067816
0.28015493345664366 15.060063106086323 1297613.4159225617 4.21709897796949 0.17905265250983965
0.29128716882003397 14.8460167676361 1083021.2315428166 4.423885574520152 0.18138353042468539
0.30269986632333373 14.654355506642846 907116.4122079235 4.645659834971439 0.18388334779384696
0.3143955427923896 14.482847417076732 762393.9769008292 4.868091550997328 0.1862495386635151
0.32638335782521727 14.328812645517901 642715.2420671928 5.101482580016145 0.18868624720786606
0.33864462896885794 14.190375791217186 543438.706096702 5.348631244936067 0.19124188026302444
0.35119657020397943 14.066154653786175 460853.08912492055 5.5943455413749685 0.1936208357497974
0.36402729250262705 13.954218451554194 391849.00810132845 5.857082703646748 0.19616460313665368
0.37713816166020886 13.853419989165666 334054.73961474677 6.127539292175393 0.1986897718743683
0.39053550925553737 13.762739496133744 285454.04870943725 6.403681985535045 0.20115243108746178
0.4042211035929069 13.681008848080683 244477.42780231993 6.698706183734689 0.20378347683755013
0.418180718471761 13.607463201969425 209861.22079580813 6.995371610153994 0.2062839716411365
0.43243936398051014 13.541351207672799 180507.23800983513 7.304975617537712 0.20883654328852505
0.4469732622905134 13.481857035272762 155574.051295781 7.635490690802083 0.2115615190153526
0.46179168081765953 13.428614264612015 134360.2125135727 7.961564473986977 0.21406832984256205
0.4768949922262211 13.380695103812418 116227.98291325709 8.308164664211795 0.21672603139336089
0.49228123927569534 13.33801026852829 100736.29681067081 8.67285088068416 0.21949009964410038
0.5079408720405116 13.299976029359883 87468.97225772323 9.036814024458234 0.22208907641954095
0.5238820429319154 13.265917521524512 76062.749569257 9.42449727003314 0.22485743296528518
0.5401049084362528 13.235843040228957 66249.98656098566 9.826210541679842 0.22764930933379637
0.5566006183902825 13.209210060062107 57796.797360261124 10.233125471529217 0.23033599512651035
0.573381382033537 13.18586841233617 50491.54658133476 10.66632648270441 0.23319623670708975
0.5904302819843389 13.165455524403146 44174.900681268344 11.109750875253438 0.23601995664408462
0.6077640488075224 13.147602495244907 38696.4405057242 11.564290342005357 0.2388117303510628
0.6253588091326644 13.132353120977067 33948.174320689905 12.047958585439918 0.24178241251111796
0.6432117211807765 13.119253310228418 29821.057353003845 12.537937390846016 0.24466442302949815
0.6613570587414762 13.108218330209873 26225.6359421401 13.045613615511806 0.24757962982320697
0.6797348099327206 13.09907902946172 23095.278650408716 13.585602227466412 0.2506803826132983
0.6983906898457249 13.091596863218866 20360.81540901307 14.127334735759197 0.25363431040827816
0.7173025849669287 13.085601511100233 17838.6162186392 14.694545858712278 0.2566845390496323
0.7364476608321311 13.081158596863911 15880.60040062642 15.297658537512836 0.25992783152468735
0.7558385883565341 13.077819988322702 14047.891817724298 15.896691262651473 0.26293630391867095
0.7754768418233721 13.07564686781425 12355.835385517543 16.53050484714563 0.2661062833452758
0.7953589454288325 13.074510582163274 11028.746481609971 17.200470795569448 0.2694408811552335
0.8154677014226149 13.074218240353936 9786.499711940858 17.86766310971588 0.2725699033784309
0.8358058134033073 13.074762450790328 8693.01848629416 18.576146971502975 0.275892576169026
0.8563605410613443 13.07601830945658 7729.543975928271 19.317567256377572 0.2793251599364686
0.8771265487067417 13.077894555174778 6879.510309756802 20.06423140717734 0.2826225353188616
0.898110800150681 13.08029056905673 6128.601926784009 20.856999693463443 0.2861235131391329
0.919283092819644 13.083068650464444 5464.824014958737 21.677530448518787 0.2896679962649496
0.940643533111336 13.086276200123432 4877.388239504378 22.514206348348253 0.2931545486849623
0.9621924343128717 13.089703726473433 4357.079404311044 23.402496225447543 0.29685618419436877
0.9838925820482884 13.09330537588233 3895.920405635425 24.310535007573208 0.30050213774541845
1.0057845117722746 13.097099498393085 3486.1698736644544 25.249115330747095 0.3041699803683943
1.0278179064028337 13.10085117401457 3122.2996440558504 26.245607210551587 0.30806413337794886
1.0499985712863804 13.104731820739039 2799.075706435968 27.251615058419734 0.31182825044809387
1.0723367540170385 13.108560223341302 2510.964648360515 28.305934487921146 0.3157291242094906
1.0947901143505845 13.11230048164349 2254.5849160877174 29.421857867993157 0.319847439996886
1.1173341478413548 13.1157024094128 2026.042483906467 30.540184628425866 0.3237780732885526
1.1400127040853718 13.119018685730678 1822.0286542892172 31.726822459649153 0.32794880256874315
1.1627576347845596 13.122035203399365 1640.0703608871845 32.961739877004206 0.3322189396187573
1.1856017999164876 13.124847275785447 1477.4328442312778 34.22287446450541 0.33643933860754
1.208502305508346 13.127135398364027 1331.88396768309 35.56136978732766 0.34091862603880635
1.2314350519726192 13.128984904389696 1201.6554343280284 36.9285400519322 0.345329213730315
1.2544249460392147 13.130380173316848 1084.9918586895603 38.3535469264412 0.3498455236863849
1.2774373866365645 13.131354984855497 980.4115161206494 39.86161178261152 0.3546131462584105
1.300456247573289 13.131718419836437 886.663071832735 41.38229057977417 0.35922291027017966
1.3234787725943955 13.131503120588354 802.3944865060847 42.996075714323744 0.3641149155048518
1.346474994777958 13.130706948989262 726.8162510852418 44.666581160245656 0.3690782257030215
1.3694392362268581 13.129160063815807 658.7372387021142 46.3926337339147 0.37409495870017784
1.3923505223125556 13.126926947357234 597.5273201677556 48.22524843925296 0.3794214121371096
1.4151917946744321 13.123981763519954 542.4532213273702 50.07845888890196 0.38459992430514667
1.4379312266791395 13.120104319479534 492.8207639333677 52.043208990003215 0.3900845187314118
1.4605844851107073 13.115548706815494 448.05883154094346 54.07824148805131 0.3956396538183621
1.4831210676024678 13.110075425752918 407.66459829517163 56.189802032695006 0.4012824926532811
1.5055140629265278 13.103742688667982 371.2037541781342 58.42043605419332 0.40721936662000285
1.5277407609530855 13.096429002119807 338.27256174987656 60.69537302338736 0.4130865044827327
1.5498035624066075 13.088209383125406 308.50125204444623 63.11145889120047 0.4193176700343985
1.5716761709703275 13.078994908273263 281.5608469666673 65.59263395023125 0.425552883965567
1.593344161311725 13.06879685312817 257.163853272802 68.20244668779738 0.4320611644768707
1.6147566468976564 13.057430474201109 235.07225471357674 70.91868970019372 0.43872673209030366
1.6359298810415859 13.045091552046555 215.05127057017705 73.74517348760169 0.4455489758987752
1.6568324919159283 13.031618808745222 196.88117392307515 76.7155572052188 0.45265033511505376
1.6774445807030913 13.017048257273784 180.4016548383647 79.78425533581141 0.45980829696940567
1.697756607493232 13.001343635286979 165.42085007842928 83.03119955277391 0.46735585145973074
1.7177248914638499 12.984321471384376 151.80717295411011 86.37118827333134 0.4749297880549592
1.7373444341343935 12.966143711405804 139.42953352315675 89.91914566850885 0.4829692450679495
1.7565955501652757 12.946728825433484 128.1670045663317 93.56385162752338 0.4910162770818172
1.7754683933623556 12.92610085745671 117.9077642003754 97.44069246034162 0.4995758324053949
1.7939293044240652 12.904186693558929 108.55912925610843 101.42869391272615 0.508152688333351
1.8119514310291904 12.880928378471733 100.03590546524153 105.66874007324125 0.5172654077929444
1.8295278750872304 12.856405106608221 92.26662580731889 110.04180670457333 0.5264195092011477
1.84663066651036 12.830472375966746 85.16631930337812 114.68275364304803 0.5361124227709297
1.8632395718891595 12.803214202082945 78.68553064261025 119.49096116006467 0.5459521640561878
1.8793357930605243 12.774529437001751 72.75691329099904 124.57653326516929 0.5563062668868929
1.8949084185004132 12.744501667007468 67.33947849173683 129.8769990620504 0.5669223962229097
1.9099371262600024 12.713084466595031 62.37886403637725 135.45834921608068 0.5779963332384476
1.9243804428446565 12.680176113889859 57.84099654554612 141.3167282978907 0.5894781621378089
1.93826226516565 12.645882007508847 53.68004484415769 147.45346658880527 0.6013289016842758
1.9515068459038167 12.61005918113123 49.86322960309232 153.94538609540368 0.6137800569626275
1.9641465787798988 12.572840738734586 46.36830383274308 160.70724372077765 0.6265138641842611
1.9761312404188085 12.534033415997195 43.15524289210652 167.86435846481902 0.6399078160587964
1.9874573289251596 12.493857357283797 40.206731411048715 175.38890807335943 0.6538235496052072
1.9981164887322094 12.452122257751604 37.49428349828341 183.29671597666055 0.6682518937273965
2.008077612848632 12.408949016213912 35.00531027127755 191.66438080445306 0.6833957036545802
2.017315640228164 12.364279187754507 32.718070817946106 200.4581912614506 0.6990791706974366
2.025837931867624 12.317995035026485 30.607817761746706 209.73717613713563 0.7154527737072119
2.033614251937401 12.27026773611163 28.666357506427875 219.5608777796636 0.7326437729056229
2.0406428040950613 12.221043009985458 26.877510888861945 229.92155172221294 0.7505575259742382
2.0468882377976167 12.17028137132992 25.230783760576738 240.8671098910477 0.7692510618051575
2.0521482509592115 12.118713695218672 23.741855962778754 252.73814491863368 0.9422021977167843
2.054635684280238 12.068859959101811 22.578127645388562 265.73595145834906 1.2935798328831152
