M[M_sun], R[km], Lambda[1], P_c[MeV/fm^3], rho_c[fm^-3]
0.23848912294887037 16.21570186450063 2784644.0411725277 3.4469561053153734 0.1694538074003404
0.24849882813066795 15.871896535490661 2284224.8724506544 3.633021736661983 0.1719385279337377
0.2587965837768095 15.568198198095576 1882896.1493739465 3.8179130536670893 0.17422908088291109
0.26938495566764836 15.298167928325435 1558559.3056636674 4.014479892516945 0.1766390269862054
0.2802583606061054 15.057950319070569 1295304.9511386694 4.218980119373069 0.17907385654832883
0.2914194959081546 14.843555753756121 1080739.4751617494 4.426406323218776 0.18141194405288233
0.30286649542117616 14.65186894329875 904852.7830957596 4.648905946610865 0.18391993764084708
0.3145918793592534 14.480165648901254 760174.5106404888 4.871809909948443 0.1862883600229531
0.3266151401167036 14.326080532287763 640635.6664829549 5.106033402617679 0.18873375986661564
0.33890800520698783 14.187740182934293 541575.7515648445 5.353669979509746 0.19129066425904817
0.351494029710769 14.06335012654622 459137.96685411414 5.600329580670476 0.1936787719925046
0.36436350807011797 13.951308870099712 390203.8223291038 5.864125240642208 0.19623278753727244
0.3775115910071557 13.850866856442932 332601.15776692855 6.135094429977209 0.19875714910418912
0.39095195769056207 13.760080316538374 284088.5211973487 6.412422921352098 0.20123038334417018
0.4046762678333548 13.678440996039624 243237.00658147893 6.708768887669249 0.20387321671171293
0.41867961784424984 13.604990341978032 208741.6946967704 7.005966309493942 0.20637132105685074
0.4329786557192047 13.538960511954071 179493.46020790888 7.317035305244495 0.208935970996767
0.44756109609768824 13.47961752658229 152879.67892178163 7.648990099610271 0.21167153542943118
0.4624239796143331 13.426458115891515 133526.75054365303 7.975805339381556 0.2141775276188799
0.4775813296523003 13.378670834319802 115476.5250530539 8.32419474902069 0.21684894875595206
0.4930103694980108 13.336118656488734 100066.89975664952 8.68948122952973 0.21960885312548017
0.508721304699076 13.29811003363605 86860.91526863497 9.055407287843037 0.22222184662043457
0.5247165624677858 13.264233325827895 75512.57444760932 9.445256654927231 0.22500567093974796
0.5409875604655551 13.23436425516083 65765.0905943512 9.847602530844757 0.22779055151773034
0.5575484710158501 13.207903534048624 57352.49206149343 10.256881249820115 0.23049284440223647
0.5743816854044561 13.184543611618398 50090.30448818236 10.692684831496424 0.23337026964622304
0.5914834493267973 13.164310179083916 43816.55305420884 11.136775371011959 0.23618594063936255
0.608872152700488 13.14671032337972 38377.82708490485 11.594142525393073 0.23899508195587116
0.6265305211004076 13.131329899192382 33655.01673584074 12.080917995118346 0.24198484864718176
0.6444492907577104 13.1183655646453 29556.587642444185 12.571617560391505 0.24485782318160673
0.6626445395878658 13.107538945172532 25993.28721244515 13.082660385883747 0.2477923618587565
0.6811011945018133 13.098525778389108 22881.338397160864 13.626342203058671 0.2509143219782947
0.6998025531378442 13.091034043124077 20168.764830718006 14.168872583747136 0.2538576839080315
0.718773363566337 13.085209656009107 17667.86305603875 14.740078132141196 0.2569293929301341
0.7379843368758664 13.080817612705909 15612.990157710983 15.346404416665592 0.2601840783066265
0.7574499385127326 13.077625305477063 13907.87681768601 15.947475123384727 0.26319029625595486
0.7771571926126338 13.075462985046094 12313.168242115775 16.58601290900324 0.26638390348218055
0.7971130314152901 13.074625095260165 10914.337258358024 17.257018960572207 0.26970608274887153
0.8172801664764046 13.074220325648941 9682.759304509684 17.929314692203807 0.272859039160738
0.8376830323034506 13.074845725445192 8599.62219268475 18.643371960797957 0.2762078503126248
0.8583067699659439 13.076200133565509 7645.0100792520425 19.386000668987023 0.2796273716468204
0.8791479982811022 13.078119851236748 6802.708584647103 20.13868398119853 0.2829513285044864
0.9001880396901757 13.080515497775382 6059.383950429032 20.93801988042216 0.2864813098401911
0.9214287674366667 13.08334375305038 5401.791757896644 21.759984110109894 0.2900115928875103
0.9428648506685515 13.086531133068343 4820.423740282045 22.603755148967636 0.29352771180292997
0.96447994996797 13.0900480391885 4305.234450138977 23.49978106609477 0.29726158453715174
0.9862575410854829 13.093667970303745 3848.975222712308 24.409504664640647 0.3008888975331644
1.0082169455672867 13.097442102743583 3443.6595679262546 25.356443515215606 0.3045894041299207
1.030329440817861 13.101361152945236 3083.8262944962853 26.362043656797084 0.3085191509719284
1.0525693479136646 13.105165503866706 2764.001208999211 27.37006008820467 0.3122664849109401
1.0749694994361076 13.108902794359498 2479.112883210247 28.434225846295806 0.31620378907830965
1.0974834509590765 13.11264511755398 2225.696086649734 29.55267778864317 0.32030723864743527
1.1201207255364327 13.116177898464747 1999.746452527176 30.681676058580976 0.3242753795728429
1.1428415339093596 13.119358086194334 1798.2022915153254 31.879924299402557 0.3284869164811003
1.1656545859130993 13.122348839222534 1618.3401711538875 33.11795891443099 0.3327417281253282
1.188560984898062 13.125064777381391 1457.5594657096804 34.39169772321046 0.3370043072614674
1.2115179797916025 13.12736898341138 1313.8422559745009 35.7439038791624 0.34152947812726114
1.2345155386958524 13.129190987221493 1185.2521251052437 37.11487787362444 0.34591977885274006
1.2575701910996309 13.13062640513305 1070.0612285618874 38.5547905819214 0.3504833302409352
1.2806432199526596 13.131470967464509 966.7456365388226 40.067503557200965 0.35523728364665624
1.3037177311604435 13.131751143044976 874.1835290195079 41.60442860283488 0.3598962963042727
1.326793409064619 13.13144668880341 791.0360378563531 43.23587183820308 0.3648418300538566
1.3498246529534463 13.13047534174774 716.3943923940793 44.912163038069956 0.36979200390930517
1.3728332970197845 13.128821089956263 649.2490867909288 46.6575071121035 0.3748648072185248
1.3957915614410001 13.126491357915652 588.8546083793753 48.49939962600244 0.3801919847777805
1.4186762696098971 13.123407843380015 534.5058547411729 50.37151898871613 0.3854180007562437
1.4414658328139622 13.11950479114809 485.5415519224217 52.35923961632439 0.39096671734317345
1.4641406618655544 13.114714280915576 441.4267418302098 54.40296126500487 0.3965074202541897
1.4867135932721252 13.10914932512514 401.60094667605046 56.53975300805151 0.4022176858018122
1.5091312853630097 13.102591234521121 365.63957223363 58.780789352054775 0.4081487297216942
1.5313865545048084 13.0951294894827 333.1689980524513 61.08352194136383 0.4140875534101868
1.5534833621680135 13.086771167741537 303.7916281736023 63.529811966701224 0.4203966164854422
1.5753660136579146 13.077332756659324 277.2511721755369 66.02394918949533 0.42662848625899
1.5970332978453863 13.066908285652936 253.21857956371093 68.66713584478173 0.4332199937448418
1.6184633939762874 13.055393836263296 231.44141083167756 71.3988444452318 0.4398856747847701
1.6396497204447322 13.042830312200374 211.70962554400373 74.26232418031293 0.44679721518714965
1.6605414421098539 13.029149130268811 193.8243069513859 77.25099292392431 0.453899277919738
1.6811468858765912 13.014216100718473 177.57177640254008 80.36082624832102 0.46115319060913157
1.7014307032038545 12.998206073185829 162.82979686598097 83.62933900836795 0.46871222439712723
1.7213957532907307 12.980988936610382 149.41468903672953 87.0152065596835 0.47639019827640006
1.7410035196026483 12.962639725692123 137.23122456058582 90.5886060845234 0.48444732573077015
1.760232844932353 12.942939832998013 126.13649645644485 94.28464838714612 0.4926077016481339
1.7790599327451497 12.921993317061096 116.039261097251 98.19202984244384 0.5011925947967422
1.7974749458615766 12.899704432083476 106.8364275560578 102.23702549129865 0.5098909173473274
1.8154563048474053 12.876147889498471 98.44342039126981 106.51211134786958 0.5190308293663086
1.8329871544557954 12.85128961123719 90.79004339908712 110.95006538288038 0.5283207589983799
1.8500282778163355 12.825067858881432 83.80258743594752 115.63206229432605 0.538055132501193
1.866582237634313 12.797455442449746 77.42806477950006 120.51356349735303 0.5480448654217189
1.8826073313431513 12.768445791322582 71.59637753908748 125.64726966541937 0.5584508097526396
1.898103279589537 12.738022129361672 66.26416514590936 131.03079581473543 0.5692332979480351
1.9130461417978375 12.706191714092876 61.382361120569826 136.66854067707655 0.5803681857759124
1.9274174650210458 12.672986402678005 56.91755514952706 142.62135456634195 0.592035097321208
1.9411827748765507 12.638248678489424 52.82403496284323 148.82413356614416 0.6039577678235447
1.9543366706871603 12.602062891165275 49.0712712882319 155.390791047918 0.616505040314536
1.9668636928660463 12.564330249693633 45.63017238402149 162.2630636294502 0.6294428712491428
1.9787481113969614 12.525353003305414 42.47518155220101 169.50473556362718 0.642941492731848
1.989922650780803 12.484532562195522 39.57483586721411 177.15895609648408 0.6570970367819275
2.000457346216875 12.442393888104315 36.90754429753982 185.16597770789252 0.6716460017604754
2.010253070899675 12.398722355791875 34.460548139069836 193.6416787104693 0.686922148384605
2.0193661859763026 12.353568400253165 32.20906348620612 202.59328432630758 0.7028870378194156
2.027726311799789 12.306868962232434 30.135384189776683 211.9992440612536 0.7194239531066661
2.035350652424288 12.258689911793589 28.22795746322812 221.9612068528373 0.7367939761200744
2.0421987702930027 12.208951191980463 26.470092800439257 232.51101240951263 0.7550268774320992
2.048318764100545 12.157880764786618 24.85133271834245 243.61960949706898 0.7739278345828541
2.053567130808238 12.105025926426084 23.359214704596706 255.39362376147315 0.793761830258108
2.0580603195278475 12.050873851707085 21.982734194197338 267.8810664870777 0.8145955146707085
2.0617175269942685 11.995067294259474 20.713211668547856 281.1293196642594 0.8364874069676476
2.0645726335425207 11.937918537344055 19.542306437082292 295.13942639785887 0.8593289128486169
2.066598971739044 11.879325066408711 18.461236761320166 310.02709524533503 0.8833430382846053
2.0677709331093044 11.819284646415186 17.463710210611755 325.8562226468841 0.9086047120014799
2.068087633604012 11.757746501576799 16.542018271731198 342.69688792507407 0.9351992355467426
