M[M_sun], R[km], Lambda[1], P_c[MeV/fm^3], rho_c[fm^-3]
0.23848912294887037 16.21570186450063 2784644.0411725277 3.4469561053153734 0.1694538074003404
0.2484676975012196 15.873039928068701 2285872.7641206807 3.632481623898453 0.17193131526762534
0.25873918361298576 15.569727569432345 1884958.9150354355 3.8168523066549027 0.17421607592671626
0.26929623927945734 15.300327211498713 1561084.4618228304 4.012770455022262 0.17661806896371676
0.2801350395323683 15.060461317426714 1298053.5873348494 4.216739348054272 0.17904859879726406
0.29126108787200566 14.846512377043396 1083494.938761127 4.42340371683434 0.1813780989728568
0.30267058435434735 14.65491352154647 907564.3190943479 4.6450393857857755 0.1838763541524395
0.3143563839601067 14.48338362594354 762809.96164804 4.867380887323333 0.1862421190113808
0.32634056642119125 14.329360015511737 643066.1540329935 5.1006129061368135 0.18867716741683263
0.3385919607848437 14.19103675235541 543864.4327917544 5.347668387608539 0.191232558075608
0.3511388441122552 14.066661873624382 461205.7385388279 5.593202166142161 0.19360976582499878
0.36396351466763355 13.954771225663537 392197.0523090025 5.855737227378582 0.19615157651102844
0.37706498073219813 13.85397354787196 334358.8046218671 6.126095953482381 0.19867690008230052
0.39045500968137026 13.763176168437758 285710.9301240674 6.402012292823902 0.20113754065495346
0.40413332385521794 13.681575584297766 244724.04872674056 6.696784222017492 0.20376633665298655
0.41808728624439395 13.607883655524404 210073.22717558665 6.993348114164663 0.20626728865781654
0.43233284282970197 13.541793742089096 180706.99888117984 7.302672577895745 0.2088175555701729
0.44685952079046787 13.482318967562403 155754.25809338334 7.632877261967347 0.21153997225178717
0.4616701934477877 13.428941343174538 134509.37871006798 7.958845282049206 0.21404747930400567
0.4767666328791502 13.381125100476982 116378.39208557962 8.305104182269998 0.21670256387132164
0.49213877096223513 13.33845531957654 100870.17311891261 8.669675869199654 0.21946742762015745
0.507788553833121 13.300198226193826 87579.76365482983 9.03326466258419 0.22206373124589887
0.5237222977623085 13.266223530450507 76165.98199838692 9.420534868214077 0.22482913836876114
0.5399348780036464 13.236220654712106 66348.24555359129 9.822127454125457 0.22762235044750817
0.5564199848311439 13.209501775738369 57881.372671007455 10.228591734086555 0.23030606079114546
0.5731912911711895 13.186119009776196 50568.535582176715 10.661296650212906 0.23316302686762855
0.5902294727287118 13.165649441582788 44241.083327407665 11.104593962735832 0.2359882829747359
0.6075487816683587 13.147879804774494 38760.34817437854 11.558594516223794 0.23877674668557355
0.6251366221692581 13.132535085843417 34003.47082924121 12.041670664492504 0.24174379220714745
0.6429795290551502 13.119407830195872 29870.564618012275 12.531511970667651 0.2446275266226027
0.6611055797697138 13.108358688665843 26271.104017559068 13.038546781898681 0.24753905025623485
0.6794751608702942 13.09913166996948 23135.23612188168 13.577831867711666 0.25063576321919234
0.698123962674755 13.091728198664313 20243.96958046186 14.119412161616594 0.25359170605588605
0.7170131927293726 13.085708150779526 18003.407526514522 14.685862501399962 0.2566378435175714
0.7361493699402666 13.081184481318157 15796.336346693468 15.288141918536281 0.2598766550533586
0.7555292855269569 13.077797367771774 13976.702386088926 15.887007525219255 0.2628878713050701
0.7751623677621452 13.075617356913918 12464.248561376413 16.5199216203676 0.2660533519913664
0.7950232980947501 13.074517956885108 11050.966663921605 17.189689137531172 0.2693903169522453
0.8151223332073713 13.074203131612332 9806.1649571487 17.855909909643504 0.27251478280308794
0.8354474540437147 13.07481223688516 8711.69061002446 18.563332931478044 0.2758324804287772
0.8559943944320373 13.076090695274504 7746.009002232352 19.304522677081444 0.27926755321382274
0.8767480941308388 13.077889136986375 6894.322419516713 20.05004131869775 0.28255986986428416
0.8977145764743619 13.080246445678403 6141.830367605952 20.84155992879451 0.2860553289362691
0.9188589793193721 13.082978626245588 5477.189183312619 21.661817231801514 0.289602516963128
0.9402105475384092 13.086214397939333 4888.393015090736 22.497143285325887 0.29308344437362077
0.9617521099423798 13.089627124095578 4367.1072485951445 23.3839616359331 0.2967789478141423
0.9834498463679884 13.0932709331778 3904.7347895300845 24.291679037405192 0.30042845121122186
1.0053245611760362 13.09699303509405 3494.0793906183762 25.228669669874 0.30409008154188616
1.027340719649674 13.100790655490592 3129.806852617473 26.223429569869268 0.30797746621290906
1.0495076759153839 13.104621324508964 2805.5520094792546 27.229054320015678 0.3117447780297588
1.0718483052050602 13.108642902873758 2517.1323310891626 28.281501711244566 0.3156387254415377
1.0942652354406204 13.112123953174038 2259.9950678843493 29.396943016054347 0.31975987064779005
1.1168141261972881 13.115695864848794 2031.1653761057225 30.51324116891763 0.32368337390132274
1.1394662024470095 13.118982667268387 1826.7252824681839 31.697672304510814 0.3278463472092741
1.1622112636072979 13.1220292064067 1644.3057287078002 32.93199559518104 0.33211940009444907
1.1850334217489358 13.124702989280609 1481.1605780559753 34.190734987819 0.33633178354065685
1.2079286278569439 13.127032652095664 1335.288305442013 35.5266252999665 0.3408023532787234
1.2308516783819747 13.128964606308317 1204.81905175777 36.8930707857539 0.34521680009720124
1.2538294977918176 13.130450108948752 1087.9012763082058 38.31524607242345 0.34972413583105544
1.2768267988304407 13.131359373740304 983.0592846411627 39.822425577672384 0.354494357755787
1.2998291872251855 13.131678166161407 889.0418645501987 41.340018679524334 0.3590947678348117
1.3228505040533682 13.131518322493962 804.6272894746446 42.95045059195838 0.3639766081597998
1.3458305345172343 13.130712971583725 728.7905532491844 44.619854428346464 0.3689424155073508
1.368787796935117 13.129185103008822 660.5693879394303 46.34224425193179 0.3739485028037413
1.3916917079513835 13.126969914662885 599.2172852097253 48.17087787967961 0.37926338532816617
1.4145235334835673 13.12403993204912 543.977792832732 50.022715251898546 0.3844443160979567
1.437258353958404 13.12026427791654 494.21416264897414 51.98310574385422 0.3899167406874537
1.4598977438326342 13.115614862849272 449.3329994804172 54.016485110876594 0.3954746188709582
1.482399655414824 13.110187203158086 408.86663828927794 56.123257913606466 0.40110466316106935
1.5048117311198683 13.103940796512122 372.30194052186334 58.35191355378559 0.40704264481977925
1.5270481164002485 13.096708137165903 339.26555327095934 60.62157722705566 0.41289618267749983
1.5491064088104054 13.088482021209403 309.39737482625156 63.03193402211011 0.41911257276058966
1.570964515877888 13.079325324449634 282.38943506266 65.5106450003022 0.42534842213683705
1.5926284715404837 13.069115344021174 257.92652154032083 68.11412877276895 0.4318409196459276
1.6140487287829521 13.05784493068023 235.7737466179063 70.82743286955382 0.4385064667731674
1.6352157069846704 13.045548263178087 215.70016687914753 73.64690237359461 0.44531178030541174
1.6561202216613773 13.032142072962992 197.48361004849792 76.61381257467002 0.45241300835518355
1.676736582059129 13.017568974299243 180.9387175355062 79.6747134435987 0.45955278252890236
1.6970420133783013 13.001845382806334 165.92378959662756 82.91756178553211 0.4670981603966995
1.7170217510681867 12.984954801927444 152.27037261175843 86.24885618335527 0.4746523812818951
1.7366533863213305 12.966877958807592 139.85749787861835 89.79105911791093 0.48268486961595136
1.7559138922743953 12.94755985086562 128.5625940933689 93.42696368494228 0.4907140464852617
1.774779003661137 12.926888341578447 118.26824028928185 97.29322935679363 0.49925025324250516
1.793240035278413 12.904994427539618 108.89254128477965 101.27521545971523 0.5078226496374549
1.811270571863081 12.881828712901386 100.34445678936731 105.50627005056728 0.5169210716767431
1.8288589615501398 12.85735474467735 92.54734504406396 109.86939444195811 0.52605860014829
1.8459744769496584 12.831499362622688 85.42898098761097 114.50255697618988 0.5357436598637393
1.862604292462424 12.804346042166554 78.92604464393115 119.29688999719953 0.5455550077298928
1.8787189671783215 12.775726144065196 72.97954764435866 124.37333773192844 0.5558992932087201
1.8943013967491096 12.745733875413594 67.54537388101878 129.65808499772933 0.5664839404136726
1.9093387200724994 12.714347903293088 62.57256609078895 135.2287489439457 0.5775463399889349
1.9237982045010278 12.681517416613426 58.01934606090911 141.0692626751669 0.5889931546128757
1.9377003270647695 12.647283735841887 53.841651321840295 147.19349179456214 0.6008302838982283
1.9509567637677476 12.611563531363645 50.01835569138337 153.66504068055335 0.613242369413001
1.9636207708425157 12.574408245877567 46.50686302336108 160.41223592930325 0.6259584786279978
1.9756336740193845 12.535762379110007 43.286297758202664 167.5533434165185 0.6393326317931279
1.9869759232583535 12.495584501038381 40.32897831720405 175.05338100500313 0.653203033358553
1.9976613732011517 12.453976362741225 37.60965657630487 182.94241499472633 0.6676085724691594
2.0076425118482875 12.410880655061348 35.110762785391174 191.2896401106986 0.6827273661518725
2.0169256338711046 12.366261551401502 32.81458346809676 200.05363708430235 0.6983576618435239
2.0254661165840293 12.320099816759772 30.697883687665836 209.30860984286775 0.7147004030020924
2.033280540919426 12.27247454315759 28.750740618532355 219.1061700595228 0.7318575767699117
2.040357963415453 12.223412525075336 26.95703101938745 229.43020338062794 0.7497079776812763
2.0466137126857817 12.172662702707985 25.303371907711494 240.34019118173194 0.7683479990222485
2.052107030132925 12.12050699672784 23.7801044136855 251.90334458515898 0.7879138698416505
2.0568202725672378 12.066836992642894 22.3749576179465 264.1612151927123 0.8084485862709461
2.060741982139395 12.011829632783911 21.078297959158068 277.10342533430014 0.8298351506197748
2.063806622341758 11.955188357244992 19.882864487146577 290.84154919199 0.8523218293666542
2.0660567332909827 11.897145760126728 18.77975648119832 305.4330572542648 0.8759610718206855
2.0674894324322155 11.837673193927083 17.75925475233904 320.9392951474565 0.9008107777656635
2.0680873186726463 11.776892143331356 16.818293238668616 337.4253263048682 0.9269431628100728
