M[M_sun], R[km], Lambda[1], P_c[MeV/fm^3], rho_c[fm^-3]
0.23848912294887037 16.21570186450063 2784644.0411725277 3.4469561053153734 0.1694538074003404
0.248459132568153 15.873445001247243 2286188.6568805617 3.632319264264391 0.17192914711699145
0.25872430162878435 15.570027368630447 1885395.1723121426 3.816533482025441 0.17421216707729945
0.26927036509919844 15.300929165117537 1561784.2394187686 4.012256725678014 0.17661177054614763
0.2800973378940287 15.061338208277922 1298877.0967201253 4.216066012042231 0.1790410090208186
0.29121365295311624 14.847370672368001 1084295.7979805854 4.4225015766774645 0.1813679301388858
0.30261272497386993 14.655840294560425 908370.3651673257 4.643877830144677 0.18386326121297503
0.31428814887374046 14.484335414357743 763606.2676670086 4.866050481601826 0.18622822897026534
0.3262550926878905 14.330274831938631 643813.0347107489 5.098984903601002 0.18866017032955848
0.33849947644849054 14.191919457244602 544515.9515825305 5.345865998401585 0.19121510771250205
0.35103136782968686 14.067626433774409 461836.7211133365 5.59106196711008 0.19358904485636186
0.363840515205712 13.95568791136913 392749.01661021874 5.853218857244641 0.1961271941672467
0.3769335076840393 13.854881521247881 334856.9547830537 6.123394471491799 0.19865280808322508
0.3903070079424189 13.76410093099282 286196.36462102254 6.398887303045734 0.20110967178478928
0.40397150332510323 13.682446760675843 245158.12824907136 6.693187272065752 0.2037342588100789
0.41790514758404707 13.608835103003932 210493.42667677323 6.989561208483447 0.20623606700744163
0.4321416430747728 13.542639284985599 181064.66913221573 7.298362736667829 0.2087820225077423
0.4466515941317899 13.483132501739421 156079.47298183985 7.627986825377618 0.2114996523932434
0.46144352297276214 13.429740300672407 134809.6370011206 7.953756999514268 0.21400846277497482
0.4765249555958169 13.38194406251303 116647.84227979256 8.299377562085509 0.2166586526220656
0.49187584434433257 13.33907715336421 101118.5163166684 8.663735010448017 0.2194250053194773
0.5075086442828203 13.300890849195437 87802.80318654138 9.026623692805245 0.22201630961401903
0.5234259039982941 13.266841178106098 76359.84899075123 9.41312148553485 0.22477620111470026
0.5396136087587495 13.236706496069687 66524.27268073446 9.814488329390834 0.2275719125638432
0.5560897236085574 13.210061463283347 58037.99152907881 10.22010993361751 0.23025005907888277
0.572837133041658 13.186585021768389 50709.16062546001 10.651887262582386 0.2331009006928175
0.5898548075124534 13.166024431265646 44368.16122147335 11.094946876697072 0.2359290307356632
0.6071535829870008 13.148353820047783 38878.864390293544 11.547939862567656 0.2387113059832585
0.6247206856998246 13.132806792316567 34105.67772617745 12.029909093573133 0.24167155283774772
0.642549794461846 13.119725340724948 29963.091568408363 12.519493211907074 0.24455851183426228
0.6606410131063036 13.108621387883472 26356.47951448791 13.025328997527813 0.24746315035601577
0.6790019787540796 13.099382149181956 23210.990419356705 13.563299044463633 0.250552312029229
0.6976160687075027 13.091927092461475 20466.64062231769 14.104594622477098 0.25351202341136675
0.7164819403940937 13.085917675511542 18066.54449003778 14.669623003730058 0.2565505141636334
0.7356004215708057 13.081301292440592 15966.398126442013 15.270345111329295 0.2597809511278348
0.7549508428919716 13.077958628815102 14027.623032774773 15.868898109812275 0.26279729818440434
0.7745622973417353 13.075750282279207 12425.115440459535 16.500131242095133 0.2659543716389359
0.7944034888943644 13.074511103812867 11092.164181810922 17.16952759057257 0.2692957626128893
0.8144693206646605 13.074222922003008 9844.043518144352 17.83393287713174 0.2724117141350725
0.8347757037106246 13.074721462747709 8744.859480115843 18.539373695525935 0.2757201155526307
0.8552984146145375 13.07597637410123 7776.570927203121 19.28013221754072 0.2791598414658184
0.8760197765016531 13.077725894903807 6879.366101798308 20.023510600187734 0.2824427064274184
0.8969666277678434 13.080162290307863 6167.000337164419 20.812694506298538 0.28592785511361585
0.9180966608744994 13.082929813731127 5499.724967069142 21.6324403362117 0.28948009908730293
0.9394177513526164 13.085996268618196 4908.929418926889 22.465244720893693 0.2929505183301687
0.9609200170825424 13.089382760251375 4385.594724949868 23.349314305574765 0.296634567255873
0.9825973166771087 13.09306835375798 3921.821647009193 24.256430602196804 0.30029070518154444
1.0044620668233295 13.096971772120607 3509.811245475379 25.19045195075922 0.3039407319596915
1.0264461659978283 13.10060268110538 3127.05297361814 26.181977052726236 0.30781547548558086
1.0485945735124513 13.104469191708885 2818.248914216556 27.186885299602565 0.31158875697895533
1.0708865525428768 13.108268305648552 2528.5537903461613 28.235836554965825 0.31546976904658436
1.0932990452203946 13.111986331364726 2270.5169800574 29.349450628516138 0.3195900269098857
1.1158266213274861 13.115552139120814 2040.6331951946768 30.462886298932013 0.3235063893782247
1.1384506606518383 13.118804799752102 1835.3669170451453 31.64319694213077 0.327654880206496
1.161174582934789 13.121873899712266 1652.1342632317303 32.876409403236565 0.33193338037014863
1.183968149725747 13.124588839044401 1488.369620541244 34.13067665647163 0.3361307977589659
1.206830238090473 13.126941099654102 1341.9048621778734 35.461703483498205 0.3405850917974444
1.2297465068313245 13.128861525794639 1210.756106794997 36.826794032029 0.3450067475226781
1.2526961379255876 13.130311788159016 1093.3547506226816 38.24368322223512 0.3494973298986969
1.2756768788347457 13.131295409950773 988.0623123790368 39.74775784901832 0.3542642312611578
1.2986731584031246 13.131748940406556 893.57822969968 41.261040964450444 0.35885535591603
1.3216649626753503 13.131614468556643 808.7765998852097 42.86521400678402 0.36371822319148434
1.3446312359808341 13.130745565582117 732.5220499100584 44.532559155050244 0.36868869375824437
1.3675717980739295 13.129254029093692 663.9785724878274 46.248112924280576 0.3736749122163526
1.3904509048212357 13.127098877736527 602.3474788495091 48.06931703989452 0.378968201030804
1.413256822217831 13.124147845147897 546.8462700327677 49.94452220868384 0.38422102889685517
1.4356929291907476 13.120300329141816 497.3837507805147 51.873911289412426 0.418951410870487
1.4573240882804974 13.114987355209427 453.8298198722931 53.91853643397087 0.4578105924921932
1.4780962158490256 13.107525227505034 415.18945465924304 56.09096164748981 0.4990986819771425
1.4979874621645346 13.098137359683692 380.91545303199183 58.399546327549 0.54281202031459
1.517067730985418 13.086348497477529 350.21648930106136 60.7871457894756 0.581082897331725
1.5354643681553946 13.072517472869675 322.56980106314114 63.32760691995638 0.6218039969306454
1.5531473921483834 13.056315381288707 297.5575637327834 65.98052370144555 0.6614811084928904
1.5701985747602183 13.037977920280882 274.8703489418885 68.7804921056911 0.7019756166171045
1.5866161930682599 13.017413577028412 254.22856208245057 71.72738968252648 0.7431683266144296
1.6024356828696922 12.994602789992626 235.358328156858 74.81280700759261 0.784142419106136
1.617671773394578 12.969786791915634 218.13696581304964 78.08214369101707 0.8269508550619388
1.632349791977595 12.942800341371733 202.31667453892857 81.48457679078658 0.8689881492185313
1.6464901649908004 12.913828244286478 187.8254859372403 85.1074499556118 0.9135797685959087
1.6600762406682286 12.882836631808427 174.49784114421175 88.86411734247874 0.957120898402006
1.673117578057455 12.849813867488667 162.22453948612952 92.87394200750224 1.0035962123597553
1.6856319320485869 12.814830392262113 150.92033958574356 97.03004912614922 1.0491299742336535
1.6976234089823272 12.777934972555515 140.48459650328977 101.46651172627395 1.0976867168877518
1.7091044579876438 12.739283447737192 130.85433257672963 106.07431005863674 1.1461270111051625
1.7200386278131914 12.698684647903276 121.9733001001755 110.99235671873839 1.1977351509700043
1.7304344294328573 12.65634174791349 113.76158948851929 116.1031817542364 1.2493044296376195
1.740289465334491 12.61219822331883 106.16929494307955 121.55300480445858 1.3041108934210184
1.749593587135004 12.56629381456361 99.14778991655548 127.24192794916662 1.3596520905528666
1.7583414553340175 12.51869104050121 92.6521030635887 133.28847796201396 1.4182793708154355
1.7665365245037834 12.469487266620824 86.64019886054936 139.63730697911785 1.4786210013974472
1.774150629832399 12.418578265789407 81.07663198025391 146.35676947910278 1.5417065756228714
1.7811642704494033 12.365980615583965 75.92822985819855 153.461123096957 1.6074880608930187
1.7876133891307902 12.31200838351372 71.1566866285384 160.9444555690987 1.67557758320235
1.7934268738770305 12.256231560154614 66.74306517955917 168.9074350885804 1.7475058551509066
1.798614020499173 12.198765547391051 62.64193962050686 177.2702506734884 1.8218203276156604
1.8031885399524041 12.140043625102743 58.85836074173927 186.1636540264372 1.900521320541269
1.8071079766591978 12.079781848726478 55.34946087925525 195.59441406607544 1.9834998048994363
1.8103733009352279 12.017896971972926 52.092722357105245 205.5575633735536 2.070558259776829
1.8129778309983318 11.954697192008702 49.07923759734421 216.16744899363982 2.162915885289195
1.8149023247812537 11.890151103394397 46.29005152823017 227.42404539877413 2.2603424113319046
1.8161230310693994 11.824049521463914 43.70462720735429 239.36244131051336 2.363133757654681
1.8166632897169623 11.756870882932535 41.313715174205306 252.08970318315977 2.4723440135842996
