M[M_sun], R[km], Lambda[1], P_c[MeV/fm^3], rho_c[fm^-3]
0.23848912294887037 16.21570186450063 2784644.0411725277 3.4469561053153734 0.1694538074003404
0.24849736327224325 15.871935720547883 2284348.3500995506 3.632999314282505 0.17193822850527102
0.25879417987010156 15.568250603599623 1882895.6285015899 3.817869013540705 0.1742285409427483
0.26938188132060065 15.298233483315654 1558618.474914508 4.014408912946468 0.17663815676343392
0.28025312756850623 15.058073827542115 1295458.3602464453 4.218887070269023 0.1790728077080982
0.29141390786570537 14.84367599403633 1080814.1439807555 4.426281626130701 0.1814105384797287
0.3028587515875696 14.651993925300756 904952.6364096323 4.648745353360198 0.18391812744972494
0.3145820496689934 14.480297166657813 760325.3125574648 4.87162594331791 0.18628643932761882
0.32660431742468 14.326210137865463 640692.3284241906 5.105808230519592 0.18873140896745014
0.3388959747643977 14.187864007149605 541683.2241592195 5.35342065387001 0.19128825033927532
0.3514802647425035 14.06352475132553 459185.46820095537 5.6000334545711805 0.19367590496026876
0.364347419409769 13.95161614073926 390306.04851386906 5.8637767033680595 0.19622941307077743
0.3774956321673506 13.850856606715798 332634.3397943709 6.134720509482653 0.19875381445593288
0.39093108645073754 13.760265630155617 284160.4293716199 6.411990275545988 0.2012265249796143
0.4046542263327576 13.678563217134826 243310.30068075875 6.708270774509692 0.2038687745048719
0.41865683595809994 13.60509628806393 208788.09633291408 7.005441846339897 0.206366997050232
0.43294916435178127 13.539099976526026 179546.4781739581 7.316438268608091 0.2089310486483665
0.4475320904094261 13.479766515582275 154704.77018189264 7.648365119142718 0.21166674313097122
0.4623931253716978 13.426521820688093 133566.54679467232 7.975100239480603 0.21417212097124066
0.4775446455306632 13.378897130608788 115526.29901871827 8.323400988382243 0.21684286226512123
0.4929737414543406 13.336242513218842 100099.35031219071 8.688657730436969 0.21960297270859377
0.5086834319553664 13.298235626739782 86892.02065467702 9.054486506110969 0.22221527153068213
0.52467608863708 13.264306601079166 75539.40429440139 9.444228506226496 0.22499832916726187
0.5409449738523018 13.234416262469146 65785.37626694598 9.846543038517446 0.22778355614161
0.557501251057629 13.207981119883064 57375.947484913646 10.255704575916484 0.23048507532612833
0.5743316124042053 13.184607818716518 50109.46711924324 10.691379122625412 0.2333616486072396
0.591432896776086 13.16433497269624 43832.45555947106 11.135436655562836 0.23617771827174572
0.6088197019753959 13.146714461548196 38392.22685786154 11.592663594427094 0.23898599838692444
0.6264683967528996 13.131493353499382 33672.46776925878 12.079284967800474 0.24197481862105136
0.6443861694674201 13.118473275702161 29571.369666701736 12.569948820661148 0.24484824085105328
0.6625811760196408 13.107582054110518 26002.20954456589 13.080824664544503 0.24778182067707513
0.681032968660481 13.09856427785192 22891.804019135652 13.624323277305797 0.2509027287899892
0.6997303041410251 13.091059464504244 20178.752761549425 14.166814125697933 0.25384661436541384
0.7186993189383 13.085224602294808 17806.13391932394 14.73782150187602 0.2569172576986669
0.7379122667109894 13.080810176275286 15731.930414419327 15.344101686062467 0.26017256134199285
0.7573655071942395 13.077589034596931 13914.738920059475 15.944957982662814 0.26317770693237846
0.7770752791596344 13.07549891606753 12319.333375052522 16.583261330547177 0.2663701416327822
0.797021556608959 13.074449269495766 10919.324179606223 17.2542158490619 0.26969293661690347
0.8171988193455088 13.074516384057068 9688.74686022117 17.926258293207972 0.2728447051521199
0.8375915944564853 13.074890549984172 8604.304286093424 18.640038912083728 0.27619221886232675
0.8582185263270602 13.076181701709142 7649.005976780476 19.382607746750967 0.27961238801831273
0.8790473070562854 13.078104076174068 6806.844385867541 20.134992246650633 0.28293502527819175
0.9000904299837638 13.0805196167488 6062.386007857609 20.93400206306532 0.2864635665857048
0.9213197179168076 13.08330737964157 5405.204737375487 21.7558952641425 0.28999455406064134
0.9427460783417615 13.08656541300437 4823.40981030468 22.59931398546105 0.2935092048166827
0.9643665021402716 13.090032788077382 4307.9015732156495 23.494955708194585 0.2972414765559517
0.9861383039429975 13.093700304084077 3851.3797875526466 24.40459582048291 0.3008697144463398
1.0080951313200448 13.097496981417413 3427.303701829477 25.351119511477098 0.3045685986566385
1.0302064816122263 13.10134697365677 3085.649929447853 26.356267192264312 0.3084965773441841
1.0524472886214262 13.105127665774301 2765.611350193729 27.364184085396275 0.31224474430317384
1.0748385183546068 13.108976417739061 2480.805798935313 28.427860658551094 0.31618023853644833
1.0973516949473616 13.112630740488855 2227.1667997329814 29.546187253217983 0.32028442607107066
1.119980033646713 13.116167801327832 2001.106276577034 30.674655275287456 0.3242507033104807
1.1426983357795273 13.119384128537801 1799.458435787133 31.872326534254316 0.3284602122746997
1.1655170472501735 13.12238591626912 1619.363191275112 33.110206585452374 0.3327157848820722
1.1884071104934921 13.125033448358987 1458.5687907585057 34.38331894421543 0.3369762675972251
1.2113705173473575 13.127387558579883 1314.7019404068221 35.734843550865115 0.3414991576517442
1.2343569708181472 13.129165145695024 1186.1248048555674 37.10562889914877 0.3458904658464275
1.2574041643618141 13.13054149299362 1070.7945113861372 38.54480055839618 0.3504516686093211
1.280478884096058 13.131464279510315 967.4531471266642 40.057282943222646 0.3552063010232493
1.303552296764683 13.131765816765398 874.8106928933666 41.59340019128634 0.35986286493483544
1.326628784149174 13.131465369867632 791.581600140255 43.223965297475175 0.36480573673615235
1.3496543811321422 13.130451265563902 716.8730370869579 44.899969379635245 0.36975656331522444
1.3726615413943766 13.128891593957132 649.7422000803158 46.64435396078126 0.37482657787993945
1.395622879851831 13.126513797172011 589.2866754916196 48.48589672826026 0.38015429147640145
1.4185003635107394 13.123377655864548 534.8886986467222 50.35696445180072 0.3853773718070464
1.4412923892330316 13.119465067704938 485.8785008277044 52.34354225956628 0.3909228982155733
1.4639682106647465 13.114769428955443 441.7539907950422 54.38683244220544 0.3964643183180956
1.4865429141535975 13.109206466250777 401.8887825556111 56.52236870073146 0.40217122876570566
1.5089478882712504 13.102655759588137 365.9082859084954 58.76288836747444 0.4081025624890044
1.5312054782138427 13.095181887573787 333.4152975657335 61.06423764793993 0.4140378185781297
1.5532970936739094 13.086795900618649 304.02000336432303 63.50902425557696 0.4203430042892942
1.5751833547031988 13.077410572236973 277.46368467633846 66.00251741633383 0.4265750402819734
1.5968418224216498 13.066921829413607 253.40213167471495 68.64404259814204 0.4331624044301433
1.6182868695312425 13.055534082006389 231.62865928759356 71.37498252580917 0.43982807960847203
1.6394612377061974 13.042926479634618 211.8762419022096 74.23662014456998 0.4467351737208298
1.6603690554321773 13.02923490668635 193.96236316201635 77.22437983848278 0.4538372009599621
1.6809577775713411 13.014388231049569 177.71729340422618 80.3321645661667 0.46108633514834285
1.7012561697048063 12.99834387881544 162.94709863761275 83.599604743923 0.46864479739289044
1.7212259002975505 12.981260334786699 149.5399806945181 86.98318701790858 0.47631758905538113
1.7408220809611368 12.962857190772633 137.33952632165696 90.55532097529401 0.4843738365816958
1.7600462462939608 12.943087073124676 126.23632624014127 94.24880563937276 0.4925285655691084
1.7788794449959968 12.922178204802648 116.12807067720247 98.15469895737834 0.5011123187945936
1.7972984674717984 12.899933543361351 106.91601854462773 102.19682296978624 0.5098044662037864
1.8152854426432758 12.876408011246973 98.52105596265561 106.47016487554058 0.518943023189594
1.832807801170561 12.85152627242056 90.85701330353542 110.90488474336695 0.5282261827683197
1.8498457412274985 12.825291865751542 83.87678199346563 115.58483798422348 0.5379584904589891
1.8664126528947445 12.79772793697024 77.48811343977818 120.46268518228923 0.5479407456524523
1.8824362933187633 12.76873533465839 71.65449981985336 125.59399428692195 0.5583441062419997
1.897948805639471 12.738355162899683 66.31531153615148 130.97337851667044 0.5691182987223555
1.912897102223436 12.706534746143216 61.429891082407025 136.60831408809426 0.580250147769114
1.9272600691386321 12.673335308021185 56.962025246018534 142.556417658664 0.5919078275674416
1.941044312778087 12.638620350297675 52.86533902538177 148.7559058389749 0.6038269106826929
1.9541943402445954 12.602420618662752 49.11173055571282 155.31896858862018 0.6163698264060832
1.9667185113598276 12.564752976796358 45.66562696678174 162.1856017720979 0.6292970405355884
1.9786015750050003 12.525637961681852 42.50883386742631 169.42305827514926 0.6427904405835624
1.9898046911724154 12.484976313907861 39.60368433853746 177.07080688428263 0.6569340156028355
2.0003414706464864 12.44290603506588 36.93910497708639 185.07288073347652 0.6714769611261752
2.0101559681098005 12.399228682885546 34.487979323017605 193.54319323512883 0.686746502830922
2.019261761450365 12.354094061681389 32.23335547054669 202.48692010216038 0.7026973407805598
2.0276367185321176 12.307448155396926 30.159721229549458 211.8865444990392 0.7192261030885382
2.035271418933041 12.259240555103469 28.24753874344804 221.84160777462537 0.7365871876074541
2.0421228065017796 12.20955422863514 26.49092735356019 232.38390513998445 0.7548106080835967
2.0482476057440944 12.158508166925003 24.870094689802617 243.48218504765498 0.7736940108507151
2.053527080166987 12.105688778312254 23.3758951161013 255.2473443898514 0.7935167392691712
2.0580122991041017 12.051483117949687 21.998578204459456 267.7251444964001 0.8143378588568604
2.0616644202059016 11.995728952192763 20.72901286250935 280.9607753440033 0.8362092909942527
2.0645496198757396 11.938630135688832 19.555062650480647 294.9440471316889 0.858973729216051
2.065327668504005 11.887282942618315 18.66676864586938 312.6046900837284 2.413006129863842
