M[M_sun], R[km], Lambda[1], P_c[MeV/fm^3], rho_c[fm^-3]
0.23848912294887037 16.21570186450063 2784644.0411725277 3.4469561053153734 0.1694538074003404
0.24848290981712987 15.87260720701186 2285004.3968602805 3.632764806182416 0.17193509688398598
0.25877002811694955 15.56878226811599 1883742.7908133152 3.8174084335020955 0.17422289414557846
0.26934387149131594 15.299207677677972 1559798.4980849565 4.013666631883496 0.1766290562591692
0.2801970427639061 15.059315595341502 1296777.6813432323 4.217914031649361 0.17906183971371803
0.2913462011562206 14.844878572726335 1081942.47033705 4.424977700785984 0.18139584076314888
0.3027712309605147 14.653353382806719 906234.853573603 4.647066156558082 0.18389919971066437
0.3144793351549952 14.481784996597105 761532.5866615932 4.869702412668239 0.18626635679235995
0.3264836660350588 14.327660965680757 641787.5503165406 5.10345398032738 0.18870682952417409
0.3387619108192374 14.18937395187111 542655.1224454044 5.350813944671178 0.1912630127147624
0.35132221959512466 14.064938920916081 460024.5624334599 5.596937601130863 0.19364593154140455
0.36417376868061463 13.953053210287608 391171.78550870594 5.860133106068674 0.19619413650806786
0.3772993396367168 13.852251934881451 333396.067411452 6.130811646918539 0.1987189549552555
0.3907166891202974 13.761511391982648 284857.89948770753 6.407467748670036 0.20118619277910585
0.40441795771112754 13.679891274490988 240797.27390168523 6.703064182301082 0.20382234176346797
0.4183952981975127 13.606499722941749 209380.74046353324 6.9999599254588025 0.206321800620339
0.4326711424744442 13.54031302671617 180064.8289755994 7.310198108124368 0.2088796008106576
0.44722798496161303 13.480952719103113 155186.6800408462 7.641417391345575 0.21161038249066005
0.4620670910335838 13.427624939766687 133990.7509059635 7.967731113207428 0.2141156151213404
0.47718983998591874 13.379809844445266 115906.49516639192 8.315105702336934 0.21677925469879925
0.49259515172582613 13.33722196214812 100456.08650042482 8.680051754160704 0.21954151941901046
0.5082784230003228 13.299171480574225 87204.99525126457 9.044864397145032 0.2221465622721734
0.5242425810699011 13.265181950177357 75824.40617563917 9.433485015196093 0.224921612378343
0.5404883589537713 13.235219732787037 66039.98435929601 9.83547210582147 0.22771045949313515
0.5570082989627458 13.208660828351938 57069.53687919009 10.243409859051642 0.23040389855254953
0.5738146195154956 13.185325363489973 50315.01994285678 10.677736931384873 0.23327157503485677
0.5908914665531514 13.16485044229133 44013.57476442656 11.121449656405785 0.23609181035979868
0.6082321600631257 13.147190592832459 38559.71209953821 11.57721248582807 0.23889109793958008
0.6258687252979396 13.131955393397563 33823.234591267945 12.06222492934106 0.24187003615375238
0.6437519556941923 13.118904215612304 29706.98442052589 12.552515706467151 0.24474813544830903
0.6619075740177397 13.107951156256576 26124.582908025965 13.061648222512238 0.24767170463977511
0.6803299110368167 13.098751584656819 23000.648719806046 13.603234283245765 0.25078163038953377
0.6990079210049386 13.091430305576887 20276.920296577286 14.145312145187267 0.25373098553842965
0.717936933918627 13.085483009813483 17895.143592573106 14.71425087285631 0.25679050452895413
0.7371137715200091 13.080942394896551 15812.339452798471 15.319255903399027 0.26004397329507595
0.7565373815667598 13.0776791927531 13986.656276470598 15.918667777663915 0.2630462180987425
0.776208721823977 13.07556890405785 12301.116528985034 16.55452428648267 0.2662264150849541
0.7961160381536841 13.074471935962517 10978.422217125011 17.224940442132343 0.2695556397731997
0.816255831780734 13.074245025922966 9741.501648226727 17.89433950568341 0.27269501128817053
0.8366238856271978 13.074819384390928 8652.175670873998 18.605233154559045 0.276028985583884
0.8572126919339594 13.07614298532066 7692.372479224075 19.347176499320753 0.27945591857630364
0.8780043824734503 13.078035307736428 6846.450851972063 20.096442979266882 0.2827647862153624
0.8990125471291414 13.080436686094668 6098.752549394565 20.892050486487374 0.28627830244022184
0.9202110156160374 13.083182573682551 5437.458377214709 21.713201690197376 0.2898166436133729
0.9416076665357607 13.086375462751292 4824.968161286897 22.552944640017607 0.29331597688505084
0.9631819966697827 13.089837509472371 4334.5983926485005 23.444578340943806 0.2970315466036991
0.9849173870506135 13.093421067191937 3875.285887843145 24.35334634043658 0.3006694385374185
1.0068372847354146 13.09723514853436 3467.5683940825324 25.295539287613334 0.30435139879739503
1.0289104666098436 13.101099595936649 3105.605340740929 26.29596750657044 0.30826093447816694
1.0511198422267316 13.104908080685275 2783.6866702565217 27.30284465854452 0.3120177947146053
1.0734815644611229 13.108735880653159 2497.058902336995 28.361419086877106 0.31593441153529783
1.0959529544640383 13.112476150229387 2242.1196240409017 29.47843660083512 0.3200462998102941
1.118543952996627 13.115927752551794 2014.5892672808268 30.601374609206797 0.3239931404621942
1.1412416454370868 13.119215671334826 1811.7643316767378 31.7930289695197 0.3281815015624805
1.1640198516505782 13.122194148000904 1630.557449772542 33.02929504203697 0.3324450136262558
1.1868804284781846 13.124878907102774 1468.7404715703385 34.29587513787039 0.3366836360608836
1.2098077056222305 13.127232456681325 1324.034630318455 35.64029355339566 0.3411827451786709
1.2327641027721565 13.12908979359461 1194.5429482972472 37.0091092866511 0.3455845638226009
1.2557858221900584 13.130538643487993 1078.521070863412 38.44055498724146 0.3501212805113377
1.2788214140000442 13.131390228253082 974.5089447066523 39.95063024166523 0.35488299554525177
1.3018806825906337 13.131813603080987 881.2280428746466 41.47832631116918 0.35951403161628814
1.3249089986253606 13.131430732971594 797.4495327658851 43.099737859013075 0.36442915545142257
1.3479256598940939 13.130592501332007 722.2532556019252 44.77274528353606 0.36938678934039265
1.3709034065141836 13.128998183106773 652.0079354475829 46.507129020105076 0.3744277366752016
1.3938382534106393 13.126748240573868 593.7823228234688 48.34502213902533 0.37976104045354253
1.4166953871427597 13.123694588231313 538.9896301315079 50.2051295330635 0.3849535250549572
1.439471135610464 13.119870201724543 489.6366829452686 52.17979781630239 0.39046580605899134
1.4621284424913361 13.115186187175038 445.1441881464746 54.21858643912311 0.3960147053139025
1.484674935934977 13.109672914432926 405.03209187830976 56.34104027420221 0.4016866548851747
1.5070711306552236 13.103243703893057 368.79186626431505 58.5761702449271 0.4076210102608372
1.5293253396982638 13.095893296202528 336.04564805183776 60.863106518213414 0.41351909472662446
1.551404982791609 13.087607270127215 306.4521988532939 63.292230188314 0.41978388520262155
1.5732780900966692 13.078287874047042 279.6791455741901 65.77900633282344 0.42601765437917194
1.59493179222203 13.067930706271898 255.44113372415805 68.40322366177253 0.43256185667138414
1.6163676899396369 13.05660097935247 233.49488277556685 71.12614836572915 0.439227472127366
1.637536285211572 13.044110278593616 213.60780206942718 73.96859836779922 0.446088253361599
1.6584717898304318 13.0306733503352 195.5464748193102 76.94688060249035 0.4531899137843213
1.679049987750746 13.015865980063493 179.17518973962962 80.0333293475339 0.46038928023949216
1.6993507840578013 12.999965391534172 164.29059840390116 83.28958893847997 0.467941789014601
1.7193103864782824 12.982861469800595 150.76594206092602 86.64937295709291 0.4755606144836851
1.7389417434132544 12.964638748200501 138.46727005736918 90.20831686556699 0.48360769708750406
1.7581754799857787 12.945098335230975 127.28277641683462 93.87517019049399 0.4917036275761801
1.777033113780311 12.924297656740467 117.08504340729738 97.76555637221834 0.5002755100517094
1.7954644535724043 12.902282253177729 107.80975947552561 101.77778332749367 0.5089033670960099
1.813472515766015 12.878917244266473 99.34743969518466 106.03295540704343 0.518027816505439
1.831017740839428 12.854188909780666 91.62749392552837 110.43400830113733 0.5272405013080784
1.8480999795194553 12.828143519444273 84.57538220031432 115.09267263806719 0.5369513002205045
1.8646807428693608 12.800722024496373 78.13714211553011 119.9324877019622 0.5468557246715462
1.88076241750356 12.771924502784913 72.25084621799283 125.03883104105833 0.5572321879603727
1.8963012631021987 12.741714631919566 66.87121579415891 130.37511100126562 0.567920048311078
1.9112917300505048 12.710123268461736 61.94598408165434 135.98079268379527 0.5790202694539296
1.9257046417440773 12.677025342981096 57.43303204917349 141.87988418875355 0.5905818905739955
1.939518395859138 12.642519657742405 53.30707238510342 148.04511051079763 0.6024636431632379
1.952737548969923 12.606595761815143 49.51722064027974 154.57075023409402 0.6149612206707631
1.9653242174800123 12.569129419186991 46.04358354945618 161.37871602147263 0.6277779867871696
1.9772653077863427 12.530222884247818 42.857400014715175 168.572296235344 0.6412170603185304
1.9885303591602643 12.489849679695787 39.93096419020286 176.1527280872694 0.6552361412344686
1.9991342818449944 12.44792871905806 37.23980394161869 184.10331350512922 0.6697164714829326
2.0090268948010395 12.404514652741966 34.76843384906139 192.51755582232548 0.6849173127840951
2.0182152843752985 12.359628546228612 32.49403040465436 201.37935253684975 0.7007220310450101
2.0266670929586343 12.31316896703924 30.401445886498117 210.71306831521665 0.7171660038327816
2.0343767790830563 12.26529019057502 28.475602028805902 220.5963602007638 0.7344341367855537
2.041317888413196 12.215863834391822 26.702017288754718 231.04061284944393 0.7524923986295367
2.0475024644467106 12.164899093878828 25.06565385477754 242.05159020818033 0.7712598950440225
2.0528943703928655 12.112425741036775 23.557261858888438 253.72466672232295 0.7909654938595895
2.057479016979867 12.058453417786675 22.1681384130411 266.1022027117671 0.811656002471302
2.0612545012487966 12.003039543148075 20.88491286608289 279.2039856534525 0.8333062554730172
2.0642430972016093 11.94627073434841 19.702665537963046 293.08371328075555 0.8559773621326405
2.066351121522777 11.887808979086168 18.61147329597157 307.8295421994219 0.8798118827044494
2.0676381830417307 11.828071542952202 17.603765801958247 323.50400984385175 0.9048761656892527
2.0681122557272054 11.766940228835315 16.67299073844686 340.1759400902374 0.9312529814517981
