M[M_sun], R[km], Lambda[1], P_c[MeV/fm^3], rho_c[fm^-3]
0.23848912294887037 16.21570186450063 2784644.0411725277 3.4469561053153734 0.1694538074003404
0.24848019627795656 15.872483588989578 2285031.726253754 3.632684676310609 0.1719340268296381
0.25876097713561863 15.569088037420913 1884145.0009991692 3.8172510650346907 0.17422096477881943
0.26933122287720357 15.299412209021808 1559997.9825160464 4.013413028756487 0.17662594703753598
0.2801800110943046 15.05960626460218 1297044.4203300364 4.217581605392052 0.1790580926380642
0.29132122642761443 14.845437869344625 1061705.770786569 4.424532258256604 0.1813908197793357
0.3027412917208195 14.653741400345375 906606.6146349468 4.6464925508300885 0.18389273408404488
0.3144458988917674 14.482146336023545 761817.6521413331 4.8690453700549465 0.18625949696849894
0.32644317488651536 14.328135081013876 642181.3284720017 5.102649861783084 0.1886984341606685
0.3387086094078554 14.189763502081567 543004.5308978088 5.349923627263109 0.19125439284398732
0.35127139484785835 14.065385877894027 460428.57420556084 5.595880282684786 0.19363569480078746
0.3641150765710361 13.953511389895635 391435.73978651967 5.8588887973278245 0.19618208936571926
0.37723346183810774 13.852704470064873 333683.779246733 6.129476786292281 0.19870705057792268
0.3906437870165223 13.761992008718481 285101.93451648107 6.405923422056582 0.20117242036993443
0.40433778877847387 13.680381381431069 244158.1800176033 6.701286380830774 0.20380648720973474
0.41831140276333517 13.606818003203214 209572.81574168717 6.99808815345321 0.2063063685456956
0.43257627385691033 13.540738912904855 180246.5428975672 7.30806757755276 0.20886203536640854
0.4471220494587371 13.481328004925675 155337.12611023142 7.6389995166456846 0.21159044799931406
0.4619572167065686 13.427986682118117 134140.80817661498 7.965215337236984 0.21409632435957315
0.47706853992561554 13.3801839163942 116041.27973635706 8.312273928887112 0.21675754089453325
0.49246691974167733 13.337513661163968 100566.9715069936 8.677113959606967 0.21952054130639992
0.5081428163471797 13.299428376719392 87306.26241125223 9.041579945776094 0.22212310876328395
0.5240966590662375 13.265468674049472 75919.61995164068 9.429818035572906 0.22489542732351064
0.540327492260828 13.235477631706017 66130.77250057898 9.831693396484788 0.22768551028644612
0.5568421068763998 13.208907408286457 57683.073402981034 10.239213733898497 0.23037619332719056
0.5736388145646887 13.185616701142484 50388.08071190614 10.67308124340362 0.23324083551207944
0.5907028695261686 13.165143701060522 44081.403106013706 11.116676315626703 0.23606249258157205
0.6080462359449034 13.147418230412798 38615.25968852769 11.571939853445768 0.23885871352078217
0.625659078953059 13.132146923870291 33873.42319774699 12.056403669227707 0.24183428207272162
0.6435305390759308 13.119073358242108 29754.552282387293 12.54656714781882 0.24471397730234543
0.6616828879820511 13.108074278193437 26166.531636102372 13.055105265440531 0.24763413330596107
0.6800885884916239 13.09886807382231 23037.699702875347 13.596039290605345 0.25074031490063164
0.6987515797289519 13.091436111142395 20310.997063509745 14.137976233558815 0.2536915360162781
0.7176749966706303 13.085571767313482 17926.211685344115 14.70620977498973 0.25674726280461546
0.7368456486954493 13.080997734949072 15839.729492280618 15.310442344655653 0.2599965775931522
0.7562518571650964 13.077771786375875 14012.32061945198 15.909699513259982 0.26300136387922385
0.7759152835852446 13.075603317944378 12407.612276581249 16.544722069025536 0.2661773899008394
0.7958083544212189 13.074486778279137 10998.702302353779 17.214954522003598 0.26950880745013567
0.8159329338705625 13.074254120141815 9760.13308175784 17.88345272664247 0.2726439540849686
0.836287308291183 13.074789469708074 8668.878083459016 18.593362595991195 0.27597331461649866
0.8568644656905269 13.076089568014655 7707.729171530774 19.335092510431036 0.27940255395789604
0.8776421223363404 13.077920767339117 6859.712143816316 20.083296571844073 0.2827067298051859
0.8986471742424009 13.080373200027134 6074.223489197236 20.877744906171475 0.2862151269572233
0.919831354612291 13.083156255303429 5448.696188851268 21.698642936519704 0.28975597513005985
0.941210431384178 13.086307597914532 4862.547149823967 22.537133656107077 0.2932500901728517
0.9627749006904247 13.089788775803022 4343.81552172974 23.427402074192358 0.29695997055564843
0.9845009098372155 13.09340343740698 3883.697155791947 24.3358725138315 0.3006011532298895
1.0064116148354396 13.097175457793975 3475.434708670579 25.276590378535786 0.3042773490707414
1.0284626325333188 13.101007167979423 3112.5597792883286 26.275411277727994 0.3081806035672642
1.0506706819072626 13.104913792378344 2789.9464560928554 27.281933698589878 0.31194042630733687
1.0730129212754864 13.108657338560281 2502.7080589326847 28.338770631768348 0.3158506145741513
1.0954797021000826 13.112380158653663 2247.171176609294 29.455341630353924 0.31996512688029255
1.1180545553767591 13.11578394033468 2019.140085955404 30.576396608509885 0.32390534916132196
1.1407364771006108 13.119164508191394 1816.0181020983714 31.766002361324258 0.3280865099288253
1.163507336636593 13.122155066496838 1634.4386698461894 33.00171801401078 0.3323527268375587
1.1863503399937005 13.124775847450207 1472.2632365318395 34.2660742423699 0.33658390707836133
1.2092764871997046 13.127200280997977 1327.2325892757817 35.60807365707572 0.3410749209867131
1.2322238506349188 13.128997193533868 1197.4069150032904 36.976217793964885 0.34548031999153866
1.2552233403980881 13.130427502174355 1081.1502381297805 38.405033773851564 0.350008702240626
1.278261774190302 13.13137845388621 976.9009785649391 39.9142884222098 0.3547728294722057
1.3012968226329675 13.131734236196614 883.4169059662822 41.43911841956377 0.3593951773730139
1.3243273858487614 13.131470543840946 799.5006735186373 43.05741497741263 0.3643008584719157
1.3473299396869771 13.130587514636732 724.0822164117794 44.729401055987466 0.3692608103175654
1.3703176761351652 13.129091253000713 656.2757704140975 46.46038181963248 0.3742918669880825
1.3932330766487881 13.126828956485538 595.2838705400895 48.297031313199405 0.37962707419712693
1.4160760587319023 13.123790582779135 540.3974144999444 50.15340965231527 0.38480914915212877
1.4388469622313758 13.119969744473224 490.90731980812103 52.12402639386676 0.3903101202888448
1.4614963756933994 13.115298905556557 446.3337612077453 54.16128145269673 0.3958615660616743
1.4840294859736123 13.109818482720387 406.1102678523879 56.27928523358937 0.4015216235095383
1.5064333930498153 13.10340836570449 369.77577030445275 58.51257944565398 0.40745700748133656
1.5286782239498606 13.096104179334464 336.95833270672756 60.79461363241945 0.4133424493034716
1.550748598864365 13.087860264581995 307.30247196789605 63.21841072524093 0.41959350236007803
1.5726217944740666 13.078556069748869 280.4380773584434 65.70289963970448 0.42582786156358937
1.5942874841196901 13.06826404560928 256.1451308800991 68.32123172352898 0.4323573873904762
1.6156993241595208 13.056916201419972 234.1452109873974 71.04142771514988 0.43902298309529053
1.6368803563703673 13.04448873972359 214.1827577179199 73.87735413318629 0.4458680184473144
1.6577804062676893 13.031014233274664 196.09866376344078 76.85241048609791 0.45296955535845596
1.6783986141964742 13.016360439914555 179.6709177042297 79.93160620440756 0.46015200360059955
1.6986950565259704 13.000490517835045 164.74976475949146 83.17880536470045 0.4676830434889714
1.7186724001655085 12.983489157947327 151.19428306689932 86.49809894383968 0.47516469722482585
1.7383066207963922 12.965264755230757 138.85136021143487 90.02669531839962 0.48311811731817444
1.7575307293897333 12.94576987416978 127.64028700901498 93.78860152838953 0.5091775014923344
1.7723416779292724 12.925067701319508 119.14287503075658 97.9326249681363 0.850231167127958
1.7801804211603425 12.899021564097156 113.57389913494069 103.00985723565843 1.157459582474075
1.7825415852102886 12.866458886312493 109.85752948670157 108.4777424006491 1.4871272112206797
