M[M_sun], R[km], Lambda[1], P_c[MeV/fm^3], rho_c[fm^-3]
0.23848912294887037 16.21570186450063 2784644.0411725277 3.4469561053153734 0.1694538074003404
0.2484791595049746 15.872652347942664 2285134.4368729936 3.63269716926172 0.17193419366051343
0.25876198219693747 15.56906642314865 1883924.502480149 3.8172755998701065 0.1742212655804773
0.2693336373385876 15.299386211065885 1560027.160562684 4.013452566726441 0.1766264317804213
0.28018340210513104 15.059528210033315 1296966.420851697 4.217633431735992 0.17905867681944979
0.29132504311797164 14.845330702410076 1082364.9216114907 4.424601703304429 0.18139160255699618
0.30274631746932273 14.653733960933032 906530.9556125394 4.646581975482759 0.1838937420698207
0.31445319535875665 14.481999431941809 761768.4149568456 4.8691478015632645 0.18626056640005584
0.3264475386264164 14.32808588347298 642119.5240269017 5.102775220434894 0.18869974296203612
0.3387169755773196 14.189661552201962 542959.5292749548 5.350062422907241 0.19125573663498333
0.3512790501298713 14.065299937536855 460351.90773884795 5.596045110691434 0.19363729063178498
0.3641235535749783 13.953328099905148 391407.00274160795 5.859082773064315 0.19618396739906657
0.37724595945366407 13.852611777110917 333616.0798426997 6.1296848769323615 0.1987089063443227
0.3906551617274466 13.761907185887052 285049.0359701313 6.406164162947434 0.20117456731347877
0.4043496773059075 13.680324546651569 244132.36121353856 6.701563513602739 0.2038089586985358
0.4183248431281185 13.60676937543675 209527.29567804502 6.998379933458687 0.20630877416497534
0.43259152459076494 13.540677430436437 180219.65464092998 7.308399689344778 0.20886477350649668
0.4471391404280035 13.481259849501066 155313.17406846254 7.63937641487098 0.2115935553871414
0.4619718109935614 13.427963903435067 134118.32150107378 7.965607494934377 0.21409933139231552
0.4770941498274831 13.380181581760983 116026.79241771012 8.31271533779146 0.2167609255814512
0.49248594621221464 13.337464714220925 100552.14392300684 8.677571893455557 0.21952381130628185
0.5081630200320312 13.299378654872038 87291.58348324471 9.042091908086539 0.22212676456793753
0.5241195516079952 13.265426716556455 75906.02641733424 9.430389615953082 0.22489950884703516
0.540350760511265 13.235390992862488 66114.34876034064 9.832282391321707 0.22768939916823505
0.5568659545598613 13.2089054885677 57670.79373641914 10.239867782651032 0.2303805117322484
0.5736665561932881 13.185529223612644 50379.091161517776 10.673806913242535 0.23324562680063485
0.5907314668714958 13.165126290043771 44072.41041480908 11.117420323020557 0.23606706226238502
0.6080775037866138 13.1473899238597 38605.70680041074 11.57276167182088 0.23886376111532429
0.6256891033974437 13.13211928875392 33866.03417979549 12.057310985566978 0.24183985479431164
0.6435690483616712 13.119000605174246 29745.979004684137 12.547494305126996 0.24471930127686367
0.661716631907057 13.108028442079044 26158.697614421566 13.05612505167483 0.24763998917947633
0.6801248577173037 13.098851795191369 23033.13685654063 13.597160685693654 0.2507467542381878
0.6987881658223093 13.091408317380674 20306.359238970446 14.139119592603 0.25369768453199437
0.7177162478278485 13.085569115409067 17922.089008720253 14.707463023308344 0.25675400225975215
0.7368875062304336 13.081024420030815 15834.69213041815 15.311815963216754 0.26000396435005424
0.7562982507333359 13.077716935611438 14007.874485569571 15.911097244900356 0.2630083545475407
0.7759551324162196 13.075576995843237 12404.374608605174 16.54624975048913 0.26618503050515663
0.7958535314329183 13.074549884525158 10996.154392408098 17.216510835880133 0.2695161063062566
0.8159821209244855 13.074286289923242 9757.17840399869 17.885149413158434 0.272651911265682
0.836338965756704 13.074792306051025 8666.49335324281 18.595212572758147 0.2759819907032782
0.8569189252256073 13.076066796239175 7705.377864096076 19.336975752970375 0.2794108706255459
0.8777042527951379 13.077975877703311 6857.72392181226 20.08534535480853 0.28271577752296323
0.8986981478926714 13.080326278231922 6108.876615834372 20.879974301532375 0.286224972285103
0.9198896882954092 13.083215399047852 5447.115220790563 21.700911791706403 0.2897654297857317
0.9412712929415793 13.086318906915443 4861.228335930922 22.539597619347752 0.2932603578726879
0.9628409581384898 13.089748760986536 4342.132072784782 23.430078755501295 0.29697112468318715
0.9845647408848345 13.093417653420024 3861.219820506591 24.33859557276338 0.30061179456912135
1.006470418494065 13.097168776097979 3474.072878742575 25.279543258477275 0.30428888851882324
1.0285285661166286 13.101018863442254 3111.4142223803196 26.278614576082102 0.3081931216160099
1.0507340515072203 13.104784358395115 2788.7718045613387 27.28519228451219 0.31195248274105886
1.0730863047720967 13.10867909404793 2501.825459912525 28.342299912047093 0.31586367254923053
1.095551957297367 13.11237008438246 2246.3329167794773 29.458940499902145 0.3199777759887277
1.1181262111563934 13.115852889305575 2018.5755756232968 30.58028884039296 0.323919029363531
1.1408101439773954 13.11916497161317 1815.3442519021578 31.770213744165066 0.32810131186523933
1.163590141479778 13.122155319965618 1633.8335021128037 33.00601517646842 0.3323671073329242
1.1864432684403912 13.124843978253185 1471.6860549236073 34.27071785240681 0.3365994469638726
1.2093596862507277 13.127207727837927 1326.7220720936418 35.613094105154666 0.3410917219643452
1.2323022272330162 13.128976420816045 1196.9804090490197 36.98134290270768 0.3454965631269615
1.2553180473115289 13.13045836603883 1080.719851865121 38.41056853862587 0.35002624370916335
1.278348782861793 13.131389414530382 976.5274637348145 39.91995106330673 0.3547899951216439
1.3013866010373647 13.131733825469215 883.077521034924 41.445227525859586 0.35941369643068677
1.324427549383689 13.131534078024325 799.1461899014043 43.064009312920135 0.3643208484464986
1.3474235316102614 13.130593178169342 723.805769434869 44.7361545416073 0.36928043917167547
1.370414186708121 13.129128551138896 656.0185916283395 46.46766538246762 0.3743130364997007
1.3933239285104553 13.126787992932146 595.0916390061104 48.3045086532756 0.37964794717109046
1.4161672388616706 13.123750777029834 540.1866410176324 50.16146784963096 0.384831643587456
1.4389409742691002 13.119975487463797 490.7297151064144 52.13271566528056 0.39033437636575646
1.4615949185237898 13.115289027070414 446.1448613389677 54.170209666777616 0.39588542541691274
1.4841328348273206 13.109745595841577 405.924484338305 56.28890657794078 0.4015473351547421
1.5065331124379862 13.103416024470551 369.6283715886998 58.52248680485807 0.40748255888917473
1.5287822679097447 13.09608338251943 336.8228794757376 60.805284510268066 0.4133699698512063
1.5508573162264012 13.087766304392693 307.1308709438174 63.22991121672013 0.41962316250886955
1.5727212920144367 13.078504987386333 280.32209462068926 65.71475646541151 0.4258574297952729
1.5943832361148975 13.06820007979007 256.0332695520454 68.33400515098776 0.43238924141884993
1.6157996387986429 13.056816925973878 234.0399316147482 71.05462623744738 0.4390548401812665
1.6369743925859574 13.044424476727066 214.1011105915764 73.89156864759435 0.44590232781903016
1.6578906585249613 13.03093531477125 196.006232404713 76.8671275260557 0.45300388392586266
1.6785036917918656 13.016230782791048 179.589335825388 79.94745280818073 0.4601889669578612
1.6987971446640908 13.000430140478368 164.6809518812851 83.2005002598284 0.46773976677443396
1.7187699466804827 12.983403650852948 151.11759925779756 86.5534550641936 0.4753431059529838
1.7383920072343737 12.965119095511591 138.7944590693163 90.10785642063125 0.48338451306533364
1.7576303811302505 12.94563021551872 127.58332918832294 93.75739053142732 0.49142485617623943
1.7764988664876613 12.924953976333262 117.37432883271393 97.63930611546083 0.49997716238180967
1.792924687780532 12.90333117029761 108.87986107490615 102.02423411059881 0.7725490090087039
1.8018934238362083 12.87821652704334 103.45480408498393 106.79822291926638 1.1485089352920765
1.804444637344875 12.846542342807892 100.06128859784617 112.85437699861471 1.4636220678792187
