M[M_sun], R[km], Lambda[1], P_c[MeV/fm^3], rho_c[fm^-3]
0.23848912294887037 16.21570186450063 2784644.0411725277 3.4469561053153734 0.1694538074003404
0.24849174365455054 15.872097707581512 2284458.9460487296 3.632898164863285 0.17193687775587654
0.2587851002362738 15.56833153589979 1883179.170748812 3.81767034878494 0.17422610527579238
0.26936449406205476 15.298672556925396 1559170.0054632772 4.0140887321522865 0.1766342312871847
0.2802296078038027 15.058571083769417 1296075.5954155507 4.2184673442749725 0.17906807659850918
0.29138430483580363 14.84426329766034 1060658.4530795708 4.425719155750321 0.18140419836963814
0.30282287711021305 14.652493255721062 905415.056654511 4.648020984116312 0.18390996243177438
0.31453804484521913 14.48084879261357 760848.1289105349 4.870796159594222 0.1862777760079618
0.32655123041991413 14.326863600528387 630568.9061467953 5.104792613798758 0.18872080546674214
0.3388360818999795 14.188532345116126 533508.7551083531 5.352296110403637 0.19127736273978188
0.3514133556501056 14.064095882555693 459572.44777153624 5.59869785755753 0.19366297398356214
0.36427082574192443 13.952227726405567 390673.73376234144 5.86220475915467 0.19621419382889554
0.37741018679345867 13.851486492111924 332977.07316754473 6.133034102648719 0.19873877496574727
0.3908379114808182 13.760748271155842 284459.35481234733 6.410039062136312 0.2012091239264791
0.40455229230809137 13.679208962909124 243587.87360344094 6.706024363738759 0.20384874086170676
0.4185446036048173 13.605714916076733 206448.27676554117 7.0030766216548015 0.20634749663897475
0.4328290131491997 13.539550831384545 179776.04945525603 7.313745820532503 0.20890885040010126
0.44740313074135163 13.480180028604574 154898.31947800046 7.645443764992068 0.21164357846670276
0.4622539416246986 13.427018414817454 133742.9879803689 7.971920563621325 0.21414773948011465
0.47739294567306806 13.379272184412807 115680.76151805145 8.319821586748457 0.21681541570986437
0.4928111821958437 13.33662726382695 100251.17407760979 8.68494424526137 0.21957645556834918
0.5085116661989348 13.298668173121678 87024.3554372812 9.050334442618318 0.22218562260393734
0.5244895316287197 13.264682075028027 75661.85955501346 9.439592418585534 0.22496522393582874
0.5407464750369185 13.234766420572985 65897.79702292086 9.841765633837928 0.2277520129753682
0.5572820005687833 13.208239880664609 57476.07034250008 10.250398923469149 0.23045004436509522
0.5741077438218032 13.184943020632215 50199.108496523295 10.685491808884624 0.23332277718467845
0.5911971179351829 13.164626094812528 43912.623176580586 11.129400528454974 0.23614064448127353
0.608564132963533 13.146861457223379 38464.07054462995 11.585995431516706 0.2389450426432569
0.6262094281764548 13.131700335200225 33736.26828051359 12.071922224972587 0.24192959677929354
0.6441096560951864 13.118668543131745 29630.455288904275 12.562425064757168 0.24480503751936303
0.6622898498941474 13.107751130712714 26054.35745176371 13.072548277839761 0.24773429554673265
0.6807314942513707 13.09868330617953 22939.620924655155 13.615221169556964 0.25085046215811385
0.6994196530977981 13.091223717887663 20220.661492193405 14.157533781361947 0.2537967084821373
0.7183733939864491 13.085352392868733 17713.995330445086 14.727648008119411 0.25686254882434606
0.7375700168324987 13.080902013920609 15766.905918176859 15.333720344364728 0.2601206397038212
0.7570091795410278 13.077694934786818 13946.037770212093 15.93361034333473 0.26312095241639677
0.7767023967514208 13.075540562304367 12347.716299876609 16.570857172762988 0.2663081030051128
0.7966274256187567 13.074488089134586 10945.121402993904 17.241579346281696 0.26963367349713363
0.8167837286867214 13.074228812627798 9711.05057281589 17.912480363951815 0.2727800889299032
0.8371726897164 13.074843843341338 8624.95506046733 18.62501432256662 0.2761217560085189
0.8577839951803615 13.07620239149954 7668.072103366453 19.367313209017812 0.27954484515831024
0.8785994909270385 13.078096107114082 6823.545249374101 20.11835122507497 0.2828615361534994
0.8996267517920006 13.08049465824456 6078.079870411236 20.915891729756915 0.2863835887708411
0.9208443773183205 13.083302306733382 5419.244837393403 21.737464694163908 0.2899177511452303
0.942254087420235 13.086506792863004 4836.065535946191 22.579295947104942 0.2934257866853745
0.9638553093424664 13.089953290989973 4319.405019278195 23.47320663859325 0.29715084496100913
0.9856131603546189 13.093577566530824 3861.796814701777 24.382470352918396 0.30078325116665805
1.007545596116431 13.09736458326305 3455.228667537461 25.327123561071826 0.3044748257876552
1.0296423559478614 13.101232413049217 3094.335197807106 26.330232781186254 0.30839483845166904
1.0518839147458978 13.105048167958214 2773.3245902184194 27.33770091700204 0.31214675929614744
1.074248455830847 13.108818942701474 2487.7353139156794 28.399173654809953 0.316074099564657
1.0967487599422208 13.112528663710838 2233.5306603753975 29.51693518653926 0.3201816125185335
1.1193667391381266 13.116050033424933 2006.8392068743785 30.643014465810822 0.3241394939363475
1.142079803783895 13.119345831014666 1804.6897181932868 31.83808655329048 0.3283398674758053
1.164866631490295 13.122278603022307 1624.2256878902672 33.075269882650936 0.33259886887117546
1.1877527465666897 13.12502826322102 1463.033390558064 34.345560331336095 0.3368499080371963
1.2106972716826694 13.127287158508771 1318.7181720815736 35.694014955394294 0.3413625243655381
1.2336702748530635 13.129120755563662 1189.7241531584907 37.06395000337934 0.3457583718788203
1.2567117458250334 13.130557097242832 1074.1034116482879 38.499783794795256 0.35030899585364683
1.279759097873219 13.131425482251654 970.4995620783785 40.01122690690697 0.3550666874117957
1.3028297016625117 13.131772934015023 877.5664247889468 41.543705776848256 0.35971222199584657
1.325889800257592 13.131518083608443 794.1298834358048 43.17031589634442 0.364643104706925
1.348916591838878 13.130514798705315 719.1840035106264 44.82287779935177 0.3694870582691579
1.3719326955933264 13.128963467324494 651.7941019357867 46.522636611768036 0.374347079012281
1.3948966473216566 13.126642421104641 591.1293005099459 48.32613491553219 0.37950371600245564
1.4178000665735133 13.12356336859619 536.5103064500654 50.2412780611511 0.384979572545024
1.4405942328341488 13.119721520417793 487.37338172792124 52.27668668577188 0.3907992971224931
1.4508330132588982 13.108969460076501 463.9210431421073 55.03532239828728 1.1312612250427032
1.4487881759774197 13.083730179195703 459.3207193883694 58.58719798311269 1.6783979960646898
1.4399184005857097 13.048680110122982 464.27389733243086 62.4535817209045 2.273982121495512
1.4256932584627815 13.004476920486706 476.56315886115425 67.84457582975202 2.741539394493229
1.4080774444508237 12.950951890146127 493.017161763545 74.03647844240169 3.231840926108902
1.3881270470487876 12.890151433610145 512.6342172162241 80.9930640394066 3.637699836220667
1.3656601219014117 12.819030282268313 535.3110069461271 88.82969994630164 3.9356510115658287
1.341818841101745 12.73927133629543 559.3800174225727 97.47692209199832 4.223857710023389
1.316215847600902 12.647376794340717 584.7156049214947 106.28136428796736 4.271696570245296
1.289519773052785 12.542638842665522 609.432086124121 116.10018999727897 4.325047074478952
1.2627127784999022 12.427060557542656 631.7947370468843 125.6254675299878 4.376397018059367
1.2363127728978556 12.301610701235674 650.4208729637169 136.09818903085255 4.432833322419907
1.210764577115246 12.167437559428716 663.9210621465871 146.55837765719036 4.488889842168084
1.186322797851553 12.025617387569227 671.6111775516648 157.8212267797525 4.549172973533859
1.1632907895820666 11.876960662410424 672.659357350487 169.24400116344552 4.609973508746068
1.1417644194325531 11.722544118630172 666.8509100216271 181.4314368888518 4.674721394876978
1.1218701024547915 11.563166278357057 654.1585774190801 193.87772231212585 4.740524510272487
1.1037625438324907 11.400279349339334 634.8529578336751 207.13364237405426 4.810482994371461
1.087393165089115 11.234246513807957 609.655610043932 220.6792281091869 4.881556349452021
1.0728341561094918 11.066687763158399 579.5617812795658 235.16203959723546 4.957421915263474
1.06003662463777 10.898234353008299 545.5733609271698 249.90906999202588 5.034160639149531
1.0489561099940943 10.729941788484762 508.8636269063543 265.7466086584002 5.116476753043194
1.0395459943458913 10.562661704262455 470.57629031127703 281.86938802741446 5.199695723652018
1.0316966522394377 10.397151223732413 431.8324536403413 299.08239013964516 5.28836127099577
1.025332882682587 10.234342475985317 393.6276432708573 316.908317482942 5.379629725143665
1.0203378868739883 10.07444980184172 356.5841619454138 335.6684853804532 5.475313588975231
1.0165803694366191 9.918141710012499 321.4213506542708 355.43613691540236 5.5757703151642835
1.0139605133975151 9.765799819871635 288.5156823981248 375.93993849075366 5.679262156386432
1.0123457959040725 9.617795365249613 258.1180951721219 397.721058545249 5.788877268149956
1.011640608187813 9.474395080657443 230.33625663317795 420.4097802289182 5.902326856722564
1.0117109505695123 9.335397383943976 205.0621719804683 444.2966862521364 6.0212003107101735
1.012432112729498 9.201278100122916 182.59514239942922 469.60547759722317 6.146686785087321
1.0137146724495327 9.071406893284493 162.35534037823294 495.9711893782609 6.276341639539655
1.015456449637926 8.946147814049919 144.00013594512237 523.8552872914049 6.412832302485981
1.017549077058665 8.825453536658324 128.52982540496956 553.3849188819876 6.556741351605673
1.0199219275916376 8.708998425543234 114.50412935263348 584.3540815048424 6.7065822385732385
1.022461115721159 8.596522610705401 102.15200237005548 617.066239674764 6.863836014748479
1.0251378146757952 8.487949575156572 91.26579767581421 651.735602008277 7.029585265558321
1.0278452762652048 8.383090374157803 81.70453381477259 688.4694179482348 7.204217948857414
1.0305283861627264 8.281750676637873 73.3042819864982 727.1126555220065 7.3863600814299195
1.0330919635394415 8.183969844189978 65.94277030626871 768.130522953197 7.578510322895721
1.0355698769170183 8.088849189151308 59.43673560148924 811.6793260568609 7.781186264697401
1.0378063970551927 7.996966722029981 53.74043618771967 857.9322671235218 7.994955177443074
1.0398235375952043 7.9076878665524 48.70881534368776 907.084796290437 8.220468207193932
1.0415692104568164 7.820997245501462 44.272206940945516 959.2096325199888 8.457511545244328
1.04299345098236 7.736637015853029 40.362955746709076 1014.7110744357387 8.707974220432883
1.044066308208082 7.654646358811251 36.912467130570846 1073.868453272377 8.972836862474619
1.044771067044662 7.574554824311073 33.78290132591365 1136.9751159936727 9.25306965784055
1.0450660170149069 7.496396519100358 31.082117092623008 1204.3580642784775 9.549752590883138
