status: Success
e[MeV/fm^3], P[MeV/fm^3], rho[fm^-3] 
4.352401510171787e-12 6.303951623613231e-26 4.00000001E-15
4.385881724042108e-12 6.303951489693178e-25 4.73000011E-15
4.408201721542268e-12 6.3039514896931784e-24 4.75999990E-15
4.547701563628207e-12 6.303951835653314e-23 4.91000012E-15
6.472802734647461e-12 7.552309618696132e-22 6.99000006E-15
9.151203807347077e-12 8.738171533730555e-21 9.89999996E-15
2.516581043393445e-11 1.0610709240595186e-19 2.71999999E-14
1.1829604478286538e-10 3.632581454081605e-18 1.27000000E-13
6.417002545596988e-10 1.1858621270745054e-16 6.93000019E-13
5.825522483502724e-09 6.0817559262413e-15 6.29500011E-12
1.463076556513704e-08 3.100807203113195e-14 1.58099991E-11
3.6755473256723625e-08 1.5173141217578792e-13 3.97200016E-11
9.229323670257585e-08 7.184029542763463e-13 9.97599989E-11
2.3190489444309905e-07 3.2868444083356306e-12 2.50600013E-10
5.825522014782542e-07 1.4467829278717761e-11 6.29399977E-10
1.4630766011537214e-06 6.088675262846003e-11 1.58100000E-09
3.6761054932889316e-06 2.441027814078792e-10 3.97200006E-09
4.62749577314836e-06 3.2824920066468985e-10 4.99999997E-09
9.234903147902422e-06 8.956684864913728e-10 9.97599958E-09
1.8425167148964853e-05 2.3923701170796056e-09 1.98999999E-08
3.676663526985449e-05 6.2790646465570835e-09 3.97199997E-08
7.337703148348822e-05 1.625342997153083e-08 7.92400030E-08
0.0001464192512306695 4.1669222382058286e-08 1.58099994E-07
0.00018436327822895197 5.4538940714708994e-08 1.98999999E-07
0.00029222469775918273 1.0167545066887486e-07 3.15499989E-07
0.00046319597302403755 1.890616389359159e-07 4.99999999E-07
0.0005831102128547625 2.577179732985736e-07 6.29400006E-07
0.0007343282715273694 3.143215241887514e-07 7.92399987E-07
0.0009246063487032633 4.281758984082486e-07 9.97599955E-07
0.001465308613179742 7.939227236660169e-07 1.58099999E-06
0.0023235128010829667 1.4705537259348458e-06 2.50600010E-06
0.003683359540743502 2.722594600566705e-06 3.97199983E-06
0.004638097788421942 3.533926982323669e-06 4.99999987E-06
0.005836682253472714 4.807283297825919e-06 6.29399983E-06
0.007354442965123871 6.541213516550845e-06 7.92399987E-06
0.009257223859642859 8.89418911966538e-06 9.97600000E-06
0.011662204524935355 1.2096328470175446e-05 1.25600000E-05
0.014680985473022363 1.56228899500813e-05 1.58099992E-05
0.018486547172780303 2.1246416578409632e-05 1.99000006E-05
0.023279768920950343 2.8885439877150674e-05 2.50600006E-05
0.02931733081712436 3.713156607224764e-05 3.15500001E-05
0.03692287588847584 5.048785869648918e-05 3.97199983E-05
0.04649257993632102 6.865745884469403e-05 4.99999987E-05
0.05853422460847915 9.331102742347864e-05 6.29400020E-05
0.07376762873343995 0.00012688925034902914 7.92400024E-05
0.0928512358030795 0.000162099069590439 9.97600000E-05
0.1028952365753518 0.00018050190557073937 1.10499997E-04
0.11695684761125688 0.0002053440752095012 1.25599996E-04
0.1473120538090769 0.00027918982386165164 1.58099996E-04
0.1855350764516097 0.0003630126175008956 1.99000002E-04
0.2336904906719104 0.0004892099353054549 2.50599987E-04
0.2398842997711083 0.00048715649450871987 2.57200008E-04
0.24886809767682191 0.0004924575032615113 2.66999996E-04
0.29172251765233687 0.0005212949812344528 3.12599994E-04
0.3688381442252 0.0005678544757755366 3.95100011E-04
0.444391373539853 0.0006136105348208876 4.75899986E-04
0.5428225916431655 0.0006759614511130431 5.81200002E-04
0.6673682433148784 0.0007602194782251576 7.14300026E-04
0.8208183285215115 0.0008731922299585852 8.78599996E-04
4.7041264004410435 0.007865334258869693 5.00000001E-03
9.417414885436974 0.01619759881346834 1.00000000E-02
14.136675568630121 0.029317088868230482 1.50000000E-02
18.8608894300251 0.04527331676444691 2.00000000E-02
23.589421766695647 0.06355987275363063 2.50000000E-02
28.32184280687501 0.08397296578231073 3.00000000E-02
33.057846654844504 0.10642825612656338 3.50000000E-02
37.797209217717175 0.13090642782769402 4.00000000E-02
42.53976320702813 0.15742800960206774 4.50000000E-02
47.28538262632846 0.18603960573936704 5.00000000E-02
52.03397261558138 0.21680569874461114 5.50000000E-02
56.7854618623592 0.24980348906375377 6.00000000E-02
61.53979824944172 0.2851195426183825 6.50000000E-02
66.29694427921439 0.32284754206484634 7.00000000E-02
71.0568749532675 0.36308675675766167 7.50000000E-02
94.91506497586711 0.7377913899354525 0.1
95.82431209607351 0.7569424438205345 0.10095047523761881
96.73374140851806 0.7764943600156045 0.10190095047523763
97.64335497527604 0.7964519380304864 0.10285142571285644
98.55315486437725 0.8168199388795756 0.10380190095047524
99.46314314962358 0.8376030846052487 0.10475237618809405
100.37332190951221 0.8588060575119272 0.10570285142571287
101.28369322745853 0.8804334992725273 0.10665332666333167
102.19425919053259 0.9024900106016247 0.10760380190095048
103.10502188967308 0.9249801509519671 0.10855427713856929
104.01598341886553 0.9479084375788318 0.1095047523761881
104.92714587479905 0.9712793455261846 0.11045522761380691
105.83851135625774 0.9950973070392592 0.11140570285142572
106.75008196425095 1.0193667115984653 0.11235617808904452
107.66185980065131 1.0440919052341258 0.11330665332666334
108.57384696849886 1.06927719069472 0.11425712856428215
109.48604557176975 1.0949268273065513 0.11520760380190095
110.39845771437216 1.1210450308782924 0.11615807903951977
111.31108550022132 1.147635973520508 0.11710855427713858
112.22393103268783 1.1747037837690755 0.11805902951475739
113.13699641441339 1.202252546735025 0.11900950475237619
114.05113220819963 1.2291925993854278 0.119959979989995
114.96556686970548 1.2562889804307815 0.12091045522761382
115.88020539262068 1.2837489620375209 0.12186093046523262
116.79505107637382 1.311607688901617 0.12281140570285143
117.71010658876787 1.3398866222306225 0.12376188094047025
118.62537435478991 1.3686012879790326 0.12471235617808905
119.54085668159487 1.3977639632748264 0.12566283141570786
120.45655581164574 1.4273849022203962 0.12661330665332668
121.3724739489373 1.4574729902201256 0.12756378189094547
122.2886132726981 1.4880361273964553 0.1285142571285643
123.20497594530374 1.5190814730918873 0.1294647323661831
124.12156411713714 1.550615609097818 0.1304152076038019
125.0383799299889 1.5826446532731637 0.13136568284142072
125.95542551719545 1.6151743419029003 0.13231615807903951
126.87270300632932 1.6482100917742173 0.13326663331665833
127.79021451952654 1.6817570469641936 0.13421710855427715
128.70796217289933 1.715820114822776 0.13516758379189595
129.62594807763173 1.7504039957082682 0.13611805902951477
130.5441743392664 1.7855132063727126 0.13706853426713356
131.46264305906698 1.821152099513796 0.13801900950475238
132.38135633111227 1.8573248787110117 0.1389694847423712
133.3003162450726 1.8940356137176764 0.13991995997999002
134.21952488435622 1.9312882502198931 0.1408704352176088
135.13898432651993 1.9690866212826847 0.14182091045522763
136.05869664271447 2.0074344547031444 0.14277138569284642
136.97866389754117 2.046335381303095 0.14372186093046524
137.8988881494348 2.0857929415783474 0.14467233616808406
138.81937144957976 2.1258105916385546 0.14562281140570285
139.74011584228415 2.1663917083072306 0.14657328664332167
140.66112336537162 2.207539594350834 0.14752376188094046
141.5823960481099 2.2492574830882006 0.14847423711855928
142.50393591373677 2.2915485420848825 0.1494247123561781
143.42574497604522 2.3344158769724572 0.1503751875937969
144.34782524409343 2.3778625358388865 0.1513256628314157
145.27017871609212 2.4218915111246417 0.1522761380690345
146.19280738424652 2.4665057438197664 0.15322661330665333
147.11571323181772 2.5117081258624125 0.15417708854427215
148.0388982346103 2.557501503272107 0.15512756378189096
148.9623643609763 2.603888679005479 0.15607803901950976
149.8861135694998 2.650872413872463 0.15702851425712858
150.81014781153988 2.6984554312146543 0.15797898949474737
151.73446903035529 2.746640417840382 0.1589294647323662
152.6590791608765 2.7954300264749747 0.159879939969985
153.58398012949223 2.844826878128856 0.1608304152076038
154.50917385512872 2.894833564104033 0.16178089044522262
155.4346622472236 2.9454526476116882 0.1627313656828414
156.36044720757988 2.9966866660437574 0.16368184092046023
157.286530630691 3.048538133550494 0.16463231615807905
158.21291440185286 3.1010095414002308 0.16558279139569787
159.13960039827523 3.154103361135469 0.16653326663331666
160.06659049060417 3.207822045640711 0.16748374187093545
160.99388653829578 3.2621680302163156 0.16843421710855427
161.9214903964126 3.3171437362752556 0.1693846923461731
162.84940390968868 3.3727515708840485 0.1703351675837919
163.77762891671398 3.428993929119713 0.1712856428214107
164.7061672466915 3.485873196087624 0.17223611805902952
165.63502072286164 3.543391747724968 0.17318659329664832
166.56419115909503 3.601551952348018 0.17413706853426714
167.49368036443 3.6603561732199807 0.17508754377188596
168.42349013770365 3.7198067680164684 0.17603801900950478
169.35362227234285 3.7799060918869998 0.17698849424712357
170.28407855378026 3.840656498129732 0.17793896948474236
171.21486076059995 3.902060339479874 0.17888944472236118
172.14597066511135 3.9641199699643153 0.17983991995998
173.0774100322425 4.026837745342107 0.18079039519759882
174.00918062014452 4.090216024931152 0.1817408704352176
174.94128418115903 4.15425717296074 0.1826913456728364
175.8737224608617 4.218963559223511 0.18364182091045522
176.80649719778643 4.284337560583026 0.18459229614807404
177.7396101255222 4.350381562186385 0.18554277138569286
178.67306297165257 4.417097958491354 0.18649324662331165
179.606857457765 4.484489154370863 0.18744372186093047
180.54099529841213 4.552557565683287 0.18839419709854927
181.47547820526577 4.621305621911432 0.18934467233616809
182.41030788107096 4.69073576458311 0.1902951475737869
183.34548602804506 4.760850451458452 0.19124562281140572
184.28101433919534 4.831652154342152 0.19219609804902452
185.21689450393026 4.903143362270356 0.1931465732866433
186.15312820898524 4.975326581656816 0.19409704852426213
187.0897171331183 5.04820433672316 0.19504752376188095
188.0266629520172 5.121779171129759 0.19599799899949977
188.96396733859652 5.196053648871413 0.19694847423711856
189.9016319600803 5.271030354086804 0.19789894947473738
190.8396584788276 5.346711892447161 0.19884942471235617
191.7780485562317 5.423100893100241 0.199799899949975
192.71680384762786 5.500200007156195 0.2007503751875938
193.65592600577017 5.578011910061974 0.20170085042521263
194.59541668137143 5.656539302217624 0.20265132566283142
195.07151801991665 5.696596390812573 0.20313285078184523
226.52950185438394 5.696681035005184 0.23495058030023178
227.48618497451477 5.764701727273888 0.23591795897948975
228.42642496058912 5.832150504111013 0.23686843421710857
229.3669373414875 5.900214804646794 0.23781890945472736
230.30772350176767 5.9688989518298 0.23876938469234618
231.248784830604 6.038207298274358 0.23971985992996497
232.19012272311096 6.1081442255233185 0.2406703351675838
233.13173858171356 6.17871414513894 0.2416208104052026
234.07363381272094 6.249921496862896 0.2425712856428214
235.01580983136833 6.3217707502657845 0.24352176088044022
235.9582680573003 6.394266402829658 0.24447223611805904
236.9010099166579 6.467412980653307 0.24542271135567784
237.84403684328421 6.541215038184362 0.24637318659329666
238.7873502746478 6.615677156850438 0.24732366183091545
239.73095165710143 6.690803946389821 0.24827413706853427
240.67484244148773 6.7666000434211355 0.2492246123061531
241.61902408707127 6.843070111598081 0.2501750875437719
242.56349805804095 6.9202188412443775 0.2511255627813907
243.5082658266405 6.998050949250199 0.2520760380190095
244.45332886814617 7.0765711772857 0.2530265132566283
245.3986886696333 7.155784294489138 0.2539769884942471
246.34434672069256 7.23569509380215 0.2549274637318659
247.2903045182594 7.316308393554181 0.25587793896948474
248.23656356758673 7.397629037209526 0.25682841420710356
249.1831253794782 7.479661891917374 0.2577788894447224
250.12999147014276 7.5624118483048335 0.2587293646823412
251.07716336516404 7.6458838214470575 0.25967983991996
252.02464259399343 7.730082748534045 0.2606303151575788
252.97243069610712 7.815013590428606 0.2615807903951976
253.92052921483833 7.9006813293418645 0.2625312656328164
254.86893970045608 7.987090969705861 0.2634817408704352
255.81766371219655 8.074247537589173 0.264432216108054
256.766702814025 8.162156079975944 0.2653826913456728
257.71605857680754 8.250821664271882 0.26633316658329165
258.6657325795594 8.340249378570661 0.26728364182091047
259.6157264064637 8.430444330264095 0.2682341170585293
260.5660416501825 8.521411646446609 0.2691845922961481
261.51667990752765 8.613156472628987 0.2701350675337669
262.4676427852194 8.705683973187092 0.2710855427713857
263.41893189448547 8.798999330515812 0.2720360180090045
264.3705488548861 8.893107744477504 0.2729864932466233
265.322495291171 8.988014431615511 0.2739369684842421
266.2747728361459 9.083724625956677 0.2748874437218609
267.2273831279728 9.18024357685033 0.27583791895947973
268.1803278137474 9.27757655028239 0.27678839419709855
269.13360854378726 9.375728826266709 0.2777388694347174
270.08722697991277 9.47470570140598 0.2786893446723362
271.0411847866832 9.574512485021216 0.279639819909955
271.995483636165 9.675154500840108 0.2805902951475738
272.95012520765755 9.776637086219182 0.2815407703851926
273.9051111876374 9.878965591619476 0.2824912456228114
274.860443267718 9.982145379627127 0.2834417208604302
275.81612314808683 10.086181824982589 0.284392196098049
276.7721525333268 10.191080313988948 0.2853426713356678
277.7285331357927 10.296846243958612 0.28629314657328664
278.6852666737548 10.403485022962002 0.28724362181090546
279.642354872978 10.511002069740812 0.2881940970485243
280.59979946557627 10.619402812209671 0.2891445722861431
281.55760218799105 10.728692687267142 0.2900950475237619
282.5157647855183 10.838877141214823 0.2910455227613807
283.4742890091774 10.949961628908284 0.2919959979989995
284.43317661499697 11.06195161209422 0.2929464732366183
285.3924293677241 11.17485256166384 0.2938969484742371
286.3520490355828 11.288669953518081 0.2948474237118559
287.3120373962423 11.403409272506678 0.2957978989494747
288.27239623074587 11.519076007753995 0.29674837418709354
289.23312732708854 11.635675654645581 0.29769884942471236
290.19423248033485 11.753213714816411 0.2986493246623312
291.1557134904238 11.871695693345202 0.29959979989995
292.1175721641988 11.991127100964945 0.3005502751375688
293.07981031389903 12.111513452103281 0.3015007503751876
294.0424297580746 12.232860264964074 0.3024512256128064
295.0054323208031 12.35517306026344 0.3034017008504252
295.96881983298385 12.478457363198686 0.304352176088044
296.93259412992575 12.602718700227229 0.3053026513256628
297.8967570543484 12.727962600147862 0.30625312656328163
298.8613104519646 12.854194593751288 0.30720360180090045
299.82625617724176 12.981420213065803 0.30815407703851927
300.79159608964636 13.109644991515268 0.3091045522761381
301.7573320525082 13.238874462170543 0.3100550275137569
302.7234659358422 13.36911415962976 0.31100550275137573
303.6899996150602 13.500369617589286 0.3119559779889945
304.65693497165205 13.63264637005426 0.3129064532266133
305.6242738932376 13.765949950427341 0.31385692846423213
306.59201826916814 13.900285889506108 0.3148074037018509
307.56016999688126 14.035659718708587 0.3157578789394697
308.52873097891717 14.172076967129556 0.31670835417708854
309.49770312225456 14.309543161552028 0.31765882941470736
310.4670883396155 14.448063826717885 0.3186093046523262
311.436888549806 14.587644485526198 0.319559779889945
312.40710567273214 14.728290656875004 0.3205102551275638
313.37774163903117 14.870007857861594 0.32146073036518263
314.3487983791265 15.012801601100477 0.3224112056028014
315.3202778307578 15.156677396483985 0.3233616808404202
316.29218193657084 15.30164074983685 0.324312156078039
317.2645126447657 15.447697163737018 0.3252626313156578
318.23727190486767 15.594852134044288 0.3262131065532766
319.21046167430217 15.743111154682936 0.32716358179089544
320.18408391430916 15.89247971411902 0.32811405702851426
321.15814058956215 16.042963294911544 0.3290645322661331
322.13263366933757 16.194567375609665 0.3300150075037519
323.1075651330596 16.347297430485924 0.3309654827413707
324.08293695357725 16.501158924771687 0.3319159579789895
325.0587511179732 16.656157322008028 0.3328664332166083
326.03500961187115 16.812298076904085 0.3338169084542271
327.0117144278743 16.96958664042927 0.3347673836918459
327.98886756195634 17.12802845586225 0.3357178589294647
328.9664710141251 17.287628960682014 0.3366683341670835
329.9445267895959 17.44839358649483 0.33761880940470235
330.9230368933886 17.610327757051436 0.33856928464232117
331.9020033410726 17.773436891096367 0.33951975987994
332.8814281474989 17.937726399674716 0.3404702351175588
333.8613133334792 18.10320168715583 0.3414207103551776
334.8416609211212 18.269868150496336 0.3423711855927964
335.82247293997165 18.43773118051854 0.3433216608304152
336.8037514202738 18.60679615977068 0.34427213606803403
337.7854983972863 18.777068464573404 0.3452226113056528
338.7677159100146 18.948553463216513 0.3461730865432716
339.75040599983345 19.121256516954475 0.34712356178089043
340.7335707126452 19.295182979322306 0.34807403701850925
341.7172120982839 19.47033819754955 0.34902451225612807
342.7013322088838 19.646727509676737 0.3499749874937469
343.68593310060606 19.82435624753259 0.3509254627313657
344.6710168336785 20.00322973489864 0.35187593796898453
345.65658546753684 20.183353286886586 0.35282641320660335
346.6426410717951 20.36473221346472 0.35377688844422206
347.6291857136269 20.547371814687608 0.3547273636818409
348.61622146539133 20.731277384439863 0.3556778389194597
349.60375040258646 20.916454207865172 0.3566283141570785
350.591774603979 21.10290756318824 0.35757878939469734
351.5802961492882 21.290642720503115 0.35852926463231616
352.56931712457754 21.479664943052853 0.359479739869935
353.55883961593065 21.66997948566018 0.3604302151075538
354.5488657137049 21.86159159618427 0.3613806903451726
355.53939751114996 22.054506515098126 0.36233116558279144
356.5304371042476 22.248729474849938 0.36328164082041026
357.5219865901952 22.44426570013121 0.36423211605802897
358.5140480710455 22.641120409387497 0.3651825912956478
359.5066236502983 22.83929881288941 0.3661330665332666
360.4997154349426 23.038806113500414 0.3670835417708854
361.4933255342908 23.239647507375764 0.36803401700850424
362.48745605883454 23.44182818315886 0.36898449224612306
363.48210912301374 23.645353322150413 0.3699349674837419
364.4772868438183 23.850228099023752 0.3708854427213607
365.4729913400707 24.056457681016695 0.3718359179589795
366.4692247331863 24.264047229178857 0.37278639319659834
367.46598914679606 24.473001896680046 0.37373686843421716
368.46328670769105 24.683326830906424 0.37468734367183587
369.46111954291734 24.89502717158308 0.3756378189094547
370.45948978471284 25.108108053143667 0.3765882941470735
371.45839956496786 25.322574601839392 0.37753876938469233
372.45785101826965 25.538431939014686 0.37848924462231115
373.4578462841101 25.755685179102215 0.37943971985992997
374.45838749960234 25.97433942997685 0.3803901950975488
375.45947680696 26.194399793555533 0.3813406703351676
376.46111634979866 26.415871365757482 0.38229114557278643
377.46330827319593 26.638759236919725 0.38324162081040525
378.46605472593865 26.863068491357183 0.38419209604802407
379.4693578560063 27.0888042068176 0.3851425712856428
380.4732198153537 27.31597145606281 0.3860930465232616
381.47764275807526 27.544575306967033 0.3870435217608804
382.48262883873645 27.77462082125612 0.38799399699849924
383.4881802151883 28.006113054643436 0.38894447223611806
384.4942990453174 28.239057059173547 0.3898949474737369
385.5009874910418 28.473457881098852 0.3908454227113557
386.50824771383975 28.7093205605496 0.3917958979489745
387.5160818792042 28.946650134650042 0.39274637318659333
388.5244921513069 29.185451634310596 0.39369684842421215
389.53348070066914 29.425730086928013 0.39464732366183086
390.54304969465 29.667490514305314 0.3955977988994497
391.5532013045822 29.910737934089298 0.3965482741370685
392.563937704249 30.155477360174757 0.3974987493746873
393.5752610665193 30.40171380113776 0.39844922461230614
394.5871735690129 30.649452262781722 0.39939969984992496
395.5996773877881 30.898697745522952 0.4003501750875438
396.61277470276565 31.14945524659737 0.4013006503251626
397.62646769413493 31.40172975944148 0.4022511255627814
398.6407585441454 31.655526273755186 0.40320160080040024
399.6556494361216 31.910849775475697 0.40415207603801906
400.6711425564455 32.1677052474123 0.40510255127563777
401.6872400893226 32.42609766820311 0.4060530265132566
402.70394422459316 32.68603201468994 0.4070035017508754
403.7212571514301 32.947513259024674 0.4079539769884942
404.73918105935127 33.21054637084296 0.40890445222611305
405.7577181418966 33.47513631758005 0.40985492746373187
406.77687059169256 33.74128806236894 0.4108054027013507
407.79664060459044 34.009006567385256 0.4117558779389695
408.817030375963 34.27829679016287 0.4127063531765883
409.83804210358676 34.549163687403734 0.41365682841420714
410.85967798588746 34.82161221185356 0.41460730365182596
411.88194022421953 35.09564731541195 0.4155577788894447
412.90483101860536 35.37127394665191 0.4165082541270635
413.92835257230587 35.648497052238326 0.4174587293646823
414.95250708976397 35.92732157741523 0.41840920460230113
415.9772967745542 36.2077524631423 0.41935967983991995
417.0027238349024 36.489794652186106 0.42031015507753877
418.0287904759232 36.77345308188046 0.4212606303151576
419.0554989091962 37.05873269015228 0.4222111055527764
420.0828513430489 37.34563841256488 0.42316158079039523
421.1108499890187 37.63417518265118 0.42411205602801405
422.13949705856265 37.92434793319893 0.42506253126563287
423.1687947661061 38.21616159503003 0.4260130065032516
424.198745325818 38.50962109777379 0.4269634817408704
425.2293509531865 38.804731370084994 0.4279139569784892
426.26061386564 39.10149733950038 0.42886443221610804
427.2925362805959 39.39992393152039 0.42981490745372686
428.3251204160274 39.70001607126096 0.4307653826913457
429.35836849420576 40.00177868378461 0.4317158579289645
430.392282734542 40.305216691117096 0.4326663331665833
431.42686535984956 40.61033501646227 0.43361680840420214
432.4621185934267 40.91713858097398 0.43456728364182096
433.4980446595061 41.225632305692955 0.4355177588794398
434.53464578335416 41.53582111088906 0.4364682341170585
435.5719241914933 41.84770991582161 0.4374187093546773
436.609882111287 42.16130363977925 0.4383691845922961
437.6485217725812 42.47660720208569 0.43931965982991494
438.68784540056276 42.793625518669444 0.44027013506753376
439.7278552290592 43.112363509305 0.4412206103051526
440.7685534906337 43.432826091271295 0.4421710855427714
441.80994241509126 43.755018180788 0.4431215607803902
442.8520242369959 44.078944695355005 0.44407203601800904
443.8948011898858 44.40461055090566 0.44502251125562786
444.9382755101815 44.73202066471333 0.44597298649324657
445.98244943341643 45.06117995316566 0.4469234617308654
447.02732519710474 45.39209333175785 0.4478739369684842
448.0729050385675 45.72476571649719 0.44882441220610303
449.11919119901677 46.059202025374134 0.44977488744372185
450.16618591667435 46.395407172755085 0.45072536268134067
451.21389143434067 46.733386076388626 0.4516758379189595
452.2623099891499 47.073143650703344 0.4526263131565783
453.31144383060365 47.414684814967245 0.45357678839419713
454.36129519648676 47.758014483200384 0.45452726363181595
455.41186633660215 48.10313757406294 0.45547773886943477
456.4631594931157 48.45005900402845 0.4564282141070535
457.51517691322715 48.79878368948977 0.4573786893446723
458.5679208443185 49.1493165490341 0.4583291645822911
459.6213935348806 49.50166250013757 0.45927963981990994
460.6755972330662 49.8558264602371 0.46023011505752875
461.7305341896126 50.21181334823996 0.4611805902951476
462.78620665532407 50.56962808247732 0.4621310655327664
463.8426168805888 50.92927558154781 0.4630815407703852
464.8997671220622 51.29076076651717 0.46403201600800403
465.957659627505 51.654088554817804 0.46498249124562285
467.01629665317097 52.01926386693157 0.4659329664832417
468.0756804559333 52.386291623945965 0.4668834417208604
469.1358132891668 52.75517674611365 0.4678339169584792
470.1966974125106 53.125924155403595 0.468784392196098
471.25833508132604 53.49853877274808 0.46973486743371684
472.32072855438264 53.8730255197662 0.47068534267133566
473.38388009154033 54.24938931903813 0.4716358179089545
474.4477919514734 54.627635093368326 0.4725862931465733
475.512466396769 55.00776776637679 0.4735367683841921
476.577905687084 55.38979226037395 0.47448724362181094
477.6441120871418 55.77371350109797 0.47543771885942976
478.7110878579871 56.15953641156966 0.4763881940970486
479.7788352654123 56.54726591723767 0.4773386693346673
480.847356575057 56.93690694375687 0.4782891445722861
481.91665404926556 57.32846441531302 0.4792396198099049
482.9867299576404 57.721943259634884 0.48019009504752375
484.05758656572385 58.11734840197704 0.48114057028514257
485.12922614139836 58.51468476931234 0.4820910455227614
486.2016509545977 58.91395728948186 0.4830415207603802
487.2748632739963 59.31517088907492 0.483991995997999
488.3488653696507 59.71833049623632 0.48494247123561784
489.42365951381225 60.12344103961334 0.48589294647323666
490.49924797738566 60.53050744801584 0.4868434217108554
491.57563303268324 60.93953464976204 0.4877938969484742
492.6528169516705 61.35052757354936 0.488744372186093
493.73080201298234 61.763491151102414 0.48969484742371183
494.8095904867253 62.178430309827775 0.49064532266133065
495.88918465186885 62.5953499817457 0.49159579789894947
496.96958678232807 63.01425509660703 0.4925462731365683
498.0507991560321 63.4351505850085 0.4934967483741871
499.13282405040474 63.85804137728877 0.49444722361180593
500.2156637441088 64.28293240585748 0.49539769884942475
501.29932051620546 64.70982860087446 0.49634817408704357
502.3837966455232 65.13873489440545 0.4972986493246623
503.4690944162693 65.56965621928362 0.4982491245622811
504.55521610560663 66.00259750559678 0.4991995997998999
505.6421639991521 66.43756368682659 0.5001500750375187
506.7299403747498 66.87455969381364 0.5011005502751376
507.81854752127475 67.31359046046333 0.5020510255127564
508.9079877187865 67.75466091757852 0.5030015007503752
509.9982632541085 68.19777599901892 0.503951975987994
511.089376412237 68.64294063659167 0.5049024512256128
512.181329479313 69.09015976317005 0.5058529264632317
513.27412474135 69.53943831081153 0.5068034017008505
514.3677644891787 69.99078121328432 0.5077538769384692
515.4622510055756 70.44419340155048 0.508704352176088
516.557586583968 70.8996798099771 0.5096548274137068
517.6537735122688 71.35724536956116 0.5106053026513256
518.750814079343 71.81689501332914 0.5115557778889445
519.848710577653 72.27863367391353 0.5125062531265633
520.94746529883 72.7424662832808 0.5134567283641821
522.0470805343282 73.2083977739029 0.5144072036018009
523.1475585752025 73.67643307606602 0.5153576788394197
524.2489017182219 74.14657712405824 0.5163081540770386
525.3511122577349 74.618834848819 0.5172586293146574
526.4541924830413 75.09321117936827 0.5182091045522761
527.5581446950337 75.56971104921342 0.5191595797898949
528.6629711874714 76.04833938874481 0.5201100550275137
529.768674255756 76.52910112823304 0.5210605302651325
530.8752561984479 77.01200119763439 0.5220110055027514
531.9827193132683 77.49704452738558 0.5229614807403702
533.0910658963993 77.98423604714753 0.523911955977989
534.2002982523081 78.47358068679932 0.5248624312156078
535.3104186758397 78.96508337424939 0.5258129064532266
536.4214294676644 79.45874903798233 0.5267633816908455
537.5333329291076 79.95458260665612 0.5277138569284643
538.646131361427 80.45258900745955 0.528664332166083
539.7598270680791 80.95277316828287 0.5296148074037018
540.8744223476389 81.45514001397794 0.5305652826413206
541.9899195088857 81.95969447357118 0.5315157578789395
543.1063208532983 82.46644147106917 0.5324662331165583
544.2236286787597 82.97538593034062 0.5334167083541771
545.3418452989952 83.48653277874837 0.5343671835917959
546.4609730169811 83.9998869391319 0.5353176588294147
547.581014135735 84.51545333402214 0.5362681340670336
548.7019709631707 85.03323688674755 0.5372186093046524
549.8238458078748 85.55324252044363 0.5381690845422711
550.9466409742627 86.0754751547147 0.5391195597798899
552.0703587738743 86.59993971203073 0.5400700350175087
553.1950015132815 87.126641112014 0.5410205102551275
554.3205715008042 87.65558427363374 0.5419709854927464
555.447071047797 88.18677411558338 0.5429214607303652
556.5745024624786 88.72021555596803 0.543871935967984
557.7028680614811 89.25591351377545 0.5448224112056028
558.8321701483168 89.7938729028416 0.5457728864432216
559.9624110396111 90.33409863937072 0.5467233616808405
561.0935930455694 90.87659563852776 0.5476738369184593
562.2257184777546 91.42136881369538 0.548624312156078
563.3587896523104 91.96842307883117 0.5495747873936968
564.4928088812559 92.51776334541944 0.5505252626313156
565.6277784801208 93.06939452570225 0.5514757378689344
566.7637007620875 93.62332152901342 0.5524262131065533
567.9005780457279 94.17954926589414 0.5533766883441721
569.0384126393867 94.73808264274999 0.5543271635817909
570.1772068668948 95.29892656979462 0.5552776388194097
571.3169630398216 95.86208595206642 0.5562281140570285
572.4576834786909 96.42756569544053 0.5571785892946474
573.5993705021097 96.99537070571489 0.5581290645322662
574.7420264220603 97.56550588483105 0.5590795397698849
575.8856535602988 98.13797613607551 0.5600300150075037
577.0302542388492 98.71278636210616 0.5609804902451225
578.1758307753728 99.28994146226535 0.5619309654827414
579.3223854836108 99.86944633468033 0.5628814407203602
580.4699206908638 100.45130587991889 0.563831915957979
581.618438715665 101.03552499398506 0.5647823911955978
582.767941879447 101.62210857377693 0.5657328664332166
583.9184325030859 102.21106151342417 0.5666833416708354
585.0699129101131 102.80238870799565 0.5676338169084543
586.222385419225 103.39609504896544 0.5685842921460731
587.3758523569641 103.99218542717904 0.5695347673836918
588.5303160458682 104.5906647358089 0.5704852426213106
589.6857788067726 105.19153786004472 0.5714357178589294
590.8422429661977 105.794809690752 0.5723861930965483
591.99971084845 106.40048511402529 0.5733366683341671
593.1581847782279 107.0085690149491 0.5742871435717859
594.317667079155 107.61906627672215 0.5752376188094047
595.4781600768904 108.23198178365692 0.5761880940470235
596.6396661009411 108.84732041793472 0.5771385692846424
597.802187474185 109.46508705867507 0.5780890445222612
598.9657265245934 110.08528658597515 0.5790395197598799
600.1302855786673 110.7079238767027 0.5799899949974987
601.2958669642107 111.33300380769879 0.5809404702351175
602.4624730075054 111.96053125399158 0.5818909454727363
603.6301060395269 112.59051108975245 0.5828414207103552
604.7987683867216 113.2229481874133 0.583791895947974
605.9684623761232 113.85784741729287 0.5847423711855928
607.1391903423903 114.49521365069802 0.5856928464232116
608.3109546086265 115.13505175399371 0.5866433216608304
609.4837575092173 115.77736659610503 0.5875937968984493
610.6576013724402 116.42216304132035 0.5885442721360681
611.8324885305963 117.06944595553091 0.5894947473736868
613.0084213115978 117.71922019896931 0.5904452226113056
614.1854020496005 118.37149063503796 0.5913956978489244
615.3634330760035 119.02626212384541 0.5923461730865432
616.5425167189971 119.6835395213235 0.5932966483241621
617.7226553141107 120.34332768741717 0.5942471235617809
618.9038511937379 121.00563147665082 0.5951975987993997
620.086106685743 121.67045574218287 0.5961480740370185
621.2694241318275 122.33780533929598 0.5970985492746373
622.4538058562948 123.00768511539798 0.5980490245122562
623.6392542010555 123.68009992449538 0.598999499749875
624.8257714934612 124.3550546110821 0.5999499749874937
626.013360070357 125.03255402355194 0.6009004502251125
627.2020222661826 125.71260300762935 0.6018509254627313
628.3917604129452 126.39520640487342 0.6028014007003502
629.5825768498556 127.08036905957647 0.603751875937969
630.7744739102891 127.76809581175269 0.6047023511755878
631.9674539332784 128.4583915012763 0.6056528264132066
633.1615192488291 129.1512609637955 0.6066033016508254
634.3566721958498 129.84670903700737 0.6075537768884441
635.5529151091268 130.54474055384821 0.608504252126063
636.750250328562 131.2453603491782 0.6094547273636818
637.9486801866072 131.94857325261717 0.6104052026013006
639.148207022224 132.65438409373485 0.6113556778389194
640.3488331739086 133.3627977025758 0.6123061530765382
641.5505609796298 134.07381890437102 0.6132566283141571
642.7533927731031 134.78745252331294 0.6142071035517759
643.9573308963716 135.50370338504638 0.6151575787893947
645.1623776863163 136.22257631009825 0.6161080540270135
646.3685354814654 136.94407611852785 0.6170585292646323
647.5758066202181 137.66820762919383 0.618009004502251
648.7841934420095 138.39497565916486 0.6189594797398699
649.9936982849747 139.1243850238459 0.6199099549774887
651.204323489018 139.85644053669694 0.6208604302151075
652.4160713941424 140.59114700975965 0.6218109054527263
653.6289443412493 141.3285092548041 0.6227613806903451
654.8429446645637 142.0685320772791 0.623711855927964
656.0580747123014 142.81122028983225 0.6246623311655828
657.2743368158831 143.5565786913187 0.6256128064032016
658.4917333203623 144.30461209071018 0.6265632816408204
659.7102665712983 145.0553252894822 0.6275137568784392
660.9299389036785 145.8087230873267 0.628464232116058
662.150752659385 146.5648102834557 0.6294147073536768
663.3727101777592 147.32359167378672 0.6303651825912956
664.5958138042937 148.08507205606656 0.6313156578289144
665.8200658768365 148.84925622330343 0.6322661330665332
667.0454687407932 149.61614896854712 0.633216608304152
668.2720247349744 150.3857550798832 0.6341670835417709
669.4997362024177 151.15807934918826 0.6351175587793897
670.7286054837994 151.93312656055616 0.6360680340170085
671.9586349268894 152.710901503611 0.6370185092546273
673.1898268655589 153.49140895780522 0.637968984492246
674.422183650952 154.274653709591 0.6389194597298649
675.6557076201507 155.06064053592036 0.6398699349674837
676.890401118004 155.84937421709503 0.6408204102051025
678.1262664875425 156.64085952985886 0.6417708854427213
679.363306071842 157.4351012493039 0.6427213606803401
680.6015222141992 158.23210415001165 0.643671835917959
681.8409172568267 159.0318730019601 0.6446223111555778
683.0814935469517 159.83441257861284 0.6455727863931966
684.3232534236009 160.63972764446885 0.6465232616308154
685.5661992347063 161.4478229695751 0.6474737368684342
686.8103333209846 162.25870331743454 0.6484242121060529
688.0556580291623 163.07237345191663 0.6493746873436718
689.3021756999904 163.8888381335239 0.6503251625812906
690.5498886801867 164.70810212374818 0.6512756378189094
691.7987993136846 165.53017017974275 0.6522261130565282
693.048909945529 166.35504705910307 0.653176588294147
694.3002229179165 167.1827375148357 0.6541270635317659
695.5527405778071 168.01324630151737 0.6550775387693847
696.8064652700218 168.84657817040227 0.6560280140070035
698.0613993390409 169.68273786908765 0.6569784892446223
699.3175451257473 170.52173014664402 0.6579289644822411
700.574904980232 171.36355974884066 0.6588794397198598
701.8334812461953 172.20823142049937 0.6598299149574787
703.093276268436 173.05574990459183 0.6607803901950975
704.3542923922083 173.90611994033907 0.6617308654327163
705.6165319627155 174.75934626862033 0.6626813406703351
706.8799973251798 175.6154336254334 0.663631815907954
708.144690825306 176.474386746532 0.6645822911455728
709.410614808228 177.33621036670752 0.6655327663831916
710.6777716197106 178.2009092173064 0.6664832416208104
711.9461636052596 179.06848802886202 0.6674337168584292
713.2157931105081 179.938951529959 0.668384192096048
714.4866624811475 180.81230444702737 0.6693346673336668
715.7587740627755 181.68855150565196 0.6702851425712856
717.0321302015757 182.56769742945664 0.6712356178089044
718.3067332429766 183.44974694005543 0.6721860930465232
719.5825855329805 184.334704756468 0.673136568284142
720.859689417489 185.22257559706065 0.6740870435217609
722.1380472424416 186.11336417874395 0.6750375187593797
723.4176613538126 187.00707521580694 0.6759879939969985
724.6985340976051 187.90371342068386 0.6769384692346173
725.9806678198472 188.80328350551054 0.6778889444722361
727.2640648660181 189.70579017759258 0.678839419709855
728.548727583992 190.61123814786208 0.6797898949474737
729.8346583179575 191.51963211844168 0.6807403701850925
731.1218594147759 192.43097679572202 0.6816908454227113
732.4103332204356 193.34527688094363 0.6826413206603301
733.7000820806101 194.26253707422302 0.6835917958979489
734.9911083433971 195.18276207656356 0.6845422711355678
736.2834143517815 196.10595658226111 0.6854927463731866
737.5770024548308 197.03212528792403 0.6864432216108054
738.8718749985106 197.96127288769037 0.6873936968484242
740.1680343270939 198.89340407214536 0.688344172086043
741.4654827877257 199.8285235324198 0.6892946473236617
742.7642227260145 200.76663595470995 0.6902451225612806
744.0642564902721 201.70774602752908 0.6911955977988994
745.3655864234797 202.65185843431573 0.6921460730365182
746.6682148738246 203.5989778587126 0.693096548274137
747.9721441869252 204.5491089816104 0.6940470235117558
749.277376708877 205.50225648254207 0.6949974987493747
750.5839147864504 206.45842503925542 0.6959479739869935
751.8917607630518 207.41761932677593 0.6968984492246123
753.2009169885563 208.37984402090308 0.6978489244622311
754.5113858076862 209.3451037928977 0.6987993996998499
755.8231695639871 210.31340331348667 0.6997498749374687
757.1362706054293 211.28474725091473 0.7007003501750875
758.4506912782698 212.2591402740752 0.7016508254127063
759.7664339278837 213.2365870468783 0.7026013006503251
761.0835009001203 214.2170922327698 0.7035517758879439
762.4018945412157 215.20066049474804 0.7045022511255628
763.7216171960742 216.18729649226862 0.7054527263631816
765.0426712101636 217.17700488369564 0.7064032016008004
766.3650589301792 218.16979032535653 0.7073536768384192
767.68878269919 219.16565747193545 0.708304152076038
769.0138448707315 220.16461097824867 0.7092546273136568
770.3402477817974 221.16665549348022 0.7102051025512756
771.6679937790129 222.17179566751747 0.7111555777888944
772.997085212798 223.1800361502534 0.7121060530265132
774.3275244201241 224.19138158303588 0.713056528264132
775.6593137565097 225.20583661648504 0.7140070035017508
776.9924555590138 226.22340588738632 0.7149574787393697
778.32695217561 227.24409403963466 0.7159079539769885
779.6628059528192 228.26790571255685 0.7168584292146073
781.0000192341957 229.29484554244164 0.7178089044522261
782.3385943645969 230.32491816433355 0.7187593796898449
783.6785336897879 231.3581282138133 0.7197098549274638
785.0198395528133 232.3944803205169 0.7206603301650825
786.3625143001674 233.43397911700674 0.7216108054027013
787.7065602758671 234.4766292313625 0.7225612806403201
789.0519798251183 235.52243528995552 0.7235117558779389
790.3987752910789 236.57140191754934 0.7244622311155577
791.7469490187768 237.62353373693009 0.7254127063531766
793.0965033513212 238.67883537091348 0.7263631815907954
794.447440637497 239.73731144016756 0.7273136568284142
795.7997632173627 240.79896656209564 0.728264132066033
797.153473434208 241.8638053520218 0.7292146073036518
798.5085736310308 242.93183242405132 0.7301650825412705
799.865066160808 244.00305239543195 0.7311155577788894
801.222953357461 245.07746987243365 0.7320660330165082
802.5822375678295 246.15508946665364 0.733016508254127
803.9429211354993 247.23591578580795 0.7339669834917458
805.3050064034159 248.31995343535948 0.7349174587293646
806.6684957173745 249.40720702029762 0.7358679339669835
808.0333914162491 250.49768114293352 0.7368184092046023
809.3996958465077 251.5913804028769 0.7377688844422211
810.7674113502105 252.68830940077373 0.7387193596798399
812.1365402713019 253.78847273392205 0.7396698349174587
813.5070849494135 254.8918749965511 0.7406203101550775
814.87904772917 255.9985207825489 0.7415707853926963
816.2524309559005 257.1084146866226 0.7425212606303151
817.6272369676569 258.221561297177 0.7434717358679339
819.0034681092216 259.33796520322744 0.7444222111055527
820.3811267210496 260.4576309918058 0.7453726863431716
821.7602151466501 261.58056324863537 0.7463231615807904
823.1407357274641 262.70676655726743 0.7472736368184092
824.5226908054194 263.83624549851334 0.748224112056028
825.9060827217876 264.96900465384226 0.7491745872936468
827.2909138176626 266.10504860069454 0.7501250625312657
828.6771864374011 267.2443819168641 0.7510755377688844
830.0649029182225 268.3870091769745 0.7520260130065032
831.4540656024384 269.5329349527 0.752976488244122
832.8446768334206 270.68216381936713 0.7539269634817408
834.2367389453858 271.83470034238564 0.7548774387193596
835.630254292454 272.99054909503786 0.7558279139569785
837.0252252013581 274.1497146391314 0.7567783891945973
838.4216540189627 275.3122015426784 0.7577288644322161
839.8195430843363 276.47801436666225 0.7586793396698349
841.2188947369278 277.6471576737364 0.7596298149074537
842.6197113176675 278.81963602212727 0.7605802901450726
844.0219951663121 279.99545397167117 0.7615307653826913
845.4257486224228 281.1746160778184 0.7624812406203101
846.830974026562 282.35712689669595 0.7634317158579289
848.2376737141334 283.54299097859746 0.7643821910955477
849.6458500281042 284.73221287599995 0.7653326663331665
851.0555053074985 285.9247971385672 0.7662831415707854
852.466641890041 287.120748314838 0.7672336168084042
853.8792621158743 288.32007095116546 0.768184092046023
855.2933683196044 289.5227695901241 0.7691345672836418
856.7089628443957 290.72884877695265 0.7700850425212606
858.1260480251078 291.93831304978426 0.7710355177588795
859.544626201784 293.151166951051 0.7719859929964982
860.964699712246 294.3674150172184 0.772936468234117
862.3862708926491 295.5870617848592 0.7738869434717358
863.809342081612 296.8101117882942 0.7748374187093546
865.2339156166227 298.03656956002146 0.7757878939469735
866.6599938346327 299.26643963171193 0.7767383691845923
868.0875790713178 300.4997265316292 0.7776888444222111
869.5166736675334 301.7364347902295 0.7786393196598299
870.947279955922 302.9765689315226 0.7795897948974487
872.3794002745784 304.2201334806317 0.7805402701350675
873.8130369593847 305.4671329590511 0.7814907453726863
875.2481923460156 306.7175718895834 0.7824412206103051
876.6848687705095 307.97145479081144 0.7833916958479239
878.1230685696535 309.22878618136656 0.7843421710855427
879.5627940798789 310.48957057746645 0.7852926463231615
881.0040476331138 311.7538124924637 0.7862431215607804
882.4468315662677 313.0215164406868 0.7871935967983992
883.8911482175218 314.2926869332431 0.788144072036018
885.9867808383688 315.65999847212777 0.7915537899273387
888.6749740905817 316.1119926603859 0.8014248190661736
891.3700534507027 316.56510301420366 0.8113006796457214
894.0720260431685 317.0193307520314 0.8211814138903839
896.7808990669472 317.47467709539944 0.831067064334216
899.4966798104415 317.93114326950746 0.8409576738742207
902.2193756850509 318.38873050279824 0.8508532859078729
904.9489941529625 318.84744002757424 0.8607539440179351
907.6855427919437 319.3072730794436 0.8706596922720876
910.4290292523609 319.76823089811006 0.8805705750053406
913.1794613164037 320.2303147265915 0.8904866370804186
915.9368468290584 320.693525811574 0.9004079236075696
918.7011937202698 321.1578654039777 0.9103344800122254
921.4725100546201 321.62333475829564 0.9202663522543858
924.2508039526701 322.0899351330624 0.9302035864945961
927.0360836624154 322.5576677905378 0.9401462293869605
929.8283574961883 323.02653399702973 0.9500943278270012
932.6276339006474 323.496535023164 0.9600479292115578
935.4339213779181 323.96767214335404 0.9700070811398787
938.2472285823129 324.4399466362537 0.9799718317957619
941.0675642087587 324.9133597847415 0.9899422294829526
943.8949370973215 325.38791287597934 0.9999183230608277
946.7293561799318 325.86360720117835 1.009900161722502
949.5708304668873 326.34044405630533 1.019887794920976
952.4193691053974 326.81842474137926 1.0298812726296123
955.2749813113348 327.29755056081086 1.0398806450573703
958.1376764277045 327.77782282372533 1.0498859628612036
961.0074639021043 328.25924284396206 1.0598972770741435
963.8843532776079 328.74181193931616 1.0699146390663523
966.7683541999294 329.2255314329614 1.0799381005560704
969.659476432766 329.7104026522377 1.089967713690059
972.5577298549572 330.1964269294405 1.1000035310040512
975.4631244383011 330.6836056016343 1.110045605355921
978.3756702590706 331.1719400108079 1.1200939899550284
981.2953775244806 331.6614315038535 1.1301487384687374
984.2222565429391 332.15208143237805 1.1402099048984433
987.1563177371935 332.64389115317925 1.150277543649934
990.0975716308858 333.1368620282773 1.1603517094320963
993.0460288725677 333.6309954243787 1.170432457404659
996.0017002483416 334.1262927137315 1.1805198431878299
998.9645966104486 334.62275527390676 1.1906139225830092
1001.9347289664845 335.12038448733097 1.200714751941203
1004.9121084290439 335.61918174187184 1.2108223879458564
1007.8967462406079 336.11914843106234 1.220936887708945
1010.8886537377697 336.6202859535757 1.2310583086304154
1013.8878424021526 337.12259571353957 1.241186708604364
1016.8943238373388 337.6260791211629 1.251322145907456
1019.9081097530714 338.13073759152314 1.2614646791582187
1022.9292119867926 338.636572545807 1.2716143673738118
1025.9576425257364 339.14358541094566 1.2817712700742256
1028.9934134490954 339.6517776195084 1.2919354470421065
1032.0365369828723 340.1611506096633 1.3021069585429301
1035.0870254884703 340.67170582591046 1.3122858652734735
1038.1448914281534 341.18344471870796 1.322472228213342
1041.2101474265025 341.69636874389926 1.3326661088945657
1044.2828062143835 342.21047936406046 1.3428675691414145
1047.3628806769414 342.7257780476864 1.3530766712804947
1050.4503838299463 343.24226626930675 1.3632934780436767
1053.5453288037388 343.75994550984336 1.3735180524894774
1056.6477288801084 344.27881725646665 1.3837504581632314
1059.757597500598 344.7988830027464 1.3939907591093688
1062.8749481978314 345.3201442486604 1.4042390196092769
1065.9997946812082 345.84260250078626 1.414495304518557
1069.1321507960088 346.3662592718521 1.424759679099465
1072.2720305228954 346.89111608174323 1.435032209006641
1075.4194479862522 347.41717445671577 1.4453129603344812
1078.5744174607025 347.94443592986283 1.4556019996309848
1081.736953373957 348.4729020408336 1.46589939391071
1084.9070702847139 349.0025743364817 1.476205210555741
1088.0847829088273 349.5334543705092 1.4865195174271117
1091.2701061258113 350.0655437033778 1.4968423828856334
1094.4630549366993 350.5988439029265 1.507173875611712
1097.6636445326867 351.133356543892 1.517514064897889
1100.8718902419018 351.6690832083806 1.5278630204038692
1104.0878075383644 352.20602548563954 1.5382208122186634
1107.3114120621583 352.74418497232415 1.5485875109189524
1110.5427196226112 353.2835632723124 1.5589631875891499
1113.7817461840118 353.8241619971033 1.5693479137581399
1117.0285078657737 354.36598276596584 1.5797417613899674
1120.2830209458398 354.90902720514765 1.590144802913093
1123.5453018940443 355.45329694915824 1.6005571113297417
1126.8153673159195 355.9987936399668 1.610978760004099
1130.093234006421 356.5455189274126 1.6214098228653326
1133.3789189045406 357.0934744693097 1.631850374230713
1136.6724391490657 357.6426619312284 1.6423004890152375
1139.9738120386103 358.19308298697615 1.6527602425798211
1143.283055041637 358.74473931831085 1.6632297107616496
1146.6001858085956 359.2976326153769 1.673708969922052
1149.9252221607899 359.8517645763535 1.684198096898761
1153.258182098947 360.4071369079372 1.6946971690388102
1156.5990838136356 360.9637513250413 1.7052062642359722
1159.9479456650583 361.5216095511142 1.7157254608417305
1163.3047861934206 362.0807133183648 1.7262548377188347
1166.6696241421555 362.6410643673745 1.736794474310233
1170.0424784287 363.2026644475438 1.7473444505360594
1173.4233681505557 363.7655153171255 1.757904846810146
1176.8123126102535 364.3296187431177 1.7684757441342627
1180.2093312921343 364.89497650166214 1.7790572240031008
1183.6144438775405 365.46159037772014 1.7896493684615546
1187.027670242309 366.02946216544433 1.8002522600970052
1190.4490304502497 366.5985936682464 1.8108659820004056
1193.8785447720052 367.16898669880726 1.8214906178475636
1197.316233675416 367.74064307908503 1.832126251853376
1200.7621178255915 368.31356464046564 1.8427729687735814
1204.2162180845269 368.88775322418263 1.853430853886744
1207.6785555364613 369.4632106805868 1.864099993112458
1211.1491514516254 370.03993887010523 1.8747804728481032
1214.628027314945 370.61793966276593 1.8854723800860498
1218.1152048233243 371.19721493864887 1.896175802396849
1221.6107058814237 371.7777665875174 1.9068908279181591
1225.1145525963814 372.3595965095484 1.9176175453186373
1228.6267673085626 372.94270661464805 1.9283560439203926
1232.1473725491633 373.5270988233233 1.939106413538128
1235.6763910764626 374.11277506614977 1.9498687446033434
1239.2138458825682 374.69973728424196 1.9606431281992673
1242.759760145075 375.2879874292135 1.9714296558642515
1246.3141572901557 375.8775274631834 1.982228419835052
1249.877060957287 376.468359359016 1.9930395129110727
1253.4484950009546 377.0604851003831 2.0038630284488237
1257.0284835153338 377.6539066817356 2.014699060461946
1260.6170508051491 378.2486261086546 2.025547703507483
1264.2142214088635 378.8446453975472 2.0364090527653924
1267.8200201069285 379.4419665761893 2.0472832040706512
1271.4344718833115 380.0405916835826 2.0581702537653763
1275.057601969228 380.64052276993397 2.0690702988629353
1278.6894358278846 381.2417618970751 2.0799834369773924
1282.3299991537476 381.8443111383267 2.09090976633551
1285.979317864626 382.44817257855306 2.101849385729164
1289.6374181270091 383.0533483145346 2.112802394616382
1293.3043263406826 383.65984045481133 2.1237688930561145
1296.9800691311425 384.2676511198278 2.1347489816820002
1300.6646733821767 384.8767824421886 2.145742761817938
1304.3581661871922 385.4872365665216 2.1567503352941664
1308.0605749017568 386.0990156497858 2.1677718046449557
1311.7719271035548 386.7121218612472 2.178807272950078
1315.4922506197431 387.326557382648 2.1898568439435713
1319.2215735089053 387.9423244083021 2.2009206219333457
1322.9599240732364 388.5594251451612 2.211998711855224
1326.7073308457198 389.1778618128829 2.2230912192125074
1330.4638226091756 389.79763664410876 2.2341982501546185
1334.2294283743536 390.41875188431635 2.2453199113889433
1338.0041773899993 391.0412097921719 2.2564563102142756
1341.7880991517402 391.66501263943394 2.2676075545548877
1345.5812233743445 392.29016271115444 2.2787737528569565
1349.383580009213 392.9166623058336 2.2899550141490717
1353.1951992509653 393.5445137353651 2.30115144806625
1357.0161115116643 394.17371932526333 2.312363164755306
1360.8463474441355 394.80428141471253 2.3235902749510475
1364.6859379109983 395.43620235677486 2.3348328898754915
1368.534914010582 396.0694845182917 2.346091121320643
1372.3933070521311 396.70413028018277 2.3573650815596148
1376.2611485751086 397.3401420373938 2.3686548834162524
1380.138470302221 397.97752219914713 2.379960640095878
1384.0253041955866 398.6162731888758 2.3912824653874485
1387.921682404104 399.2563974444535 2.4026204734704915
1391.8276372731143 399.89789741825655 2.4139747789517103
1395.7432013425837 400.5407755771354 2.4253454968603085
1399.6684073398958 401.18503440275 2.4367327426170693
1403.6032881552005 401.8306763914533 2.4481366319519453
1407.5478768668208 402.477704054468 2.459557280992049
1411.50220669467 403.12611991791897 2.4709948060982336
1415.4663110186084 403.77592652298915 2.4824493239304264
1419.4402233534208 404.4271264259441 2.493920951360178
1423.4239773427028 405.0797221982767 2.505409805450742
1427.417606735132 405.7337164266492 2.5169160033762856
1431.4211453917355 406.3891117130796 2.5284396624430165
1435.4346272449352 407.0459106750125 2.5399808999641347
1439.4580862993348 407.70411594529963 2.5515398332457138
1443.4915566013183 408.3637301722615 2.5631165794954027
1447.5350722183332 409.02475601981047 2.574711255749145
1451.588667229282 409.6871961674353 2.586323978845294
1455.6523756844383 410.3510533102385 2.5979548652852005
1459.7262315754178 411.0163301589402 2.609604031139472
1463.8102688233428 411.683029439957 2.621271592006667
1467.9045212208257 412.3511538953348 2.6329576628230886
1472.009022412385 413.02070628276385 2.6446623577993424
1476.1238058393728 413.69168937567434 2.6563857902390406
1480.2489047061194 414.36410596291614 2.668128072433614
1484.3843519224156 415.0379588490609 2.679889315468862
1488.5301800448965 415.7132508540168 2.691669629034608
1492.686421220149 416.38998481317026 2.703469121246771
1496.8531071050497 417.06816357722295 2.715287898378285
1501.0302687937328 417.7477900119211 2.7271260646312343
1505.2179367403528 418.42886699805 2.738983721885915
1509.4161406434318 419.1113974312276 2.7508609693227566
1513.6249093460951 419.7953842215881 2.7627579031009075
1517.8442706986177 420.48083029353717 2.774674615911499
1522.0742514417266 421.16773858554035 2.786611196608864
1526.3148770224718 421.856112049631 2.7985677296051663
1530.5661714249602 422.54595365101034 2.8105442943341026
1534.828156963042 423.23726636769334 2.8225409645720076
1539.100854021226 423.9300531897282 2.834557807603027
1543.3842808172794 424.62431711871136 2.846594883457431
1547.6784530458617 425.3200611669498 2.858652243758284
1551.9833835274299 426.01728835661356 2.8707299305849596
1556.2990817626007 426.7160017187377 2.8828279750302612
1560.6255534113325 427.4162042920179 2.894946395525646
1564.9627996899374 428.1178991214286 2.9070851958838837
1569.3108166336071 428.8210892565871 2.919244362914034
1573.6695941917008 429.5257777500043 2.9314238634936727
1578.0391151431609 430.2319676546896 2.943623641054698
1582.4193537540777 430.9396620215161 2.9558436112328876
1586.810274084474 431.64886389613343 2.9680836563764506
1591.2118278208245 432.3595763150109 2.9803436185080647
1595.62395151189 433.0718023007464 2.9926232903464713
1600.0465628750796 433.78554485626734 3.0049224032997204
1604.479555845693 434.500806957381 3.0172406113566637
1608.9227936563723 435.2175915435201 3.0295774685440384
1613.3760989225962 435.9359015053111 3.0419323966102367
1617.8392387512215 436.6557396679251 3.0543046364334496
1622.3119011902877 437.37710876792795 3.0666931710938825
1626.7936551797875 438.1000114191469 3.0790965949318814
1631.2838753358806 438.8244500589404 3.0915128673294485
1635.7815775406548 439.55042685511546 3.1039387739272923
1640.2849488325771 440.2779435128698 3.116368384123701
1644.7881628341984 441.00689601558264 3.1287822395906346
1649.2925885596233 441.7360485156521 3.141180915562752
1653.812996517665 442.466730181181 3.1536174054556043
1658.349475389229 443.19894585744134 3.1660919477627973
1662.9021147239946 443.9327004217056 3.178604783311695
1667.4710049557355 444.66799878363554 3.191156155308466
1672.0562374142537 445.4048458855297 3.203746309364754
1676.6579043431361 446.14324670263994 3.2163754935563014
1681.2760989021392 446.8832062435858 3.229043958417328
1685.9109152002575 447.6247295505992 3.241751957048213
1690.562448299036 448.36782169992534 3.2544997451149436
1695.2307942276884 449.112487802162 3.2672875808928508
1699.9160500053724 449.8587330025611 3.2801157253348197
1704.61831365788 450.60656248147563 3.2929844421134375
1709.3376842343578 451.355981454632 3.3058939976756663
1714.0742618178538 452.10699517359234 3.3188446612622347
1718.8281475592328 452.8596089260312 3.331836705019374
1723.599443683091 453.61382803621655 3.344870404001023
1728.3882535142739 454.3696578653182 3.3579460362570983
1733.1946815011765 455.1271038119073 3.3710638828972366
1738.0188332348455 455.88617131222793 3.384224228146012
1742.8608154705846 456.6468658407423 3.397427359404118
1747.7207361518088 457.4091929104431 3.410673567322487
1752.5987044411631 458.1731580733955 3.423963145890818
1757.494830741582 458.93876692106494 3.437296392502433
1762.4092267240298 459.7060250848459 3.4506736080343723
1767.3420053599702 460.4749382364902 3.464095096945185
1772.29328094402 461.2455120886043 3.4775611673384432
1777.2631691337765 462.0177523950342 3.4910721310884165
1782.2517869855612 462.79166495152083 3.5046283039455677
1787.259252977575 463.56725559603177 3.518230005601555
1792.2856870597298 464.34453020940373 3.5318775598468
1797.3312106831377 465.12349471580376 3.5455712946543754
1802.3959468544226 465.9041550832927 3.5593115423468724
1807.4800201651196 466.686517324387 3.573098639687617
1812.583556859503 467.470587496629 3.5869329280893854
1817.7066848576583 468.2563717031828 3.6008147536803357
1822.8495338355528 469.043876093414 3.6147444675546576
1828.0122352685737 469.8331068635664 3.628722425906219
1833.1949224921805 470.624070257382 3.6427489902144368
1838.3977307747457 471.4167725667527 3.656824527475154
1843.6207973892867 472.2112201324529 3.670949410419871
1848.8642616747984 473.0074193448137 3.6851240177084716
1854.1282651420772 473.80537664452424 3.6993487342615197
1859.4129515384225 474.60509852333126 3.713623951461133
1864.7184669578348 475.40659152494277 3.727950067500448
1870.0449599451547 476.20986224575216 3.742327487709679
1875.3925816002338 477.01491733579934 3.7567566248869
1880.761485705258 477.82176349964976 3.77123789969881
1886.1518288587567 478.63040749737894 3.7857717411083804
1891.5637706204848 479.4408561455234 3.800358586833435
1896.997473670662 480.2531163182091 3.8149988838538764
1902.453103977895 481.0671949482224 3.829693088946547
1907.9308310036065 481.8830990281658 3.844441669339661
1913.4308278978517 482.7008356117713 3.8592451033355264
1918.9532717424936 483.5204118150995 3.8741038810927937
1924.4983438044426 484.3418348181026 3.889018505434042
1930.0662298058787 485.165111865943 3.9039894927157506
1935.6571202546493 485.9902502706757 3.919017373890639
1941.2712107876441 486.8172574129471 3.934102695605407
1946.9087025413826 487.6461407438013 3.9492460213990936
1952.569802613032 488.47690778659586 3.9644479331876816
1958.2547245117985 489.3095661392162 3.9797090327113684
1963.9636887190459 490.14412347625523 3.9950299433519594
1969.6969232816316 490.98058755151646 4.010411312035331
1975.454664494901 491.8189662007612 4.025853811445365
1981.2371576703565 492.6592673445631 4.041358142497674
1987.0446579989025 493.50149899153433 4.056925037129543
1992.8774315255998 494.34566924183696 4.072555261449792
1998.7357562610557 495.1917862910725 4.088249619332017
2004.619923451877 496.0398584344747 4.104008956521483
2010.530238996233 496.88989407166105 4.119834165212444
2016.4670251106427 497.74190171181095 4.135726189439273
2022.4306221975405 498.5958899795161 4.15168603111629
2028.4213910069052 499.45186762121995 4.167714757031987
2034.4397151241812 500.30984351248674 4.183813506893264
2040.4860038435868 501.1698266661207 4.199983502624972
2046.560695491102 502.0318262413895 4.2162260591139304
2052.664261292803 502.8958515543448 4.232542596725133
2058.797209865255 503.7619120896063 4.248934655821359
2064.960092474882 504.6300175137691 4.26540391377658
2071.153509203859 505.50017769062714 4.281952204909584
2077.3781162013606 506.37240269877213 4.2985815439302515
2083.634634235729 507.24670285166223 4.315294153584853
2089.92385884156 508.12308872091364 4.33209249745548
2096.246672379115 509.00157116324755 4.348979318926225
2102.604058437943 509.8821613517893 4.365957687724693
2108.9971191055492 510.7648708127171 4.383031055699146
2115.427095770345 511.64971146813684 4.400203324009936
2121.895394289137 512.5366956866671 4.417478924386938
2128.4036155790454 513.4258363432459 4.434862917887415
2134.9535930062148 514.3171468902084 4.45236111556386
2141.5474383128962 515.2106414421888 4.469980226656213
2148.1875983365353 516.1063348780865 4.487728041556789
2154.8769255230072 517.0042429640813 4.505613659223963
2161.6187660836954 517.9043825029564 4.523647771423298
2168.4170709904597 518.806771516428 4.541843020518865
2175.2765367039656 519.7114294691866 4.560214452992718
2182.2027849729434 520.6183775459457 4.578780098734286
2189.202594411834 521.5276389966558 4.597561716962097
2196.2842013857116 522.4392395697271 4.616585765144407
2203.457694621415 523.3532080602615 4.635884669423513
2210.735538009338 524.2695770098803 4.6554985073189386
2218.1332708686587 525.1883836085055 4.675477261064166
2225.6704571787604 526.1096708683166 4.695883871325681
2233.3719891884916 527.033489169164 4.716798429960102
2241.269903535006 527.9598983178728 4.73832401975105
2249.4059517835344 528.8889703292841 4.760594978067233
2257.8353033886992 529.8207932384896 4.783788798275148
2266.6319864068696 530.7554764133802 4.808143612477543
2275.897061706868 531.6931580978185 4.8339844522672095
2285.7712208695757 532.6340163506428 4.861763712960138
2296.4547809157875 533.578285299495 4.892125363951537
2308.2405291794084 534.5262799838382 4.9260104066354415
2321.5699283652643 535.4784356142483 4.964837307188145
2337.1341807094736 536.4353721568708 5.010826390852958
2356.067477787957 537.398005967999 5.067620053370872
2362.743617986767 538.3655015127748 5.0848445404231
2365.6728229832024 539.334115453211 5.089981547608244
2368.60434926574 540.303705932892 5.095120217819575
2371.538265324158 541.2742736065163 5.100260745874305
2374.47463849506 542.2458191290007 5.1054033226909095
2377.413534993234 543.2183431554812 5.110548135396164
2380.355019941984 544.1918463413091 5.115695367428582
2383.2991574019898 545.1663293420575 5.120845198637186
2386.24601039797 546.1417928135143 5.1259978053733795
2389.195640937966 547.1182374116879 5.13115336056139
2392.1481099733933 548.0956637928041 5.136312033600509
2395.103478216572 549.0740726133059 5.141473992695157
2398.06179923774 550.0534645298543 5.146639385333974
2401.023080713981 551.0338401993313 5.1518082288320715
2403.98732461581 552.0152002788329 5.156980524335007
2406.954532914387 552.9975454256762 5.1621562729883435
2409.924707581531 553.980876297394 5.167335475937637
2412.89785058973 554.9651935517401 5.172518134328482
2415.873963912102 555.9504978466846 5.177704249306421
2418.8530495224354 556.9367898404149 5.182893822017026
2421.8351093951756 557.9240701913382 5.18808685360588
2424.820145505415 558.9123395580783 5.193283345218545
2427.8081598289023 559.9015985994791 5.1984832980005935
2430.799154342048 560.8918479746019 5.203686713097608
2433.793131021909 561.8830883427235 5.208893591655154
2436.7900918462055 562.8753203633438 5.214103934818819
2439.7900387933055 563.868544696174 5.219317743734176
2442.792973842231 564.8627620011509 5.224535019546795
2445.798898972676 565.8579729384243 5.22975576340228
2448.8078161649564 566.854178168363 5.23497997644618
2451.819727400082 567.8513783515565 5.240207659824108
2454.8346346596873 568.8495741488089 5.245438814681632
2457.85253992608 569.8487662211429 5.250673442164346
2460.873445182213 570.848955229803 5.255911543417832
2463.897352411699 571.8501418362481 5.261153119587683
2466.9242635988016 572.8523267021545 5.266398171819482
2469.954180728445 573.8555104894205 5.271646701258823
2472.9871057861997 574.8596938601589 5.276898709051295
2476.0230407583 575.8648774767041 5.282154196342493
2479.0619876316377 576.8710620016045 5.287413164278015
2482.1039483937448 577.8782480976284 5.292675614003448
2485.148925032826 578.8864364277649 5.297941546664403
2488.1969195377237 579.8956276552159 5.303210963406459
2491.2479338979533 580.9058224434068 5.3084838653752335
2494.3019701036696 581.9170214559764 5.313760253716315
2497.359030145693 582.9292253567845 5.319040129575311
2500.4191160154887 583.9424348099092 5.324323494097817
2503.482229705193 584.9566504796444 5.3296103484294495
2506.5483732075754 585.9718730305034 5.3349006937158
2509.6175485160816 586.9881031272203 5.340194531102486
2512.6897576248016 588.0053414347411 5.345491861735114
2515.7650025284784 589.0235886182364 5.350792686759286
2518.8432852225137 590.0428453430897 5.356097007320617
2521.9246077029684 591.0631122749064 5.36140482456472
2525.008971966549 592.0843900795087 5.366716139637203
2528.096380010625 593.1066794229348 5.372030953683682
2531.1868338332156 594.1299809714446 5.377349267849774
2534.2803354329994 595.1542953915149 5.382671083281092
2537.3768868093107 596.1796233498384 5.387996401123259
2540.4764899621273 597.2059655133293 5.393325222521884
2543.5791468920975 598.2333225491174 5.398657548622593
2546.6848596005166 599.2616951245506 5.403993380571007
2549.793630089341 600.2910839071977 5.409332719512754
2552.905460361168 601.3214895648423 5.414675566593444
2556.0203524192634 602.3529127654884 5.420021922958708
2559.1383082675475 603.3853541773569 5.425371789754176
2562.259329910589 604.4188144688857 5.43072516812547
2565.3834193536095 605.4532943087354 5.436082059218213
2568.510578602503 606.4887943657786 5.441442464178054
2571.6408096637974 607.525315309109 5.446806384150605
2574.7741145446853 608.56285780804 5.452173820281501
2577.9104952530142 609.6014225321014 5.457544773716377
2581.0499537972837 610.6410101510398 5.4629192456008635
2584.192492186658 611.6816213348226 5.468297237080606
2587.3381124309412 612.7232567536331 5.473678749301228
2590.4868165406074 613.7659170778729 5.479063783408382
2593.638606526769 614.8096029781643 5.484452340547688
2596.7934844012093 615.8543151253449 5.489844421864797
2599.9514521763617 616.9000541904721 5.495240028505354
2603.1125118653063 617.9468208448195 5.5006391616149894
2606.2766654817897 618.9946157598797 5.506041822339352
2609.443915040215 620.0434396073655 5.511448011824099
2612.6142625556204 621.0932930592039 5.516857731214853
2615.7877100437186 622.1441767875443 5.52227098165727
2618.96425952088 623.1960914647493 5.527687764297012
2622.143913004108 624.2490377634051 5.533108080279705
2625.3266725110866 625.303016356311 5.538531930751015
2628.512540060133 626.3580279164886 5.543959316856585
2631.7015176702403 627.4140731171738 5.54939023974208
2634.8936073610334 628.471152631824 5.554824700553136
2638.088811152814 629.5292671341118 5.560262700435423
2641.2871310665223 630.5884172979306 5.56570424053459
2644.488569123766 631.6486037973913 5.571149321996296
2647.6931273467985 632.7098273068194 5.576597945966194
2650.9008077585354 633.7720885007641 5.582050113589952
2654.1116123825345 634.8353880539884 5.587505826013219
2657.3255432430337 635.8997266414751 5.592965084381674
2660.5426023648974 636.9651049384262 5.598427889840964
2663.7627917736636 638.0315236202595 5.603894243536763
2666.986113495514 639.0989833626128 5.609364146614722
2670.212569557299 640.1674848413409 5.614837600220525
2673.442161986511 641.2370287325158 5.62031460549983
2676.674892811305 642.3076157124318 5.625795163598311
2679.9107640604802 643.3792464575963 5.631279275661625
2683.1497777635104 644.4519216447374 5.636766942835456
2686.3919359505057 645.5256419508017 5.642258166265472
2689.6372406522396 646.6004080529501 5.647752947097342
2692.8856939001394 647.6762206285675 5.65325128647674
2696.137297726288 648.753080355253 5.658753185549346
2699.392054163419 649.8309879108258 5.664258645460826
2702.6499652449393 650.9099439733217 5.669767667356885
2705.9110330048748 651.9899492209937 5.675280252383166
2709.175259477942 653.071004332316 5.680796401685366
2712.4426466994933 654.15310998598 5.686316116409166
2715.71319670554 655.2362668608919 5.691839397700239
2718.986911532759 656.3204756361812 5.697366246704288
2722.263793218461 657.4057369911908 5.702896664566971
2725.54384380063 658.4920516054852 5.708430652433991
2728.8270653178965 659.5794201588463 5.713968211451029
2732.1134598095473 660.667843331272 5.719509342763769
2735.403029315526 661.7573218029809 5.725054047517905
2738.6957758764274 662.8478562544087 5.730602326859121
2741.991701533508 663.9394473662077 5.736154181933111
2745.2908083286734 665.0320958192518 5.7417096138855666
2748.5930983044836 666.1258022946301 5.747268623862174
2751.8985735041624 667.2205674736501 5.752831213008638
2755.207235971576 668.3163920378395 5.758397382470647
2758.5190877512546 669.4132766689411 5.763967133393896
2761.8341308883787 670.511222048918 5.769540466924079
2765.15236742879 671.6102288599523 5.775117384206905
2768.47379941898 672.7102977844401 5.780697886388069
2771.7984289060905 673.8114295050023 5.786281974613263
2775.126257937933 674.9136247044685 5.791869650028199
2778.4572885629595 676.016884065896 5.797460913778577
2781.791522830281 677.1212082725548 5.803055767010091
2785.128962789667 678.2265980079336 5.808654210868451
2788.469610491544 679.3330539557413 5.814256246499373
2791.813467986984 680.440576799902 5.819861875048549
2795.1605373277202 681.54916722456 5.825471097661687
2798.5108205661495 682.658825914079 5.831083915484518
2801.8643197553 683.7695535530354 5.836700329662721
2805.221036948872 684.8813508262306 5.842320341342015
2808.5809742012307 685.9942184186793 5.8479439516681335
2811.9441335673732 687.1081570156156 5.853571161786768
2815.3105171029606 688.2231673024922 5.859201972843632
2818.6801268643208 689.339249964982 5.864836385984459
2822.052964908411 690.45640568897 5.8704744023549384
2825.4290332928795 691.5746351605663 5.87611602310082
2828.808334075988 692.6939390660933 5.8817612493677895
2832.1908693166847 693.8143180920962 5.887410082301581
2835.576641074564 694.9357729253351 5.893062523047924
2838.965651409866 696.0583042527894 5.898718572752519
2842.3579023834973 697.1819127616579 5.904378232561102
2845.753396057024 698.306599139354 5.9100415036194045
2849.1521344926405 699.4323640735131 5.915708387073126
2852.5541197532334 700.5592082519878 5.921378884068017
2855.9593539023062 701.6871323628463 5.927052995749779
2859.367839004058 702.8161370943782 5.932730723264169
2862.7795771233064 703.946223135089 5.938412067756897
2866.194570325541 705.077391173703 5.94409703037369
2869.612820676911 706.2096418991631 5.949785612260291
2873.034330244207 707.3429760006301 5.955477814562422
2876.459101094883 708.4773941674811 5.961173638425815
2879.8871352970573 709.6128970893171 5.966873084996224
2883.318434919475 710.7494854559499 5.972576155419354
2886.7530020315653 711.8871599574119 5.978282850840956
2890.1908387033977 713.0259212839577 5.983993172406766
2893.6319470056974 714.1657701260534 5.9897071212625175
2897.0763290098585 715.3067071743902 5.995424698553964
2900.523986787902 716.4487331198707 6.001145905426821
2903.974922412529 717.591848653619 6.006870743026844
2907.429137957094 718.7360544669802 6.012599212499784
2910.886635495587 719.8813512515096 6.018331314991361
2914.3474171026746 721.0277396989892 6.024067051647338
2917.811484853667 722.1752205014146 6.029806423613451
2921.278840824527 723.3237943509981 6.035549432035442
2924.7494870918918 724.4734619401778 6.04129607805908
2928.22342573302 725.6242239615974 6.047046362830082
2931.7006588258555 726.77608110813 6.052800287494212
2935.1811884489853 727.929034072862 6.058557853197222
2938.6650166816507 729.083083549099 6.06431906108486
2942.1521456037503 730.2382302303628 6.070083912302878
2945.642577295836 731.3944748103962 6.075852407997029
2949.1363138391134 732.5518179831575 6.0816245493130605
2952.633357315452 733.7102604428275 6.087400337396744
2956.1337098073595 734.8698028837975 6.093179773393816
2959.637373398017 736.0304460006843 6.098962858450042
2963.144350171253 737.1921904883194 6.104749593711187
2966.6546422115416 738.3550370417528 6.1105399803229945
2970.1682516040296 739.5189863562537 6.11633401943124
2973.685180434505 740.6840391273088 6.122131712181673
2977.20543078941 741.8501960506196 6.12793305972005
2980.7290047558668 743.0174578221138 6.133738063192162
2984.2559044216123 744.1858251379286 6.139546723743742
2987.7861318750697 745.3552986944248 6.14535904252057
2991.3196892053033 746.525879188177 6.151175020668405
2994.856578502036 747.6975673159849 6.156994659333015
2998.396801855644 748.8703637748589 6.162817959660168
3001.9403613571667 750.0442692620314 6.168644922795638
3005.487259098284 751.2192844749507 6.174475549885185
3009.037497171345 752.3954101112881 6.180309842074589
3012.591077669343 753.5726468689255 6.186147800509614
3016.148002685931 754.7509954459708 6.191989426336034
3019.708274315422 755.9304565407432 6.197834720699632
3023.2718946527675 757.1110308517855 6.203683684746161
3026.838865793599 758.2927190778547 6.209536319621421
3030.4091898341803 759.4755219179275 6.215392626471171
3033.9828688714424 760.6594400712004 6.2212526064411975
3037.5599050029687 761.8444742370845 6.227116260677277
3041.1403003269925 763.0306251152107 6.232983590325183
3044.724056942411 764.2178934054319 6.238854596530705
3048.311176948767 765.4062798078105 6.244729280439608
3051.9016624462665 766.5957850226339 6.250607643197688
3055.4955155357716 767.7864097504062 6.256489685950728
3059.092738318788 768.9781546918492 6.262375409844508
3062.6933328974874 770.1710205479033 6.268264816024816
3066.2973013746923 771.3650080197262 6.274157905637433
3069.9046458538746 772.5601178086933 6.2800546798281465
3073.515368439171 773.7563506164009 6.285955139742742
3077.1294712353756 774.9537071446591 6.29185928652702
3080.746956347918 776.1521880954988 6.297767121326752
3084.3678258829077 777.3517941711717 6.303678645287748
3087.9920819470926 778.5525260741398 6.3095938595557834
3091.6197266478825 779.754384507093 6.315512765276665
3095.250762093335 780.9573701729335 6.321435363596173
3098.885190392167 782.1614837747795 6.327361655660099
3102.523013653763 783.366726015973 6.33329164261426
3106.164233988137 784.5730976000718 6.33922532560443
3109.808853505977 785.7805992308502 6.345162705776412
3113.456874318623 786.989231612305 6.351103784276011
3117.1082985380654 788.1989954486451 6.357048562249022
3120.76312827695 789.4098914443009 6.362997040841238
3124.4213656485836 790.6219203039229 6.36894922119847
3128.083012766918 791.8350827323759 6.374905104466512
3131.7480717465683 793.0493794347444 6.380864691791165
3135.4165447028086 794.2648111163323 6.386827984318246
3139.0884337515527 795.4813784826587 6.39279498319355
3142.763741009381 796.6990822394674 6.398765689562881
3146.4424685935287 797.9179230927092 6.404740104572048
3150.1246186218777 799.1379017485634 6.410718229366854
3153.8101932129757 800.3590189134225 6.416700065093112
3157.499194486021 801.5812752938969 6.422685612896634
3161.191624560862 802.804671596819 6.428674873923223
3164.8874855580048 804.0292085292349 6.434667849318687
3168.586779598617 805.2548867984087 6.440664540228845
3172.2895088045166 806.4817071118304 6.446664947799515
3175.9956752981716 807.7096701771966 6.452669073176498
3179.7052812027077 808.9387767024317 6.458676917505608
3183.4183286419207 810.1690273956712 6.464688481932681
3187.1348197402285 811.4004229652741 6.4707037676035
3190.854756622736 812.6329641198141 6.476722775663906
3194.578141415194 813.8666515680864 6.482745507259719
3198.304976243993 815.1014860190986 6.488771963536743
3202.035263236203 816.3374681820831 6.494802145640811
3205.7690045195254 817.5745987664847 6.500836054717732
3209.506202222334 818.8128784819726 6.506873691913335
3213.2468584736503 820.0523080384284 6.512915058373443
3216.99097540315 821.2928881459533 6.5189601552438745
3220.7385551411735 822.5346195148701 6.525008983670467
3224.489599818691 823.7775028557137 6.531061544799022
3228.244111567355 825.0215388792433 6.537117839775378
3232.0020925194744 826.2667282964333 6.543177869745377
3235.763544807977 827.5130718184731 6.5492416358548144
3239.52847056649 828.7605701567774 6.555309139249547
3243.2968719292708 830.0092240229736 6.561380381075398
3247.06875103123 831.2590341289081 6.567455362478183
3250.8441100079503 832.5100011866492 6.573534084603758
3254.6229509956506 833.7621259084759 6.579616548597933
3258.4052761312187 835.0154090068916 6.5857027556065555
3262.1910875521885 836.2698511946186 6.591792706775455
3265.980387396751 837.52545318459 6.597886403250458
3269.7731778037596 838.7822156899665 6.603983846177415
3273.569460912709 840.04013942412 6.610085036702149
3277.369238863759 841.2992251006419 6.616189975970502
3281.1725137977287 842.5594734333451 6.62229866512832
3284.979287856078 843.8208851362562 6.628411105321439
3288.7895631809283 845.0834609236232 6.63452729769569
3292.603341915064 846.3472015099097 6.640647243396927
3296.4206262019075 847.6121076098 6.646770943570977
3300.2414181855515 848.878179938194 6.652898399363691
3304.065720010744 850.1454192102129 6.659029611920923
3307.893533822868 851.4138261411929 6.665164582388495
3311.724861767996 852.6834014466908 6.6713033119122835
3315.5597059928054 853.9541458424791 6.677445801638087
3319.3980686446876 855.2260600445501 6.683592052711796
3323.239951871642 856.4991447691151 6.68974206627924
3327.085357822348 857.7734007326006 6.6958958434862685
3330.9342886461386 859.0488286516542 6.702053385478743
3334.7867464929773 860.3254292431407 6.70821469340249
3338.642733513517 861.6032032241409 6.714379768403382
3342.50225185905 862.8821513119595 6.720548611627271
3346.365303681511 864.1622742241107 6.726721224219988
3350.23189113351 865.4435726783361 6.732897607327408
3354.1020163683056 866.7260473925877 6.739077762095377
3357.975681539806 868.00969908504 6.745261689669753
3361.8528888025794 869.294528474087 6.75144939119639
3365.733640311849 870.5805362783351 6.757640867821148
3369.6179382234914 871.8677232166139 6.763836120689886
3373.505784694046 873.1560900079699 6.770035150948471
3377.397181880678 874.445637371665 6.776237959742731
3381.2921319412544 875.7363660271855 6.782444548218568
3385.1906370342535 877.028276694229 6.78865491752181
3389.092699318835 878.3213700927141 6.794869068798333
3392.9983209548063 879.6156469427802 6.801087003194001
3396.9075041026285 880.9111079647809 6.807308721854677
3400.820250923412 882.2077538792886 6.813534225926215
3404.736563578945 883.5055854070959 6.819763516554507
3408.6564442316403 884.8046032692105 6.825996594885394
3412.5798950445815 886.1048081868627 6.832233462064751
3416.506918181509 887.406200881496 6.83847411923845
3420.4375158068106 888.7087820747756 6.844718567552354
3424.371690085542 890.0125524885841 6.850966808152344
3428.309443183392 891.3175128450196 6.857218842184271
3432.2507772667223 892.6236638664024 6.863474670794016
3436.1956945025468 893.9310062752693 6.869734295127452
3440.1441970585347 895.2395407943723 6.875997716330459
3444.0962871030033 896.5492681466881 6.882264935548902
3448.0519668049255 897.8601890554066 6.888535953928648
3452.0112383339388 899.1723042439339 6.894810772615584
3455.9741038603324 900.4856144359035 6.901089392755592
3459.9405655550436 901.800120355153 6.907371815494535
3463.910625589665 903.1158227257538 6.913658041978294
3467.884286136456 904.4327222719833 6.919948073352753
3471.86154936832 905.7508197183403 6.926241910763789
3475.842417458812 907.0701157895476 6.932539555357271
3479.826892582165 908.3906112105383 6.938841008279106
3483.814976913235 909.712306706468 6.945146270675155
3487.806672627553 911.0352030027104 6.951455343691301
3491.801981901302 912.3593008248529 6.95776822847344
3495.800906911315 913.6846008987072 6.964084926167438
3499.80344983509 915.0111039502997 6.970405437919201
3503.809612850765 916.338810705873 6.976729764874594
3507.8193981371483 917.6677218918962 6.98305790817952
3511.8328078736986 918.9978382350466 6.989389868979867
3515.849844240516 920.329160462225 6.995725648421509
3519.870509418374 921.6616893005523 7.002065247650344
3523.8948055886917 922.9954254773577 7.0084086678122555
3527.922734933552 924.3303697202015 7.0147559100531485
3531.9542996356786 925.6665227568543 7.0211069755189
3535.989501878458 927.0038853153043 7.027461865355408
3540.028343845937 928.3424581237639 7.033820580708568
3544.070827722812 929.6822419106572 7.040183122724276
3548.1169556944196 931.0232374046301 7.046549492548404
3552.1667299467913 932.3654453345473 7.052919691326885
3556.220152666559 933.7088664294878 7.059293720205574
3560.2772260410643 935.0535014187532 7.065671580330403
3564.3379522582622 936.3993510318586 7.072053272847247
3568.4023335067873 937.7464159985421 7.0784387989020185
3572.4703719759136 939.0946970487564 7.084828159640605
3576.5420698555845 940.4441949126752 7.091221356208914
3580.6174293363865 941.7949103206869 7.0976183897528475
3584.6964526095717 943.1468440034007 7.1040192614183075
3588.7791418670317 944.4999966916434 7.110423972351187
3592.8654993013292 945.8543691164602 7.1168325236974
3596.955527105675 947.2099620091137 7.123244916602851
3601.0492274739286 948.5667761010841 7.12966115221343
3605.146602600617 949.9248121240719 7.136081231675055
3609.2476546809153 951.2840708099934 7.142505156133628
3613.352385910657 952.6445528909859 7.148932926735066
3617.4607984863223 954.0062590994013 7.155364544625263
3621.572894605053 955.3691901678129 7.161800010950131
3625.688676464644 956.7333468290097 7.168239326855577
3629.8081462635546 958.0987298159991 7.174682493487525
3633.931306200876 959.465339862012 7.181129511991864
3638.058158476386 960.833177700489 7.187580383514531
3642.1887052904844 962.2022440650933 7.194035109201416
3646.322948844253 963.5725396897063 7.200493690198444
3650.46089133942 964.944065308427 7.206956127651537
3654.6025349783476 966.3168216555727 7.213422422706581
3658.747881964087 967.6908094656787 7.219892576509514
3662.896934500334 969.0660294734993 7.22636659020626
3667.0496947914125 970.442482414004 7.232844464942706
3671.206165042347 971.8201690223871 7.239326201864803
3675.366347458775 973.1990900340505 7.245811802118441
3679.5302442470165 974.579246184625 7.252301266849554
3683.697857614037 975.9606382099546 7.258794597204066
3687.869189767452 977.3432668461004 7.2652917943278865
3692.044242915538 978.7271328293431 7.27179285936694
3696.2230192672305 980.1122368961835 7.278297793467156
3700.4055210321103 981.4985797833356 7.284806597774448
3704.5917504204203 982.8861622277379 7.2913192734347465
3708.781709643049 984.2749849665421 7.29783582159397
3712.9754009115577 985.6650487371184 7.304356243398044
3717.1728264381495 987.0563542770602 7.310880539992912
3721.373988435674 988.4489023241711 7.317408712524472
3725.578889117654 989.8426936164806 7.323940762138662
3729.7875306982614 991.2377288922311 7.330476689981419
3733.9999153923204 992.6340088898851 7.337016497198666
3738.216045415315 994.031534348125 7.343560184936342
3742.435922983369 995.4303060058453 7.350107754340357
3746.659550313283 996.8303246021675 7.356659206556659
3750.886929622496 998.2315908764248 7.36321454273117
3755.1180631291077 999.6341055681687 7.369773764009822
3759.3529530518854 1001.0378694171737 7.376336871538567
3763.591601610225 1002.4428831634287 7.382903866463319
3767.8340110241925 1003.84914754714 7.389474749930014
3772.0801835145166 1005.256663308733 7.3960495230845975
3776.330121302564 1006.6654311888549 7.402628187072997
3780.583826610369 1008.075451928363 7.409210743041155
3784.841301660618 1009.4867262683427 7.4157971921350105
3789.102548676644 1010.8992549500882 7.42238753550049
3793.3675698824477 1012.313038715121 7.428981774283547
3797.636367502683 1013.7280783051717 7.43557990963012
3801.908943762645 1015.1443744621948 7.442181942686138
3806.1853008882977 1016.561927928365 7.448787874597553
3810.4654411062575 1017.9807394460656 7.455397706510306
3814.749366643794 1019.4008097579078 7.462011439570336
3819.037079728824 1020.8221396067164 7.468629074923578
3823.328582589936 1022.2447297355355 7.475250613715996
3827.623877456363 1023.6685808876294 7.481876057093516
3831.9229665579996 1025.0936938064744 7.4885054062021075
3836.2258521253766 1026.52006923577 7.49513866218769
3840.5325363897114 1027.9477079194353 7.5017758261962335
3844.84302158284 1029.3766106016024 7.508416899373661
3849.157309937284 1030.8067780266254 7.51506188286594
3853.4754036862046 1032.2382109390749 7.521710777819014
3857.7973050634214 1033.6709100837406 7.528363585378835
3862.1230163034106 1035.1048762056314 7.535020306691349
3866.452539641294 1036.5401100499676 7.541680942902503
3870.7858773128664 1037.9766123622005 7.548345495158268
3875.1230315545627 1039.414383887986 7.555013964604578
3879.4640046034774 1040.8534253732075 7.561686352387398
3883.808798697359 1042.2937375639633 7.568362659652674
3888.157416074609 1043.7353212065661 7.575042887546358
3892.5098589742934 1045.1781770475545 7.581727037214417
3896.8661296361256 1046.622305833682 7.588415109802809
3901.2262303004686 1048.0677083119149 7.5951071064574736
3905.5901632083487 1049.514385229448 7.60180302832438
3909.95793060145 1050.9623373336838 7.608502876549488
3914.3295347221024 1052.4115653722508 7.6152066522787525
3918.704977813293 1053.862070092992 7.621914356658132
3923.084262118674 1055.3138522439679 7.628625990833593
3927.467389882534 1056.766912573459 7.635341555951086
3931.8543633498343 1058.2212518299684 7.642061053156589
3936.2451847661773 1059.6768707622027 7.648784483596044
3940.6398563778416 1061.1337701191048 7.655511848415441
3945.0383804317303 1062.5919506498249 7.662243148760721
3949.4407591754148 1064.051413103733 7.668978385777844
3953.8469948571433 1065.5121582304175 7.675717560612804
3958.257089725784 1066.9741867796884 7.682460674411544
3962.6710460308773 1068.4374995015683 7.68920772832003
3967.088866022624 1069.9020971463049 7.695958723484244
3971.5105519518665 1071.3679804643546 7.702713661050145
3975.9361060701012 1072.8351502064006 7.70947254216369
3980.3655306295095 1074.3036071233403 7.716235367970876
3984.7988278828866 1075.7733519662897 7.7230021396176545
3989.236000083701 1077.244385486584 7.729772858249993
3993.6770494860893 1078.716708435776 7.7365475250138775
3998.1219783448187 1080.1903215656343 7.743326141055269
4002.570788915326 1081.6652256281516 7.750108707520146
4007.023483453699 1083.1414213755306 7.756895225554475
4011.480064216689 1084.6189095602 7.763685696304244
4015.940533461675 1086.0976909348046 7.770480120915405
4020.4048934467246 1087.577766252201 7.777278500533947
4024.8731464305542 1089.0591362654745 7.78408083630586
4029.3452946725106 1090.5418017279173 7.790887129377098
4033.821340432618 1092.0257633930505 7.797697380893642
4038.301285971551 1093.511022014607 7.804511592001481
4042.785133550641 1094.9975783465384 7.811329763846594
4047.272885431856 1096.4854331430158 7.818151897574934
4051.7645438778604 1097.97458715843 7.824977994332525
4056.2601111519202 1099.4650411473863 7.8318080552653075
4060.7595895180025 1100.9567958647126 7.83864208151929
4065.262981240703 1102.4498520654465 7.845480074240442
4069.7702885852777 1103.9442105048545 7.852322034574747
4074.2815138176506 1105.4398719384144 7.859167963668196
4078.796659204373 1106.936837121824 7.866017862666761
4083.3157270126776 1108.4351068110034 7.872871732716435
4087.8387195104424 1109.9346817620835 7.879729574963204
4092.3656389661933 1111.4355627314171 7.886591390553043
4096.896487649134 1112.9377504755737 7.893457180631962
4101.431267829089 1114.4412457513426 7.900326946345921
4105.969981776568 1115.9460493157342 7.907200688840928
4110.512631762719 1117.4521619259706 7.914078409262967
4115.059220059352 1118.9595843394952 7.920960108758023
4119.609748938922 1120.4683173139726 7.9278457884720845
4124.164220674563 1121.9783616072773 7.9347354495511535
4128.722637540031 1123.4897179775114 7.941629093141212
4133.285001809768 1125.0023871829908 7.9485267203882595
4137.85131575884 1126.5163699822476 7.955428332438271
4142.421581662993 1128.0316671340372 7.962333930437256
4146.995801798624 1129.5482793973274 7.969243515531205
4151.573978442775 1131.066207531307 7.976157088866115
4156.1561138731495 1132.5854522953846 7.983074651587974
4160.7422103681065 1134.1060144491871 7.989996204842787
4165.332270206656 1135.6278947525539 7.996921749776543
4169.92629566847 1137.1510939655502 8.00385128753525
4174.5242890338595 1138.6756128484524 8.010784819264886
4179.126252583812 1140.2014521617593 8.017722346111462
4183.732188599958 1141.7286126661904 8.024663869220984
4188.342099364587 1143.2570951226744 8.031609389739442
4192.955987160632 1144.7869002923696 8.038558908812837
4197.5738542716945 1146.318028936642 8.045512427587168
4202.19570298203 1147.8504818170813 8.052469947208438
4206.821535576549 1149.3842596954973 8.059431468822664
4211.451354340802 1150.919363333912 8.066396993575829
4216.085161561017 1152.4557934945706 8.07336652261395
4220.722959524057 1153.9935509399347 8.080340057083019
4225.364750517453 1155.532636432681 8.087317598129045
4230.010536829392 1157.0730507357111 8.094299146898043
4234.660320748698 1158.6147946121398 8.101284704536008
4239.314104564877 1160.1578688253012 8.108274272188954
4243.971890568067 1161.7022741387482 8.115267851002885
4248.633681049067 1163.2480113162512 8.122265442123805
4253.299478299342 1164.7950811217975 8.129267046697725
4257.969284611001 1166.3434843195973 8.136272665870662
4262.643102276809 1167.8932216740736 8.143282300788616
4267.320933590195 1169.4442939498692 8.150295952597611
4272.002780845223 1170.9967019118467 8.157313622443642
4276.688646336628 1172.5504463250863 8.16433531147272
4281.378532359804 1174.1055279548864 8.171361020830878
4286.0724412107775 1175.6619475667605 8.178390751664097
4290.770375186269 1177.2197059264433 8.185424505118428
4295.472336583607 1178.7788037998891 8.192462282339855
4300.178327700807 1180.3392419532684 8.199504084474409
4304.888350836534 1181.9010211529703 8.206549912668104
4309.60240829009 1183.4641421655997 8.213599768066938
4314.320502361468 1185.0286057579835 8.220653651816965
4319.042635351277 1186.5944126971642 8.227711565064165
4323.768809560805 1188.1615637504042 8.23477350895458
4328.499027291982 1189.730059685182 8.241839484634207
4333.233290847409 1191.2999012691969 8.248909493249093
4337.971602530326 1192.871089270364 8.255983535945237
4342.71396464464 1194.4436244568185 8.26306161386867
4347.460379494892 1196.017507596913 8.270143728165397
4352.210849386308 1197.5927394592156 8.277229879981459
4356.965376624744 1199.169320812519 8.284320070462865
4361.723963516723 1200.7472524258271 8.291414300755637
4366.486612369437 1202.3265350683664 8.298512572005825
4371.2533254906975 1203.9071695095809 8.305614885359423
4376.024105188984 1205.489156519132 8.312721241962453
4380.7989537734675 1207.0724968668994 8.31983164296098
4385.577873553909 1208.657191322978 8.326946089500971
4390.360866840782 1210.2432406576895 8.334064582728503
4395.147935945182 1211.8306456415655 8.341187123789577
4399.939083178876 1213.4194070453545 8.34831371383023
4404.734310854274 1215.009525640034 8.355444353996484
4409.533621284455 1216.6010021967886 8.362579045434382
4414.337016783132 1218.1938374870267 8.369717789289933
4419.14449966469 1219.788032282377 8.376860586709181
4423.956072244173 1221.383587354676 8.384007438838161
4428.771736837261 1222.9805034759909 8.391158346822893
4433.591495760302 1224.5787814185978 8.398313311809408
4438.415351330292 1226.178421954996 8.40547233494374
4443.2433058648985 1227.779425857905 8.412635417371938
4448.075361682414 1229.3817939002536 8.419802560240003
4452.911521101822 1230.9855268551967 8.426973764694004
4457.7517864427355 1232.590625496107 8.434149031879965
4462.596160025419 1234.19709059657 8.441328362943901
4467.444644170817 1235.804922930397 8.448511759031875
4472.297241200515 1237.4141232716092 8.455699221289917
4477.153953436734 1239.0246923944505 8.462890750864048
4482.014783202395 1240.6366310733877 8.470086348900331
4486.879732821028 1242.2499400830957 8.477286016544785
4491.748804616847 1243.8646201984723 8.484489754943462
4496.622000914705 1245.4806721946359 8.491697565242387
4501.499324040125 1247.0980968469196 8.498909448587614
4506.380776319273 1248.7168949308766 8.506125406125179
4511.266360078969 1250.337067222279 8.513345439001117
4516.156077646695 1251.9586144971142 8.520569548361472
4521.049931350598 1253.5815375315904 8.527797735352305
4525.947923519447 1255.2058371021315 8.535030001119631
4530.850056482701 1256.83151398538 8.542266346809509
4535.75633257045 1258.458568958203 8.549506773567982
4540.666754113455 1260.0870027976744 8.556751282541091
4545.581323443124 1261.7168162810963 8.563999874874888
4550.500042891522 1263.3480101859836 8.571252551715414
4555.422914791365 1264.9805852900702 8.578509314208718
4560.349941476032 1266.614542371312 8.58577016350085
4565.281125279547 1268.2498822078744 8.593035100737847
4570.216468536599 1269.886605578152 8.600304127065774
4575.155973582521 1271.5247132607474 8.607577243630656
4580.099642753315 1273.1642060344873 8.614854451578562
4585.047478385622 1274.8050846784186 8.622135752055542
4589.999482816752 1276.447349971801 8.629421146207637
4594.955658384656 1278.0910026941121 8.636710635180894
4599.916007427961 1279.7360436250553 8.644004220121387
4604.880532285922 1281.3824735445417 8.65130190217514
4609.849235298476 1283.0302932327083 8.658603682488232
4614.8221188061925 1284.6795034699085 8.665909562206703
4619.799185150299 1286.3301050367115 8.673219542476597
4624.780436672703 1287.9820987139087 8.68053362444399
4629.7658757159315 1289.6354852825068 8.687851809254925
4634.7555046231955 1291.29026552373 8.695174098055462
4639.749325738339 1292.9464402190256 8.702500491991659
4644.74734140587 1294.6040101500491 8.709830992209556
4649.749553970964 1296.2629760986874 8.717165599855235
4654.755965779425 1297.9233388470345 8.724504316074736
4659.766579177734 1299.5850991774068 8.731847142014125
4664.781396513018 1301.2482578723423 8.739194078819459
4669.800420133065 1302.9128157145926 8.746545127636809
4674.823652386302 1304.578773487126 8.75390028961221
4679.851095621834 1306.2461319731365 8.761259565891748
4684.882752189397 1307.9148919560275 8.768622957621464
4689.9186244394 1309.5850542194257 8.775990465947428
4694.958714722911 1311.2566195471782 8.783362092015718
4700.003025391629 1312.9295887233418 8.790737836972376
4705.051558797933 1314.6039625322005 8.798117701963477
4710.104317294826 1316.279741758251 8.805501688135069
4715.161303236013 1317.956927186211 8.81288979663324
4720.222518975807 1319.6355196010143 8.820282028604035
4725.2879668692 1321.3155197878145 8.827678385193527
4730.357649271848 1322.9969285319826 8.835078867547796
4735.431568540031 1324.6797466191085 8.842483476812893
4740.509727030701 1326.3639748349974 8.849892214134872
4745.59212710149 1328.049613965681 8.857305080659847
4750.678771110627 1329.736664797397 8.864722077533832
4755.769661417052 1331.4251281166098 8.872143205902924
4760.864800380339 1333.1150047099995 8.879568466913206
4765.964190360698 1334.8062953644644 8.886997861710716
4771.067833719021 1336.4990008671234 8.894431391441541
4776.175732816863 1338.1931220053095 8.901869057251774
4781.287890016374 1339.8886595665767 8.90931086028743
4786.404307680445 1341.5856143386964 8.916756801694639
4791.5249881725595 1343.2839871096544 8.924206882619453
4796.649933856864 1344.983778667666 8.93166110420793
4801.779147098189 1346.6849898011492 8.939119467606163
4806.912630261993 1348.387621298753 8.946581973960221
4812.050385714395 1350.091673949339 8.954048624416174
4817.1924158221755 1351.797148541987 8.961519420120101
4822.338722952777 1353.5040458659937 8.968994362218094
4827.489309474264 1355.2123667108813 8.976473451856194
4832.644177755401 1356.9221118663775 8.983956690180515
4837.803330165563 1358.6332821224414 8.991444078337103
4842.966769074821 1360.3458782692458 8.998935617472062
4848.134496853878 1362.0599010971728 9.006431308731466
4853.3065158740865 1363.7753513968387 9.013931153261387
4858.482828507467 1365.4922299590628 9.021435152207898
4863.663437126691 1367.2105375748922 9.02894330671709
4868.848344105093 1368.9302750355914 9.036455617935047
4874.037551816646 1370.6514431326382 9.043972087007848
4879.231062635982 1372.3740426577317 9.051492715081563
4884.428878938406 1374.0980744027906 9.059017503302293
4889.631003099856 1375.8235391599478 9.066546452816107
4894.837437496925 1377.5504377215584 9.074079564769086
4900.0481845068925 1379.2787708801936 9.081616840307339
4905.263246507644 1381.0085394286434 9.089158280576914
4910.482625877771 1382.739744159917 9.096703886723937
4915.706324996466 1384.4723858672355 9.104253659894448
4920.9343462436245 1386.2064653440507 9.111807601234567
4926.166691999783 1387.9419833840193 9.119365711890381
4931.403364646105 1389.6789407810245 9.126927993007953
4936.644366564457 1391.4173383291677 9.1344944457334
4941.88970013731 1393.1571768227598 9.14206507121278
4947.139367747829 1394.8984570563432 9.149639870592198
4952.393371779816 1396.6411798246663 9.157218845017745
4957.65171461774 1398.3853459227032 9.164801995635516
4962.914398646702 1400.1309561456444 9.17238932359158
4968.181426252479 1401.8780112888978 9.179980830032036
4973.4527998215035 1403.6265121480876 9.187576516102997
4978.728521740852 1405.3764595190614 9.195176382950532
4984.008594398252 1407.1278541978807 9.202780431720736
4989.293020182107 1408.880696980825 9.21038866355971
4994.581801481446 1410.634988664396 9.218001079613535
4999.874940685988 1412.3907300453086 9.225617681028321
5005.172440186075 1414.1479219205007 9.23323846895015
5010.474302372723 1415.9065650871246 9.240863444525125
5015.780529637596 1417.6666603425538 9.248492608899335
5021.091124373021 1419.4282084843776 9.256125963218892
5026.406088971956 1421.1912103104016 9.26376350862986
5031.725425828049 1422.9556666186588 9.271405246278375
5037.049137335572 1424.721578207387 9.279051177310501
5042.377225889467 1426.488945875051 9.286701302872348
5047.709693885337 1428.2577704203386 9.294355624110025
5053.046543719425 1430.0280526421404 9.302014142169616
5058.387777788633 1431.7997933395773 9.309676858197225
5063.7333984905345 1433.5729933119862 9.317343773338964
5069.083408223335 1435.3476533589185 9.325014888740924
5074.437809385896 1437.12377428015 9.3326902055492
5079.79660437776 1438.9013568756673 9.340369724909907
5085.159795599081 1440.6804019456818 9.348053447969122
5090.527385450713 1442.460910290619 9.35574137587297
5095.89937633416 1444.2428827111244 9.363433509767571
5101.27577065153 1446.026320008057 9.371129850798981
5106.65657080565 1447.8112229825063 9.378830400113348
5112.041779199958 1449.5975924357651 9.386535158856747
5117.431398238574 1451.3854291693544 9.394244128175298
5122.825430326255 1453.174733985009 9.401957309215106
5128.223877868424 1454.9655076846832 9.409674703122269
5133.626743271158 1456.7577510705494 9.417396311042904
5139.034028941179 1458.551464944998 9.42512213412311
