M[M_sun], R[km], Lambda[1], P_c[MeV/fm^3], rho_c[fm^-3]
0.24162668629717493 15.618656898711224 2160425.4255784233 3.5677272577965504 0.1711233750220791
0.253645032825809 15.277240192148714 1723108.3760895235 3.7848403179699486 0.17388843121780118
0.2660418777095396 14.981245170472796 1383074.5946635033 4.011445027191436 0.17666718731006115
0.2788180895867251 14.723471652961184 1116402.7011855016 4.247796833997696 0.17945831010006538
0.29197402247356147 14.498348353729861 905827.2079624962 4.494521195727924 0.1822683707929276
0.3055110449904165 14.301159874792214 738566.4435858845 4.751774592956809 0.18509309279056932
0.31942887312087304 14.12806312787953 605027.4465724727 5.02023792902052 0.18793906445377404
0.3337279693563023 13.975868934888776 497634.4527635792 5.300137119582761 0.19080294511560753
0.3484110457879354 13.841945524856344 410950.57522036944 5.592198708632022 0.19369098931728668
0.36347455053548916 13.723924786600758 340618.14443891 5.896592615272243 0.19659830868622502
0.3789291922924476 13.61995620129481 283258.30190434755 6.2141818803649915 0.19953256190080518
0.394764570635441 13.528370449189323 236369.60668710928 6.545221436647064 0.20248988293189327
0.4109910994485496 13.447787771110555 197834.07744967978 6.890418716546948 0.20547406775997598
0.42760007260733607 13.37699745035586 166043.12785882008 7.25047672178991 0.20848815049771469
0.44459799186719423 13.314875094771406 139775.3942542407 7.62565098264372 0.21152762232658004
0.4619796333683973 13.260499870206228 117947.79152710673 8.016897450846932 0.2145987519421366
0.4797482435159267 13.21310173873206 99786.24025056111 8.424918155232273 0.21770313614664313
0.4979067801711472 13.171934099823659 84622.30334167488 8.850149431133469 0.22083817662106398
0.5164472768221049 13.136351136917943 71923.02759973217 9.293473723524569 0.22400740950622514
0.5353691257700054 13.10579612064376 61262.74883940186 9.755771877992926 0.22721369312027404
0.5546769268964437 13.079779669320422 52290.935785069974 10.237852250420678 0.23045835935800899
0.5743620696068155 13.057817576487768 44717.49755028029 10.740183836638293 0.23373807659728707
0.5944205179405646 13.039497897336656 38318.26889012289 11.264020382241803 0.23705914396386016
0.6148608744047771 13.024474407312345 32892.26194751352 11.810294985186786 0.240423114915846
0.635667582086884 13.012430615560168 28283.875213456664 12.379987022573541 0.24383162307102527
0.6568400874920466 13.002996723556805 24362.772137056858 12.973776500728015 0.24728251597180537
0.6783740037246366 12.995979267082737 21020.967481265023 13.593008446799212 0.25078078144510557
0.7002654946830175 12.991043056894124 18165.671070095927 14.23887240467745 0.25432895919204324
0.7225021749878732 12.987989220745655 15723.5749044503 14.91255854753515 0.25792903476088463
0.7450929396528763 12.986646258208706 13629.365698723683 15.615083595291296 0.26158077275075253
0.768015671362696 12.986763135874934 11832.384050835955 16.347740039236268 0.2652863288331144
0.7912640265589782 12.988138910001195 10217.75142738363 17.11213205688495 0.2690502680353012
0.81484042027722 12.99067696448186 8952.971752787611 17.90971533306196 0.2728750241946828
0.8387257120099375 12.994148607887668 7804.940554721937 18.741835568319893 0.2767615000862874
0.8629090128797765 12.99842005708789 6811.526512586078 19.609877081231907 0.2807105301531887
0.8873928863035575 13.003365607272222 5953.156974574393 20.515907527409265 0.28472830384026454
0.9121517824779685 13.008864000706051 5178.468363828795 21.46172187728027 0.28881783616929424
0.9371739631987159 13.014766662700673 4563.356854256479 22.44877916493782 0.292978844021208
0.9624617589374493 13.020965668528829 4002.961417664487 23.479155965763184 0.2972155340296187
0.9879830383315034 13.027361566432448 3515.089297783185 24.555251312509096 0.30153380971927934
1.0137280819912275 13.033809651674684 3090.5135807736356 25.678977586279036 0.30593507696026445
1.0396950649000627 13.040264572577588 2720.288979666212 26.85235724845095 0.3104210452522615
1.0658494335535527 13.046597981199863 2397.199777883517 28.07845925102467 0.3150002326945506
1.0921833129276226 13.05272994624658 2114.634947570768 29.35930239704348 0.31967283198935914
1.1186846845639349 13.05855360097631 1867.5470869422038 30.697716658641543 0.3244440326536998
1.145318108579884 13.064018540046472 1651.3208447236652 32.09702704866732 0.3293213832236178
1.172084541420282 13.069023439535146 1461.3709028966773 33.55925500503197 0.33430309985969126
1.198941945412025 13.073477577794185 1294.8465761612083 35.08890659059419 0.339402499945226
1.225890207784856 13.07734645073341 1148.4644077885673 36.68795917816894 0.34461606086103147
1.2528882056340702 13.080503564164234 1015.2283945604183 38.361510993467896 0.34995850111444887
1.279933422606814 13.082946682586941 906.2553429380397 40.111853955909794 0.35542669202406313
1.3069865196761243 13.08455028013862 806.3783426326156 41.94436375986787 0.3610346306936782
1.3340183122926725 13.085236667185168 715.3704644588553 43.86262604652967 0.36678481437336635
1.3610274281412034 13.08503294748152 640.2954837992124 45.87123055911984 0.37268444169334125
1.3879603330451482 13.083771104979549 571.5051794468994 47.97556276471112 0.3787437524383699
1.4148126536893446 13.08145849471628 510.59485062207096 50.18044033147956 0.38496870030271435
1.4415438238014906 13.078014205335739 456.64203405681246 52.49097202468188 0.3913656721355876
1.468138304057154 13.073414499962894 408.7874152515942 54.913633174820184 0.397946656821832
1.4945510020402406 13.067537363773502 366.3405201010503 57.454617019117336 0.40472072103541845
1.5207632236594988 13.060388234755392 328.6719467988699 60.120555205595295 0.4116976420018096
1.5467474800723442 13.051893187226007 295.1450135878399 62.918557262409834 0.4188879660107143
1.5724646830808109 13.042005319877905 265.3260018537766 65.85625384659939 0.4263030717072072
1.5978784471692118 13.030665663842733 238.78009970578708 68.94184415599243 0.4339552387205126
1.6229764284007047 13.01784075692491 215.12011435235343 72.18414793572809 0.4418577222582611
1.6477293847089227 13.003492125073462 193.9826596427878 75.592662564942 0.4500248343699205
1.6720771601570805 12.987551158615128 175.14231712807455 79.17723222211113 0.4584703893183103
1.696014414237806 12.969987987936934 158.27554220203533 82.94825137865107 0.46720849428153305
1.7194930881926473 12.950769873761228 143.19781107845296 86.91836954462877 0.4762603046411948
1.742475450294361 12.929817615439022 129.71248610268356 91.09906803752274 0.4856397595579546
1.7649575476532766 12.90715915984484 117.6081794059735 95.50465102617794 0.49536961433325094
1.786883242497134 12.882718040406303 106.76489890488806 100.1485848238095 0.5054665738556336
1.808219344448449 12.856446213145478 97.03093648140154 105.04751022672453 0.5159567690327121
1.828932916806874 12.828309731267469 88.28286839505228 110.21798012598492 0.5268627542840201
1.849006533353257 12.79831825735889 80.4178718736464 115.67776845792622 0.5382083986017777
1.8683793492928993 12.76636954729603 73.34637610565004 121.44684494529953 0.5500221181392158
1.8870541408235526 12.732540176433012 66.96936356667031 127.54665102641097 0.5623337625444721
1.9049757912739214 12.696708954318382 61.22189386400787 133.9998653454102 0.5751734482524863
1.9221153913198137 12.65887786853321 56.043764855637384 140.8321018736261 0.5885771771940428
1.9384253362348387 12.618974847183983 51.36351533905315 148.0710514124374 0.602583216145083
1.953917899666633 12.577116487472852 47.13820375117039 155.7450931758808 0.6172268733810359
1.9685308693746735 12.53317521105196 43.31765291711293 163.88803288092294 0.6325562475989863
1.9822405260148734 12.487159746632576 39.857581242349305 172.53383193502728 0.6486134741067434
1.9950250787871258 12.439065142077643 36.72647321787585 181.721499271918 0.6654507096017828
2.0068578685371543 12.388890752790742 33.88446927969054 191.4932277160466 0.6831229420926145
2.0176995553248642 12.336601134936757 31.31075847163808 201.89509037047532 0.7016894559770116
2.0275312003249253 12.282206174648628 28.97599501554913 212.97689712315534 0.7212123840341962
2.0363353158538735 12.225717403741701 26.855280401270445 224.7945411816481 0.7417632944558177
2.0440741203888377 12.167108458537562 24.929075721048502 237.40887106094954 0.7634181803633648
2.050726714406316 12.106383229806582 23.17525114875786 250.8869950683012 0.7862603073177106
2.0562948530337097 12.043618746951296 21.58307422633893 265.3022476065676 0.8103784611219035
2.0607345771024685 11.9787523007242 20.13135941367636 280.73596302535606 0.8358708544498983
2.0640321704498272 11.91184002949424 18.81186286565197 297.2784314513191 0.862846104591567
2.066186241999072 11.842922291283408 17.609974048001835 315.0299863778146 0.8914243533385061
2.067172160068989 11.772014484304508 16.51542204468958 334.09990194196166 0.9217307905436984
