M[M_sun], R[km], Lambda[1], P_c[MeV/fm^3], rho_c[fm^-3]
0.24162668629717493 15.618656898711224 2160425.4255784233 3.5677272577965504 0.1711233750220791
0.2536374618066328 15.277439358110273 1723376.7800284505 3.7846906364145236 0.17388656550942155
0.2660241478111915 14.981636492772127 1383366.7439941145 4.011130372724904 0.17666338489652947
0.2787912208729276 14.723995358430592 1116816.5098640984 4.2473065675829895 0.1794526237484705
0.2919387335391499 14.49891016102678 906366.0254924591 4.493842458828877 0.18226081290003007
0.3054651358475178 14.301749877091757 739070.9749958281 4.750884346773924 0.1850834764327338
0.3193720030936666 14.128696412365937 605451.0642642934 5.019129622557443 0.18792756534645264
0.33365932358418304 13.976539220303897 498110.16053999524 5.298781583010296 0.19078929711156473
0.3483307571591878 13.842615450059666 411364.4699770893 5.590592564486149 0.19367544943084034
0.36338256942202857 13.724573822156067 340981.055150268 5.894699789863216 0.1965805308694189
0.37882492252727573 13.620573263651305 283607.31056341436 6.211979478074599 0.19951247864378177
0.39464458267057234 13.52904523200621 236691.83364654437 6.542711751072183 0.2024678763798207
0.41085825618413335 13.448394209289095 195613.8618641805 6.887553312411265 0.20544966477593632
0.4274528890544471 13.37757061156524 166310.05986997968 7.24722872293033 0.20846128063554017
0.44443456258999253 13.315435869530189 140005.95176248986 7.622029372578394 0.21149879198177243
0.46180223110000973 13.261021741034352 118155.84952963403 8.012839078721477 0.21456735715269326
0.4795535374896418 13.21361355781673 99964.36300330772 8.420391389481892 0.21766910119650273
0.497695926289043 13.17237727126191 84782.04098924663 8.845170967882863 0.2208021304199959
0.516219528215147 13.136749405299273 72066.68397047247 9.287963020411947 0.22396861381276
0.5351214444898224 13.10616341980291 61384.95782612242 9.749691589094919 0.22717206424399383
0.5544139800510074 13.08009471211757 52401.70301000445 10.231164277664043 0.23041382946742403
0.5740768590578523 13.058091806170863 44815.5615761017 10.732914215762422 0.23369140337941727
0.5941227636163529 13.039750771348265 38405.01735649691 11.256061340656375 0.2370094157280052
0.6145397123617113 13.024684083027148 32967.53561156194 11.80159952798788 0.24037023202802668
0.6353235574508221 13.012588583530286 28121.034779570367 12.370505223956835 0.24377548063783813
0.6564739786252756 13.003127726831751 24427.001650245966 12.963551901070824 0.2472240763529593
0.6779927499319186 12.996068262267409 21076.503603507368 13.581895905320662 0.250718909791381
0.6998614011065889 12.991138612499247 18214.09925385733 14.226812367950737 0.25426353290421055
0.722077399168714 12.988027561316752 15766.417417352352 14.89948763697281 0.25785992392962453
0.7446457588130115 12.986655179080703 13667.139936558862 15.601061851577281 0.26150910289787666
0.7675468909453899 12.9867471794365 11865.420140854714 16.332577650353137 0.2652107481273904
0.7907723319031285 12.988101237189 10315.419078089899 17.095752965434478 0.2689706220600033
0.8143274527184917 12.990599851564355 8980.443972267361 17.892038440777004 0.272791148604749
0.8381877482412597 12.994058412457829 7827.804521333711 18.722939263663573 0.27667468134360224
0.8623501451091776 12.998310495485494 6833.125006844855 19.58951576655902 0.28061918177546064
0.8868046697963781 13.003245917995047 5972.175974015154 20.49398325651099 0.28463222828577633
0.9115449895700637 13.008724832522349 5226.025001375768 21.438129999026145 0.28871682257851106
0.9365446285502091 13.014610044994363 4578.845422384181 22.423617928721068 0.2928743385705991
0.9618026924870791 13.020797196918208 4016.1559563419933 23.452109755125722 0.29710569133200776
0.9873070261646727 13.027181739192512 3527.0564858272537 24.526192893746952 0.30141837441621644
1.0130309771824106 13.03364544841234 3101.2832370130227 25.648019406212114 0.3058156033811773
1.0389728627853692 13.040090708146252 2729.9064252322214 26.819121013804992 0.3102954847426027
1.0651068176730751 13.04642427245067 2405.708481161442 28.042789472516475 0.3148682746734403
1.0914161953286559 13.052551738431207 2122.5237893698127 29.32132545075335 0.31953613830067856
1.1178931252774456 13.058392437348601 1874.6151230291496 30.656979362633447 0.3243003292023203
1.144509640813928 13.063862861607346 1657.3954297520158 32.05348540751759 0.3291712417304805
1.1712491654502364 13.068877842525884 1466.9859564467424 33.5127544243819 0.33414638810849
1.1980911789017334 13.073360913536822 1299.854456556647 35.03905082602083 0.3392376404477102
1.2250153798312617 13.077234276470145 1152.9520858833632 36.634892847311384 0.34444487709217647
1.251993094068387 13.080411955420674 1023.6919864719212 38.304682174372104 0.3497786371797589
1.2790180200531656 13.082878376225523 909.87730015793 40.05129427231116 0.3552393405946921
1.3060450635438436 13.084482911059686 809.5933667844974 41.879881322195736 0.36083969051554887
1.333066853124177 13.085225918421285 721.1353573987125 43.79349831536466 0.366579331006114
1.3600608116216693 13.085056284006965 642.979456559398 45.7976023102917 0.3724703407473906
1.3869786661029175 13.083840987579558 573.8438239293497 47.897119690442246 0.37852047812702533
1.41381301092767 13.081557569085058 512.7334231051962 50.09632280023521 0.3847329937102241
1.4405406162227132 13.078187327101963 458.53861533156766 52.40131350101644 0.39111950342174817
1.4671133485419197 13.0736020043632 410.5542249733138 54.818036898617585 0.39768932883890995
1.493518625857147 13.067790098315273 367.9136302526784 57.352654103865824 0.4044514827625277
1.5197207739661267 13.060705054244268 330.06587797636917 60.011761763189654 0.41141568412285834
1.5456972121394166 13.052263826563285 296.41617339961607 62.80243124117915 0.4185924160542541
1.5714084208449037 13.042444285682297 266.51067681430607 65.73225155063793 0.4259929887012006
1.5968225588289118 13.031162947129573 239.83605744056644 68.80937640998661 0.43362960730950967
1.6219158936475886 13.018411310173349 216.07526880312273 72.04257585507591 0.4415154462242256
1.6466547839666226 13.004141873789308 194.84991233581314 75.44129288597453 0.4496647294908633
1.6710199942222075 12.988286542538491 175.9234993800068 79.01570568993215 0.4580928188400628
1.694951467339177 12.970812894770976 159.0030532596674 82.77578951598288 0.466812177423412
1.7184401675860215 12.951680853746604 143.84935829796734 86.73368894250632 0.47584209394197247
1.7414404244441803 12.930843182795261 130.2992688741347 90.90209180025342 0.48520155993437697
1.7639247857785378 12.90826979078849 118.15124209619245 95.29348301539626 0.4949062645660704
1.7858579852370422 12.883911990129352 107.2527826942214 99.92304121270949 0.5049798605278123
1.8071951792922365 12.857722896615485 97.48050657687031 104.80642226274263 0.5154448182358564
1.8279432968762457 12.82973988719589 88.68615810800326 109.95928126558675 0.5263205912054343
1.8480198225607838 12.799819126277372 80.78757368124474 115.40059789748004 0.5376358598681032
1.8674350025571838 12.76804547253084 73.67991853450317 121.14990689756664 0.5494176610896864
1.8861271279032512 12.734306510953742 67.27742435910089 127.22840175002908 0.5616952299716357
1.9040555184411245 12.698547670680881 61.50861222143102 133.65918222514696 0.5745004842175735
1.9212307124918526 12.660868646106152 56.3018480404735 140.4664338244327 0.5878647167776828
1.937590736242709 12.621157727579432 51.60002832649908 147.67798565488587 0.6018271346041918
1.9531047564643373 12.579384581829741 47.35139426978628 155.32351993758544 0.6164279498943901
1.9677575215171283 12.535587955002923 43.51077678549964 163.43439777802163 0.6317073327393089
1.9815169402110304 12.489741334407233 40.037791852455925 172.04597429439457 0.647712698314566
1.9943556598405787 12.441830561196314 36.88947254952338 181.19665012906023 0.664494689610622
2.0062148328157 12.391750934218042 34.03978318107449 190.92798159961202 0.6821067923699924
2.0171038127308 12.339611420630932 31.450213007325317 201.28569082836947 0.7006078319020816
2.0269893701142094 12.2853779200832 29.106121551841348 212.32012790082754 0.7200624837417569
2.035845465971334 12.22904612878281 26.973874216602248 224.08554078272732 0.7405377703873776
2.043648948765894 12.170615424245174 25.037056645281695 236.64317574746605 0.7621119633977961
2.0503617098306988 12.110060678646551 23.27645223892603 250.058526077388 0.7848641458649802
2.0559808113023172 12.047425756873972 21.675031277762283 264.4055718713633 0.8088864344050487
2.060488974157014 11.982744963002173 20.21748427630868 279.7649700551206 0.8342762262026233
2.0638623052507086 11.916019019720116 18.8898662149124 296.2262500587499 0.8611412470968408
2.0660853941801665 11.847269995527206 17.681685602028836 313.8871260892372 0.8895948587998123
2.0671436725313135 11.776535851342137 16.581344284976666 332.8587500841071 0.919770490326728
