M[M_sun], R[km], Lambda[1], P_c[MeV/fm^3], rho_c[fm^-3]
0.24162668629717493 15.618656898711224 2160425.4255784233 3.5677272577965504 0.1711233750220791
0.25364528179454604 15.27726041914054 1723163.994662222 3.784846069622064 0.1738885029093701
0.26604253862212046 14.981210616174684 1382910.6300368293 4.011457118432392 0.17666733342557234
0.2788195303934066 14.723426188748615 1116332.8232197247 4.247815674016843 0.17945852861589617
0.2919754071878424 14.498311735137412 905779.6846509199 4.494547279029761 0.18226866123654717
0.3055125018978539 14.301153379172392 738619.1193481535 4.751808805338194 0.1850934623495836
0.31943061245159765 14.128038873356692 605003.9486866115 5.0202805226324445 0.1879395063789374
0.3337317742288163 13.975837110217002 497607.07135973294 5.300189215971188 0.19080346963979544
0.34841415705442447 13.841916415968853 410937.83241560694 5.592260438006219 0.1936915865659632
0.3634796678709754 13.723853848875128 340610.3662483989 5.896665364672382 0.19659899196398656
0.37893365601346324 13.619910319041328 283248.14203517593 6.21426653035835 0.19953333380681937
0.3947691019603829 13.528347271758838 236357.6990113187 6.5453178994821295 0.2024907287806419
0.41099621375721945 13.447769241405219 197823.71973493742 6.890528854699002 0.20547500574269656
0.42760673063348476 13.376957463812934 166031.71777017927 7.250601569016001 0.20848918332682054
0.44460456223282546 13.314828397307842 139762.20764445735 7.625790194005225 0.21152873053853022
0.4619863941270945 13.260474153854373 117942.90076077615 8.017053454871665 0.21459995875939172
0.47975494242471106 13.213086468537382 99779.87334573263 8.425092168695986 0.2177044444846239
0.49791584775467534 13.171906420496581 84618.62552387333 8.850340812525236 0.22083956230411136
0.5164574442842252 13.136325081131071 71919.68278800895 9.293685570450384 0.22400890092179
0.5353776387202746 13.105785676495257 61255.31457039788 9.756005627165397 0.2272152934908394
0.5546880443919667 13.07975970308513 52287.196614683184 10.238106924733938 0.23046003988671265
0.5743735079076887 13.057789368169745 44715.36916782063 10.740463320985794 0.23373987097337143
0.5944327564431486 13.039488126557366 38314.277955389014 11.264326379187665 0.23706105583831533
0.6148726225025671 13.02447109657714 32890.04544786419 11.810629302845673 0.24042514812500873
0.6356820358086738 13.012410537316674 28281.703405181586 12.380351581882158 0.24383378165374298
0.6568540401101025 13.002993380112756 24360.688938574684 12.97416962754394 0.24728476292347595
0.6783900087791012 12.995965918732187 20858.03943157434 13.593435724544264 0.25078316041311544
0.7002810938597558 12.9910446219618 18164.35278667858 14.23933612490332 0.25433147489690044
0.7225187274940814 12.987989594226217 15722.019844167084 14.913061149053394 0.25793169220456863
0.7451096160101516 12.986649006851994 13628.001338719407 15.615622768994934 0.26158352864907747
0.7680340067870032 12.986754241526699 11830.755370037437 16.348323087968694 0.2652892351848119
0.7912811144917603 12.988157022787748 10284.939382806113 17.112761907576477 0.26905333078592875
0.8148589502300866 12.990685136131903 8951.861042490724 17.910395106725154 0.2728782496721085
0.8387460296493626 12.994138922497752 7803.843040774302 18.74256224960842 0.2767648388108132
0.862929567821021 12.998418091151299 6810.601591103493 19.61066012057198 0.28071404315687054
0.8874158618050699 13.003373433323095 5952.393130217319 20.51675069451049 0.2847319987292372
0.9121742629138294 13.00886494519487 5208.402069499428 21.462629200033355 0.2888217210625741
0.9371988056502634 13.014758887631741 4562.799838393445 22.44974686331 0.29298286328932216
0.9624855572653281 13.020975831049032 4002.3094304363494 23.480196186153574 0.29721975867370365
0.9880092278929389 13.027360314567892 3514.9304206052884 24.5563689524127 0.30153824957204783
1.0137554524347872 13.033814460358402 3090.4065118851618 25.680168318855785 0.3059396722266003
1.0397226923806526 13.040272804674602 2719.9322476737584 26.85363563375836 0.3104258747617546
1.0658774724541233 13.046600990121698 2396.8218786349926 28.07983127472302 0.3150053084068124
1.0922138529171344 13.05273064962028 2114.558295671205 29.360763195669275 0.3196780899674771
1.1187145988575484 13.058562331301308 1867.2663914372165 30.6992836765507 0.3244495604109146
1.145350009070529 13.064025085477404 1650.965491832617 32.098695170571986 0.32932711472617887
1.1721162233347964 13.069025847061294 1461.1876036381955 33.561043802314174 0.334309128290965
1.1989754218216029 13.073481477655804 1294.6263078896732 35.090824508279546 0.3394088419790628
1.2259250385381608 13.077349606412783 1148.3603899253012 36.69000064957539 0.3446226463317757
1.252924656268659 13.08051615433478 1019.4984107720798 38.36368430536689 0.3499653446652709
1.2799681311407616 13.082950170802373 906.106894240386 40.11418381633884 0.3554338998338745
1.3070222812420473 13.084550813808628 806.2614606998548 41.94684459475319 0.36104213063338136
1.334054351966327 13.085237766970026 718.0680285299603 43.865285677188844 0.3667927201711451
1.3610654206732078 13.085032099371023 640.1993492115296 45.87406341155401 0.3726926792434059
1.3880053595059714 13.083778943569254 571.3823630485479 47.97858094190514 0.3787523431449529
1.4148505277454375 13.081452957406892 510.47021851763054 50.18367693751568 0.3849777696295089
1.4415835599162923 13.078006816230126 456.56489147488884 52.49442192035845 0.39137514425655123
1.4681787439134504 13.0734028263005 408.73516560333087 54.91731163989869 0.3979565585882658
1.4945914193303664 13.067527790251331 366.2916689960149 57.458540571237364 0.4047310813747025
1.5208032589031932 13.060374955766305 328.6223034177752 60.124741711124585 0.4117084920879283
1.546787701518769 13.051879687760154 295.0833744677458 62.923026058358055 0.41889933945168756
1.572505991624517 13.041986897731311 265.2785496448719 65.86102587482539 0.42631500475123346
1.5979192454900852 13.030644344473389 238.74320513974456 68.94694211109007 0.4339677704828602
1.6230274420823438 13.017828930734236 215.06943192836866 72.1895964281404 0.44187089497117005
1.6477700419446784 13.003466527855338 193.94931017534267 75.59848830104924 0.4500386936580595
1.6721180845917392 12.987520423362945 175.11002692997698 79.18343377337504 0.4584848574664586
1.6960548701989049 12.969958509785823 158.2459279471446 82.95488926913589 0.46722374813453454
1.7195343649146948 12.950734054812603 143.17559972514647 86.92547795476442 0.4762764016927477
1.7425158938010792 12.92978361686445 129.68174093643094 91.10664992574503 0.4856566264684565
1.7649968597390175 12.907119251678377 117.5854502822864 95.5127794546498 0.4953874499203081
1.786908355227 12.882637828721144 106.74736512436249 100.15726687090124 0.5054853093365976
1.8082586604626 12.85639618529419 97.01381785766873 105.05679092646633 0.515976476618067
1.8289620887371716 12.828239670013938 88.27117347309137 110.22790860037294 0.5268835120829142
1.8490437414514733 12.798260712627979 80.40813756383628 115.68843891152972 0.5382304400768321
1.8684154525462964 12.766306760907115 73.3328435325566 121.45827679675584 0.5500453891994745
1.8870893931423636 12.732471897476206 66.95771737977103 127.55886500000763 0.5623582078455998
1.9050109710311558 12.69663563284815 61.21116092172587 134.01297357880685 0.5751993279752816
1.9221484838549177 12.658799371812428 56.03348113672829 140.84618125637286 0.5886046091857521
1.93845752965832 12.618892181522831 51.35452813639096 148.08618628688922 0.602612328829098
1.9539494523070984 12.577029326578417 47.1259851407976 155.76132630839635 0.6172576367921123
1.9685579896194496 12.533075746913324 43.309242918484216 163.90546267570636 0.6325888066004934
1.9822698062799406 12.487060613058052 39.8503196265401 172.5526189368164 0.6486481622514187
1.9950515739210362 12.438958369787281 36.71946300389811 181.74171160461262 0.6654875266460459
2.006881847648833 12.38877959800951 33.87727805535648 191.51499668130967 0.6831620764225473
2.0177218880345733 12.336484564472165 31.304252413095096 201.91856081225288 0.7017311136959985
2.0275517795450346 12.2820830836614 28.970309302579995 213.00216978288117 0.7212565970403714
2.036353811639465 12.225589194573331 26.85015118192557 224.8218500711638 0.7418104985214781
2.0440897514915277 12.166973411218434 24.92483650546711 237.43834926455597 0.7634684434084278
2.050741627802673 12.106242541840361 23.17176711644376 250.91885563691173 0.7863139165192946
2.056305851941646 12.043471059576607 21.579971598245507 265.33672689810777 0.8104357320503102
2.0607425087041014 11.9785985050094 20.128859205189993 280.77332364328674 0.8359321345589124
2.06403917422813 11.911677268169184 18.807561985449553 297.31896559488877 0.8629117771671029
2.066187010964154 11.842749883311539 17.60838052692899 315.074019668196 0.891494841975725
2.067171738950257 11.771841770921913 16.512349221702706 334.1477249081016 0.9218063230986449
