M[M_sun], R[km], Lambda[1], P_c[MeV/fm^3], rho_c[fm^-3]
0.24162668629717493 15.618656898711224 2160425.4255784233 3.5677272577965504 0.1711233750220791
0.2536438577968597 15.277277806745282 1723287.683149809 3.7848180361730135 0.17388815348595146
0.26603977263046746 14.981255163014877 1382986.7661024868 4.0113981861873125 0.17666662126417
0.27881485782832355 14.723532640523377 1116426.6669810046 4.247723848855928 0.17945746358240713
0.29196918127896015 14.498423225963336 905878.1616706502 4.4944201510288115 0.18226724563675173
0.3055039152515703 14.301242440885797 738637.4394105991 4.751642057495435 0.18509166115463874
0.3194207778169269 14.12814525761684 605150.7045173725 5.020072926263991 0.18793735248648985
0.33371832341008145 13.975978744432798 497703.1402089892 5.299935305149274 0.190800913179133
0.3483990673764971 13.842042960743806 411015.3181696964 5.591959578391669 0.1936886756664288
0.3634614858116322 13.724003272031325 340664.0383055189 5.896310796468055 0.19659566178437687
0.3789147025467591 13.620011514781284 283309.1028169781 6.213853962241641 0.19952957168235932
0.39474749431744094 13.528452289194398 236408.2776339563 6.544847759419489 0.20248660628742066
0.41097163839972467 13.44787549533026 197872.60740570578 6.889992065931628 0.20547043422429892
0.427579412730301 13.377062695609535 166087.62317097545 7.249993093740344 0.2084841495668039
0.44457356803755554 13.314940463351746 139808.11183893756 7.625111713628876 0.21152332939847304
0.46195483517985464 13.260598313732508 117985.9949495362 8.01629313412009 0.21459407706368538
0.47971913924608356 13.21315793430352 99815.05657686907 8.424244077937463 0.21769806802772892
0.4978753767461314 13.171996764039626 84646.24041873873 8.849408078509644 0.22083280891131188
0.5164136038878195 13.136418751441575 71941.58683677005 9.292653097383212 0.2240016322470299
0.5353316547009646 13.10585243768574 61278.99033613349 9.754866413696284 0.22720749383240904
0.5546374170479392 13.079839060124675 52302.30992456116 10.236857561516224 0.23045174451692232
0.5743203023262983 13.057857783887485 44732.58992076567 10.739101218857504 0.23373112585578137
0.5943764099896086 13.039525959138254 38331.22514188186 11.262835069789999 0.23705173811021152
0.6148125882358205 13.024527660900707 32903.52491671791 11.808999975062775 0.24041523909361534
0.6356171451237279 13.01243478741993 28293.956797092676 12.37857487484511 0.24382326163953968
0.656785808766657 13.003043183353027 24178.555304965663 12.97225370024986 0.24727381226872597
0.6783182865138397 12.995975977310344 21029.647820925853 13.591353367867278 0.25077156640903475
0.7002047828130104 12.991073828072587 18173.581240427928 14.237076172068527 0.2543192145424747
0.7224393798564267 12.988003944806941 15731.098347959862 14.910611715736197 0.25791874112729973
0.7450252994224854 12.986646790293747 13635.049160344071 15.61299510835145 0.26157009779086415
0.7679459280346563 12.986762026175676 11837.300022295647 16.345481612462923 0.26527507114208226
0.7911898281316593 12.98814023678343 10289.487511459192 17.10969235444766 0.2690384045885012
0.8147625568538686 12.990663973151301 8956.819644687528 17.90708226752638 0.27286253048698966
0.8386428980056764 12.994130849117544 7807.881012284292 18.73902081884875 0.276748567768858
0.8628257907596704 12.998398103492443 6815.2717837435475 19.60684404621063 0.28069692283788333
0.8873014302168263 13.00334824249733 5955.84798159319 20.5126416072719 0.2847139920718337
0.9120614307730365 13.008845834019755 5211.643944435966 21.458207472648073 0.288802788506385
0.9370813349835769 13.014735031404593 4565.618599704982 22.445030916297927 0.29296327593028704
0.9623586265955124 13.020932357264346 4004.9818089438236 23.47512683115205 0.29719917051679035
0.9878828658475901 13.027333123086876 3516.8574863477297 24.550922325009758 0.30151661270701136
1.01362476604966 13.033781986364371 3092.0430311651376 25.674365503820525 0.30591727804582014
1.039588320739102 13.040238075681907 2721.686463197806 26.847405682268437 0.3104023391268502
1.0657383199237198 13.046570924988625 2398.5556696618805 28.07314502036005 0.31498057304451754
1.0920690754271913 13.05270014197081 2115.9747383004005 29.353644337731062 0.3196524664499006
1.1185666987767091 13.058533860106442 1868.7826903550902 30.691647212835896 0.32442262229033014
1.145197081698109 13.063987534972128 1652.2734233285917 32.09056602719022 0.3292991837902075
1.171959449690837 13.069002805598505 1462.1856782699142 33.552326613588434 0.33427975046617947
1.1988143471103565 13.073460950682984 1295.5105443595241 35.08147812495503 0.3393779360232188
1.2257611725975603 13.077327198272316 1149.2118328875624 36.680052196836 0.3445905541632258
1.2527547580168683 13.08049378705036 1020.2907804902006 38.35309281562436 0.34993199147857823
1.2797963455898447 13.082938199247113 906.7730497473057 40.10283007541942 0.3553987751525096
1.3068396106949272 13.084524379466012 806.8198980771335 41.934755174206146 0.3610055824835285
1.3338762838247926 13.085237528488 718.6800440688207 43.85232501633546 0.36675419438432866
1.360883521864255 13.085035653373218 640.6951542792933 45.86025867037472 0.37265253693128886
1.387814622259185 13.083779693135313 571.8561713879869 47.963873148451235 0.378710480017004
1.4146707431050802 13.081486226012633 510.8659404983275 50.16790479341631 0.3849335743436163
1.441393871706888 13.078037678147748 456.92653948716946 52.4776104665066 0.3913289863029815
1.467988095582605 13.073440371125066 409.0645659672274 54.899386426719765 0.39790830713816744
1.4943967617212106 13.067576913664302 366.57078256927065 57.43942111813524 0.40468059548462043
1.5206082825253682 13.060432469684129 328.8738180255613 60.10434096645701 0.4116556198690859
1.5465912104113166 13.051948923131745 295.3197171635327 62.90124980552134 0.41884391715692926
1.5723071915239932 13.042071001836419 265.4914598645351 65.83777207844948 0.42625685577080213
1.5977315033812949 13.030744674766028 238.94680778747832 68.92210019660861 0.4339067042391253
1.622818291057157 13.01792762328192 215.26130619481827 72.16304648717897 0.44180670570126396
1.6475705818012802 13.003589882825516 194.12326557774392 75.57010021413205 0.44997115907203333
1.6719187888906508 12.987658339981854 175.25384664734284 79.15321449828335 0.45841435624340066
1.6958575961754172 12.970113058987208 158.38490140249712 82.92254392313284 0.4671494186236244
1.7193370999274982 12.950905154869886 143.29417110562585 86.89084000638235 0.4761979637818572
1.7423230396627039 12.929967460416522 129.79076953612295 91.06970495817923 0.4855744375145763
1.7648025660614648 12.907324088176614 117.69334563590922 95.47317150509802 0.49530054123496614
1.7867298304423154 12.882892486071176 106.83832164380065 100.11496144977835 0.5053940160731831
1.808070105708356 12.856641323716536 97.0963998800995 105.01156862524533 0.5158804469666346
1.8287811233305329 12.828510145451903 88.33869284927813 110.17953009549964 0.526782365498282
1.8488606306934088 12.798550173144964 80.47239570411408 115.63644524680788 0.5381230391071511
1.8682465788696705 12.766646579305768 73.38821491277638 121.4025733618557 0.5499319974190494
1.8869179409433308 12.732800395336364 67.0173302672385 127.4993046191983 0.5622389298684863
1.904841745859813 12.69699028610995 61.26456204867183 133.9491023382704 0.5750732263146184
1.9219856671360618 12.659178667725321 56.08221877315167 140.77757836240102 0.5884709446599329
1.9383009971665008 12.6192959637039 51.39828643528242 148.01244084146896 0.6024704757957675
1.953798183769226 12.577458570948856 47.16760645524683 155.68222995470788 0.617107741284216
1.9684164058306197 12.533535761603398 43.34504481529344 163.8205360124179 0.6324301628876808
1.9821330319098165 12.48754191654614 39.88388356850754 172.46107985026882 0.6484791453367853
1.9949227918461612 12.439474546077287 36.74856166703716 181.64322820926597 0.6653081377758724
2.0067625018391895 12.389319555330278 33.907063479457804 191.40892932557054 0.6829713978650485
2.017612217621709 12.337053022051169 31.331745088495232 201.80420387857185 0.701528141419096
2.0274504941127467 12.282673892784327 28.993798406258836 212.87903248991228 0.7210411757133924
2.036262763873349 12.226215953884632 26.87207170014211 224.6887924469853 0.7415805052504327
2.0440108172107596 12.167628459220039 24.944949080007756 237.29472297992262 0.7632235473993927
2.050673441425291 12.106930866284412 23.19085493769296 250.7636228329938 0.786052718836999
2.0562494508807387 12.044192497668039 21.596621108591155 265.1685409699094 0.8101560593125997
2.060698047176658 11.979350457648787 20.143100281011577 280.5912958109961 0.8356335665473488
2.0640072047585782 11.912461432138251 18.823652122349856 297.12147726273264 0.8625918106828304
2.0661715103529783 11.843569921834744 17.620680442316967 314.85948467330815 0.8911514136446955
2.067168513502346 11.772686982493608 16.525508996442692 333.91472801588117 0.9214383231190432
