M[M_sun], R[km], Lambda[1], P_c[MeV/fm^3], rho_c[fm^-3]
0.24162668629717493 15.618656898711224 2160425.4255784233 3.5677272577965504 0.1711233750220791
0.25364342245425325 15.27731049943334 1723274.3570531353 3.7848091377917616 0.1738880425719219
0.26603818566969095 14.981320989464516 1383067.5847642422 4.011379480035464 0.1766663952113645
0.2788125431361952 14.723576695758057 1116467.7963169732 4.24769470209739 0.1794571255239313
0.2919665772378579 14.498492206189075 906004.9795977623 4.494379798853401 0.18226679630591328
0.30550114864358274 14.301289071105261 738732.3609682587 4.751589129787214 0.1850910894343759
0.3194171995284308 14.128166832411388 605171.559846075 5.020007033169455 0.18793666882020163
0.33371470667127684 13.975975814461957 497718.0619712235 5.299854711918596 0.19080010173902842
0.3483943109018666 13.842082577446046 411031.809936678 5.591864083829849 0.19368775173027353
0.36345481705076865 13.724063027372374 340680.69070983294 5.896198255201191 0.1965946047729822
0.3789092188265274 13.620041354717255 283332.9385102992 6.213723012405051 0.1995283775775235
0.39473886289012855 13.528521803738395 236425.68808701172 6.544698536998858 0.20248529780838134
0.41096280614639763 13.44792993515257 197884.25473643315 6.88982169026075 0.20546898323359036
0.4275705985608375 13.37709472204507 164087.87397851114 7.249799966092396 0.20848255187126677
0.4445641202508029 13.314978250945673 139818.6770380523 7.624896367812644 0.21152161510730894
0.4619439567448902 13.260616647244689 117993.40540178018 8.016051814078985 0.21459221025806854
0.4797072821147906 13.213217264023564 99827.182196077 8.423974901966325 0.21769604420072708
0.4978637227429739 13.172027092507049 84654.21023718997 8.849112039121472 0.22083066545965363
0.5163996867241474 13.13643954173456 71948.7115453507 9.292325403858475 0.22399932526418645
0.535316532167758 13.105886259569385 61286.72223219516 9.754504844276282 0.22720501833676987
0.5546230517400187 13.079840408767815 52309.11073875707 10.23645975944275 0.2304490953102961
0.574303138799701 13.057877079327193 44737.87772500942 10.738668912589137 0.23372835031562675
0.5943586454631883 13.039541166729714 38335.94898208162 11.2623617582438 0.2370487808511057
0.6147938163360127 13.024519314279328 32908.47286817443 11.80848286225616 0.24041209418496745
0.6355937596979341 13.012469705050636 28300.773183395075 12.378010990366125 0.24381992283769768
0.6567648049688296 13.00302875358897 24375.384005400276 12.971645633537632 0.24727033680874835
0.6782949240500215 12.99598803887532 21032.250608465252 13.590692484497042 0.2507678867874905
0.7001816851881159 12.991070399601508 18040.70720890319 14.236358928641964 0.2543153234618805
0.7224137304889052 12.988006036292598 15733.589005360578 14.90983434119121 0.25791463085504684
0.7449996588844249 12.986646948553549 13541.047468468232 15.612161173935387 0.26156583527129984
0.7679176297960607 12.986761980062033 11838.395032594366 16.34457982533732 0.26527057595943715
0.7911613137652509 12.98812915767129 10291.660373900591 17.108718188926684 0.2690336675514528
0.8147339469916911 12.990660695982427 8958.717052649772 17.90603089788511 0.27285754181321836
0.8386140283445752 12.994125726730237 7809.406675444315 18.737896908244508 0.2767434039811585
0.8627922704552429 12.99840053451415 6816.362345029615 19.605632981620328 0.28069148955484513
0.8872660817340327 13.003344131767967 5956.68629833387 20.511337560137942 0.284708277535097
0.9120252837369545 13.00882883575257 5212.724029984353 21.456804215298238 0.2887967801647781
0.9370411719839826 13.014731196513308 4566.445790939294 22.443534294044426 0.29295705981349346
0.9623152735257839 13.020936355010756 4005.5826654970315 23.473518063238224 0.29719263683228075
0.9878438185981525 13.02731328727746 3517.5973496345377 24.5491938394891 0.3015097462545884
1.0135826841227922 13.033779964180965 3093.032554144142 25.672523991228783 0.3059101712940733
1.0395441931130234 13.040230287775733 2722.2620208684307 26.845428630771497 0.31039487018230155
1.0656945417220083 13.04655582153868 2399.0633467274133 28.071023175937665 0.31497272341935045
1.092022723009973 13.052690389409413 2116.2910626638886 29.35138522031583 0.3196443350143109
1.1185195227005316 13.05852564005026 1869.105461846283 30.689223852208627 0.3244140737286876
1.1451474979395946 13.063983533132046 1652.4768344264573 32.08798633239533 0.329290320212982
1.1719101284578493 13.068992056777196 1462.6396388836845 33.54956032673059 0.3342704277942524
1.1987645087707433 13.073456235708978 1295.8467568827775 35.07851219055813 0.3393681284822349
1.22570760229384 13.07732614301093 1149.4076029334788 36.67689522144299 0.3445803702492973
1.2527016821236696 13.080491626032405 1020.4836435257954 38.34970847867654 0.349921270641048
1.2797415936972467 13.082928213122093 907.0276409386886 40.09922719880783 0.35538762905591664
1.3067843689629053 13.084522369185022 807.0474078733967 41.93091886599064 0.36099398474259486
1.3338190094667752 13.085233560252144 718.7613602988345 43.848212267825396 0.3667419691687998
1.3608265548972676 13.085035453717756 640.8456936366013 45.85587809870233 0.37263979882392123
1.3877563981150713 13.083778161049317 572.003385543342 47.95920604408519 0.37869719593140416
1.414611077266875 13.081492391696571 510.9904602163577 50.16289998347765 0.3849195503146267
1.4413339838851087 13.078046736396077 457.0412533306494 52.472275895542396 0.3913143395698048
1.4679267959755047 13.073455620626385 409.16194496693174 54.89369847540539 0.39789299619618484
1.494336097695241 13.067590675471813 366.6657920006682 57.43335425402686 0.4046645756208261
1.5205465495055623 13.060452415819535 328.9513850515218 60.09786757271172 0.41163884289862074
1.5465287827556333 13.051970886023756 295.3954452010369 62.89433999252911 0.41882633113350953
1.5722458537059256 13.042095513588846 265.56313433281167 65.83039347647063 0.42623840466823193
1.5976681743095755 13.030774543284599 239.00931009956003 68.914217727285 0.4338873276007705
1.6227560149894547 13.01796149938003 215.31819997510198 72.1546221115209 0.4417863382539806
1.6475068394120211 13.00362974125382 194.16908443436463 75.56109265428537 0.4499497303006221
1.6718556859879476 12.987703721039638 175.29694621522341 79.14362596021626 0.45839198629379013
1.695793769409755 12.970162958118614 158.4247909214024 82.91228086322276 0.46712583414184194
1.7192585159759746 12.950923213612112 143.333470702721 86.87984959749595 0.47617307591311353
1.742261285964143 12.930030329968714 129.82943302829085 91.05798262547736 0.48554835963915016
1.764741105820665 12.907389429262288 117.7240458927628 95.4606043329041 0.4952729660530594
1.7866692095492296 12.88296333513182 106.86152992603995 100.10153849579969 0.5053650499208355
1.8080089687566168 12.856718668230545 97.12108599600869 104.99722029030204 0.5158499782473072
1.8287211994682389 12.828595678134382 88.36357926456873 110.16418046405344 0.5267502735020491
1.8488019899604515 12.798640181038651 80.49502476067873 115.61994873956708 0.5380889630156986
1.8681905978062412 12.76674530711055 73.40869763473971 121.38489996640027 0.5498960208624791
1.8868632555330933 12.732905464897526 67.03435927025903 127.48035511900041 0.5622008983727899
1.904788028039621 12.697102242577682 61.27996228852498 133.92883781560926 0.575033217854807
1.9219332789477053 12.659300060322602 56.09643513353464 140.75581281752272 0.5884285371014916
1.9382511261556188 12.619423116161842 51.41323956188901 147.98904394441493 0.6024254707002158
1.9537501317384796 12.577597015905523 47.18088090370134 155.65713561386315 0.6170601849963363
1.9683699377692805 12.533682134508217 43.35533564370902 163.7935921713084 0.6323798315685694
1.982090512776498 12.487697589933147 39.89541816833381 172.43203844931432 0.648425523565244
1.9948849379670968 12.439634873794397 36.75941936357249 181.61198397972873 0.6652512259785446
2.0067176628244776 12.389477759421403 33.91569699393961 191.37527939235548 0.6829109049765375
2.017577866433748 12.337232966324411 31.340417381807477 201.76792444810891 0.701463749008695
2.02741871939255 12.282863136322492 29.002903340040668 212.83996789957436 0.7209728345497565
2.0362344756327606 12.226413965278518 26.880115778841866 224.64658116096828 0.7415075420376441
2.0439850681795333 12.167837565112393 24.951106880862124 237.24915937439093 0.763145857266417
2.05065121989965 12.107150120801046 23.196438981681162 250.71431754242332 0.7859696620406474
2.0562248572304145 12.044398372579634 21.601092831547923 265.1151479059865 0.8100672101521603
2.060684235452263 11.979589065813657 20.149656921073394 280.5335518248624 0.8355388529702945
2.0639964647076354 11.912709932393724 18.828072025683927 297.0588295925041 0.8624903102317807
2.0661648513837463 11.84382842434473 17.62499291249516 314.79143031684714 0.8910424720052632
2.0671654156068384 11.772954077761053 16.528427867074583 333.8408181689616 0.9213215884197106
