M[M_sun], R[km], Lambda[1], P_c[MeV/fm^3], rho_c[fm^-3]
0.24162668629717493 15.618656898711224 2160425.4255784233 3.5677272577965504 0.1711233750220791
0.25364192135347946 15.27735264686538 1723170.1020970175 3.7848008319455912 0.17388793904355623
0.26603844443864794 14.98127455833834 1383019.138584484 4.0113620195655155 0.17666618421188965
0.27881110465920106 14.723625440327297 1116508.219774405 4.247667496367375 0.1794568099784613
0.29196486263648974 14.498492739220072 905929.1613726559 4.4943421340456275 0.18226637689953717
0.3054989151557053 14.301294977339868 738699.1349583449 4.751539727102013 0.1850905557910893
0.3194135951981853 14.12821735439372 605159.6496282527 5.019945528780902 0.18793603068843187
0.3337102316286878 13.976041777278542 497744.704782582 5.299779486699096 0.19079934434588927
0.34838981898850935 13.84211701858752 411067.11750430753 5.591774950050077 0.19368688933643438
0.36345079977351574 13.724080990705101 340693.0573688383 5.896093210485644 0.19659361817078397
0.37890318933597766 13.620074193444133 283357.47629225405 6.2136007856994055 0.19952726301713855
0.39473322749659495 13.528540639372112 236450.73541839307 6.544559255294674 0.202484076495996
0.410955884505503 13.447952980663564 197903.3237727843 6.889662664921407 0.20546762890706813
0.42756276494129986 13.377124738863817 166115.84269864447 7.249619705011224 0.20848106061753918
0.4445554850081215 13.314998519184622 139836.3733446554 7.624695369294351 0.2115200150298617
0.46193541835234286 13.260623445147813 118007.34536014331 8.015826572482736 0.21459046783222155
0.4796964329132532 13.213229309951506 99838.79540289276 8.42372366109647 0.21769415522061408
0.4978513010917451 13.172050196789215 84663.14497958367 8.848835725408948 0.22082866483031519
0.5163872681660988 13.136464662949697 71957.4077401175 9.292019546023647 0.22399717200596125
0.5353036669503405 13.10589034094352 61292.80124283278 9.754167368770837 0.22720270780082338
0.5546079902110864 13.079868931510475 52316.381688794485 10.236088466731891 0.23044662264568352
0.5742884931514228 13.057874270887874 44744.6629273971 10.738265415972094 0.2337257597423577
0.5943415978712089 13.039560397595931 38340.550678646105 11.261919990205497 0.237046020676408
0.6147763345416145 13.024535632903591 32913.38185477864 11.808000213362307 0.24040915887441094
0.6355754487627788 13.01247194046466 28303.94773931003 12.377484688400186 0.2438168065647042
0.6567446790672646 13.003036722022575 24379.690961015647 12.971078095340381 0.24726709299314287
0.6782736118721208 12.99599036662032 21035.398681447823 13.59007565160195 0.25076445242719003
0.7001589835483052 12.99106614407542 18179.06931912324 14.235689494107037 0.25431169174685675
0.7223896730100441 12.98799619460539 15735.02283159732 14.909108785614468 0.2579107945692124
0.7449751182613338 12.986653629370894 13639.240608468079 15.611382830440196 0.26156185689564804
0.7678907937397805 12.986764505446153 11840.1123755005 16.343738154526573 0.26526638044154394
0.7911331420109984 12.988131414790036 10293.123049900167 17.107808967172094 0.2690292463139486
0.8147054147261937 12.990660119721229 8960.19382632802 17.905049621559716 0.272852885727219
0.8385833325412583 12.99412209942166 7810.241460311747 18.736847929479126 0.27673858446648775
0.8627625317079776 12.998389299879834 6817.625345890335 19.60450266255585 0.28068641852605775
0.8872319199889551 13.003339362029854 5957.567729111491 20.51012046130017 0.2847029440192757
0.9119913142304773 13.008827000310717 5213.506954901636 21.45549452476133 0.2887911724491684
0.937007890779372 13.014729287542032 4567.427825184597 22.44213746713358 0.2929512581897385
0.962282549729879 13.020917362703386 4006.52949999687 23.472016572755614 0.2971865388332946
0.9878049082226666 13.027310408705377 3518.216643911472 24.54758061904377 0.3015033376955908
1.0135444192245997 13.03377067717775 3093.626212176134 25.670805284885823 0.30590353847529167
1.0395040786461065 13.040220675928657 2722.7886784361335 26.84358342954325 0.31038789934432576
1.0656555379854276 13.046555574913853 2399.390302906973 28.069042843754026 0.31496539730948875
1.0919815497045884 13.052679810491876 2116.9503781836956 29.349276775189523 0.3196367459064481
1.118476207512363 13.058514487432795 1869.5430030205862 30.68696212470717 0.3244060953383699
1.1451046825088578 13.063970211562353 1652.9602871568961 32.085578703600866 0.32928204783758613
1.1718640338585076 13.068983597624209 1462.9125587406866 33.54697855928343 0.33426172697176415
1.1987158087750027 13.07344350452488 1296.113841393648 35.07574410099736 0.33935897516048824
1.2256596974912506 13.077314546645445 1149.6094884440822 36.67394884167223 0.34457086568424655
1.252652409331834 13.080485100955103 1020.7171749176813 38.34654991395625 0.34991126500044034
1.2796910200126228 13.082929986734541 907.2105955031554 40.09586468193202 0.35537722655204723
1.3067328498840083 13.084514635544414 807.2240028008031 41.92733849972611 0.3609831607529541
1.3337667750768134 13.085232651558844 718.94947814429 43.84437391651744 0.36673055960366346
1.3607723929662316 13.085037949760173 640.9914837509892 45.8517898039409 0.37262791061810785
1.3877017798413265 13.083785013339776 572.1363260833178 47.95485034625445 0.37868479820932804
1.4145566071376339 13.08150194206555 511.113824417043 50.15822912875942 0.3849064620649674
1.441277682109762 13.0780548010494 457.1243392245892 52.46729729775231 0.39130067020559267
1.4678712615854117 13.073461297150383 409.25488345076184 54.8883900934276 0.39787870698659233
1.4942778605536267 13.06760342328193 366.7542983900629 57.427692261561326 0.4046496248412335
1.5204887220221242 13.06046723811329 329.0354106112145 60.09182619845947 0.41162318558479327
1.5464712413365553 13.051989930727153 295.4743031460571 62.887891344431985 0.4188099188114121
1.5721877132828057 13.04211931877495 265.62462956640155 65.82350734823184 0.4262211850568733
1.5976088054812474 13.030803711331176 239.0657465686106 68.90686138517667 0.43386924428515
1.6226893735525183 13.017964778863002 215.37672697789085 72.14676005924429 0.44176733032487325
1.6474472149512494 13.003666423062095 194.21007603496852 75.5526863733706 0.44992973195754055
1.671797527826122 12.987744904285616 175.34631698896152 79.13467750861993 0.45837110965859285
1.6957354442054013 12.970207493270465 158.4666070024328 82.90270295155412 0.4671038241287228
1.7191985013236744 12.950975033144292 143.38267877477003 86.86959293080749 0.4761498496094402
1.7422034269277296 12.930088310679979 129.8659676785791 91.04704293414817 0.48552402285269836
1.7646844317361734 12.907451070069323 117.75494710184125 95.44887625240408 0.49524723202568927
1.7866124736820006 12.883031971673137 106.89018739516722 100.08901181481853 0.5053380178867329
1.8079531933821356 12.856789296425946 97.14693867938266 104.98383006398018 0.5158215440736457
1.8286658915298173 12.828673317967754 88.38895007129915 110.14981385075212 0.526720168222899
1.8487478955000631 12.798721992533014 80.51520490672937 115.60455390504362 0.5380571625999221
1.868138972302528 12.76683468209397 73.4306571643911 121.36840690167861 0.5498624470267397
1.8868115496525413 12.73300478639923 67.05323864128128 127.46267124473385 0.562165406978239
1.904738378597007 12.697206597262602 61.29814775235322 133.90992681581668 0.5749958816694031
1.9218841547571501 12.659413873217442 56.11055932575059 140.73550113826857 0.5883889622261632
1.938202889331058 12.619542000100765 51.42475053890304 147.9672099765924 0.6023834719768015
1.9537062581463194 12.577730911522018 47.195940228511226 155.6337176864068 0.617015805679639
1.9683274759981795 12.533817242922737 43.36650224690769 163.76842042939575 0.6323327681184501
1.9820522653219363 12.487841727487488 39.903226784839 172.40493738529364 0.6483754844136987
1.9948466226553876 12.439786808798909 36.76992449200189 181.58282739499293 0.6651981168551694
2.0066843137553505 12.389638353121812 33.92745216129141 191.34387799198842 0.6828544543024945
2.017545059096211 12.337400905394297 31.34788200872685 201.73406942054436 0.7014036596742911
2.0273892637064015 12.283041968283442 29.009176600902986 212.80351400030247 0.7209090606339479
2.0362077230227884 12.226599876016282 26.885923774112353 224.60719106505627 0.741439455319115
2.0439614696360398 12.168031350230239 24.956955072744723 237.2066412236999 0.763073359913705
2.0506313101662457 12.10735321226475 23.201722773642377 250.66827194500598 0.785892039571498
2.0562077593898533 12.044611685192809 21.605689204586362 265.06532416370925 0.8099843005503127
2.0606727141900043 11.979810574967628 20.154690961892182 280.4796683037099 0.8354504714543247
2.0639932997556105 11.91295573055515 18.83263829133037 297.0003705658238 0.8623955961338051
2.066159840273371 11.844069059530593 17.628802720531638 314.7279264845756 0.8909408148600391
2.067164518754732 11.773206205236626 16.533047300266162 333.7718507946849 0.9212126599611155
