M[M_sun], R[km], Lambda[1], P_c[MeV/fm^3], rho_c[fm^-3]
0.24162668629717493 15.618656898711224 2160425.4255784233 3.5677272577965504 0.1711233750220791
0.25364182398474433 15.27735681343998 1723194.9558756307 3.784799368489055 0.1738879208022765
0.2660380974246205 14.981264361372038 1383027.331469365 4.011358943106883 0.17666614703470268
0.278811685127968 14.723589534713744 1116569.6245150738 4.247662702844906 0.17945675438082434
0.2919645649804542 14.498487076445796 905954.2234838755 4.494335497693997 0.18226630300222155
0.30549925874107725 14.301282975760596 738764.3490530672 4.751531022610024 0.18509046176596305
0.31941320854061916 14.128240742512824 605174.7680897167 5.019934692050667 0.1879359182531731
0.33370978903805043 13.976076022776297 497745.1934328917 5.29976623245756 0.19079921089766977
0.34838911549845303 13.842126388625003 411068.1647119318 5.591759245226915 0.19368673738795003
0.3634497977717025 13.724092251172241 340704.571825021 5.896074702284391 0.19659344433784107
0.37890210098066696 13.620090857977598 283349.2425567607 6.213579250177935 0.19952706663911318
0.3947317472230818 13.528539650797041 236443.73489874732 6.544534714834484 0.20248386130931267
0.41095458554210323 13.447959202850406 197910.6706046049 6.889634645816447 0.20546739028461253
0.4275608839848792 13.377135308377678 166120.18618944983 7.249587944374591 0.2084807978699319
0.4445540280462693 13.315019598970865 139834.8262795238 7.624659954929494 0.21151973310874608
0.461932345298173 13.26064652544506 118011.5701511557 8.015786886740282 0.21459016083091914
0.4796948822930924 13.213249081140217 98774.53093955074 8.423679394562663 0.21769382239816332
0.4978492429312115 13.172054552664584 84664.80299350854 8.84878704131801 0.2208283123366957
0.5163849499763019 13.136461162946363 71955.70990071697 9.291965656597256 0.22399679262103986
0.5353011824045169 13.105895618012982 61294.222436572614 9.75410790868471 0.2272023007055997
0.5546056362504921 13.079864577441235 52315.99609309365 10.236023048465809 0.23044618698555117
0.5742857995334021 13.05789009090477 44744.925595552675 10.738194323776513 0.2337253033084405
0.594339274320848 13.039580837285376 38340.8809914539 11.261842155075515 0.23704553436110734
0.6147728506921156 13.02453287409421 32914.140967197185 11.807915175562812 0.24040864170270757
0.6355719076899177 13.0124503064141 28303.786211438775 12.377391959517627 0.24381625751010982
0.6567407573210756 13.003039867836026 24379.689615594223 12.9709781011954 0.24726652146761469
0.6782697682705323 12.996008219607052 21035.954504999816 13.589966972425339 0.2507638473306516
0.7001550727179945 12.991076702621907 18179.905645174957 14.235571547279365 0.2543110518795602
0.7223869467199863 12.987989221632313 15735.279232097246 14.908980951086251 0.2579101186598741
0.7449702866270864 12.986649322194241 13639.677867261968 15.611245695462527 0.2615611559526074
0.7678878094093285 12.986758637967856 11840.709125850486 16.343589862246407 0.2652656412417203
0.7911291325513825 12.98813259649997 10293.611360516055 17.1076487734729 0.26902846734623553
0.8147012370699253 12.990656273804728 8960.496823539906 17.904876732996392 0.27285206538334816
0.8385776076801427 12.994118520532508 7810.3608474761695 18.736663112828406 0.2767377353296044
0.8627561518106865 12.998381642161004 6817.706792447899 19.604303515091676 0.2806855250769817
0.887227883229304 13.003336198888038 5958.787820955879 20.509906024705753 0.28470200432487003
0.911985854799151 13.008826850728845 5213.74938370511 21.45526377510398 0.2887901844459577
0.9370018430081937 13.014714458192438 4567.61657357025 22.44189136554427 0.29295023602384546
0.9622765753565511 13.02091438581533 4006.6360468356625 23.471752031309503 0.297185464451879
0.987798229103997 13.027306374543548 3518.3382796502124 24.54729639280612 0.30150220859967714
1.013537673462256 13.033760186660265 3093.757618296 25.670502473940154 0.30590236986953423
1.0394965591646725 13.04022577621841 2722.927099915716 26.843258332571285 0.31038667118650576
1.0656476748577706 13.046554184774106 2399.4911105347473 28.068693939288647 0.314964106560156
1.0919730317762375 13.052673899569445 2116.9741090726393 29.34890529965872 0.31963540882262437
1.1184684642508362 13.058512973014338 1869.610336915282 30.686563643845098 0.32440468967130803
1.1450959212500174 13.063967123768586 1652.9074489256532 32.08515451779391 0.329280590376934
1.1718555462353644 13.068991418981025 1462.941285149588 33.546523693792054 0.3342601940281596
1.1987083034970958 13.07344041313252 1296.173983740388 35.07525640941121 0.33935736249662635
1.2256515443544078 13.077311268741907 1149.687828607646 36.673429739026545 0.34456919113946693
1.252642846626522 13.080478494798315 1020.7890752768491 38.34599342886169 0.34990950217765443
1.2796830205485323 13.082925154638865 907.2742347999222 40.09527226480819 0.35537539381137984
1.3067239811130078 13.08451686729956 807.2604809266554 41.9267077022432 0.36098125375659784
1.3337579624559375 13.085228800940019 716.0190113206053 43.84369766784832 0.3667285494428888
1.3607639486887948 13.085039356424533 641.0021118009798 45.85106952080762 0.3726258161325993
1.38769240492409 13.083782480163816 572.162994979098 47.954082952749864 0.378682613959694
1.4145465753525999 13.081499578552759 511.1516525541313 50.157406212004645 0.38490415616153323
1.4412680281902983 13.078056334421415 457.14488746947524 52.466420163860434 0.39129826192455924
1.4678610487502028 13.073466590339198 409.27549557804815 54.88745485938517 0.3978761895047483
1.4942668276861522 13.067607637094092 366.76194469508454 57.42669472986694 0.40464699080796873
1.5204780692417859 13.060472905505026 329.04750535283273 60.09076182897092 0.41162042707879537
1.5464603552575644 13.051995781794119 295.4810222703415 62.88675522340466 0.41880702729307195
1.572175508926174 13.042125144907871 265.6434059754837 65.82229415423546 0.42621815131593854
1.5975987401994785 13.030807909037666 239.07700706781958 68.9055653515405 0.4338660583831144
1.6226791216984522 13.017975028571742 215.37694963938867 72.14537493263498 0.4417639815315216
1.6474375599916862 13.003672962177871 194.2257320444297 75.55120536806285 0.44992620868101074
1.6717861846258522 12.987752867029918 175.350087368735 79.13310098710525 0.45836743165193566
1.6957245340647964 12.970216527684522 158.46836096771708 82.90101553632029 0.46709994645343006
1.7191874529673528 12.95097942544629 143.38598815953412 86.86778593773163 0.4761457576591809
1.7421927005888964 12.930099129608651 129.87039488644442 91.04511561099868 0.4855197352681129
1.7646745665965218 12.907462884923726 117.76093731954661 95.44681003759702 0.4952426982890393
1.7866024739124138 12.883042429729363 106.8931232424903 100.08680490939669 0.5053332554805765
1.8079451532262862 12.856801375377028 97.15469478663069 104.98147102689964 0.5158165346534604
1.8286565344093197 12.82868677115886 88.39280470345857 110.14728022426235 0.5267148548067436
1.8487384875521822 12.798736932890785 80.52132200185414 115.60184171603838 0.5380515601533418
1.8681285800626324 12.766852223416743 73.43387550289908 121.36550123796845 0.5498565321602328
1.8868030922503047 12.73302163597467 67.05410251548854 127.459555797257 0.5621591543000116
1.904729473637612 12.697228538023237 61.300309008999484 133.90659518686832 0.5749893039993974
1.9218764005670228 12.659433045118853 56.11353124176409 140.7319227543746 0.5883819901735472
1.9381945475844393 12.619562814987 51.427658764854726 147.9633634149507 0.6023760729241053
1.9536991363276812 12.577752420958696 47.19882462455198 155.6295920827814 0.61700798724779
1.9683207075201736 12.533840595392972 43.36838572218956 163.7639778267808 0.6323244496381332
1.9820448367183172 12.48786774206078 39.905228652805185 172.4001629371565 0.6483666689172409
1.9948393134895845 12.439814145965304 36.76995318657467 181.57769083477874 0.6651887605395167
2.0066784142272227 12.389664260433623 33.926351841548005 191.33834597379084 0.6828445093270341
2.017539603969268 12.337430835663506 31.35001558767116 201.72810516058948 0.7013930737011969
2.027384327677108 12.283074157494859 29.011177893185963 212.7970919123645 0.7208978255753217
2.036203339570338 12.226632390776487 26.887561088417147 224.60025172750053 0.7414274605089477
2.0439573813227874 12.168066266305571 24.9585820222639 237.1991508392382 0.7630605881201193
2.0506271496969877 12.107388838592183 23.20249450667101 250.66016015918473 0.7858783649341825
2.0562044192835924 12.044649594078807 21.6070152540498 265.056546814615 0.8099696945314666
2.0606705098894325 11.97984927739651 20.155863736342045 280.47017577995035 0.8354349015059934
2.063991237909359 11.912996240496849 18.833553085677362 296.9900720211835 0.8623789106461831
2.066158901729884 11.844111167704677 17.62948538034386 314.7167392510444 0.890922906299515
2.0671641822413505 11.773250570535005 16.533450156529295 333.759701110836 0.921193470505986
