M[M_sun], R[km], Lambda[1], P_c[MeV/fm^3], rho_c[fm^-3]
0.24162668629717493 15.618656898711224 2160425.4255784233 3.5677272577965504 0.1711233750220791
0.25364583715370964 15.277223165374526 1723123.8232616882 3.7848466356875097 0.1738885099651028
0.26604246730556447 14.981224968788625 1382894.119514555 4.011458308428176 0.1766673478059691
0.27881941549076866 14.723451750597112 1116358.9947987765 4.247817528216025 0.17945855012181247
0.2919760722967478 14.498308662533642 905796.5286492234 4.494549846102032 0.1822686898214927
0.30551249064544916 14.301129936359791 738568.3406653509 4.751812172463855 0.18509349872096698
0.31943084285094003 14.12804101078804 605017.6993529601 5.020284714629357 0.18793954987252331
0.3337318312847112 13.975838098801148 497604.78326016886 5.300194343222187 0.19080352126270536
0.3484144605452033 13.841913513123469 410926.6608244105 5.592266513327971 0.1936916453463724
0.3634799953731439 13.723923236629172 340607.02355293505 5.896672524577907 0.19659905921133444
0.3789345595771818 13.619896177102685 283246.62259603094 6.214274861514397 0.19953340977693115
0.394769608202301 13.528333941703973 236364.81051247532 6.545327393253888 0.20249081202819477
0.4109967085923416 13.447766694093605 197820.8088632298 6.8905396943925625 0.20547509805807562
0.4276073874163681 13.376954927780258 166036.52088463405 7.250613856375623 0.2084892849769977
0.4446054071114485 13.314820186379302 139761.9412903889 7.625803895083823 0.21152883960792565
0.461986874220972 13.260475223945644 117940.28741621967 8.017068808687426 0.2146000775335697
0.47975676825120706 13.213068362520678 99779.78690309265 8.425109295006592 0.2177045732505375
0.49791657319986943 13.171902472821996 84614.21272506357 8.850359648194784 0.22083969868240674
0.5164578546624405 13.136326773308403 71916.99042320701 9.293706420349462 0.22400904770637933
0.535378541678732 13.105782092824423 61254.01965715211 9.756028632698891 0.22721545099889925
0.5546889332564129 13.079758882949687 52287.23727661319 10.238131989736093 0.23046020528405894
0.5743745382523149 13.05778661148525 44713.90353979372 10.740490827814584 0.23374004757573283
0.5944337113744972 13.039491752918138 37981.24657060577 11.264356495414289 0.23706124400504427
0.614873594301469 13.024471166622682 32889.197938202575 11.810662206430127 0.24042534823370065
0.6356831887007438 13.012394598096568 28280.12416927954 12.38038746188894 0.24383399410192552
0.6568554548623371 13.00300535623256 24360.854957392046 12.974208319203228 0.24728498406913418
0.6783906680709467 12.995972498341612 21019.249082243838 13.593477777389712 0.25078339455209225
0.7002823735817217 12.991045716956 18164.145077491394 14.239381764477189 0.25433172249381614
0.7225206043567345 12.987994427723237 15722.362663214808 14.913110615392114 0.25793195375174793
0.7451113129613604 12.98665096571288 13627.810807810325 15.615675834833116 0.2615837998864423
0.7680354010862139 12.986762722925072 11830.86795889332 16.348380472073366 0.26528952123018124
0.7912824991018349 12.988159378342981 10285.0419792013 17.11282389802735 0.26905363222449963
0.8148625932721543 12.99067671412157 8952.002904650368 17.910462010704645 0.2728785671267073
0.8387480603034356 12.994138067857111 7803.517012311966 18.742633770339737 0.27676516741156776
0.8629318108725226 12.99842538908916 6810.422522558754 19.610737188198637 0.2807143889107073
0.8874176297494504 13.003382800007707 5952.258371877472 20.51683368006342 0.2847323623847973
0.912176583884419 13.008865441129721 5208.417522926186 21.462718499955432 0.2888221034189803
0.9372022406311504 13.01475920085967 4562.807361472993 22.449842105559533 0.292983258871404
0.9624879202334403 13.020973486684687 4002.363909676413 23.480298566227763 0.297220174469605
0.9880121871158521 13.027353484686083 3514.8648235329597 24.5564789523464 0.30153868654956495
1.0137577569977947 13.033819242956257 3090.353229857725 25.680285512786558 0.3059401245005494
1.0397254122859456 13.04027841325588 2719.881176595119 26.85376145475156 0.3104263500908104
1.0658806192184955 13.0466002562355 2396.7568689470972 28.079966311918252 0.3150058079681162
1.0922170991871176 13.052729799580554 2114.4941073442724 29.36090697038528 0.31967860746817656
1.118717484076489 13.05856960691676 1867.299818675109 30.699437905745913 0.32445010446439454
1.145352935033586 13.064018383136222 1650.9230964731546 32.09885935077785 0.3293276788331951
1.1721198857441113 13.069025101194834 1461.1420289880691 33.56121985984739 0.3343097216230042
1.1989777978719436 13.073483255908009 1294.5883840797983 35.0910132743483 0.3394094661772775
1.2259274700487486 13.077355339958212 1148.309729132783 36.690201576280074 0.3446232944902222
1.2529271117997176 13.080514732284742 1019.6012174827434 38.363898208337744 0.34996601822522
1.2799715813521868 13.082950434607776 906.103715440006 40.11441312748382 0.35543460924594916
1.3070251702403177 13.084551135677533 806.2640050647774 41.94708876544232 0.36104286879836633
1.334057769751235 13.085240476664566 718.0836289997061 43.865547445766055 0.36679349828273333
1.3610687982944667 13.085029731153773 640.1912012275767 45.874342229394536 0.3726934900078116
1.3880104332857832 13.08378195662285 571.3878562858881 47.97887800026117 0.3787531886689266
1.414853196603854 13.08145448399835 510.4691395121503 50.18399549470919 0.3849786622618709
1.441587329836574 13.07801014134951 456.57084063642765 52.49476147055711 0.39137607653417833
1.4681828156399848 13.073405275274848 408.73987988291873 54.9176736870402 0.39795753315405796
1.4945943781228286 13.06752910795848 366.2676360144239 57.458926741102296 0.4047321010759068
1.5208071985180258 13.060372419381142 328.6202872737498 60.125153762247685 0.4117095599929244
1.5467916314595525 13.051876674321022 295.07615674060764 62.92346589402786 0.4189004588684357
1.5725102926136576 13.04198517744734 265.2698840055628 65.86149555629518 0.42631617924756754
1.5979231987204199 13.030641394876783 238.74430084998698 68.9474438721342 0.43396900390882026
1.6230321901403024 13.017827398675845 215.07289709005894 72.19013269110992 0.44187219148360074
1.6477741137216297 13.003464851892566 193.94638774237777 75.59906169459857 0.4500400577477249
1.672121874991471 12.987518594899313 175.1070932842155 79.18404415688248 0.45848628148419823
1.696059190417002 12.969957510596414 158.23973112012854 82.95554259988424 0.4672252494866914
1.719538405257941 12.950731248295947 143.17333095524955 86.92617759708246 0.4762779860383675
1.7425204827695218 12.929780489177942 129.68343566061785 91.10739617081045 0.4856582865890441
1.7650006449593676 12.90711378969632 117.58484567175391 95.51357949389282 0.4953892053850474
1.7869120955861761 12.882633550055992 106.74640371732895 100.15812140101917 0.5054871533755194
1.808262075179734 12.856391700622403 97.00986808978257 105.05770438010825 0.5159784163387903
1.8289647564486746 12.82823259338519 88.26745263017008 110.22888581257321 0.5268855551736789
1.8490462496729525 12.798255080558386 80.40748827502172 115.689489154821 0.5382326095170608
1.868418565363686 12.76630049658849 73.32673864556604 121.45940198248377 0.550047679665282
1.8870950003022005 12.732462786143945 66.95926956621824 127.5600671680136 0.5623606138896835
1.905014236219087 12.696628369457102 61.21043564100022 134.01426376682392 0.5752018752070271
1.9221517432711641 12.658791877523003 56.03218149486268 140.847567032656 0.5886073092049358
1.938460274833782 12.618884498948852 51.35265324984351 148.08767595329516 0.6026151942765454
1.9539521627224445 12.577020226504795 47.12959359086472 155.7629240743899 0.6172606647186086
1.968561020431437 12.533065823107234 43.307321970914956 163.90717822727626 0.6325920112650832
1.9822721533307532 12.487050997407938 39.849468201447856 172.55446807660394 0.6486515764858557
1.9950534664316681 12.43894798150893 36.71740392493681 181.74370103808246 0.6654911504266963
2.0068844914972193 12.388768085885513 33.87779731068856 191.51713933267138 0.6831659282925975
2.017724418479999 12.336473827351892 31.30509386779466 201.9208709387421 0.7017352139426417
2.027554718522481 12.282069275254806 28.971043071994025 213.00465730057797 0.7212609488037585
2.0363558611690142 12.225577145088288 26.85007239195615 224.82453801444166 0.7418151446954246
2.0440916058716923 12.166960677866534 24.92439151338666 237.44125073313097 0.7634733906788815
2.050742130262869 12.106228329920748 23.17077528548369 250.92199160194048 0.7863191931539787
2.0563062242347274 12.043456434762483 21.578690170973672 265.3401206249893 0.810441369111879
2.0607431407622436 11.97858342304896 20.12777777381616 280.77700098092714 0.8359381662485355
2.064040419106481 11.911661475904802 18.809046267178108 297.32295530549675 0.8629182412131685
2.0661873427011215 11.842733404864806 17.60797754171745 315.07835380392527 0.8915017800745687
2.067171834245696 11.771823067861368 16.512283230015008 334.15243206677025 0.9218137576797568
