M[M_sun], R[km], Lambda[1], P_c[MeV/fm^3], rho_c[fm^-3]
0.24162668629717493 15.618656898711224 2160425.4255784233 3.5677272577965504 0.1711233750220791
0.2536442204084466 15.277289023763291 1723214.6616776914 3.7848239384894464 0.17388822705547843
0.26604032799221483 14.981260761831187 1382923.2856897174 4.011410594054611 0.17666677120592367
0.2788158649059835 14.723506349969957 1116463.329003997 4.247743182072315 0.17945768781858268
0.2919705613604132 14.4983838722656 905850.7102929684 4.494446916934037 0.18226754368131845
0.3055060670109771 14.301226023992934 738623.8388804849 4.751677164940279 0.18509204038204663
0.31942185147301694 14.128128925884216 605083.7493715865 5.020116633880515 0.18793780596988088
0.33372110918785264 13.975979089200258 497688.65760984743 5.299988763666286 0.19080145141769558
0.3484022450821644 13.842017150307441 411000.39604244434 5.5920229213039905 0.19368928852653053
0.3634658225876099 13.724000618934399 340631.30095444847 5.896385446892623 0.19659636291696214
0.37891909594861484 13.619985096816562 283303.7475897313 6.213940823582803 0.19953036375320288
0.39475074907867025 13.528461322277519 236404.2459837152 6.544946741514994 0.20248747422667998
0.4109765038517886 13.447858041362247 197861.7147718257 6.890105079661411 0.20547139669664613
0.42758489183666165 13.377046101180976 166081.7661787099 7.250121199642794 0.2084852093541041
0.4445801304479889 13.314935190279842 139803.6039516914 7.625254557652979 0.2115244665287533
0.4619618567724675 13.260562728610186 117981.93595419958 8.016453207852216 0.21459531536341742
0.4797269952433183 13.213140815107243 99805.08167157831 8.424422629644276 0.21769941048695346
0.49788397748036695 13.171977814180444 84640.49039015913 8.84960444986025 0.2208342307237933
0.5164225927261867 13.136398897659786 71935.65808500553 9.292870466335756 0.2240031625380072
0.5353416004152489 13.105844173325568 61275.19758450126 9.755106254110773 0.22720913590684158
0.5546489830128611 13.07979440348679 52297.23727676288 10.237121436812423 0.23045350182345692
0.574330536457039 13.057839153538895 44728.76131652527 10.739387982506386 0.23373296696723547
0.5943883938009089 13.039518186590069 38326.44726849103 11.26314903438222 0.23705369976666532
0.6148258236667521 13.02450078781498 32900.905437171765 11.809342995403977 0.24041732522960665
0.6356304468375156 13.012428506241763 28291.231149296953 12.378948921459855 0.24382547639730096
0.6568005494968285 13.00301307717514 24369.70075050598 12.97265705545338 0.24727611768166569
0.6783326986991922 12.995986818098215 21026.59593708364 13.591791759504334 0.2507740072562177
0.7002195935787967 12.991063413030288 18171.323130473753 14.237551950791808 0.25432179566526886
0.7224557292729168 12.987996834323534 15729.194012913176 14.911127383235113 0.25792146765574886
0.7450436374499123 12.986654415596773 13633.193407010353 15.613548295615207 0.2615729253172129
0.7679640472325834 12.986761192131816 11835.631728756453 16.346079810950556 0.26527805301150975
0.7912098724799128 12.98814394824752 10288.448659017018 17.110338566482422 0.2690415468988005
0.8147854234486149 12.990662966822029 8957.154185631023 17.907779694485725 0.27286583972804335
0.8386669592274487 12.994133269320928 7807.053156285087 18.73976636733725 0.2767519931784055
0.8628485549463866 12.998400444410791 6814.398723114124 19.607647410361324 0.2807005270261722
0.8873291489506391 13.003356876638803 5955.167845618963 20.513506653770314 0.2847177828397173
0.9120851078848821 13.00884592824178 5210.95921398396 21.459138332966088 0.2888067741807017
0.9371049579985117 13.014736272994053 4564.962279343239 22.446023712766383 0.29296739944160444
0.9623889868544946 13.02095316534874 4004.2575784100177 23.476194022902412 0.2972035046995821
0.9879099240592629 13.027333561292604 3516.416993865032 24.55206893535483 0.30152116764559084
1.0136517198319541 13.03379466983455 3091.6957803968303 25.675587094329504 0.30592199239885937
1.0396159999001606 13.040243811917199 2721.301793443649 26.848717187417574 0.31040729375714154
1.0657672194958734 13.046578620243153 2398.1446377990187 28.07455257942201 0.3149857802175413
1.0921005026224861 13.052704941382377 2115.688688962842 29.355142961999395 0.3196578605771066
1.1185984647353304 13.058539125089942 1868.5107985697007 30.693254794692415 0.32442829313949767
1.1452290276261068 13.063994213055599 1652.0324578928696 32.09227731974928 0.3293050636228849
1.1719919584701886 13.069009072945262 1461.9840414833195 33.554161690459736 0.3342859348644401
1.1988487514258783 13.073472638242079 1295.4502950891863 35.08344564749351 0.33938444208685703
1.2257948926175266 13.077331088348334 1149.0178605016072 36.682146455362286 0.34459730991704735
1.2527903406200158 13.080495896098427 1020.1180527606995 38.35532289845228 0.349939015396476
1.2798333741741568 13.08293366645581 906.6854551662209 40.10522014523306 0.35540616923004226
1.3068766867793198 13.084521963234735 806.707657668812 41.937300103099524 0.3610132761891282
1.3339144802536413 13.085237469228153 718.5467611355705 43.85505333765144 0.3667623043662636
1.3609222452858778 13.085032008443283 640.5725112227208 45.86316466728873 0.37266098717556495
1.387853260992742 13.08377480785556 571.7756266483013 47.96696923352349 0.37871929247455766
1.414710037003683 13.08148343826953 510.7866822608713 50.171224916768516 0.38494287769513436
1.441433402355203 13.078029112745506 456.85586290359356 52.48114935745661 0.39133870277162236
1.4680278320335693 13.073434899691833 408.995623055035 54.90315975533294 0.39791846426017574
1.4944373945607505 13.067566683559214 366.5085481127332 57.44344582378501 0.4046912229249537
1.5206493094907452 13.060421132695765 328.81825796724297 60.1086353714711 0.4116667495962308
1.546633032318632 13.051932755087986 295.2772429284407 62.9058337401674 0.41885558363504244
1.572348946040387 13.042052464052611 265.4451438591166 65.84266701852347 0.42626909617103503
1.5977733711050541 13.030725577626995 238.9049051453462 68.92732941504269 0.43391955867221166
1.6228596154310921 13.017903350113587 215.21372530976194 72.1686352212591 0.441820217473694
1.6476125744435846 13.003564017608797 194.085753649507 75.57607585011283 0.4499853749684191
1.671960504830692 12.987629489759362 175.21819415254618 79.15957557225761 0.45842919655620723
1.6958972768594316 12.970081140386865 158.3502019602618 82.92935249823687 0.46716506470938374
1.719379164227181 12.950870177695979 143.27007052143784 86.89813113182451 0.4762144745936817
1.742359839556833 12.929921858261073 129.77045669130382 91.07748166881832 0.48559173783324394
1.7648447908629898 12.90728123610068 117.67187382332686 95.48150871784608 0.4953188349413445
1.786770566964879 12.88284494763106 106.81213295511232 100.12386642411666 0.5054132326214739
1.808109034248626 12.856588257433708 97.079901439105 105.02108753856022 0.5159006603990112
1.8288190925830474 12.828454286124156 88.32520569156547 110.18971331617998 0.5268036559039088
1.8488977327601404 12.798489037049242 80.45713564590004 115.64738936520554 0.5381456458792357
1.8682758300107876 12.766549934770199 73.38380439663311 121.41429829027373 0.5499558650766017
1.8869544373700147 12.73273112111687 67.00364992073517 127.51187618680164 0.5622641609043559
1.9048780281838806 12.696915185153772 61.25287822445214 133.9625463655359 0.575099768998774
1.9220195093969776 12.659098377783616 56.0703910014828 140.79201826024124 0.5884990790721413
1.9383338464349569 12.61921196514367 51.38903925066314 148.0279630839091 0.6025003336013808
1.9538302078575498 12.577368461921004 47.159170423065405 155.69887839243253 0.6171392917402363
1.9684464420529217 12.533441394251833 43.338874491677416 163.83841153543392 0.6324635545132307
1.9821615012750395 12.487440318553986 39.878051768375755 172.48034704994973 0.6485147201143641
1.9949538991604474 12.439364377123125 36.744015587786684 181.66395693144133 0.6653458954307349
2.006787847807876 12.389205688707046 33.90139981721448 191.43125418111723 0.6830115315256111
2.0176355173553038 12.33693253427716 31.325945561136116 201.82827335907277 0.7015708623727267
2.0274720906666786 12.282548026356354 28.98962562961616 212.9049498789608 0.7210865166349447
2.0362822398207916 12.226084933288403 26.86860051672875 224.71679763560044 0.741628912885663
2.0440271793944333 12.167490372763485 24.940870084208388 237.3249524037457 0.7632750913439331
2.0506877741799885 12.106785457260065 23.18664550323329 250.7962948940674 0.7861076934713086
2.0562600374604436 12.044041271080472 21.592608322898954 265.203965226426 0.8102150073335493
2.0607081309192306 11.979192397792115 20.140590267954643 280.6296069121207 0.8356964056700239
2.0640137741145557 11.912296883047997 18.819098607262728 297.16304199570726 0.8626591529978644
2.0661749538692624 11.843398320997112 17.617890630621137 314.9046368075725 0.8912236933309114
2.0671681830358004 11.772508792381297 16.52261403725904 333.96376535582317 0.9215157736804065
