M[M_sun], R[km], Lambda[1], P_c[MeV/fm^3], rho_c[fm^-3]
0.24162668629717493 15.618656898711224 2160425.4255784233 3.5677272577965504 0.1711233750220791
0.253645038916475 15.277271748606543 1723093.2239057738 3.784840953334241 0.17388843913731056
0.2660419149356826 14.981241600942123 1383009.5912476524 4.011446362865992 0.1766672034508999
0.2788191033282551 14.723422112815875 1093854.442203876 4.247798915182838 0.17945833423867674
0.29197400047859373 14.498335789040686 905815.5632702267 4.494524077048304 0.18226840287709872
0.30551087845362246 14.301142006842994 738567.9433148899 4.751778372261357 0.18509313361427135
0.31942889482098785 14.128066137731857 605026.5820298111 5.020242634161919 0.1879391132714321
0.3337283072758336 13.975895354208717 497635.2051135493 5.300142874451727 0.19080300305758896
0.3484114067966766 13.841939451153007 410951.8755043669 5.59220552761074 0.1936910552927816
0.36347636070801986 13.723883527594419 340619.59892886627 5.8966006515788685 0.1965983841649175
0.37892982512082857 13.619939458746813 283249.52502491826 6.214191231269757 0.1995326471697974
0.39476415971220497 13.528386992206391 236369.9782889427 6.545232092455006 0.20248997636893365
0.4109917205145035 13.44778950928203 197824.98005345126 6.890430882994267 0.2054741713745468
0.4276012400415484 13.377003667173446 166023.27022647305 7.250490513068302 0.20848826458942643
0.44459823822181893 13.314862376038757 139775.72600359266 7.62566636064813 0.21152774474538316
0.4619801765947134 13.26050436539371 117945.74698225221 8.01691468384115 0.21459888525327916
0.47974925582749484 13.21309064408261 99787.49961662144 8.424937377624424 0.2177032806721597
0.4979076564464689 13.171933028315555 84624.21218148914 8.850170572057918 0.22083832969038983
0.516448751242553 13.136354017226502 71923.46360746743 9.293497125152934 0.22400757425514775
0.535369443535708 13.105799648617698 61259.655293250544 9.755797699027617 0.2272138699047454
0.5546785765426492 13.079763380960436 52291.56197050324 10.237880382925246 0.2304585449969956
0.57436346330226 13.05781542340507 44717.648626123395 10.74021470974936 0.2337382748122234
0.5944227286683785 13.039513225829927 38318.51770186433 11.264054184027835 0.23705935515803098
0.6148626389511019 13.0244714293682 32892.601547208425 11.810331915375356 0.24042333951300918
0.6356689609829025 13.012409543462043 28283.04148768331 12.380027293354528 0.2438318615173077
0.6568416113435193 13.002997861198715 24362.840026921764 12.973819927168798 0.24728276417953304
0.6783757906531245 12.995969622523097 21020.504973225885 13.593055645657529 0.25078104423570335
0.700267167400158 12.99105803350661 18166.35557289832 14.238923629081311 0.25432923708693417
0.7225041801356199 12.987998678966079 15723.67542608039 14.912614066878804 0.2579293283125827
0.7450943314326872 12.986645281100133 13629.226487345813 15.615143154503183 0.2615810771779365
0.7680174170228061 12.98676297205792 11750.639790088318 16.347804445001998 0.265286649879703
0.7912660209316739 12.988146471225935 10286.286781427913 17.112201632516026 0.2690506063580348
0.814844058690387 12.990670711142476 8953.081413649465 17.909790423308248 0.2728753804925322
0.8387279863416389 12.994147555182312 7804.722269792674 18.74191584009858 0.27676186889357673
0.862910567657965 12.998426450726372 6811.402265299776 19.60996357844976 0.2807109182116543
0.8873956797505984 13.00337369570481 5953.008585667148 20.51600066647061 0.2847287119900728
0.912154567888906 13.008868230898397 5209.039162520324 21.46182210310772 0.2888182653072633
0.9371766818592989 13.014757561728972 4563.325945679812 22.448886059981913 0.29297928800236434
0.9624642930078141 13.020963102938222 3980.392012932312 23.479270871725372 0.29721600069687304
0.9879856946940505 13.027356158829123 3514.98660682251 24.55537477036737 0.3015343001587421
1.0137300835120457 13.033814258014257 3090.4589970131938 25.679109118084753 0.30593558456683434
1.0396979498082104 13.040269426468125 2720.186150308994 26.852498462514514 0.3104215787335653
1.065851588495867 13.046595367178327 2397.0406700659028 28.078610808520963 0.3150007933716316
1.0921876155796677 13.052726739168763 2104.068654836204 29.359463760749964 0.3196734127996247
1.1186877966188664 13.058558832352695 1858.3726756808994 30.69788975546261 0.32444464326395256
1.145320358469229 13.064015200366208 1651.1525203161782 32.09721131356529 0.32932201633965785
1.1720885498014353 13.069021686448542 1461.3585411110803 33.55945259985736 0.33430376577462567
1.1989451936759976 13.073486654137893 1294.7896847464408 35.08911844817794 0.3394032005008207
1.22589460067807 13.077344956280793 1148.4819559607158 36.68818468361473 0.3446167883066921
1.2528936630494643 13.080501763313347 1019.71540546394 38.36175106212766 0.3499592570676439
1.2799371272917421 13.082946914809943 906.2217141266908 40.11211131701407 0.35542748821334097
1.3069903005309773 13.084550728605226 806.3679534721955 41.9446377977064 0.36103545915158064
1.3340218513445277 13.085243685151614 718.1517014469508 43.862919834215525 0.3667856876623045
1.3610325365579328 13.085028301000326 640.2868804207673 45.8715434809528 0.37268535162752425
1.387971983269856 13.083783406345077 571.4707275317612 47.97589615757186 0.3787447013820731
1.4148165822188243 13.081457351722323 510.59230765246815 50.18079785199476 0.3849697021145975
1.4415492856506738 13.078017310701915 456.6361935346004 52.49135310518163 0.39136671843986137
1.4681441792706666 13.073408871112706 408.7845930557404 54.91403950308102 0.3979477505844336
1.4945541879373208 13.067537557599833 366.3323749104895 57.45505041964781 0.4047218654516016
1.5207675783367816 13.060384239412421 328.6708628915763 60.12101765187911 0.41169884051497757
1.5467518208481663 13.051890589682472 295.12790979331294 62.91905089037216 0.4188892223331236
1.5724697017755294 13.042002384446013 265.3210935925324 65.85678096943037 0.4263043898427361
1.5978832571348727 13.030661881903518 238.78032277049093 68.94240728048199 0.43395662298972254
1.622991420536956 13.017850835306493 215.10593582499249 72.18474978028193 0.4418591773259979
1.6477337655990687 13.003488172934196 193.97446936511832 75.59330607947336 0.4500263652757404
1.672081132146212 12.987548882720494 175.1408066306112 79.17791724884012 0.4584719874778318
1.6960188949459776 12.96998615403075 158.27133645119613 82.94898460287799 0.46721017922867103
1.7194990450649659 12.950766592616203 143.19749845277022 86.91915474181283 0.47626208272649234
1.7424808239277154 12.92981780023496 129.70534507813895 91.0999055344586 0.48564162268036537
1.7649614293390585 12.907156390787339 117.6050092893087 95.50554889304604 0.4953715844536435
1.786873139835942 12.882679179760812 106.76199068766489 100.14954384247854 0.5054686433763156
1.8082241759043876 12.856440022650403 97.0308877939568 105.04853537149118 0.515958945929773
1.8289370794304394 12.828304606079856 88.28105253858583 110.21907682267856 0.5268650471850767
1.849009597574359 12.798312715336497 80.41673575588621 115.67894711197013 0.5382108332943102
1.8683834410836433 12.766362065480187 73.34375194692215 121.44810770161446 0.5500246886483243
1.8870580493462676 12.732532401394801 66.96682694114072 127.54800017415202 0.5623364627568588
1.9049793204306358 12.69670099159766 61.21974569585234 134.00131327076525 0.575176306906714
1.9221189487247778 12.65886885009767 56.04209107606734 140.83365706944477 0.5885802073069086
1.9384285184201338 12.618965726993439 51.3622618321883 148.0727231947522 0.6025864319015419
1.9539216950574139 12.577106609312334 47.13724964250649 155.74688626849178 0.6172302714710247
1.9685341289944753 12.533165160125558 43.31625062886131 163.88995815304781 0.6325598440233157
1.982244507388521 12.487148971046256 39.857443892893286 172.53590711949445 0.648617305707966
1.9950280516217778 12.439052397619973 36.724742992793104 181.72373189335323 0.6654547763526841
2.0068599943354664 12.388878850611146 33.88296294803082 191.49563227725557 0.6831272648011382
2.017702029814598 12.33658839380296 31.310601073506586 201.8976828700291 0.7016940574079905
2.027533609526138 12.282192550041746 28.974867008076828 212.97968868839646 0.7212172677105715
2.03633755083675 12.22570303119728 26.85580539010976 224.79755765991115 0.7417685085103076
2.0440756029112497 12.167093575986089 24.928933700765114 237.41212715190488 0.7634237322975533
2.0507289559707114 12.106367534474716 23.175135500750454 250.89051430406596 0.7862662288510592
2.0562963802239382 12.04360220051863 21.58291142710048 265.3060560935222 0.8103847871098797
2.0607352837872077 11.97873582393353 20.13196174531269 280.7400897686977 0.8358776232694698
2.0640329427155737 11.911822307964334 18.81157687823897 297.2829087250872 0.8628533585773143
2.0661865377319306 11.842903432651642 17.60987576225288 315.0348501474753 0.8914321392771031
2.067171493204257 11.771995777937471 16.515049816545215 334.105184297045 0.921739133601601
