M[M_sun], R[km], Lambda[1], P_c[MeV/fm^3], rho_c[fm^-3]
0.24162668629717493 15.618656898711224 2160425.4255784233 3.5677272577965504 0.1711233750220791
0.2536416222344128 15.277356764048637 1723106.1403112607 3.784796904403107 0.1738878900886339
0.2660383449067278 14.981257488399319 1383016.8904213884 4.0113537631424006 0.17666608443788892
0.27881126808108214 14.723577140058739 1116539.12805752 4.247654631792641 0.1794566607687809
0.2919640695729049 14.49850930704407 905936.5536221956 4.494324323801678 0.18226617857833724
0.3054971105589591 14.301321146033263 738721.842225587 4.751516366516867 0.18509030345218538
0.3194122376725128 14.128246462387716 605173.3182529426 5.0199164458368015 0.18793572894166186
0.33370734635085625 13.976082173668885 497733.1690775763 5.299743915803466 0.1907989862059931
0.3483878192514913 13.84213697448265 411076.5984597652 5.591732802455286 0.19368648154686038
0.3634485369293319 13.72409301244473 340698.53380008956 5.896043539385802 0.19659315164930274
0.37890039564599354 13.620088454228462 283360.79061982833 6.21354299009966 0.1995267359908593
0.3947296909543057 13.528553179909515 236446.26105701848 6.544493395265421 0.202483498992512
0.41095247401256685 13.44799327099833 197915.65469321044 6.889587469171077 0.20546698850850365
0.4275585468715014 13.377140507925573 166117.30249971076 7.249534468029654 0.20848035547383503
0.4445512662801904 13.315012580414246 139846.86353762957 7.624600326726369 0.2115192584299084
0.4619286249846422 13.260664003572826 118010.53114992633 8.015720066736145 0.2145896439241655
0.4796916004854446 13.213235178898765 99840.09705413361 8.423604861798148 0.21769326201596906
0.49784625491753753 13.172056309978945 84670.37458657868 8.848705070638365 0.2208277188339517
0.5163811079521667 13.13647150369021 71960.13359761472 9.29187492161462 0.2239961538411054
0.5352962344020152 13.10591037403047 61296.17995062925 9.754007794304568 0.22720161526955965
0.5546002586354593 13.079867941118374 52319.39927138102 10.235912902222974 0.23044545345454207
0.5742783462778758 13.057898790769459 44746.485872721416 10.738074624271729 0.2337245348005415
0.5943342748933155 13.039561895907061 38343.2888106012 11.261711102423424 0.2370447155417655
0.614768516113021 13.024529991919318 32914.937525482295 11.807771995712057 0.24040777093032467
0.6355660025514742 13.012472191194755 28306.0307972833 12.377235830131987 0.2438153330564322
0.6567345152492939 13.00305700002439 24381.08753580351 12.970809739236124 0.24726555917969553
0.6782623248366814 12.996013856447743 21036.135070053668 13.589783987432364 0.2507628285192353
0.7001480724911906 12.991079807611436 18180.69499258638 14.23537295830523 0.2543099745246834
0.7223790109643501 12.987998493826248 15735.471493696925 14.908765714163469 0.2579089806211292
0.7449630305775 12.986649512309533 13640.391099031345 15.61101479934992 0.26155997576483925
0.7678798622631746 12.98674654484951 11841.311461998734 16.343340180578235 0.26526439664122675
0.791121057089316 12.988132346841303 10294.012589160804 17.10737905339455 0.2690271557888294
0.8146916508026579 12.990653295076974 8960.991641933391 17.904585638600786 0.27285068416125524
0.8385712163269311 12.994115232667083 7811.083090583172 18.736351935136636 0.27673630562911833
0.8627474485892294 12.998389168279028 6818.2259639743515 19.603968208670477 0.2806840207685365
0.8872187847547772 13.003331888618172 5958.25407699886 20.50954497606047 0.28470042215372493
0.9119753708219633 13.00881861748407 5214.032901628501 21.45487526026543 0.2887885209379279
0.9369909675369383 13.014715018682914 4567.747031514467 22.441477002759736 0.2929485149967409
0.9622665425186706 13.020914214242953 4006.824217470162 23.471306621505367 0.2971836555103203
0.9877870769062908 13.027303462772586 3499.190405072078 24.546817839922287 0.3015003075362494
1.0135207243642836 13.033774610433202 3093.65100963462 25.669992630171063 0.3059004022842389
1.0394868160747768 13.04021436997894 2723.0640529870457 26.842710966102608 0.31038460333455115
1.0656360486350334 13.04655106832984 2399.5851535523584 28.068106488476666 0.3149619333241593
1.0919617380505136 13.052666759073215 2117.0663643728267 29.348279846251934 0.31963315757439026
1.1184554638751065 13.058510212789221 1869.7259482802256 30.685892722005278 0.32440232295104343
1.1450819025321683 13.063965050021775 1652.9951979196462 32.08444031694988 0.3292781364531799
1.1718431544681418 13.06897710826561 1463.0748947218408 33.54575783814207 0.33425761301565615
1.1986935993008458 13.073444361538407 1296.2768214224202 35.07443528513064 0.33935464726123776
1.2256370294699053 13.077309177362096 1149.7635714242745 36.672555728567886 0.3445663717170212
1.2526288718950007 13.08047566851773 1020.8297147099984 38.345056478427054 0.34990653412407746
1.2796671029986573 13.082923199432312 907.3385536647605 40.094274816420345 0.3553723080392938
1.3067080358995689 13.08451950077617 807.2720748971391 41.92564563374978 0.3609780429626396
1.333741603677494 13.085231997505442 716.0934605101836 43.84255907440531 0.366725164954339
1.360747055364113 13.08503591822799 641.0590502830071 45.849856787694705 0.37262228966944433
1.3876767848754838 13.08378402518462 572.2115779570137 47.952790901202356 0.3786789363639064
1.414530001340982 13.081502076934242 511.18294801934803 50.156020677668536 0.3849002737416344
1.4412508866662346 13.078061447726547 457.1740204881333 52.464943345779766 0.3912942071354256
1.467844718497278 13.073469606210883 409.3111403271317 54.885880219926996 0.3978719508585196
1.4942508074589278 13.067610111917933 366.7930730359702 57.4250152019176 0.4046425559288439
1.520460795243066 13.06047674682087 329.07169013013913 60.08896976853826 0.4116157826301285
1.546443794613862 13.051999553418314 295.5116785908187 62.88484235749086 0.4188021588972417
1.572158286240144 13.042131933895678 265.6563475240962 65.82025152345497 0.4262130434662196
1.5975809341155789 13.030816593221074 239.09391541583645 68.90338324689179 0.4338606943466818
1.6226626741971737 13.01798768304569 215.39394314779253 72.14304282576467 0.44175834324262425
1.647420383002379 13.003683825179847 194.2457833261045 75.54871183427323 0.44992027662321776
1.6717695056635267 12.987763937868728 175.35852938020886 79.13044663666417 0.4583612390827244
1.6957074643820538 12.970231647475456 158.48214743063724 82.8981744791449 0.4670934177123155
1.719170372228989 12.950998333721861 143.4017547492713 86.86474355296393 0.4761388681545638
1.7421765852510913 12.930112452784016 129.8817341665813 91.04187063211268 0.4855125163845253
1.7646564005087069 12.907481052763957 117.76598341232604 95.44333121381935 0.49523506497288744
1.7865862882233632 12.883062779336115 106.901159283915 100.08308921190292 0.5053252371665858
1.8079267210495753 12.856824132464926 97.15857285069289 104.97749919324151 0.5158081004563622
1.8286407949903205 12.828709000553214 88.39953270693704 110.14301444412345 0.5267059087899582
1.8487229340181413 12.798763233819107 80.52475150053941 115.5972753001551 0.5380421275138759
1.8681136976827388 12.766878623583434 73.4390461120563 121.36060907988164 0.549846573519144
1.8867878417955133 12.733051383118704 67.06041481945473 127.45431043874473 0.5621486269073309
1.904714629541502 12.697256647717998 61.30414917503382 133.90098585652854 0.5749782294396251
1.921862181101637 12.659466493114909 56.11739854748248 140.7258979783882 0.5883702516188191
1.9381821529079255 12.619598527939912 51.43296152377144 147.9568871256685 0.6023636154594556
1.9536857478948582 12.577788512367485 47.20210849924618 155.62264598893938 0.6169948237046456
1.9683082128437275 12.533880563824457 43.37237451230827 163.75649802385507 0.6323104442005991
1.9820324716850235 12.487911280402235 39.90883662807618 172.39212442931458 0.6483518266914231
1.994828585520668 12.439857227789483 36.77335240950623 181.56904266516645 0.6651730077786543
2.006667376855217 12.389713447856822 33.9301052865363 191.32903200124238 0.6828277654868795
2.0175289289659 12.337481092841633 31.35004528448705 201.7180634560552 0.701375250666181
2.0273748992396547 12.283127677991212 29.01250129428474 212.78627939875906 0.7208789097296611
2.0361947289400457 12.226687795685992 26.889212369324948 224.5885683632544 0.7414072655357069
2.0439504037816496 12.168124176566987 24.96046021069205 237.18653972334374 0.7630390850090424
2.050621838364764 12.107448759270241 23.2042268469112 250.64650284412875 0.7858553417880827
2.056199871673246 12.044712930187083 21.6087881047414 265.0417689498718 0.8099451033059581
2.0606652478833025 11.979915676955036 20.15584023532237 280.45419384034983 0.8354086874052847
2.0639887420531315 11.91306460893188 18.834416318200724 296.9727330603539 0.8623508184228248
2.0661573794110324 11.844182773251884 17.63086065027241 314.6979040912869 0.8908927549133341
2.0671637240043905 11.773324350938559 16.534142086145923 333.73924556914466 0.9211611626118618
