M[M_sun], R[km], Lambda[1], P_c[MeV/fm^3], rho_c[fm^-3]
0.24162668629717493 15.618656898711224 2160425.4255784233 3.5677272577965504 0.1711233750220791
0.2536444437633895 15.277259618614288 1723236.0894466164 3.784828692824121 0.1738882863159666
0.2660401607651125 14.981252540557556 1382941.4385111502 4.011420588651186 0.17666689198472488
0.278816828963764 14.723465267359078 1116387.4199674618 4.247758755100811 0.17945786844224518
0.2919713025825618 14.498380986717017 905860.2282165274 4.4944684770810985 0.18226778375855981
0.30550681668676005 14.301216697546499 738594.665200669 4.751705444317002 0.18509234585328724
0.31942457816248826 14.128105207435233 605071.193460176 5.020151840839821 0.1879381712556723
0.33372327283088676 13.975901213215236 497659.92907189525 5.300031825161761 0.1908018849755031
0.3484048010673581 13.841995584049263 410986.9612604347 5.592073944890373 0.1936897821937649
0.36346827049248925 13.723954646008968 340661.29879107664 5.896445578944713 0.19659692768992068
0.3789225144050744 13.619962295715363 283291.61453710846 6.214010791840022 0.19953100177946143
0.3947551203955983 13.528414967236086 236395.43512366808 6.545026473373032 0.2024881733673625
0.4109806524368393 13.447846480432407 197852.86720494332 6.89019611441412 0.20547217198680146
0.42759013748407626 13.377013997798413 164054.25093018668 7.250224391614793 0.20848606303484263
0.4445852411230336 13.314900507670398 139795.9835689448 7.625369621669893 0.21152538251231387
0.4619674592197977 13.260548271745982 117976.21963242037 8.016582151002327 0.2145963128429296
0.479731971013177 13.213141960045682 99802.32880238026 8.424566457484318 0.21770049187124293
0.4978912437245765 13.17195820182033 84633.18941777789 8.849762632105623 0.2208353760308359
0.5164296958926168 13.136391996114275 71931.06708774767 9.293045562994429 0.22400439522940027
0.5353487834166395 13.10583322954122 61269.581555570985 9.755299452475802 0.2272104586451144
0.5546571077848663 13.079789991459997 52300.13409206646 10.237333996325873 0.23045491738689677
0.5743404103657714 13.057824740414645 44725.86152620521 10.739618979613237 0.2337344500402154
0.5943980647070444 13.039509640887692 38322.24415647894 11.263401943124348 0.23705527994506284
0.6148356433417598 13.024491151421303 32898.065731880655 11.809619309963262 0.24041900568314778
0.6356409445315553 13.012433902478682 28288.930847173262 12.379250229241324 0.24382726046303296
0.6568122555239687 13.003014706751111 24367.995287435435 12.972981972796264 0.247277974775959
0.678344790775607 12.99598705732196 21025.64709588627 13.592144900560339 0.2507759734510054
0.7002340447256216 12.991060680483336 18170.273962717605 14.237935209198124 0.254323874860828
0.722469285375856 12.987992543394089 15727.626204621321 14.911542774305028 0.25792366398491834
0.7450564861429435 12.986655754528297 13632.163510655319 15.613993910990374 0.2615752030074224
0.767979359325596 12.986753467914617 11834.854731127172 16.346561685543332 0.2652804550354964
0.7912256278275863 12.988144872892358 10287.617168099856 17.110859118920708 0.26904407816903403
0.8147994714381953 12.99066934176597 8954.970206024705 17.90834150375779 0.272868505472868
0.8386843153820646 12.994138006927152 7806.71221069922 18.74036694152207 0.2767547525060393
0.8628645808543371 12.998412373896066 6813.100933062732 19.608294558857253 0.2807034303733383
0.8873464635413942 13.003360396530878 5954.56533979642 20.514203491547207 0.2847208364909021
0.9121038900952948 13.008856777698293 5210.423191531696 21.459888188310444 0.2888099848441379
0.9371249194569901 13.014742040440925 4564.49664415773 22.446823461936436 0.2929707211443487
0.9624097308692586 13.020951470622752 4004.005222400571 23.477053702819905 0.2972069961151628
0.9879313001325654 13.02734058730495 3516.0523537534605 24.55299259279181 0.30152483689810716
1.013674792835058 13.03379640967934 3091.593450538274 25.67657115377754 0.30592579007378845
1.0396401114193257 13.04025547502547 2721.065833681653 26.849773679993966 0.310411284995853
1.0657905117368793 13.0465870733756 2397.7962790252263 28.075686450945163 0.31498997490135056
1.0921242542108291 13.052707420741926 2115.3738813371924 29.35635019363391 0.31966220586974686
1.1186226903030712 13.058544681753904 1868.2423960022247 30.694549800534183 0.32443286135651883
1.145254247615363 13.063999923240601 1651.7851417397071 32.0936558729519 0.32930980019590705
1.172018619162823 13.069011129323574 1461.8010130099733 33.555639962398104 0.3342909167932886
1.1988759503203132 13.073473717154958 1295.1917220818063 35.08503061586084 0.3393896831475619
1.2258222853426524 13.077337533573074 1148.8586589615095 36.683833520448516 0.34460275212786345
1.2528184022861488 13.080495638765823 1019.9602802195519 38.357118907271406 0.3499446708560703
1.2798628285185911 13.082933652372308 906.5530697844032 40.10714551277491 0.35541212567399305
1.3069052273566857 13.08452392893195 806.5967371132621 41.93935022367816 0.36101947401422935
1.333944066137124 13.085239251829256 718.4792877076846 43.85725119820262 0.3667688375444715
1.3609529402235427 13.085031060705065 640.4706532666858 45.865505662276455 0.37266779447098913
1.3878838852561595 13.083771464912417 571.7049408396288 47.96946336274642 0.37872639157144855
1.4147418695964968 13.081478998604776 510.7282455005968 50.17389953123906 0.3849503722596294
1.4414658585577276 13.078027104465702 456.7910167385351 52.48400021101628 0.3913465301473747
1.4680610111108017 13.073424146119697 408.9419139439362 54.90619947219186 0.3979266466312788
1.4944702549540276 13.0675593409477 366.46435679523535 57.446688050777446 0.4046997841905237
1.520681667580855 13.060412071614172 328.7686024562555 60.112094869618254 0.41167571551125504
1.5466665027760937 13.051922334190744 295.23319921189596 62.90952648537775 0.418864981965189
1.5723817263150026 13.04204038241652 265.4116204080992 65.84661031244681 0.4262789568629185
1.5978068127298841 13.030708100656586 238.87106889593798 68.93154200721946 0.433929914040789
1.6228939494559396 13.01788433244486 215.1889725867597 72.17313744384805 0.4418311024086684
1.6476459947718227 13.003542977655313 194.05386253693146 75.58088976663542 0.4499968271617446
1.6719948609362243 12.98760818042006 175.18819413015314 79.16470000313558 0.4584411517948182
1.6959319539502178 12.970053392685154 158.3364745478664 82.9348374444799 0.46717766909987546
1.7194122801467633 12.950839518180144 143.24545185312775 86.90400483081699 0.47622777563198476
1.7423914970497392 12.929885265889297 129.76439782091242 91.08374656535558 0.48560567492201384
1.7648767054140582 12.907247820089323 117.65394540398253 95.48822516916078 0.49533357233523967
1.78680382931715 12.882808198174429 106.80749665504457 100.13104027857595 0.5054287134881682
1.8081412871596019 12.856547647930347 97.06390376156418 105.02875599921094 0.5159169443912767
1.8288506036843215 12.828409004471668 88.31303822881605 110.19791696271726 0.5268208075465846
1.8489304181490918 12.798439178301326 80.44690368010778 115.65620601728968 0.5381638580400488
1.8683057073814273 12.766497665779983 73.37126743694026 121.4237439902269 0.5499750930602434
1.8869837095770596 12.73267504442588 66.9971802374395 127.52196968064248 0.5622843647850312
1.9049072806095353 12.696854773302652 61.245734879781445 133.97337703614247 0.5751211521054448
1.9220469473598905 12.659035622221015 56.06299623707627 140.80365124649387 0.5885217445531624
1.938359812552482 12.619143553999677 51.381056076722736 148.0404680559171 0.6025243875371994
1.9538555166480507 12.57729678042397 47.15416363861293 155.7122906790051 0.6171647093658801
1.968470890080859 12.533361271716798 43.332074501154075 163.8528124215458 0.6324904554881674
1.9821840906636774 12.48735730504691 39.87147281978465 172.49586914516289 0.6485433799660244
1.9949728547637193 12.439276961914127 36.73801853431302 181.68065650888164 0.6653763139425951
2.0068083853617833 12.389114524637021 33.89837310337605 191.44923969543524 0.6830438643004044
2.017653150327882 12.336837202307803 31.321876555916617 201.8476644490226 0.7016052796446144
2.027489044476902 12.282448272794852 28.985443467608206 212.92582975849842 0.7211230447349923
2.036297687877408 12.225978649001053 26.86482512827552 224.73935958614982 0.7416679117543115
2.0440408753250434 12.167379069456707 24.93743933209818 237.3493063506921 0.7633166170606684
2.0506988654416083 12.106669288372137 23.182887011684585 250.82261680533304 0.786151983222203
2.0562707666371858 12.043918113811937 21.590055914329323 265.23250451828864 0.8102624983733067
2.0607152451534585 11.97906504136688 20.13848947194395 280.6604720701049 0.8357470317129205
2.064019832240658 11.912166344249373 18.818025906227255 297.1965285487673 0.8627134072139796
2.0661782211964304 11.843260377059671 17.615398518051453 314.9410136817279 0.8912819255516538
2.067169219824469 11.772363379695495 16.52076998060565 334.0032724981633 0.9215781720559244
