M[M_sun], R[km], Lambda[1], P_c[MeV/fm^3], rho_c[fm^-3]
0.24162668629717493 15.618656898711224 2160425.4255784233 3.5677272577965504 0.1711233750220791
0.25364429893771323 15.27727315518199 1723123.737072994 3.7848420197752817 0.17388845242998366
0.26604203766294704 14.98124271416569 1382901.876354828 4.0114486047587645 0.17666723054285097
0.2788184466296134 14.723455388226698 1116410.7175108155 4.247802408395554 0.1794583747546801
0.2919742571119628 14.498357701598165 905816.9171755192 4.494528913267738 0.18226845672952455
0.3055115559519431 14.301139503420957 738550.7895042477 4.751784715725224 0.18509320213578778
0.3194291687669791 14.128060307844944 605044.4967078638 5.020250531621001 0.1879391952106182
0.3337285410801886 13.975869932689868 497611.7933306577 5.300152533854436 0.19080310031174638
0.3484119817502639 13.841934591523552 410946.07757941674 5.592216973098068 0.19369116603102005
0.3634769857434484 13.723936381397687 340614.0561164926 5.8966141403249175 0.19659851085407493
0.3789313069300929 13.619916185423188 283252.5002126417 6.214206926541512 0.19953279029177748
0.3947657793599846 13.528373118159623 236367.1618583351 6.545249977980465 0.20249013320082976
0.4109926993931975 13.447803862004172 197828.94998883546 6.890451304098467 0.20547434528923955
0.42760252074874516 13.376975117997842 166041.77992020478 7.250513661420899 0.20848845608981503
0.44460058755191817 13.314843467829592 139774.45204470408 7.625692172291364 0.21152795022266016
0.46198119738395715 13.260494510294338 117944.76322095578 8.0169436090521 0.2145991090131709
0.479751068512414 13.213097789833128 98722.44706261625 8.424969642005935 0.21770352325520387
0.49790923887243244 13.171926832461144 84622.38539133879 8.850206056664216 0.22083858661410083
0.5164496392316325 13.136349392461367 71921.23022927283 9.29353640431482 0.2240078507828962
0.5353713487970544 13.10579218596626 61259.77115937162 9.755841039126002 0.2272141666340002
0.5546808770368095 13.079773596406321 52290.73568563485 10.237927602791347 0.23045885658845275
0.5743648151025156 13.057805466585817 44716.486262208215 10.740266529684448 0.23373860751225847
0.5944246557764115 13.039492235167312 38316.577882341764 11.2641109197038 0.23705970964356113
0.6148636676178608 13.024494734673224 32891.06867351274 11.810393902033939 0.24042371649531583
0.6356714197646928 13.012423926651556 28283.304007811395 12.380094887155563 0.2438322617452193
0.6568442198313003 13.00301075591755 24361.83892896 12.973892817705927 0.2472831807919531
0.6783785323987137 12.995975273465646 21020.563411119107 13.593134868153921 0.2507814853253383
0.700269701058747 12.991043748230283 18165.941672835426 14.239009608411545 0.2543297035289969
0.7225063134048909 12.988005294738352 15723.088019791887 14.912707255220464 0.25792982103447265
0.7450976544378587 12.986648872894131 13629.236827878252 15.615243123721951 0.26158158815427063
0.7680207159973266 12.98676359015584 11831.873983235198 16.347912549115343 0.2652871887515946
0.7912693850498692 12.988142637639061 10286.264846197613 17.11231841420223 0.26905117422782926
0.8148452599214463 12.990673730475494 8952.678018483315 17.909916461229695 0.2728759785334573
0.8387316087628394 12.994135156212696 7804.305752444559 18.7420505751786 0.2767624879315556
0.8629143877173925 12.998421979096516 6811.224824336671 19.61010876288327 0.2807115695626444
0.8873994457397587 13.003366674291877 5952.74461090273 20.516156999192628 0.28472939706430045
0.9121585535763208 13.00886719537797 5208.869891162572 21.461990330921722 0.28881898561004626
0.9371809791379223 13.014757781649443 4563.149729129037 22.449065482033358 0.2929800332194186
0.9624687101162901 13.020963022055776 4002.7817107746105 23.479463740059956 0.2972167839924865
0.9879907241544565 13.027351704767378 3514.942091230425 24.555581993018492 0.3015351233559618
1.0137363944682038 13.033822099018664 3090.699264829796 25.679329892816746 0.3059364365790439
1.039703631619019 13.040272495001107 2720.1418026532933 26.85273548887971 0.31042247417649177
1.0658575239711412 13.046598495197054 2397.0528793635617 28.078865196304637 0.31500173446265967
1.0921926241272688 13.052732131244511 2114.6292600687843 29.35973460822429 0.31967438768423106
1.1186925397065604 13.058560869742323 1867.4279446240305 30.69818029694416 0.3244456681678553
1.145327157938314 13.064012368753588 1651.2419559358402 32.09752060063765 0.32932307901957497
1.1720929232746793 13.069031132913667 1461.296030871478 33.55978426119797 0.33430488350753923
1.1989520126214095 13.073480883570776 1294.7704238649644 35.08947404955098 0.33940437637815757
1.2259002557017638 13.077350432576232 1148.4628119219665 36.68856319291458 0.3446180093191014
1.2522109828454955 13.08015141056362 1022.5133511412611 38.32060974908877 0.44233921057252223
1.2684681390076167 13.072477304759692 946.1762591502053 40.44984156600022 0.7388958426599158
1.2766959922975667 13.050934495969013 898.6845602915207 42.91142224377272 0.987876543914757
1.2794891461495097 13.017069861494635 866.9160318224539 45.766184823256985 1.220888212969503
