M[M_sun], R[km], Lambda[1], P_c[MeV/fm^3], rho_c[fm^-3]
0.24162668629717493 15.618656898711224 2160425.4255784233 3.5677272577965504 0.1711233750220791
0.2536452313277736 15.277259793855377 1723142.0248317553 3.784850008850673 0.17388855200995437
0.26604289332241904 14.981211663404679 1382952.5046640493 4.011465399574579 0.17666743349828848
0.27881982948073053 14.723434814415903 1116348.7953746745 4.247828577336849 0.17945867827496334
0.29197738316196414 14.498277502171044 905788.525551538 4.494565143224215 0.18226886015849847
0.3055135953755098 14.301126536554145 738569.2766383474 4.751832237099146 0.18509371545732206
0.3194323677906137 14.128003297075377 605016.7122288331 5.020309694672761 0.18793980905011504
0.3337334846403172 13.975802174725908 497569.81728392537 5.300224896451024 0.19080382888302277
0.34841622435213765 13.841897436023947 410928.2935892897 5.5923027161224015 0.19369199561836756
0.36348199442038365 13.723831271701654 340595.93437352724 5.896715190427339 0.19659945993802136
0.3789361973977847 13.619903049978886 283236.4700969445 6.21432450687411 0.19953386248283483
0.3947721391792851 13.528354902569188 236346.3719076915 6.54538396667517 0.20249130810067245
0.410999661461261 13.44776021911957 197813.95217051508 6.89060428820912 0.20547564816612318
0.42760941037722944 13.376985786041967 166031.39516549793 7.250687076892861 0.208489890711572
0.4446092149644398 13.314811872708551 139762.05412914595 7.625885540016141 0.2115294895540844
0.4619908419207202 13.260491568074155 117936.6660588791 8.017160302363587 0.21460078531112425
0.4797606579500345 13.213064933377067 99773.1869123534 8.425211351077804 0.21770534056952123
0.4979202317318691 13.171907380317716 84613.3759491924 8.850471890437124 0.22084051136419872
0.516463246622746 13.136318135546903 71915.20442022462 9.293830665515667 0.2240099224000952
0.5353843266152782 13.105772946966265 61253.49965524009 9.756165723440077 0.22721638959467977
0.5546946665910503 13.07976189838798 52284.280001764244 10.238281353000582 0.23046119089289413
0.5743805290951269 13.057799970273718 44713.16850182021 10.740654742114694 0.2337410999563138
0.5944403936612692 13.03947515669899 38311.14356413381 11.26453595933204 0.23706236529885
0.6148810405691616 13.024486414494742 32887.48391212036 11.810858280456715 0.2404265406909246
0.6356886318596946 13.01240646845159 28278.164576226824 12.38060127268988 0.2438352600915433
0.6568633959760711 13.002989380920182 24359.40041186321 12.97443888490545 0.24728630188814016
0.6783990128883188 12.995958585881548 21017.530676312115 13.59372837273676 0.25078478979984614
0.7002907957883442 12.991055609976552 18163.14109830218 14.239653733514444 0.2543331979391167
0.7225296956414087 12.987999234176808 15721.176287400987 14.91340538853869 0.2579335123284895
0.7451213944617554 12.986648477698026 13627.040933860988 15.615992057793468 0.26158541620845666
0.768046065546642 12.986764301497013 11829.523699093037 16.348722428089626 0.26529122579515674
0.7912952783685269 12.988146485723885 10284.496262195593 17.113193303820843 0.2690554285197821
0.8148722190855984 12.990676895496833 8951.072817526689 17.91086069683473 0.2728804588638871
0.838758946120265 12.994149152948046 7803.074126044585 18.74305996827672 0.2767671255705675
0.8629435456735183 12.998430955853085 6810.08285359433 19.61119644082823 0.28071644928762085
0.8874311185408276 13.003381508997014 5951.885663468983 20.517328198435777 0.28473452944098127
0.9121901685467005 13.008869699936382 5208.061827087782 21.46325064655654 0.2888243819166235
0.9372156202936293 13.014770771306363 4562.7322787665635 22.450409663336668 0.29298561618329183
0.9625027746736778 13.020974136956491 4002.021348373025 23.48090865938062 0.2972226522391751
0.9880263834087795 13.0273646330697 3514.304680983178 24.557134453428212 0.30154129054418205
1.0137731583088454 13.033822852002617 3090.096351287021 25.680983884010544 0.3059428196496015
1.039741962311626 13.040279461419436 2719.681876283196 26.854511236055522 0.310429182629564
1.065897182073805 13.04660914592887 2396.7810971713243 28.080771014123847 0.31500878491148604
1.0922332797554621 13.052734023255342 2114.3775993931763 29.36176374093951 0.319681691316112
1.1187358349387269 13.058569765795763 1867.1171123433649 30.700356976394097 0.32445334654566027
1.1453705872747177 13.064019698039024 1650.89632520295 32.09983772124787 0.3293310404177645
1.1721372972145747 13.069031409026667 1461.1024361496402 33.562269009518765 0.3343132573655686
1.1989977359155715 13.073484843894857 1294.5008618921552 35.092138156608115 0.3394131858579545
1.22594248581866 13.077359427614562 1148.1382983922654 36.69139892607204 0.3446271569553053
1.2529470426870544 13.080514926002916 1019.5142443792141 38.36517288620928 0.34997003206363847
1.2799931236026678 13.082950266917493 906.0223286897228 40.115779625810276 0.3554388367352536
1.3070463409784614 13.084552855801498 806.1632719197038 41.94854381480322 0.36104726763302336
1.3340803356886002 13.085239444714164 718.0224640618367 43.86710736470167 0.36679813516854065
1.3610911935771797 13.085031407414537 640.1206466678016 45.876003748509326 0.3726983214796971
1.3880319206934955 13.083776579072646 571.3460191594833 47.98064821856048 0.3787582272816454
1.4148769893486313 13.081451432885114 510.42688206704565 50.185893829485494 0.3849839816051149
1.4416107499084194 13.078005334283542 456.5279761831989 52.496784907415474 0.3913816321336751
1.4682058007240515 13.073397203776205 408.6868145952804 54.91983118839432 0.3979633407596851
1.4946171822584624 13.067522198138608 366.2320467572944 57.461227995473685 0.40473817765532694
1.5208304491322617 13.06036555969891 328.58156449994925 60.127609249290465 0.41171592383161787
1.5468156134052262 13.051868825412415 295.04824140112856 62.926086956043164 0.4189071296796483
1.5725337602389724 13.04197529185821 265.249594208331 65.86429447695745 0.4263231782932368
1.5979474769633957 13.030630440893805 238.71983968737334 68.95043396324118 0.4339763541326714
1.6230558840121976 13.017813683792907 215.04708607032342 72.19332838826716 0.44187991765774415
1.6477980953590787 13.003449999426834 193.92896442909233 75.60247866285958 0.45004818663424145
1.6721463788008695 12.98750291658101 175.09279588726946 79.18768155818356 0.4584947674998191
1.6954466758419593 12.970205863679865 158.63124399599923 82.98304355689496 0.6097974202100711
1.7015266229435746 12.946448401143284 152.3995353100556 88.41515844538745 1.5232872715587542
