M[M_sun], R[km], Lambda[1], P_c[MeV/fm^3], rho_c[fm^-3]
0.24162668629717493 15.618656898711224 2160425.4255784233 3.5677272577965504 0.1711233750220791
0.2536375751046968 15.277471434126989 1723372.0892460293 3.784714651179736 0.17388686484188484
0.2660270922026648 14.981541625071548 1383298.1830322638 4.011180854396649 0.17666399493774027
0.27879643186638126 14.723869674533663 1116815.8410017274 4.247385221814026 0.17945353601902114
0.2919438608767628 14.498813944920588 906243.9732517938 4.493951347268951 0.182262025398082
0.30547222808016067 14.301666205677398 739021.4272374567 4.75102716402563 0.18508501913162304
0.31938049068461527 14.128614339869344 605402.9709519374 5.0193074182290704 0.18792941004516858
0.33367139388340783 13.976438362246885 498029.45306961244 5.2989990348258 0.19079148649052904
0.348343545512595 13.842455603788054 411270.7999423524 5.590850212881306 0.1936779422499401
0.3633976211256774 13.724461820857762 340923.83335543517 5.895003419512314 0.1965833826233381
0.37884228338636006 13.620449903246378 283553.8653653807 6.212332759689757 0.19951570014673325
0.3946638998675769 13.52890825953762 236638.77543737364 6.54311431538193 0.20247140632497945
0.41087891323913645 13.448336343888561 198071.07119646395 6.8880129259212035 0.20545357903745629
0.4274768826388648 13.377483128314367 166264.86089903628 7.247749694199102 0.20846559049733324
0.4444614695961454 13.315318858720087 139961.8371394341 7.622610259417699 0.2115034162145223
0.4618304254811102 13.260945410706324 118124.35208529321 8.01349000658968 0.21457239260600638
0.4795849468790832 13.213492259840708 99931.26321551671 8.421117428918656 0.21767455999808266
0.4977303013936216 13.172295916984858 84758.26349492477 8.845969439999413 0.22080791169928063
0.5162549627205216 13.136704393338368 72043.88166524295 9.288846838267084 0.22397483594555978
0.5351620365988607 13.106115902547693 61366.61213881696 9.750666738829052 0.22717874063525054
0.5544563095050327 13.08003575014455 52382.0453099365 10.232237108877264 0.2304209741047913
0.5741236379790409 13.058030983554207 44801.306799514285 10.7340800660747 0.2336988884995573
0.5941703312178234 13.039716699698332 38391.23969833239 11.257337730210235 0.23701739063303565
0.6145921141431745 13.024648652952031 32957.74874717287 11.802993988868723 0.2403787126767888
0.6353788423099512 13.0125691272834 28344.211210149217 12.372025757808192 0.24378448383160015
0.6565316077648559 13.003114796209502 24416.4965349526 12.96519152590477 0.2472334477761503
0.678053593201545 12.996054057818029 21067.70303565181 13.5836778862896 0.25072883138399477
0.6999266594209038 12.991122383333673 18207.41303846364 14.228746249103134 0.2542740243038454
0.7221450036263145 12.988019590249502 15760.146616128584 14.901583575136707 0.2578710059447669
0.744717327759119 12.986663825352352 13661.03313841999 15.603310220592025 0.2615205950688779
0.7676219884971498 12.986736057595651 11859.789069958395 16.33500887264131 0.2652228671607254
0.7908510760683047 12.988102987762622 10310.26008895939 17.09837922888527 0.26898339268983706
0.814409259158813 12.990609705683944 8975.900084244466 17.894872740743033 0.27280459715542565
0.8382740438902362 12.994074406022905 7824.069768038464 18.725969034362574 0.27668860157231867
0.8624404319632208 12.99832700029201 6829.881591140152 19.592780367222947 0.2806338279797638
0.8868990770262715 13.003263457377908 5969.125338961684 20.497498381179245 0.28464763210710137
0.9116416184593182 13.008752342472539 5223.210539431872 21.441912415654144 0.2887330177911735
0.9366452313657282 13.01462790406196 4576.319560642542 22.42765189015735 0.29289109334981606
0.9619082430363014 13.02081337731898 4014.4853976937397 23.456445836025463 0.2971233014449168
0.9874147481195202 13.027215724117799 3525.0529214286516 24.53085147896177 0.3014368807637407
1.0131434038856488 13.033673455111 3099.5772033969824 25.652982475011957 0.305834756819509
1.0390890061853102 13.040121192245417 2728.4586884117552 26.824449178972785 0.3103156135911664
1.065226791182289 13.046452439859129 2404.343622229669 28.04850764404786 0.3148894286763864
1.0915370993953633 13.052581079419 2121.0996012180135 29.327413377770654 0.31955805109993457
1.1180202239043109 13.058417750939347 1873.4852348256827 30.663509650624018 0.3243233652163591
1.1446355091544975 13.063887199778323 1656.4958935470222 32.060488655932694 0.32919546168783065
1.171383235362116 13.068900452607046 1466.1012857151306 33.52020828957609 0.3341715084027201
1.1982292350231194 13.073375522375487 1298.9758226776032 35.04704233824052 0.33926406621211685
1.2251548276488025 13.077248948494667 1152.2141442238312 36.64339883667347 0.3444723160971597
1.252136862243495 13.08042967129238 1023.0470380943958 38.31380039143896 0.3498075216925147
1.279163340673786 13.082885032151882 909.2926497927398 40.06100097041319 0.3552693698758214
1.3061959377389225 13.084490571185903 809.0873834952639 41.89021657722342 0.36087093555728184
1.3332186516786388 13.085228849186121 720.6769937801905 43.804577858423016 0.36661226513800116
1.3602160493647413 13.085047714963011 642.5681865375386 45.80940295029318 0.37250465540551914
1.387136070350506 13.083821714465063 573.4699359398575 47.90969176893469 0.37855626232077005
1.4139725603752396 13.081544635945658 512.3852184903732 50.109803993121794 0.38477076949835054
1.4407022450232776 13.078156666354635 458.2384277889384 52.41568243147215 0.3911589551212065
1.4672774039335654 13.073570684710688 410.2771063982281 54.8333571082199 0.39773056808787977
1.4936834404396857 13.067750069674767 367.66467503805814 57.3689942770908 0.40449462982248546
1.5198882748823122 13.06065207839368 329.8409376966941 60.02919618746501 0.411460868586009
1.5458667648703348 13.052204912439635 296.21880737535713 62.82104031280205 0.4186397776210212
1.5715778768802224 13.042371350893351 266.2984331086992 65.75212233165936 0.4260426780352815
1.5969933395323048 13.031085070068047 239.66605977934978 68.8306032417878 0.43368178697889304
1.6220874576736242 13.018319536719213 215.9148392202127 72.06526103506171 0.44157029173755813
1.6468353754559386 13.004041345096299 194.71631850019534 75.46554741460619 0.4497224304396865
1.6711908768372412 12.988169255136693 175.79881070890931 79.04165009622827 0.4581535801587295
1.6951130371868628 12.970659037024085 158.87728341095132 82.80342243219647 0.46687567778439076
1.7186094882323757 12.951533958874421 143.74308602058488 86.76327883945677 0.47590910050005897
1.741608500751925 12.930682920324138 130.21016969440012 90.93365100274657 0.48527176754339935
1.7640913982321276 12.908094756254126 118.06344090344237 95.32731505966474 0.4949804996255238
1.7860222473037495 12.883726951593689 107.1767688472914 99.95917554239533 0.5050578368436308
1.8073581713808422 12.857514605204074 97.40229819686965 104.84504597476165 0.5155268357692873
1.8281033494487602 12.829513421377463 88.6240021693938 110.00076153922826 0.5264075819110446
1.848187516525528 12.799602183053118 80.72946966972404 115.44499972339106 0.5377275787185432
1.8675883827841688 12.767781045934102 73.62888798008422 121.19747408662282 0.5495144904551746
1.8862763489402106 12.734022006522721 67.23053034432883 127.27940093297734 0.5617975849248832
1.9042071304159185 12.698261289748146 61.46219304342267 133.7139052651233 0.5746088158886775
1.921371320795241 12.660543705377945 56.260288063987076 140.52500602357765 0.5879788376954987
1.9377187693969065 12.62078250430063 51.55801477078491 147.74094438517994 0.6019482388543046
1.953234419971637 12.579020009506861 47.3209308643686 155.39104283775336 0.6165559125493458
1.967890691102782 12.535230864689765 43.482592872420526 163.50710512501007 0.6318434724500231
1.9816344940956878 12.48933065340832 40.00939458054193 172.124108785317 0.6478569651090058
1.9944654511319393 12.441392173592222 36.86258444409337 181.28070636539786 0.6646477992106167
2.00631720191088 12.391290770996086 34.01521901872611 191.01850445871295 0.6822695263994566
2.017200914754257 12.339134686479863 31.430141518899823 201.38328131162996 0.7007810453833616
2.027075517410744 12.284867255523247 29.084704590967352 212.4254497417173 0.7202471135113122
2.035929673842584 12.228525317249488 26.95573622981884 224.19907342056896 0.7407340142547156
2.0437155651408014 12.170053554387538 25.01868339909257 236.76597654584165 0.7623217536470583
2.050420152536767 12.109472395264335 23.259586169342224 250.19122491127987 0.7850878461038233
2.0560326972734058 12.04682203240161 21.65822499191433 264.5491496942905 0.8091253562440953
2.0605279025613763 11.982101250798703 20.204760272252 279.9205165561365 0.8345318134129055
2.063889399023854 11.915349206512786 18.876796322881916 296.39477154370803 0.8614144172060696
2.066101801607929 11.846572212660593 17.66978133476055 314.0700884724474 0.8898877455894006
2.0671478328239004 11.775808634772956 16.569937332990108 333.05743938906244 0.9200843042127153
