M[M_sun], R[km], Lambda[1], P_c[MeV/fm^3], rho_c[fm^-3]
0.24162668629717493 15.618656898711224 2160425.4255784233 3.5677272577965504 0.1711233750220791
0.25364630320790466 15.277232237076767 1723041.1095354918 3.7848602198669625 0.17388867928534646
0.26604403560025097 14.981199471482793 1382956.4222503093 4.011486865478239 0.1766676929010659
0.27882225189605225 14.72341620952938 1116306.3550582197 4.247862024671412 0.17945906621364022
0.2919790904687539 14.498251291669883 905724.0283844151 4.4946114500027035 0.18226937579522418
0.3055168956167486 14.301082657690454 738546.2801105445 4.75189297603221 0.18509437155372116
0.31943664458077564 14.12796361740291 604979.6945647395 5.020385313523999 0.18794059362488283
0.3337373710148909 13.97580203133433 497562.48644802097 5.3003173865041076 0.19080476010438857
0.3484217588433882 13.841852407198235 410898.10619459755 5.592412308656698 0.19369305595628475
0.3634872154087437 13.723822409330088 340564.4738441016 5.896844348119787 0.1966006730144015
0.37894337299763015 13.619854054754715 283212.9396702803 6.214474793225452 0.19953523291340253
0.39477962906867403 13.528301459662558 236324.28050506124 6.545555226002593 0.20249280981361395
0.41100892591205684 13.44773247631359 197796.06519289725 6.890799827355535 0.20547731345954884
0.4276209873911954 13.376901944456327 166019.35320003922 7.250908731383425 0.20849172440236727
0.4446188604161927 13.314793179971563 139746.04689583724 7.626132697545992 0.2115314570869438
0.46200256450773863 13.26043253406789 117924.85804509165 8.017437274861066 0.2146029279173149
0.47977279815100904 13.21304579942196 99763.09735794438 8.425520299062976 0.21770766342646838
0.4979346349443369 13.171877558795934 84600.53546606007 8.85081167503819 0.22084297154988922
0.5164784396479174 13.136299166045061 71905.48120086633 9.294206786704054 0.22401257031670987
0.5354008868856437 13.105750711457228 61245.30299176554 9.75658073229149 0.22721923096495353
0.5547129654516589 13.079739925974504 52277.96052461125 10.23873351477132 0.23046417458930504
0.5743985526724631 13.057795256457341 44705.80576684308 10.741150954745752 0.23374428579511264
0.5944614118147126 13.039465529322989 38304.60334238881 11.26507924599214 0.23706575976373379
0.614903620157723 13.02444747306951 32881.30383614239 11.811451851750544 0.2404301505947429
0.6357123109582137 13.012399593075699 28273.886206381518 12.381248539571587 0.243839092606779
0.6568882541560214 13.002992899493941 24355.287452058776 12.97513687494893 0.24729029131300442
0.6784259546698084 12.995944550332778 21014.050611336137 13.59448700000015 0.2507890136332003
0.700318976160326 12.991048403088161 18160.372785288055 14.240477067092913 0.2543376645639627
0.7225589328264845 12.988000003950606 15719.185267255058 14.91429775903541 0.2579382306276872
0.7451522208824289 12.986647870799795 13528.051807440335 15.616949365265828 0.2615903093292482
0.7680774724281907 12.98675911200202 11827.357500207334 16.349757639904453 0.2652963860664136
0.7913282909135093 12.988150764131749 10281.609106237598 17.11431161739979 0.26906086650002375
0.8149076034642003 12.990690899590799 8949.284053581188 17.91206765426149 0.2728861857905755
0.8387944244163985 12.994163434477228 7801.289831126158 18.744350215478956 0.27677305358886994
0.8629852610140801 12.99841484865143 6808.977968998553 19.61258675889924 0.28072268676797774
0.8874693764153755 13.00339672463601 5950.541667782337 20.518825281457477 0.28474108989090874
0.912232078318138 13.008889521669666 5206.910786663349 21.46486164711186 0.2888312797544766
0.9372572959835449 13.014781941084513 4561.734500393814 22.452127869378863 0.2929927526329929
0.9625473753879541 13.020991975483714 4001.0401724558437 23.482755639696563 0.29723015337502945
0.9880730869513177 13.027370994671472 3513.5041187097036 24.559118904929502 0.3015491738279333
1.0138216902089479 13.03383137512355 3089.4765548255436 25.683098123550135 0.30595097890716433
1.0397912353340162 13.04029424167995 2719.0129510974084 26.856781118863676 0.3104377578380764
1.0659482394436217 13.046617468563971 2396.177375179677 28.083207169612315 0.3150177973099595
1.0922864880857914 13.052745596431164 2113.847925356993 29.364357532907647 0.3196910273746009
1.1187897713236554 13.05858515729554 1866.6585717039884 30.703139382430567 0.32446316166324934
1.1454267391842734 13.064042307790622 1650.4445930687125 32.102799657858824 0.3293412173402207
1.1721950410734097 13.069043610856106 1460.718339292282 33.565445231850674 0.33432396156230937
1.1990553921840705 13.07349328190974 1294.2176306150493 35.095543661815015 0.33942444694043916
1.2260076523999428 13.07736034645626 1147.8996636416857 36.695023828897604 0.3446388503306977
1.2530075941730556 13.080518354097759 1019.173745941118 38.36903190265236 0.34998218373646717
1.2800552044805638 13.082949017215983 905.7996651238726 40.11991663380181 0.35545163525589435
1.3071091976574818 13.084554188462908 805.9447782406133 41.95294891576013 0.36106058492058596
1.334144272455851 13.085239135317691 717.8226537685235 43.87182996589853 0.36681217318164716
1.361157403736546 13.085025573114912 637.3922448292548 45.88103395136235 0.3727129486262923
1.3880980785812747 13.083776953403348 571.1692533604993 47.98600751665987 0.37877348157405527
1.4149447430305744 13.081444277780973 510.28450275502956 50.19164101275593 0.3850000858459913
1.4416791666323985 13.077997262157545 456.35549073239986 52.50291084921786 0.3913984516746724
1.4682764823979157 13.073385703131349 408.5663628091921 54.92636302442135 0.3979809232875448
1.4946881598160582 13.067502853423441 366.12429059840724 57.46819505997216 0.40475657454411795
1.520901488430815 13.060344498646584 328.49134075911815 60.135043271955674 0.4117351904456381
1.5468873060510193 13.051845484702548 294.98115325726076 62.93402227856642 0.4189273257063561
1.572344279880365 13.041954597063818 265.4363871941712 65.889888827466 0.5612593334312646
1.5735400818834124 13.022302486389101 260.42300273128916 70.76251847967143 2.067108845845847
