M[M_sun], R[km], Lambda[1], P_c[MeV/fm^3], rho_c[fm^-3]
0.24162668629717493 15.618656898711224 2160425.4255784233 3.5677272577965504 0.1711233750220791
0.25364468305221555 15.277251467452349 1723193.438613571 3.784831401754466 0.1738883200814765
0.26604052367653 14.981260921549332 1382991.4308664163 4.011426283392012 0.17666696080230695
0.27881627297551176 14.723488403929426 1116378.5632208155 4.247767628343521 0.17945797135848893
0.2919719732539298 14.498364139661126 905856.9930649672 4.4944807616967335 0.18226792055060603
0.30550801823779233 14.301204946500487 738628.8124142943 4.751721557460228 0.1850925199059865
0.31942549330686903 14.12809923018703 605070.4477795868 5.020171901235761 0.18793837939002278
0.3337238487223789 13.975907222021197 497650.8691565376 5.300056360986232 0.19080213201054322
0.3484062575067944 13.841983293719602 410979.30961772485 5.592103017435693 0.19369006347863846
0.3634697770414419 13.72394536903127 340645.7101777841 5.896479841413449 0.19659724949027774
0.37892457156459136 13.619979993615248 279376.317854536 6.2140506589021 0.1995313653190645
0.3947568181474481 13.528421924384451 236391.94951056043 6.545071903668502 0.20248857172968046
0.41098318337209533 13.447853057567018 197849.8716765242 6.890247985033138 0.2054726137387597
0.42759154716801867 13.377033508452135 166073.64375611508 7.250283189358437 0.20848654945350723
0.4445883249622624 13.31491184601919 139792.22809011777 7.6254351840570775 0.21152590443107233
0.46197082925767874 13.260533421151457 117971.80097465671 8.016655621677103 0.21459688119799747
0.4797358960657886 13.213129932842968 99805.90503211293 8.42464840942343 0.21770110803525836
0.49789468118957164 13.17195434706263 84632.7590576077 8.849852763164087 0.2208360286182092
0.5164340369067798 13.136376619402107 71925.88389371922 9.293145331877486 0.22400509760855686
0.5353539087815005 13.105824752124445 61269.12398464936 9.755409535718247 0.22721121233326264
0.5546612713534137 13.079806685702257 52297.41962078179 10.237455111574985 0.23045572396720865
0.574345574833591 13.057820506585905 44322.07138915999 10.739750600635855 0.23373529508795168
0.5944029803357823 13.03950684566301 38322.163615338715 11.263546049458467 0.2370561803240462
0.6148412866496021 13.024487747760398 32896.08421497925 11.809776753017392 0.24041996319960482
0.6356473285473591 13.012419945905966 28287.479488072506 12.379421913545299 0.24382827701853627
0.6568188291564224 13.003005887190941 24366.20565443081 12.973167109942226 0.24727903294396625
0.6783518997473431 12.995970170932733 21024.584293987642 13.592346119746505 0.2507770937855241
0.7002409150169665 12.99105909688941 18169.077860338635 14.238153589454729 0.2543250595843782
0.7224771759747053 12.987997761198576 15726.649757733187 14.911779463997293 0.2579249154525422
0.7450658563565197 12.986639236368102 13631.694691412997 15.614247822726606 0.2615765008357917
0.7679878881178122 12.98675475958631 11834.519720606031 16.34683625810977 0.26528182371087494
0.7912348825372434 12.988144915172184 10287.041332664206 17.111155730504542 0.2690455204907251
0.8148084969375886 12.990677042655848 8954.523171727906 17.908661623925184 0.2728700244201726
0.8386940448520054 12.994137384927852 7806.182594173621 18.740709150351012 0.2767563247785447
0.8628756336817165 12.998415864796018 6812.78559995771 19.60866330629245 0.28070508471052313
0.8873586068244609 13.003363234014486 5954.092918509809 20.514600552576447 0.2847225764738975
0.9121160525624454 13.008852272144487 5210.184393437685 21.460315459477467 0.2888118142955429
0.9371363602655655 13.014743701325282 4564.255408380621 22.447279163285497 0.2929726138683157
0.9624214928896979 13.020959476996492 4003.7425705330224 23.47754355361962 0.29720898554480935
0.9879421916381508 13.02734893433575 3515.686433451549 24.55351889900733 0.30152692766285216
1.0136866548491874 13.033799266050483 3091.3467148409113 25.677131878016414 0.30592795401661566
1.0396526382859106 13.04026337156759 2720.8481657525012 26.85037567789872 0.31041355923553565
1.0658053518180952 13.046585405798004 2397.6824734247007 28.07633254079528 0.3149923650686476
1.0921378697103623 13.052710587972019 2115.1757205589993 29.35703808540645 0.31966468185776026
1.1186370565886243 13.058545620210111 1867.9698976088052 30.69528770779809 0.32443546437220744
1.1452707983318444 13.063997843834997 1651.7519938412793 32.09444138714477 0.32931249914530375
1.1720336976658263 13.06901188941932 1461.7111571041717 33.55648229847011 0.33429375555269975
1.1988920758256212 13.073468455023677 1295.099343002805 35.085933749947166 0.3393926695671452
1.2258391656773742 13.077340728649892 1148.7885533395745 36.684794831503375 0.3446058531685187
1.2528357952508538 13.080498856292095 1019.9368838052529 38.358142296954334 0.34994789341207294
1.2798783693673286 13.082940234106665 906.4664067896161 40.10824261426557 0.3554155197394872
1.3069223000525252 13.08452426734243 806.5674654619559 41.940518412508894 0.36102300562604445
1.333961773839924 13.085241026414804 718.4048057250736 43.858503573188266 0.3667725602506095
1.3609710447339058 13.085029866412034 640.4606618966998 45.866839599023955 0.37267167337784923
1.3879025601172632 13.083769453110822 571.6636725980206 47.97088455952797 0.3787304367562611
1.4147490216567533 13.081465570442333 510.69209258548744 50.175423573774886 0.38495464279476777
1.4414832914789681 13.07802499157025 456.7674922315027 52.485624679683426 0.3913509903296989
1.4680789172589275 13.073424423381184 408.90016681272215 54.90793156079439 0.39793130910228747
1.4944900387286948 13.067554073643477 366.4378819633048 57.44853553586845 0.40470466256903875
1.5207016632381498 13.060405594522718 328.7499001416256 60.114066162678995 0.411680824473688
1.546685325819691 13.05191606967662 295.20979120181994 62.911630690203474 0.4188703373337622
1.5724015575125216 13.042031955811483 265.39210078584733 65.84885728832013 0.4262845757026974
1.597816138182203 13.03069202696295 238.8466678705223 68.93394243852056 0.4339358147664763
1.6229135051373993 13.017873210564547 215.17265394242278 72.17570291683238 0.4418373049022283
1.6476657188086583 13.003531987654794 194.04439436701833 75.58363285420124 0.4500033529020572
1.6720142851405637 12.987596485554983 175.17763410045364 79.16762003302287 0.458447964191138
1.6959521371021948 12.970038366380102 158.32417348515665 82.93796290989717 0.46718485141030147
1.7194315636157773 12.950823076869092 143.2393752793812 86.90735182294293 0.47623535492239855
1.7424102533131245 12.929867573634219 129.74853109719896 91.0873164772715 0.48561361666198943
1.7648951752979445 12.90722734150575 117.6452158654716 95.49205239583898 0.4953419701251498
1.786821308393698 12.88278620087555 106.79587600096703 100.1351281526381 0.5054375349430469
1.8081598621061912 12.856524543253334 97.05929617801827 105.03312572105223 0.5159262235047659
1.8288686564210839 12.828383441308004 88.30595631027818 110.2025916569954 0.5268305810888152
1.8489478309543574 12.798410905353348 80.44055546879348 115.66123003049712 0.5381742359176818
1.8683222279110159 12.766467813679578 73.3641482874204 121.42912646413355 0.5499860498046607
1.8870006816417784 12.732643372241604 66.99037587435379 127.52772037203961 0.5622958743385588
1.9049227809095781 12.696821432632321 61.24044418679311 133.97954873245658 0.5751333369502635
1.922062768790951 12.658999038523561 56.05835871753356 140.8102801425175 0.5885346601634582
1.9383749270226043 12.6191045414383 51.376472051350326 148.04759385435565 0.6025380943650265
1.95386982538694 12.577255171304655 47.15117175874197 155.71993351232004 0.6171791933000703
1.9684848791902725 12.533318168887483 43.327798996565384 163.86101861147046 0.6325057847191449
1.9821971247325385 12.487311552719326 39.86745671729508 172.5047142623744 0.6485597115078503
1.9949835925145585 12.439227403701098 36.73449731355021 181.6901726215731 0.6653936476738109
2.006819982235107 12.389062170560122 33.8925466023277 191.4594886090647 0.6830622888953534
2.017665007947665 12.336781732374776 31.319517167261363 201.8587143427991 0.7016248921160855
2.0274987484985885 12.282391610865568 28.98323266480299 212.9377280536276 0.7211438600904684
2.0363067171211156 12.225916546498722 26.862194357150027 224.75221643008143 0.7416901351151253
2.0440485693428947 12.167316023848818 24.93518293131997 237.36318438723447 0.7633402803878313
2.050705039899157 12.106602609608744 23.18111915220918 250.83761631540781 0.7861772216844882
2.056276164816018 12.043847991331912 21.58874402765856 265.24876764100304 0.8102895611543709
2.0607194028458977 11.978992366263947 20.136401976914605 280.678060628523 0.8357758810424273
2.064022763042508 11.912090889236554 18.8167998265907 297.21561096191544 0.8627443241424877
2.0661804312876773 11.84318124705304 17.614844191141277 314.9617432079938 0.8913151094460214
2.0671700329136744 11.772281065634733 16.520138224899714 334.0257858807059 0.9216137301452941
