M[M_sun], R[km], Lambda[1], P_c[MeV/fm^3], rho_c[fm^-3]
0.24162668629717493 15.618656898711224 2160425.4255784233 3.5677272577965504 0.1711233750220791
0.2536444210080395 15.277271754917802 1723144.2444390396 3.784842095974448 0.17388845337976952
0.2660420984142138 14.981212728000012 1382936.7458703688 4.01144876494616 0.17666723247862112
0.2788182512490519 14.72346202369304 1116353.3748765036 4.2478026579921195 0.1794583776496241
0.29197416206230087 14.498327208794768 905764.9739704555 4.494529258824719 0.18226846057738175
0.30551163014329485 14.301153206126418 738562.9924162491 4.751785168977756 0.1850932070317802
0.3194291676564895 14.128063730750355 605041.3973280038 5.020251095909545 0.18793920106532963
0.33372845033140325 13.975876305141979 497616.90129861765 5.300153224037359 0.1908031072607432
0.3484119616451159 13.841897391478795 410943.985177088 5.592217790900331 0.1936911739434819
0.3634769664089037 13.723881544121891 340619.57826027175 5.896615104122168 0.19659851990626268
0.37893184594894197 13.619908302533497 283248.98140412563 6.214208047999546 0.19953280051812441
0.39476581067028876 13.528362959980617 236368.6784774565 6.5452512559366545 0.2024901444067791
0.4109927044470776 13.447804168159292 197828.82435368028 6.89045276322705 0.20547435771579087
0.4276035509302342 13.376962090196482 166043.12786634645 7.250515315417133 0.208488469772902
0.44460068533220154 13.314841528714839 139773.65794655855 7.625694016585352 0.21152796490442616
0.46198142215581167 13.260504160229763 117944.54262650068 8.016945675817212 0.21459912500126993
0.47975014358217444 13.213095690775237 99789.71592933079 8.42497194736196 0.21770354058825836
0.4979093575614693 13.171925992587697 84620.22154483873 8.850208592112303 0.22083860497182828
0.5164498613327957 13.136348112016615 71921.80316225096 9.293539210892202 0.22400787054137594
0.5353714882332585 13.105791203870782 61258.43951965387 9.755844135866278 0.22721418783592331
0.5546808370604432 13.079757294851344 52288.82212778836 10.237930976749626 0.2304588788523146
0.574365067633084 13.05780406005059 44315.49039444908 10.740270232327953 0.23373863128437672
0.5944251521929124 13.039488700974763 38317.610920483654 11.264114973588073 0.23705973497230343
0.6148642979058534 13.02447563236405 32892.08040265511 11.810398331112852 0.24042374343150535
0.635671495839412 13.012412926202137 28282.505430814886 12.380099716877611 0.24383229034236192
0.656844433815267 13.00300930789753 24362.834111433353 12.973898025891902 0.2472832105598084
0.6783791281612807 12.99596662424035 20859.389631809743 13.593140528773057 0.25078151684214905
0.7002698279905789 12.991043582738255 18165.778135927147 14.239015751822198 0.25432973685729954
0.722506545134983 12.988005576541592 15723.240433374162 14.912713913731906 0.2579298562405326
0.7450978006344785 12.98664518849976 13629.008696278832 15.615250266743017 0.2615816246646562
0.7680209562855558 12.986763708234903 11831.901711965826 16.347920273393928 0.26528722725518605
0.7912696605657668 12.98814626648183 10286.266184327613 17.11232675851415 0.2690512148033925
0.8148470105804676 12.990677049148088 8952.744643700717 17.909925466921827 0.2728760212648225
0.8387319525749036 12.99413769622984 7804.615772602863 18.742060202303698 0.2767625321632142
0.86291416934072 12.998428893028564 6811.176054649391 19.610119136640055 0.2807116161031487
0.8873999250054436 13.003378777417057 5952.830086007594 20.516168169521904 0.28472944601441535
0.9121589150417582 13.0088597703068 5208.865876702862 21.46200235118466 0.28881903707733125
0.9371812986922518 13.01475784732149 4563.140981773662 22.4490783021521 0.2929800864668932
0.9624687892289965 13.020963511753205 4002.7385965102885 23.479477520949146 0.29721683996077225
0.9879912756676866 13.027359526876703 3514.8853006609866 24.555596799559567 0.3015351821753205
1.0137366120134896 13.033813528815212 3090.8017274930357 25.679345667687937 0.3059364974573099
1.039703956163512 13.040274268577049 2720.1988621557607 26.85275242497126 0.310422538157996
1.0658580233070745 13.046596853053185 2397.0402063563038 28.078883372913896 0.31500180170584113
1.0921934183898603 13.052725451460624 2114.610867494611 29.359753960920408 0.31967445734205446
1.1186929715916685 13.058562236137057 1867.432546588358 30.698201056827966 0.3244457413996906
1.1453276233650194 13.06401226516398 1651.2412824333237 32.097542699942196 0.32932315495060865
1.172093721147661 13.069023133484496 1461.3264105653382 33.559807959202466 0.3343049633722578
1.1989520561933973 13.073479541921712 1294.7544009011488 35.089499458133794 0.3394044603974527
1.2259006881373566 13.077344678676711 1148.4463998941674 36.6885902383289 0.3446180965634215
1.252899859497396 13.080505026507007 1019.6423319425531 38.362182807806676 0.34996061659339717
1.2799440743346733 13.08294412063484 906.2117062961762 40.112574162021495 0.3554289201011674
1.3069963858657971 13.084549202060929 806.3363046204915 41.945130634724656 0.3610369490725513
1.334029335117213 13.085243209430395 718.1224288551267 43.86344819006581 0.3667872582091371
1.3610405025246262 13.085031978291237 640.255954313073 45.87210624833454 0.3726869880786242
1.3879783614876622 13.083782032307075 571.4154659964132 47.97649574079107 0.37874640798946463
1.4148241899127598 13.081456290132975 510.5714193610315 50.1814408272989 0.3849715038022571
1.4415566953799674 13.078013052394375 456.62192897800423 52.49203845164737 0.39136860014447916
1.4681522097506017 13.073409551793157 408.7769995702111 54.91477025608616 0.3979497176401004
1.4945628554891983 13.067536385931735 366.3147598576785 57.45582986047603 0.40472392360482223
1.5207756526883784 13.060384791342598 328.6601236402779 60.1218493297406 0.4117009959585467
1.5467598777870362 13.051887701566807 295.1179565392626 62.91993864662113 0.41889148174335694
1.572476239811306 13.042001340254243 265.30817364617 65.85772896422547 0.4263067604204215
1.59789115837907 13.030658958514683 238.77003179829944 68.94342002216307 0.43395911250518976
1.6229999728381963 13.017845026871207 215.10114411499734 72.185832157773 0.44186179416876287
1.6477419014287693 13.003482712127866 193.97204771688737 75.59446339805613 0.4500291185092223
1.6720900632509383 12.987541751459839 175.13577214063727 79.17914922474675 0.45847486166352724
1.6960266628610952 12.969979401921512 158.26341019260386 82.9503032593231 0.46721320949734135
1.7195065626624153 12.950758198856825 143.1929440803363 86.92056686879504 0.4762652804993273
1.7424881984098606 12.929812039529114 129.7002947902243 91.10141171969367 0.4856449733881065
1.7649693274632656 12.907147564720436 117.60212940128343 95.50716365041865 0.4953751275918768
1.7868806179475274 12.88267192765484 106.75874005835361 100.1512685781364 0.5054723652810397
1.8082314677240636 12.856430794860353 97.02678195074434 105.05037903149889 0.5159628609456638
1.8289439423198246 12.828293754970302 88.27990959739292 110.22104916516979 0.5268691708285673
1.8490169974753943 12.798300745013984 80.41856385721559 115.68106685071052 0.5382152119430822
1.8683886555563614 12.766351035078236 73.33859720594545 121.45037869414973 0.5500293115569003
1.8870650502465858 12.732518854825777 66.9649504180376 127.5504265374161 0.5623413189308275
1.9049862824379449 12.696686147285549 61.21792199928724 134.00391728088383 0.5751814480312261
1.9221248585291943 12.658853302276189 56.03974393595193 140.83645400051182 0.5885856567922463
1.9384356066936277 12.61895078458642 51.36059362446882 148.07572980133867 0.6025922152588989
1.953927706612903 12.57708943210676 47.13509531394178 155.7501110461652 0.6172363827475207
1.968540078997116 12.533146451447546 43.31597990257131 163.89342064974065 0.6325663119959133
1.9822502403398892 12.48712934667438 39.855718162758556 172.53963922718677 0.6486241966367597
1.9950334548039992 12.439031970921322 36.724254869337926 181.727747144829 0.6654620901889219
2.0068657528928964 12.388855536361648 33.88402068513542 191.49995675539546 0.6831350389673546
2.0177066133921864 12.336565340772948 31.30951611732347 201.90234534782581 0.7017023328461642
2.0275397769785215 12.282166510738387 28.974565879264897 212.98470917803292 0.7212260507568241
2.036340878821167 12.225678135672778 26.85348125382064 224.8029826472198 0.7417778857300212
2.0440786751058146 12.167066502121692 24.927967991448604 237.4179830738441 0.7634337171823938
2.050731883121769 12.106339694460846 23.174645235633278 250.89684348261534 0.7862768784478339
2.05629724643221 12.043572983496803 21.581574178939466 265.312905480458 0.8103961641054996
2.0607379228957248 11.97870476248658 20.132214331153715 280.7475115293028 0.8358897966842618
2.064034141380646 11.911790287179693 18.810968870232667 297.29096090364743 0.8628664045493801
2.0661842403350446 11.842865573912846 17.609846028327194 315.04359742730276 0.8914461419516493
2.0671723805502187 11.771960823567403 16.514607983353052 334.1146843906017 0.9217541382405118
