M[M_sun], R[km], Lambda[1], P_c[MeV/fm^3], rho_c[fm^-3]
0.24162668629717493 15.618656898711224 2160425.4255784233 3.5677272577965504 0.1711233750220791
0.2536403133193953 15.27738349970596 1723295.631159416 3.7847684183155477 0.1738875350232946
0.26603391711030727 14.981393762567748 1383168.3502733929 4.011293880464135 0.1766653607910624
0.2788055452472664 14.723719180155674 1116585.7414601308 4.247561327384878 0.17945557857825759
0.29195726290466406 14.498608151983843 906081.1727946481 4.494195150098389 0.18226474019917147
0.3054887404438973 14.301459982492341 738821.5623861857 4.75134693841671 0.1850884733053453
0.319401141207913 14.128377517698777 605224.3534767746 5.01970551614838 0.1879335404647331
0.33369638839242516 13.976147136701433 497828.21608606854 5.299485932447793 0.19079638874167326
0.34837227028178813 13.842272673246805 411152.3532943351 5.591427122195425 0.1936835240062565
0.3634302589661694 13.724229732464034 340784.81915382436 5.8956832960337575 0.1965897681675047
0.37887861339654866 13.620264775254974 279504.256517086 6.213123825505261 0.1995229137144654
0.39470780153544727 13.528680260889347 236518.18284220865 6.544015745507979 0.20247931064941244
0.41092672400739366 13.448096902917452 197974.15462780255 6.889042115043158 0.20546234404390132
0.42753041992216717 13.377261603237796 166178.01489936022 7.2489162935829015 0.20847524147506158
0.4445201741802401 13.315109800325382 139886.04173720058 7.62391104133983 0.2115137712750225
0.46189552408937123 13.260750406168938 118051.28857744014 8.014947650013218 0.21458366865634154
0.47965495879455217 13.213321456920605 99876.0031813247 8.422743292469063 0.21768678421906618
0.4978054145569133 13.172147740115541 84700.95023130557 8.847757526106125 0.22082085820668362
0.516337819857018 13.13654415476928 71988.46473219727 9.290826070814763 0.2239887698660862
0.5352492216186235 13.105978802253585 61320.46909848184 9.75285052806965 0.2271936920123387
0.5545508493593398 13.079939041891814 52342.61940484773 10.234639679505452 0.23043697428792917
0.5742255588406042 13.057945848370396 44764.98000957079 10.736690977551715 0.2337156513599989
0.5942770194079919 13.039625659286944 38358.2587878055 11.260196228222432 0.2370352505803441
0.61470689176873 13.024577410835064 32928.85483309097 11.806116947862836 0.24039770547801503
0.6355013670024799 13.012487845340996 28319.020160361768 12.375431104465706 0.24380464714184613
0.6566659590898953 13.003081390516458 24392.93398808002 12.96886362314152 0.24725443597814123
0.6781907195448197 12.996024925342867 21047.41953364951 13.587668852141661 0.2507510520126153
0.700071235267897 12.991084438398442 18189.39916590671 14.23307746667779 0.25429752137057304
0.7222972686813707 12.988025987088953 15744.4719306137 14.906277800787377 0.2578958260852838
0.7448781153310388 12.986658030880537 13647.859489472015 15.60834589282033 0.26154633408501565
0.7677901753307474 12.986745960030452 11847.671512012721 16.34045414752933 0.26525001049032004
0.7910268720940221 12.988124739026228 10299.775724302504 17.10426141448391 0.26901199576652807
0.814594255411937 12.990643361725276 8966.697338531805 17.901220954734022 0.2728347189768939
0.8384670631775034 12.994108008246192 7815.439291779102 18.732755128020614 0.2767197801614582
0.8626408795422474 12.998356168095924 6822.2256476873 19.600092523966488 0.2806666330155361
0.8871075137205319 13.00330998381146 5962.154883747568 20.505371766900737 0.28468213450412067
0.9118594450041759 13.008807204182833 5217.065937574757 21.450384603171482 0.2887692932446875
0.9368711176761193 13.014686872151952 4570.570357132259 22.436687600850885 0.2929286225478835
0.9621406704276908 13.020878722291972 4009.3837132723993 23.46615838913156 0.29716274700896134
0.9876584209043509 13.027269546364616 3520.818049847895 24.54128655386723 0.3014783343625774
1.013398384134147 13.033738736592047 3095.9923807203786 25.664099696859925 0.3058776603196764
1.0393474571837524 13.040179802653107 2724.8815731677055 26.83638436604926 0.31036070257877757
1.0654940608921943 13.04651754283176 2401.427079202158 28.061316618466297 0.3149368146425292
1.091814707296265 13.052632987058482 2118.529014647226 29.34105076511246 0.3196071373209666
1.118304632033229 13.058478620820923 1871.0270785292519 30.678138150845463 0.32437496819879347
1.1449288995485845 13.063948950386424 1654.189376723811 32.076176844249936 0.32924971754588717
1.171683370789456 13.068955385496691 1464.1331670472955 33.53690609921098 0.3342277817428059
1.1985313651013918 13.073416186391857 1297.2107188176046 35.06494480435831 0.33932326481419883
1.225469407571796 13.077291571397664 1150.6164256114464 36.66245403883772 0.34453378522965966
1.25245857871627 13.080464369560074 1021.6209575588224 38.33422739752683 0.34987222996975614
1.279494282106481 13.082911192149428 908.0016100289529 40.08274656516654 0.3553366434812545
1.30653025370957 13.084507603060171 807.975582361563 41.91337057686915 0.36094093360602647
1.3335582586361723 13.08523136496301 719.5834938447355 43.82939964212137 0.3666860483160339
1.3605634559757567 13.085039944953703 641.5790344681716 45.835840544349786 0.37258153233776004
1.3874890500436488 13.083798156058927 572.6445877572608 47.937858002706534 0.3786364325143428
1.4143391090327229 13.081524229085332 511.5852596643788 50.14000744782352 0.3848554029069143
1.4410656996996312 13.07810595756741 457.5569420206586 52.44787519610024 0.3912473443912887
1.4676481879339438 13.073508227124513 409.6267744746728 54.86768160546246 0.3978229634613305
1.4940541835608874 13.067659931210432 367.1201809818593 57.40560445999795 0.4045913008757976
1.520263187637177 13.06053599548822 329.34332617782997 60.068258571189546 0.4115621058170241
1.5462434885299396 13.052071729904606 295.7507302030802 62.862735109226975 0.41874589419280595
1.5719570123569202 13.042214469682307 265.8788354444756 65.79664469836455 0.42615401169402894
1.597373848306637 13.03090537355261 239.27620628798613 68.87816465820003 0.43379870216468425
1.6224661528420488 13.018115288088163 215.5818540839297 72.11609082020813 0.44169318190905693
1.6472181391991734 13.003806206458927 194.4062655454023 75.5198944026825 0.449851720636388
1.6715671279253252 12.98790587390458 175.51297716954426 79.09977082714754 0.45828967277007615
1.6955065155834652 12.97038692381798 158.62740151277615 82.86534114482846 0.4670179668056825
1.7189778548447379 12.951201123887516 143.5122828241005 86.82958375852235 0.47605924851910164
1.7419847247830893 12.930323868722999 129.99476845881418 91.00436973945938 0.4854290907019541
1.7644637519962938 12.907698169534463 117.87204626063429 95.40312814659298 0.4951468504664841
1.7863903556034144 12.883294010977094 106.99551626297095 100.04014896980165 0.505232573987041
1.8077330065509185 12.857071534515216 97.23665873404573 104.93159921446211 0.5157106317552139
1.8284609398385643 12.829005199696484 88.47591121760078 110.09371787566572 0.5266025260757705
1.848537201825346 12.799054606155586 80.59483928475912 115.54450484968761 0.5379331219728926
1.8679312198567046 12.767191569439115 73.5019839104269 121.30407467232433 0.5497314901829063
1.8866100817692983 12.733389488120547 67.11557200321076 127.39369483074451 0.5620269718657349
1.9045425462121128 12.697615602696095 61.35893600477144 133.8361645883345 0.5748502521293849
1.9216960565541148 12.659850808962736 56.16656042308767 140.65627635794263 0.588234602226427
1.938028084444197 12.620037870693686 51.47694470439798 147.8820484533313 0.6022196595497589
1.9535240868588057 12.578192235129714 47.23917881063576 155.54237892899536 0.6168427095912058
1.968161418637578 12.534343272853866 43.40916132084088 163.67006429485056 0.6321486027450927
1.981894514264783 12.488400179690984 39.94356536160039 172.29923524196815 0.6481803169632815
1.9946960213319789 12.440376033640465 36.80274339554467 181.46910932122418 0.6649909778070092
2.0065458112614896 12.390256930081769 33.95830632142538 191.22140591733051 0.6826342847850504
2.017417977997989 12.338056348096442 31.37851841114396 201.60202919264583 0.7011693012944656
2.027272901631571 12.283731282604961 29.039425231601566 212.661339287536 0.7206603344800058
2.0361025850246786 12.227325854582629 26.911859165183273 224.45356671425668 0.7411739119714809
2.0438699704247654 12.168795250498723 24.980811324448414 237.04081918428574 0.7627906181038318
2.050551996722002 12.108155200532874 23.22337893033118 250.4886951362767 0.7855893136633251
2.0561423091445827 12.045441913263403 21.626523722451672 264.8710151647247 0.8096609590868875
2.060619290729105 11.980679231936668 20.17290081664009 280.2692216845951 0.8351047904352862
2.063957624129547 11.913860857202954 18.849553432705576 296.77239059960067 0.8620262277388191
2.0661389485957056 11.845011611526717 17.643390951558672 314.48027623867216 0.8905443755254021
2.067158542022293 11.774188307817495 16.547521642644565 333.5028978296262 0.9207878702366166
