M[M_sun], R[km], Lambda[1], P_c[MeV/fm^3], rho_c[fm^-3]
0.24162668629717493 15.618656898711224 2160425.4255784233 3.5677272577965504 0.1711233750220791
0.2536450122754106 15.277269061094493 1723267.9209073293 3.78483886246179 0.17388841307559413
0.26604185545975656 14.981250533595647 1382911.8418428218 4.011441967396475 0.17666715033424482
0.27881786762571015 14.723478411794678 1116486.7661280548 4.247792066371228 0.17945825480278302
0.29197359570344183 14.49837191981854 905886.2700476395 4.494514595135785 0.1822682972938022
0.30551087539818017 14.301138224375128 738566.0868752818 4.751765935246 0.1850929992707691
0.3194281558411433 14.12807456887608 605044.301909652 5.020227150386877 0.18793895262128985
0.3337261288815192 13.975957993457484 497660.97087523405 5.3001239362166785 0.19080281238098623
0.34841028900502535 13.841949092323862 410958.3559464329 5.592183087587862 0.19369083817938723
0.3634742021415422 13.723911394572262 340630.97100613965 5.89657420555707 0.19659813577828422
0.3789286694535943 13.619938654718224 283271.09108184907 6.21416045915239 0.19953236656513906
0.3947635062236064 13.52836894587743 236381.39171203406 6.545197026147836 0.20248966888479203
0.4109898519725802 13.447798031355031 197835.25152200187 6.890390845460041 0.20547383039810424
0.4276003090046155 13.376997653458043 166050.38376774217 7.250445128525529 0.20848788913473512
0.4445962604500413 13.314863578194748 139778.48788604603 7.625615754494856 0.21152734188786346
0.4619796840718024 13.260509110822834 117957.16835776147 8.016857973274647 0.21459844655119872
0.479746064831062 13.213098899042976 99787.01289926725 8.424874120335675 0.21770280506578035
0.497905886596223 13.171927421520046 84624.86762967796 8.850101001253343 0.2208378259680394
0.5164457355060725 13.136351101511714 71922.41916889783 9.293420114815055 0.22400703209756806
0.5353664281792982 13.105797225950434 61261.664063127726 9.7557127269002 0.22721328814058273
0.5546741233321619 13.07977164353474 52291.49987805383 10.237787804207366 0.23045793409442458
0.5743594786940046 13.057806042280511 44718.68988570497 10.740113112240385 0.2337376225247448
0.5944182982911553 13.039494823687098 37986.00289615454 11.26394294883461 0.23705866015853078
0.6148576183756171 13.024496847775556 32892.15602721163 11.810210385237292 0.2404226004070012
0.6356639087696699 13.012414845040244 28284.118864652388 12.379894770000394 0.24383107683669425
0.6568371115771968 13.00299825979126 24366.444993862653 12.973677019175787 0.24728194737604717
0.6783704902734046 12.995971122276226 21021.692119665597 13.592900323405352 0.25078017944301656
0.7002613447535116 12.991044631248073 18167.076815984878 14.238755059580932 0.2543283225891676
0.7224978610991706 12.9879943130852 15724.072059779475 14.91243136361274 0.2579283622915445
0.7450880168826777 12.98665266792578 13629.67002857499 15.61494715686025 0.2615800753679962
0.7680112740592971 12.986758448169853 11832.498545407325 16.34759249835267 0.2652855933788142
0.7912582828221388 12.988149795383972 10286.883649287412 17.111972672913424 0.26904949300501957
0.8148359454497033 12.99066910566681 8953.46968292053 17.909543316257377 0.2728742079872448
0.8387203441372585 12.994132891441097 7804.956947304494 18.74165168170566 0.27676065522244053
0.8629036155541191 12.998417021345379 6811.7803206997005 19.60967893344527 0.28070964118903535
0.8873873804497842 13.003380434029737 5953.267438343831 20.515694164561587 0.2847273688511836
0.9121460883891881 13.00885535027132 5209.410778124318 21.461492280154225 0.28881685310088884
0.9371677290600521 13.014763922212726 4563.5474822078695 22.44853429004994 0.29297782695033436
0.9624539186743204 13.020969204952438 4002.965350581212 23.47889273957394 0.29721446498985205
0.9879771083748127 13.02735117211707 3515.1762581062967 24.55496849576154 0.3015326862226007
1.0137215321684347 13.03380778944583 3090.626261548702 25.678676273849597 0.30593391413756976
1.0396879824649048 13.040263445795606 2720.308123781864 26.852033756063282 0.310419823156272
1.0658410303366534 13.046594780397687 2397.2765403444155 28.078112064080067 0.314998948299074
1.0921763369654405 13.052730734423335 2114.8136263563383 29.35893274619963 0.3196715014732881
1.1186767181759576 13.058557370908115 1867.595498197317 30.697320129801952 0.32444263387252376
1.1453103586042552 13.064011921018594 1651.245549564776 32.09660493620653 0.32931993288677897
1.1720758959255946 13.06901714014216 1461.3961296141226 33.55880235665065 0.3343015743879762
1.1989334148116966 13.073478876319868 1294.8564827172058 35.08842126939721 0.3394008951195984
1.2258823446223575 13.077343390733697 1148.575104622122 36.68744259274303 0.3446143944364132
1.252880765984196 13.080505779726348 1019.7238117630538 38.36096104695679 0.3499567693856069
1.2799243434604053 13.08294617564669 906.2847875509249 40.11126439629094 0.35542486812356155
1.306970504916006 13.084520568937252 806.4369828836451 41.94373599758997 0.3610327328732066
1.3340082974681007 13.08524012574362 718.2779326975383 43.86195304182434 0.36678281385532974
1.3610185193631708 13.085028629437621 640.3146638575175 45.87051372241114 0.3726823572295672
1.3879518354644007 13.083764895125691 571.5495172103363 47.974799033526644 0.37874157861288105
1.414802898785019 13.081456570942724 510.59598558962745 50.17962132937398 0.38496640536855864
1.4415346654329242 13.078017239754208 456.6802702897385 52.49009905205173 0.3913632752798198
1.4681303007516835 13.073412588900606 408.82689364577175 54.91270236538013 0.39794415125022176
1.4945407882462531 13.06754340846344 366.36261444634494 57.4536241933657 0.40471809942843523
1.520753070439445 13.060390523819086 328.69144803897206 60.11949584276664 0.4116948964714761
1.5459149354724444 13.051741575772882 296.06716002155156 62.959382745620964 0.5457098283244285
1.5612162302585404 13.035515444526695 275.7597923375163 66.39212240186534 0.8990233743291628
1.5673503882628599 13.007166631210946 263.7534442197886 70.56270860096458 1.2303556705249357
