M[M_sun], R[km], Lambda[1], P_c[MeV/fm^3], rho_c[fm^-3]
0.24162668629717493 15.618656898711224 2160425.4255784233 3.5677272577965504 0.1711233750220791
0.25363980037818923 15.277419544186985 1723241.6620299309 3.7847599019256273 0.17388742887060268
0.26603280938828594 14.981424576093472 1383199.6141609314 4.011275977665093 0.1766651444463015
0.2788041732187228 14.723720747900684 1116625.5399087116 4.247533432859784 0.17945525504380264
0.29195510499980964 14.498629850184486 906114.391578114 4.494156532248823 0.18226431018045383
0.3054860536020032 14.301495721061766 738927.7254361765 4.751296286423306 0.18508792616714576
0.3193982615297139 14.128402982196604 605232.1402191956 5.019642457291568 0.1879328862047552
0.3336919382426716 13.97623682782851 497876.0405162441 5.299408807076726 0.19079561221716074
0.34836750706954245 13.842315564708924 411167.85165096767 5.591335738154225 0.19368263984051898
0.36342572115999977 13.724263566763705 340806.85461822175 5.895575600869791 0.196588756671734
0.37887226946972125 13.620295991303724 283441.09014668345 6.212998516552603 0.19952177104769897
0.3946993393337276 13.528730911664805 233413.1259803126 6.543872953274437 0.20247805855442713
0.41091948924963106 13.44811805238616 197974.39412300792 6.8888790837531895 0.2054609556010225
0.42752039814615167 13.377316777497564 166198.22871474765 7.248731494096562 0.20847371267627116
0.4445105691042614 13.315155892802727 139887.2430741249 7.6237049847965235 0.21151213093244386
0.46188518652644006 13.260781625658316 118064.45363620251 8.014716743384223 0.21458188240688628
0.4796428018389997 13.213381955042237 99884.92619095433 8.422485736054977 0.2176848477548895
0.49779267898197077 13.172178773884315 84708.35664741806 8.847474269863174 0.22081880731045858
0.5163249145107738 13.136565385689222 71995.9190543648 9.290512532214603 0.22398656253479424
0.5352353919779038 13.106002383356003 61328.055822026705 9.752504582293609 0.22719132348443613
0.5545358865727525 13.079949517735812 52348.398727144966 10.23425907266902 0.23043443959487375
0.5742082731889738 13.05794922016345 44769.98724164983 10.736277363543026 0.23371299582994154
0.5942610681172813 13.039643303785072 38362.26876667992 11.25974338896499 0.2370324212324689
0.6146884629628576 13.024585809056598 32933.65970932036 11.805622209558766 0.24039469664367366
0.6354815265768597 13.012503234789852 28322.4673988111 12.374891626563567 0.24380145285315669
0.6566457393946037 13.003086737915938 24396.704963520922 12.968281882919356 0.24725111098958516
0.6781689417759434 12.996036660202313 21050.571777521425 13.587036591723189 0.25074753175599795
0.7000490116220514 12.991095583582092 18192.940970486354 14.232391297748359 0.2542937988706424
0.7222738954380346 12.98801229906042 15746.736995209403 14.905534117400217 0.25789189395088224
0.7448528094481142 12.986653541617402 13649.959201452824 15.607548111043432 0.2615422563537617
0.7677638054998328 12.986742943683053 11849.671290118571 16.339591467912967 0.2652457102488
0.7909998237465311 12.98811919451201 10301.427005928088 17.10332950972205 0.26900746422924054
0.814564511884404 12.990633383660949 8968.1969236967 17.900215210721594 0.27282994679346906
0.8384372008522236 12.994099508148354 7816.959223843794 18.73168000472343 0.2767148405261914
0.8626090953684412 12.998359378807402 6823.27615839376 19.598934048016535 0.28066143566456125
0.887074548325804 13.00330591678714 5963.395943027673 20.504124365633384 0.2846766681983545
0.9118247907242433 13.008805264500769 5218.0142619937615 21.449042322447852 0.28876354598733595
0.9368362043367365 13.014689209200897 4571.670541704945 22.43525603062022 0.29292267662015775
0.9621040963940868 13.020884621734858 4010.2205389081905 23.464619572323556 0.29715649741667705
0.9876191392120448 13.027263584275726 3521.510425338835 24.539633251515824 0.30147176657719477
1.013356973317891 13.033729200668478 3096.591666180918 25.66233830666933 0.30587086277570624
1.0393067176318125 13.040174231052928 2725.4697349613007 26.834493364977742 0.3103535587172411
1.0654513485239516 13.046506394775532 2401.7320600042694 28.059287159959972 0.3149293067930381
1.0917706689981475 13.05263405348656 2108.224114408721 29.338890039369694 0.319599360034985
1.118258778611352 13.058470944642549 1871.3649717670642 30.675820374074725 0.3243667920910465
1.1448816389999406 13.063927684099072 1654.5514254334787 32.07369114851187 0.32924112104306547
1.1716351318041442 13.068944995063426 1464.4500616643343 33.53426041857409 0.3342188655262785
1.1984819838095189 13.073408055956818 1297.4634861192717 35.0621082297026 0.33931388503080956
1.2254195356722806 13.07728267697215 1150.8814920282864 36.659434798188514 0.34452404562669375
1.252407630032531 13.08045733343983 1021.9285712177389 38.330990772288686 0.3498619770505405
1.2794413053767413 13.082908100705788 908.1834247924442 40.079300988774285 0.3553259840189895
1.306476714412835 13.08450673621169 808.0885189876421 41.909701814719796 0.3609298423822339
1.333506722274801 13.085226713036823 719.8090954946168 43.825466585549194 0.36667435723787434
1.3605039865681077 13.08504835307077 641.7362276728163 45.831651430349005 0.3725693509632939
1.3874336063220745 13.083799766147285 572.7754316142399 47.93339494884539 0.3786237292223489
1.4142824506212794 13.081528581633629 511.70895775946144 50.135221545726395 0.3848419922818208
1.4410087464922947 13.078113979360516 457.6562103961408 52.442774039191015 0.3912333385256543
1.4675903817672002 13.07351930343009 409.73139006579834 54.86224262025919 0.3978083226913435
1.4939955038691126 13.067673659611913 367.20753133797905 57.39980324521994 0.40457598247259535
1.5202040639107215 13.06055446443628 329.42364642130644 60.06206873417666 0.4115460637351062
1.546183194411345 13.052094005377157 295.8271030886252 62.85612808604466 0.41872907879352533
1.5718975500906922 13.042240964231283 265.9652110755981 65.78958955577718 0.4261363694414857
1.5973139161732708 13.030931157170953 239.34529009586973 68.87062787547522 0.4337801752910331
1.6224049054358785 13.018152777343111 215.61216069869204 72.10803604846596 0.44167370804588935
1.6471570662964152 13.003844103593616 194.45498099140747 75.51128219921667 0.4498312324084375
1.6715107729932208 12.987946638401873 175.56030963454683 79.09057202289615 0.4582681544042191
1.695446240076656 12.970434503171198 158.6679160453853 82.85552890795934 0.46699541831393515
1.7189104918066023 12.951227411098676 143.5534195406997 86.81907634114242 0.4760354543884838
1.7419252739367137 12.930380571102194 130.02823475618254 90.99316276655266 0.48540415931237507
1.7644047243220573 12.907763984974236 117.90395949770223 95.3911137392809 0.4951204881741546
1.786332178103196 12.883360647521553 107.02319558840081 100.0273166693227 0.505204882439321
1.807675230963751 12.857141439125385 97.26984390696542 104.917882525811 0.515681504338112
1.828403592939343 12.829087471348242 88.50054560039435 110.07898628492782 0.5265716315960444
1.8484804462050972 12.799140470023177 80.61400354549714 115.52873526295258 0.537900547448364
1.8678773269393265 12.767286554827393 73.52167184783605 121.2871804269654 0.5496970996904058
1.8865572627682134 12.733491057387365 67.13296110326854 127.37558114862021 0.5619906178502431
1.904491102613962 12.697723282716382 61.373379853805076 133.8167942826867 0.5748120091316096
1.921645839027183 12.65996668309301 56.18021040623498 140.63547176839035 0.5881940669743936
1.937980234455571 12.620161145014547 51.48984515263976 147.85968509372034 0.6021766425149007
1.9534792330687005 12.578325047749534 47.255638632410694 155.51839366008238 0.6167972551056564
1.9681179379432985 12.534480866663893 43.42021342263908 163.6442365692007 0.6321002420326748
1.9818531036628413 12.488547133152668 39.95396817343801 172.27147878382507 0.6481290676981487
1.9946576282173336 12.44052822712253 36.81362707773096 181.43924826837133 0.6649365854851907
2.006511196078396 12.390422356636812 33.96869752339035 191.18924652109652 0.6825764714527466
2.017384152634865 12.33822898600284 31.387203331499833 201.56735773615208 0.7011077628792464
2.027242307108746 12.283912712794548 29.04681460425058 212.62400710054197 0.7205950240523735
2.036075673854284 12.227516203190294 26.918325725688856 224.41322858458952 0.7411041865540365
2.0438455486118525 12.168994747073954 24.986486373212475 236.99727874710507 0.762716377658746
2.0505317204116285 12.108362206242944 23.229299971993985 250.44154369149825 0.7855098269854894
2.0561253576522995 12.045660317407556 21.631712988907097 264.8199961493095 0.8095760604810942
2.0606055594344745 11.980909762117959 20.178199238273134 280.21394748597913 0.8350139662885997
2.0639470532180857 11.91409940995956 18.85352281424343 296.7125323078889 0.8619292465807706
2.066132946251574 11.845259926739045 17.64849107879998 314.41525427390735 0.8904402881486498
2.066911975387325 11.77580238885732 16.58335771882566 333.6851392977056 1.1498771946667152
