M[M_sun], R[km], Lambda[1], P_c[MeV/fm^3], rho_c[fm^-3]
0.24162668629717493 15.618656898711224 2160425.4255784233 3.5677272577965504 0.1711233750220791
0.25363880299707714 15.277447865080617 1723319.502628146 3.784740756925163 0.17388719023740776
0.26603031154877327 14.981464174014373 1383226.6823711456 4.011235732053816 0.17666465810184054
0.27880101258857615 14.723801061035102 1116744.8920336035 4.247470726095975 0.17945452773983953
0.29195050354467006 14.498707888085903 906148.3360109769 4.494069719924761 0.1822633435050773
0.3054802059483821 14.301566593187731 738937.2761776119 4.75118242209495 0.18508669621508617
0.3193915253341609 14.128461234514386 605292.0976437475 5.019500703328953 0.18793141545268105
0.333683685635394 13.976289012827205 497944.09441982553 5.299235432950177 0.1907938666273861
0.3483581835098696 13.842375301372147 411228.39897033013 5.591130312146793 0.19368065228738632
0.3634136304192036 13.724350144537656 340862.526159479 5.895333509548714 0.19658648289881447
0.3788590772574428 13.620382490196798 283484.56831171067 6.21271683196417 0.19951920242342278
0.39468551322330864 13.528792500474571 236571.53760679203 6.5435519690288375 0.2024752439562217
0.4109025109305924 13.448217205063346 198019.2154482658 6.888512605589328 0.20545783451919247
0.42750255340552373 13.377385155024571 166225.96010220336 7.248316085081318 0.20847027610394825
0.44448893423540037 13.315235773958788 139928.94255108497 7.6232417941352955 0.21150844363694987
0.46186202001865506 13.260849020669069 118084.02046163169 8.01419769500661 0.21457786714805285
0.47961839307765297 13.213445638463291 99917.82249169041 8.421906784975695 0.21768049485213206
0.4977669280474802 13.172222061721156 84730.22909394681 8.846837551632477 0.22081419719841958
0.5162958939289752 13.136615541855795 72019.86700497242 9.2898077468184 0.2239816008016667
0.5352040570200647 13.106047274115403 61346.38277807386 9.75172695408435 0.22718599943009293
0.5545015234919426 13.080005026410776 52363.34181838011 10.233403535943154 0.23042874205402544
0.5741714562043231 13.058005021563535 44782.97051972763 10.735347636038135 0.2337070266913666
0.5942243461592901 13.039663512152146 38375.70912532462 11.25872549480036 0.23702606141130816
0.6146470624154267 13.02463354399518 32944.6582309759 11.804510139344728 0.24038793340132414
0.6354386484206129 13.012525169118732 28332.88728374061 12.373678996163624 0.24379427277857785
0.6565995960984842 13.00310600150318 24405.504000794248 12.966974260670094 0.2472436371570241
0.6781207792478334 12.99603886830399 21057.49156310792 13.585615417469889 0.25073961903851094
0.6999982541713092 12.991100800190003 18198.62105200624 14.230848956366094 0.25428543159336964
0.7222196181996244 12.988015376787803 15751.800471569357 14.903862504685604 0.25788305550434093
0.7447954778710155 12.986648926764099 13654.695597936798 15.605754905202453 0.26153309067498304
0.7677039924509405 12.98675100553643 11853.974857935613 16.337652396996575 0.2652360444666176
0.7909371914975302 12.988119728780374 10305.269429514285 17.101234848445017 0.26899727860076217
0.814498478618881 12.990630918807096 8971.404877021962 17.8979545892949 0.27281922030644157
0.8383673919596643 12.994093405106236 7819.87914333147 18.72926344733869 0.2767037376953689
0.8625375050090235 12.998345883695325 6826.000080254836 19.596330150047372 0.28064975361656613
0.8869996972223007 13.00327820813384 5965.662689251174 20.50132060320053 0.2846643816766435
0.9117480688562866 13.008766371109889 5220.089043458568 21.44602531442947 0.2887506280326875
0.9367556106207108 13.014661378054504 4573.717463653515 22.432038340536316 0.29290931216742416
0.9620208087759635 13.020851956464202 4011.978256990558 23.461160843328972 0.2971424504905415
0.9875329263452709 13.027243245745384 3523.0635288345925 24.535917215267236 0.3014570045292644
1.0132678378925277 13.033708354994681 3097.9315277038727 25.658379341790127 0.3058555843677838
1.039213673217824 13.040150209622718 2726.6792107837437 26.830243101357073 0.31033750198662524
1.0653559775594248 13.046485521294185 2402.8105551095523 28.054725716798547 0.31491243203131647
1.0916722880491052 13.052609936242051 2119.8457566124503 29.334033576016182 0.31958187974879604
1.1181583880893424 13.058448345945697 1872.29057403689 30.670610946099654 0.32434841549630195
1.1447773523587152 13.063912626856483 1655.44977501314 32.06810433288886 0.3292217996613163
1.1715284410751452 13.06892989577323 1465.0307425328713 33.52831404602161 0.33419882563767994
1.1983772468959637 13.073401216634547 1298.1114556652744 35.055732838943335 0.339292803341941
1.225308193826749 13.077267107613324 1151.4736122724537 36.6526488802821 0.3445021553059652
1.2522927916349376 13.080440507667285 1022.35208616029 38.323716306089665 0.3498389331363435
1.2793243159432346 13.082899692885716 908.6461451015666 40.07155692666993 0.35530202647796266
1.3063579831849685 13.084504203623888 808.5271708224067 41.90145616840845 0.3609049145442248
1.3333846122031199 13.085233725386804 720.096808119991 43.81662697577184 0.3666480813461065
1.3603837687351121 13.08504736944914 642.0934215111623 45.82223636759446 0.3725419732397433
1.387307701598859 13.083807812557746 573.0852131505227 47.923364248120876 0.3785951786101063
1.4141471703135686 13.081524598865782 511.97290556879796 50.124465302681834 0.3848118521034475
1.440878688895318 13.078129815707987 457.9122052980425 52.43130931764591 0.3912018606957514
1.4674611655309238 13.07354204397276 409.9576165726558 54.850018694665025 0.39777541808206907
1.4938631896075145 13.067704869665635 367.3773824825691 57.38676528310749 0.4045415550693329
1.5200697820279347 13.060600942142013 329.58860992711897 60.048157428644565 0.411510010071259
1.5460497811879228 13.052139591177957 295.98644829305346 62.84127925159396 0.4186912873293136
1.571762788716924 13.042294105336705 266.1021398105497 65.77373368341664 0.4260967198807554
1.5971784854645852 13.030996737997436 239.4852245717095 68.85368964251788 0.4337385378293558
1.6222696307061393 13.018226806634573 215.75317962656362 72.08993377788242 0.44162994254245236
1.6470207030084316 13.003927979064066 194.56448072486006 75.49192726276743 0.44978518747330415
1.6713753407633598 12.988041460913566 175.65413235586115 79.06986818154921 0.45821966639152967
1.695312072601077 12.970538925896914 158.76236047528928 82.83347726127215 0.4669447436940728
1.718777373620579 12.95134178297651 143.63214896327509 86.79546250958515 0.4759819806782328
1.741791298235849 12.930509101060649 130.10547384447807 90.96797691716371 0.4853481300680626
1.7642709705906 12.90790361047913 117.96997612050204 95.36411347744541 0.49506124357082204
1.7862016331522916 12.883514159852126 107.09348025453508 99.99847849221761 0.5051426509042372
1.8075465893583993 12.857311815941506 97.32191609155332 104.88705702458027 0.5156160463216358
1.8282759334272307 12.829264763301126 88.55726604627998 110.04588021397642 0.5265022029202131
1.848356764341962 12.79933631413284 80.66800599165924 115.49329673011636 0.5378273436684219
1.8677548619210482 12.767497886570055 73.56490153322649 121.2492147140705 0.5496198154118335
1.8864382629561711 12.733716695685816 67.17368629923865 127.33487530523988 0.5619089215473764
1.9043756144003428 12.697965192034033 61.408568844533384 133.77326475017938 0.5747260683186403
1.9215171033242 12.660164389998217 56.21181361902575 140.58871938580455 0.5881029755540839
1.9378717205224971 12.6204388466244 51.5202934675889 147.80943017029338 0.6020799746693506
1.9533821148828585 12.578647539372135 47.2806978355298 155.4644943299787 0.6166951104797109
1.9680193668574044 12.534791534684423 43.448228894177525 163.586197330068 0.6319915673862617
1.9817604834763356 12.488875684056838 39.97709945507282 172.20910579129713 0.6480139027871678
1.994570212609629 12.44087763173092 36.836129553400994 181.37214641422156 0.6648143585274371
2.006428312776089 12.390789890271002 33.98793430438909 191.1169805168951 0.6824465579902933
2.017314158482491 12.338635595313782 31.405826012289726 201.48944743739665 0.7009694797841728
2.027169557246159 12.284310612720736 29.061259065220423 212.54002827958846 0.7204479703218694
2.0360020093460025 12.227905299659241 26.934315600316417 224.32258612070066 0.7409475088973136
2.0437909757101638 12.16944264233836 25.00050668581788 236.89944127082066 0.7625495557741775
2.0504908704203704 12.108849307449521 23.24247140910265 250.33559305807998 0.785331218166511
2.056085789258722 12.046152212649822 21.642848155491425 264.7053559729637 0.8093852925672009
2.060576322402376 11.981418561034621 20.188970572240557 280.0897470009927 0.834809885481471
2.0639262725606438 11.914634349336012 18.86421877927731 296.57803261118204 0.8617113329722998
2.0661197740060295 11.845814564902858 17.65765858217069 314.26915340007974 0.8902064093854821
2.0671529075487274 11.775023313712074 16.55928191596155 333.27361915299684 0.9204257428815319
