M[M_sun], R[km], Lambda[1], P_c[MeV/fm^3], rho_c[fm^-3]
0.24162668629717493 15.618656898711224 2160425.4255784233 3.5677272577965504 0.1711233750220791
0.2536417587214595 15.277374926985866 1723197.7035168465 3.78479860736685 0.1738879113152554
0.26603778732538214 14.981288003116594 1383116.82947201 4.011357343086705 0.1766661276994031
0.2788112210434388 14.723572431625001 1116480.179927777 4.24766020980649 0.17945672546533564
0.2919643385331524 14.498504493387946 905991.9201578054 4.4943320462293945 0.18226626456936215
0.30549837581208317 14.301303740490827 738711.5486735492 4.751526495539176 0.18509041286495784
0.3194129024192378 14.128239352345666 605191.7036437278 5.019929056038009 0.1879358597773665
0.33370869414427534 13.976060397978452 497757.022720815 5.299759339138031 0.1907991414933802
0.3483887185052009 13.842129613686259 411070.4165306529 5.591751077401941 0.19368665836199653
0.36344989854736776 13.724119979897607 340707.1141528074 5.896065076471384 0.19659335393016825
0.37890159140444346 13.620085704601385 283351.1547629874 6.213568049909345 0.19952696450614965
0.39472987899836215 13.528584497766396 236445.7676928504 6.544521951751377 0.2024837493943159
0.41095399322303944 13.447986528332834 197912.57507001667 6.889620073553741 0.2054672661811083
0.4275601346020243 13.377159614906176 166119.12247725352 7.249571426210573 0.2084806612193942
0.44455348044608683 13.315034852993254 139840.411021795 7.624641536529957 0.21151958648644276
0.46193136706520854 13.260679906515175 118013.48709458756 8.015766246878457 0.21459000116490132
0.4796937055611301 13.213254867610058 99848.52811721033 8.423656372319495 0.2176936493030792
0.497848257858283 13.172066046865739 84668.1268661058 8.84876172158933 0.22082812901104176
0.516383311935573 13.136470158596696 71959.97548796587 9.29193762967623 0.22399659530976854
0.5352999523518013 13.105895175678926 61295.442001000876 9.754076984574706 0.22720208898277353
0.5546033446688535 13.079879278669685 52316.648564432115 10.235989025626688 0.23044596040671497
0.5742842784850131 13.057915530576357 44745.86468362354 10.738157350042046 0.23372506592561218
0.594338139426248 13.039555561984159 38342.227052671384 11.26180167447984 0.23704528143761303
0.6147711693612644 13.02453259751635 32913.53378831251 11.80787094900881 0.24040837273146887
0.6355705627186768 13.012465924658581 28304.65057641718 12.377343732993378 0.2438159719572812
0.6567401449392033 13.003050469778778 24380.98645103805 12.970926096161868 0.24726622422816869
0.6782683996936671 12.99599470338363 21036.15369445692 13.589910450493267 0.25076353263167694
0.7001530197037965 12.991076988321641 18179.73835889052 14.235510205443063 0.2543107190971045
0.7223840619636791 12.987993633654087 15735.273548832076 14.908914466873536 0.2579097671327801
0.7449683475632346 12.986655671158541 13640.065353746135 15.61117437429025 0.26156079140608396
0.7678813299277619 12.986771202444743 11840.164034593461 16.343512738410098 0.2652652567987396
0.7911267060612955 12.988132241021177 10293.557079488666 17.1075654599766 0.2690280622209153
0.8146976700722457 12.990658045165121 8960.415008668995 17.904786817189976 0.272851638739276
0.8385766667684601 12.994118218316334 7810.751999840846 18.736566993495174 0.27673729371100164
0.8627541049685423 12.998384878744817 6817.842907985553 19.60419994263401 0.28068506041268393
0.8872241877297127 13.003338427364273 5958.640250326046 20.509794500728574 0.28470151560951
0.9119825364441264 13.008825104823563 5213.71997240171 21.455143767087467 0.2887896706063838
0.93699788203148 13.01471786446749 4567.548455300603 22.441763373349577 0.2929497044171364
0.9622738075081688 13.020907595234135 4006.6554571436313 23.47161444898747 0.29718490568918954
0.9877949080523388 13.027311832932547 3518.368384126527 24.547148572900486 0.30150162138136544
1.0135348544054552 13.033757408804627 3093.83901930973 25.670344988576858 0.3059017621031873
1.0394939325290327 13.040217945220737 2722.910661114538 26.843089256794315 0.31038603244866575
1.065644252868184 13.046551595431355 2399.4974279657436 28.068512481825806 0.31496343527009724
1.0919698166280354 13.052677191092101 2116.86308344726 29.34871210354409 0.3196347134352347
1.1184644424715753 13.058512152121615 1869.650119519 30.686356402939943 0.3244039586155862
1.1450912962628585 13.063965352748044 1652.9055217042953 32.08493390839454 0.32927983238476694
1.17185169565678 13.068989072666632 1462.9442512326123 33.54628712867706 0.3342593967793312
1.198704750650733 13.073442575387089 1296.213206508078 35.07500277229579 0.3393565237874468
1.2256464802707803 13.077309997649676 1149.729454508896 36.67315976583148 0.3445683202477306
1.2526391457971677 13.080478616466209 1020.7881141468031 38.34570401404135 0.3499085853749497
1.279678982090835 13.082926559316359 907.2809574269613 40.094964162684796 0.35537444064634033
1.3067195928646704 13.084518108868744 807.2481953242092 41.92637963951294 0.360980261973263
1.333753415898553 13.085225556490723 718.9854525561276 43.84334596718605 0.36672750400663434
1.3607583220348463 13.08503665881123 641.0304088846891 45.85069491900911 0.3726247268414551
1.3876880987732287 13.083787162341546 572.1722175936495 47.95368385012923 0.3786814779848025
1.4145414669005885 13.08150095136794 511.1569085456681 50.15697823328375 0.38490295691799303
1.4412628823342657 13.07805510024204 457.14880231869796 52.46596398830917 0.3912970094374097
1.4678562536720388 13.073465319000912 409.2848572335237 54.88696846756968 0.39787488022545664
1.4942632703659622 13.06760933330104 366.77425406283015 57.426175938799126 0.4046456209137209
1.5204731487215843 13.060472721062787 329.055357132335 60.090208277467354 0.41161899244997596
1.5464551125347183 13.051996361276073 295.48767480600145 62.886164355984796 0.4188055234885123
1.5721701651474873 13.04212712399169 265.6405941826221 65.82166320339613 0.4262165735456933
1.597593514198302 13.030810396671727 239.07894751818102 68.90489131822522 0.43386440147850075
1.6226742771772102 13.017975234949105 215.38385635944817 72.14465456469244 0.4417622399121198
1.6474319886283304 13.003677528627108 194.23387572688256 75.55043513646405 0.44992437631829035
1.6717815679382224 12.987756551027546 175.34722305678397 79.13228108036367 0.45836551881888793
1.6957191177952766 12.970221008065938 158.469682493405 82.90013795711702 0.46709792977897685
1.7191821402103158 12.950983948012734 143.39166756810837 86.86684616975371 0.47614362954708556
1.7421875871251544 12.930102189489507 129.87154574340266 91.04411326302873 0.4855175054128308
1.7646687379301231 12.907467380399945 117.7603439366044 95.44573545640952 0.49524034041797155
1.7865981603303003 12.883047818587736 106.89712351113964 100.08565715940826 0.5053307786858952
1.80793819674555 12.856810078488198 97.1540649411295 104.98024415802605 0.5158139293948357
1.828651478325789 12.82869437779921 88.39127004124788 110.14596255704502 0.5267120914498288
1.848733252950327 12.798745288427881 80.52172269904145 115.60043118419885 0.5380486464812985
1.8681235889968688 12.766860556107405 73.43640031738033 121.36399008621946 0.5498534560090472
1.8867986844038696 12.733030549163358 67.05733569717843 127.45793554385605 0.5621559024643641
1.9047248980207654 12.697234624634016 61.300113117841704 133.90486250458503 0.5749858831465772
1.9218721173699307 12.659443455285802 56.11356815238334 140.73006174310896 0.5883783642158948
1.9381902699467428 12.61957375184458 51.42792079029898 147.96136293351918 0.6023722248985417
1.9536950762443868 12.57776385897859 47.20062770504771 155.62744648108705 0.6170039211178014
1.9683168042930788 12.533852858039051 43.369536347127216 163.76166736488005 0.6323201234506457
1.982040692015652 12.487881096233016 39.90815841732843 172.3976798939232 0.648362084249401
1.9948358294363182 12.439827267545104 36.770860154893235 181.5750194697703 0.6651838946111133
2.006674377669935 12.389682326072379 33.92676656109437 191.33546894513202 0.6828393372581094
2.0175355780964446 12.337447067645636 31.348478688100204 201.7250033385265 0.7013875682730046
2.027381017733823 12.283090822406063 29.011491221258037 212.79375199050162 0.7208919825818437
2.036200764175409 12.226649465878076 26.888458230748903 224.5966428031373 0.7414212223972696
2.043955233733365 12.168084257324468 24.95919502437299 237.1952553357725 0.7630539459288632
2.050625892900827 12.107407826606925 23.202988840571752 250.65594148828868 0.7858712532086356
2.056203130248562 12.044668388419849 21.6075067547123 265.0519820095218 0.8099620984305819
2.0606691010395815 11.97987003463264 20.155837052702427 280.46523903985394 0.8354268041032191
2.0639915131078337 11.91301731214321 18.83398822882379 296.9847161009957 0.8623702330957991
2.0661582650134096 11.844133042530025 17.629687964453595 314.7109211588105 0.8909135926781792
2.0671641806491077 11.773273245896217 16.53367387174675 333.7533824864821 0.9211834907435472
