M[M_sun], R[km], Lambda[1], P_c[MeV/fm^3], rho_c[fm^-3]
0.24162668629717493 15.618656898711224 2160425.4255784233 3.5677272577965504 0.1711233750220791
0.25364451602555094 15.27726711688724 1723109.8052688448 3.7848292136608594 0.17388829280794527
0.2660402676896496 14.981254956202616 1383013.1640518834 4.01142168355901 0.17666690521603975
0.278816861806141 14.723475916844952 1116391.4163290344 4.247760461127349 0.17945788822958209
0.2919712960460039 14.498393031013046 905870.0911650156 4.494470838999156 0.18226781005906556
0.3055069322576853 14.301210511055098 738653.8937036791 4.751708542330829 0.18509237931774922
0.3194249287539498 14.128085871046833 605093.0017792836 5.020155697775743 0.18793821127287114
0.3337225003535008 13.975929076922897 497655.3614562877 5.300036542569485 0.19080193247197128
0.3484050810867223 13.841993221167018 410985.48985477956 5.592079534553818 0.1936898362752964
0.36346862403638186 13.72397536620932 340650.8201721035 5.89645216645178 0.1965969895611811
0.37892263394031106 13.619966324448754 283283.4277844888 6.2140184569168735 0.19953107167573297
0.39475538468199334 13.528427855923061 236393.09084645123 6.545035208067026 0.20248824995882883
0.4109810927530642 13.44783629629903 197850.47974439248 6.890206087358725 0.20547225692058269
0.42759064579774925 13.377017422247343 166067.41294462496 7.250235696404289 0.20848615655646896
0.44458586293529256 13.314897771910164 139793.71736693467 7.625382227064254 0.2115254828593582
0.46196814882684034 13.260565882012209 117973.3116887706 8.016596276883677 0.2145964221180421
0.4797340766780473 13.213123025894836 99799.3024999576 8.424582214015247 0.2177006103383283
0.49789112095994137 13.171964652380884 84634.82999656026 8.849779961193665 0.22083550150083744
0.5164305450415599 13.136413865436229 71929.66761629727 9.293064745096403 0.22400453027259404
0.5353495543595368 13.105830138053188 61270.219747740084 9.755320617664644 0.2272106035532006
0.5546580473355887 13.079788291383736 52301.92630076503 10.237357282578843 0.23045507246425756
0.574341328880546 13.057822468464142 44724.19005903138 10.739644285753789 0.2337346125134766
0.5943985195286765 13.03951081928006 38320.278157192166 11.263429649746158 0.2370554530565373
0.6148377465699172 13.024509447694657 32898.22274986532 11.80964958076077 0.24041918978010232
0.635641980514705 13.012439849623364 28288.668687417816 12.37928323812219 0.24382745591106592
0.6568136050051918 13.003014640167251 24367.996702999862 12.973017568177394 0.24727817822456097
0.6783461065081708 12.99597709082325 21025.381493746638 13.592183587940651 0.250776188851974
0.7002356654281529 12.991061639274209 18170.64205882119 14.23797719603507 0.25432410264146765
0.7224711940342885 12.988011202935876 15728.2990873785 14.91158828138646 0.2579239045980119
0.7450597280041228 12.986644151001958 13632.291003349612 15.61404272924973 0.2615754525339818
0.767980684587483 12.986762526169528 11834.433583435812 16.34661447613259 0.26528071818334353
0.7912267583897896 12.9881406338163 10287.305871282373 17.11091614681364 0.2690443554763661
0.8148013821934635 12.990669462865064 8954.89827949013 17.90840305149681 0.27286879751248877
0.8386856785264599 12.994139658765254 7806.586188855096 18.740432736107703 0.2767550547981173
0.8628676566317457 12.998412365175094 6813.232237068103 19.60836545584835 0.28070374844342494
0.8873499308148934 13.003357184985923 5954.452889982319 20.514279832206928 0.28472117102750977
0.9121059859256663 13.008850698209118 5210.281065095682 21.459970337272285 0.28881033658220323
0.9371274427749073 13.014747490764835 4564.445842447596 22.44691107698047 0.29297108504736113
0.9624121015749649 13.020966019038081 4004.016211188991 23.47714788354664 0.29720737861107793
0.9879336191812811 13.027343183461168 3515.975368692397 24.553093782550423 0.3015252388769811
1.013676999482256 13.033798088141623 3091.5948854525654 25.676678960853227 0.305926206122056
1.0396416656170016 13.040257640869465 2720.928639886264 26.849889422467356 0.3104117222500758
1.0657938205601496 13.046582620782846 2397.7495080375375 28.075810670663184 0.3149904344441024
1.092127773140504 13.052711944538382 2115.3470723331484 29.356482450311166 0.31966268191257896
1.1186257082001203 13.05854706204354 1868.2993817341016 30.694691673326545 0.324433361821987
1.1452578101556894 13.064007708554183 1651.7669001272238 32.09380689878373 0.32931031910578984
1.172022258978417 13.069015087774398 1461.7848225525927 33.55580191295087 0.33429146258334924
1.1988791054326704 13.073474528782626 1295.193702594292 35.085204255591144 0.3393902573270762
1.225825351662918 13.077339420809182 1148.8498495567303 36.68401834542903 0.34460334834464035
1.252821371104369 13.080503128481082 1019.9676003257221 38.35731566764074 0.34994529043561057
1.2798656779283475 13.082941532555763 906.519423470843 40.10735644514231 0.3554127782282698
1.3069094707786477 13.084520799680304 806.5893399044043 41.93957482345941 0.36102015301339474
1.3339481429558604 13.0852352066167 718.4617848912967 43.85749198378907 0.36676955328375954
1.3609565009925548 13.08502986127524 640.5001421088226 45.8657621290991 0.372668540241671
1.3878878519677038 13.08377142554769 571.678661926894 47.96973660635993 0.37872716931097755
1.4147453060864326 13.081482552819015 510.7130352000717 50.174192548164356 0.3849511933253452
1.4414694805952917 13.078024686809286 456.78060815290485 52.484312536054645 0.391347387674912
1.4680642705799323 13.073426096885157 408.925661950571 54.90653248842797 0.39792754305109473
1.4944738017222776 13.067558672298135 366.45015170620974 57.447043253334954 0.40470072212097497
1.520686695185196 13.060409031619917 328.77070066116187 60.11247387569131 0.4116766977740285
1.5466696540301272 13.051920655841469 295.22119344331753 62.90993104526423 0.41886601160226405
1.5723860669325176 13.042037824147627 265.4091112151719 65.8470423216934 0.42628003715522084
1.597810662644772 13.030706203484069 238.8733160689536 68.93200352000517 0.4339310485287239
1.6228974857163967 13.017882066817883 215.17997799617768 72.17363068774497 0.4418322949147337
1.6476499369743351 13.003542909940002 194.0547954154113 75.58141715890572 0.44999808181545736
1.6719989348414908 12.987604441894963 175.19317748046498 79.16526141453524 0.4584424615611907
1.6959357519476985 12.970051411593849 158.33356916180867 82.9354383530987 0.4671790499861313
1.7194162387693275 12.950836852674273 143.24880545153454 86.90464833033522 0.4762292328417858
1.742395236669283 12.929886803778585 129.7614804659624 91.08443292361146 0.4856072018164938
1.7648799309974552 12.907243363027673 117.65271850705138 95.48896099890038 0.4953351869099911
1.786806929570645 12.882802712597655 106.8010099062663 100.13182622053249 0.5054304095168132
1.8081448452094164 12.856543492291182 97.06356606713535 105.02959612935383 0.5159187284093961
1.8288541102667577 12.828404565960861 88.31248037757842 110.1988157269696 0.5268226866235579
1.8489327672501747 12.79843370792732 80.4419432942044 115.65717194164331 0.5381658533064486
1.8683094615984521 12.766492768500553 73.36835751456562 121.42477883227318 0.5499771996194224
1.886986607404011 12.732669536724718 66.99324101456673 127.52307531622246 0.5622865776271072
1.9049099196459505 12.696848464436597 61.24405154315518 133.97456361407328 0.5751234947787094
1.9220499970577165 12.65902857610824 56.06210645901029 140.8049257255223 0.5885242277229698
1.9383630860704053 12.619136955345823 51.37979867652035 148.04183806920807 0.602527022825927
1.9538583146570698 12.577289024044884 47.154149989196725 155.713760097202 0.6171674940604541
1.9684736176820656 12.533353593001227 43.32992551423382 163.85439015036982 0.6324934026987226
1.982186968650755 12.487348267614383 39.87118287105504 172.49756971363786 0.6485465198797772
1.9949760952577222 12.439268338128075 36.7378521638799 181.6824860823773 0.665379646536086
2.00681073492811 12.389105192809392 33.89636057326451 191.45121015650847 0.6830474066219079
2.017655808954652 12.336825756412813 31.320680766181244 201.84978890561888 0.7016090503455124
2.0274903819716426 12.282436816583786 28.985049375609346 212.92811732770994 0.7211270467004669
2.036299454324204 12.225966848907795 26.863726414829568 224.74183144455816 0.7416721844204169
2.0440426241868286 12.167366733980062 24.937153815917345 237.3519745420218 0.7633211665719898
2.0506999917143953 12.10665614400636 23.181943495424793 250.82550060925345 0.7861568355657876
2.0562718960483384 12.04390402542311 21.589277026133153 265.2356312619096 0.8102677014563519
2.060715531204362 11.979051068311959 20.1371268742601 280.6638536393677 0.8357525782735649
2.0640195442901716 11.912152311600824 18.81797050654272 297.20019732320463 0.8627193512859432
2.066178888171529 11.843244911134814 17.614947620408024 314.94499912614634 0.8912883054642912
2.0671699049974066 11.772347173136758 16.520634543131916 334.0076009022448 0.9215850084244207
