M[M_sun], R[km], Lambda[1], P_c[MeV/fm^3], rho_c[fm^-3]
0.24162668629717493 15.618656898711224 2160425.4255784233 3.5677272577965504 0.1711233750220791
0.2536433976443057 15.277303943792928 1723193.4309046743 3.7848083890151183 0.17388803323878224
0.2660379939731093 14.981326695681053 1383046.6010842116 4.011377905962182 0.17666637618961786
0.27881240073201846 14.723583307272236 1116492.1599560922 4.247692249478891 0.17945709707725274
0.29196641464670864 14.498491297319307 905990.1549299352 4.494376403336085 0.1822667584960399
0.3055009697468713 14.301289930756107 738667.6902329084 4.751584676083352 0.18509104132587417
0.3194166798463217 14.128195409879378 605144.5381475484 5.02000148847727 0.18793661129188016
0.33371332114896135 13.976004186459104 497710.2224317861 5.299847930268588 0.19080003345906565
0.34839358468218357 13.842041440832558 411032.7831509225 5.591856048295417 0.19368767398426742
0.3634549865329666 13.72406376385577 340672.0137121803 5.896188785261529 0.19659451582930487
0.37890861933153336 13.620070226224819 283344.19674104796 6.213711993468966 0.19952827709809406
0.3947384845904193 13.528510349099868 236424.67230909498 6.544685980512267 0.2024851877049569
0.41096234431269013 13.447937259030244 197896.70735374905 6.88980735383332 0.20546886113855833
0.4275688726549561 13.377112196292543 166096.58433737847 7.249783715203467 0.2084824174318274
0.4445628229348095 13.314981515852645 139824.87199105907 7.624878247383009 0.21152147085703765
0.46194312816764943 13.26061179968599 117995.83269720581 8.016031508061136 0.21459205317460378
0.47970675763917314 13.213191422312443 99825.74487396845 8.423952252030027 0.21769587390487014
0.4978626604410486 13.172018276285307 84656.85906187637 8.849087128784632 0.22083048509817155
0.5163984048775976 13.136436960535397 71947.86543103443 9.292297830015734 0.22399913114261452
0.5353149822290064 13.105888112700168 61287.74602011965 9.754474419985549 0.22720481003597098
0.5546213127487699 13.079830578317287 52310.75121651644 10.236426286403345 0.23044887239291154
0.5743017087045946 13.057883795437924 44738.69659720541 10.738632536243362 0.2337281167682189
0.5943564972945434 13.039548502435098 38002.30261293408 11.262321931575402 0.23704853201336082
0.6147915391840434 13.02453841447839 32909.213421519926 11.808439350008653 0.24041182955790402
0.6355921406284805 13.01244420240767 28300.387323389503 12.377963542606878 0.24381964189599442
0.6567631151646511 13.00302736135122 24375.832061290672 12.971594468152917 0.24727004436839067
0.6782934880102874 12.995993912719108 21032.68095398002 13.590636874972091 0.25076757716855425
0.7001796018630113 12.99106057163352 18040.609842681064 14.23629857683407 0.2543149960503772
0.7224110700331355 12.987996977289171 15733.675030468616 14.90976892980265 0.25791428500037855
0.7449978466416058 12.9866536430651 13637.930188753648 15.612091003461638 0.2615654766063839
0.7679154699264318 12.986755954740815 11838.373759806183 16.344503945588066 0.26527019771791843
0.7911588402897085 12.988128819100625 10291.809986189091 17.108636219111894 0.2690332689600008
0.8147316060505037 12.99066329004442 8958.78156484097 17.905942431970296 0.27285712204877816
0.8386113004417785 12.99411353376245 7809.8750246868185 18.737802338596918 0.27674296948255944
0.8627893110803241 12.998396774787327 6816.3135832107255 19.6055310786964 0.28069103238069226
0.8872634474224581 13.003339072765327 5956.7825818423635 20.511227833527823 0.28470779669607804
0.9120217905810412 13.008838966138942 5212.7558097881465 21.456686141012078 0.28879627460487756
0.9370396811129792 13.014719510412222 4566.560570340761 22.44340836391253 0.2929565367714193
0.9623166003827158 13.020925406750514 4005.5822914057258 23.47338269705659 0.29719208706999595
0.9878397969109123 13.027320409411317 3517.562513280558 24.549048400165287 0.30150916849319814
1.0135795879662353 13.033777801576985 3093.1852657663403 25.67236904170649 0.3059095733140252
1.0395409151112418 13.040228901974132 2722.306433938793 26.845262276928267 0.31039424172743707
1.0656903641548205 13.046557509884318 2399.0561740405765 28.07084463915833 0.31497206293416996
1.092019405894145 13.052681111624125 2116.3656995762226 29.35119513332463 0.31964365081785656
1.118515754305977 13.058519682539004 1869.2002816867832 30.68901994577462 0.3244133544355288
1.1451446976616328 13.063979912703909 1652.5187842832559 32.087769271978935 0.32928957441477086
1.1719057958385506 13.068991616773566 1462.6190459779978 33.54932756649281 0.33426964336825254
1.1987598045447692 13.073452964970146 1295.8733416260027 35.07826263204782 0.3393673032598968
1.2257038329246888 13.077317338668786 1149.4759209328695 36.676629588801525 0.3445795133595149
1.2526977230016514 13.080489952546925 1020.5059910299475 38.349423715986646 0.3499203685752726
1.2797359802946275 13.082930859179887 907.0009731841533 40.09892404832599 0.35538669120960187
1.3067797727562938 13.084517431477897 807.0552767803771 41.93059607475217 0.3609930088957783
1.3338137797964629 13.085236391289223 718.8241497755344 43.84786621721728 0.36674094052742834
1.3608212647100217 13.085035134325684 640.8704449119622 45.85550951374718 0.37263872702894013
1.387751042999818 13.0837839498385 571.9689294164288 47.95881335062804 0.3786960781990609
1.4146064766049669 13.081492623588618 511.0049834229248 50.162478876029596 0.38491837032515025
1.4413289161553446 13.078049974414803 457.043174171265 52.47182704253095 0.3913131071876061
1.4679218284434505 13.073453157227648 409.1717024877296 54.89321988959701 0.3978917079292605
1.494330396962564 13.067593179395171 366.6716688303759 57.43284378723119 0.40466322770724306
1.5205410656817162 13.060453393260882 328.9698804638027 60.097322901372266 0.41163743128435243
1.5465235483277053 13.051972626784547 295.40296615748616 62.89375860187484 0.4188248514480718
1.5722395566378755 13.042098556022468 265.56625141235713 65.82977264307155 0.42623685219789154
1.5976630477239058 13.030778302407969 239.01522937724977 68.9135544998292 0.4338856972590551
1.6227499551571343 13.01796563770056 215.32342758522165 72.15391328961276 0.44178462454919903
1.6475010267826924 13.003633672024483 194.17394343050125 75.56033476503875 0.44994792730006505
1.6718512148880549 12.987706995243459 175.31505145595625 79.14281918920146 0.4583901041062427
1.6957884228006062 12.970166505101865 158.4259514460029 82.9114173402528 0.46712384976857196
1.7192533942281119 12.950928271891177 143.3433101936625 86.8789248780308 0.4761709818784956
1.7422560823668927 12.930033651963967 129.82865699253824 91.05699632458564 0.4855461654827104
1.764736454464795 12.907395168426085 117.7274010617483 95.45954695063952 0.495270645920269
1.7866642611067567 12.882969434895116 106.86330052430887 100.10040911151481 0.5053626127585458
1.8080036101715664 12.856725229512408 97.12382740440259 104.99601304839831 0.5158474146665941
1.8287159421128636 12.828601790010127 88.36706618969335 110.16288897753867 0.526747573347292
1.8487973906873032 12.798646833333962 80.4983083357826 115.61856076056104 0.5380860959300269
1.8681864113125142 12.766753317465955 73.41384450223853 121.38341296984535 0.5498929938824167
1.8868585676315504 12.732914094807851 67.03550785301697 127.47876075761175 0.5621976985022045
1.9047835609398402 12.697111632894895 61.281424732515596 133.92713281507554 0.5750298516543554
1.9219290099611623 12.65931134749927 56.09758251895933 140.75398152947386 0.5884249690559687
1.9382455281956352 12.619434892928973 51.41272237742415 147.98707540404803 0.6024216841148791
1.9537566309618528 12.57764263522151 47.181633700484824 155.6550242607226 0.6170561837707855
1.9683665136425839 12.533693209732728 43.35584238473979 163.7913252127502 0.6323755968711429
1.9820869039228362 12.48770895152421 39.89712141756109 172.42959501611432 0.6484210120329996
1.994881527438188 12.439648561118634 36.76128355116929 181.6093552155069 0.6652464376480646
2.006715211829921 12.38949103802279 33.917514534430104 191.37244822926291 0.6829058153606913
2.017574985484056 12.337248217884857 31.341244009747363 201.764872058507 0.7014583313182451
2.0274160877543346 12.282879404345074 29.003344679021804 212.83668118750467 0.7209670846436282
2.0362316687402786 12.226430677033338 26.879681785935276 224.64302971099494 0.7415014032718171
2.043982914494508 12.167854269302037 24.9515873916955 237.24532588749034 0.7631393208191014
2.0506494368138166 12.107168356245461 23.197000575362196 250.71016600654144 0.7859626634895591
2.056222874130612 12.04441806442663 21.60108394090317 265.11065571655547 0.8100597348879565
2.0606829498191392 11.979611938884778 20.150120143722127 280.52869358791344 0.8355308843309535
2.0639960453124466 11.912731216011318 18.828326810687972 297.05355880599217 0.862481770613206
2.066164872604857 11.843849192778203 17.625104200252036 314.78570466489134 0.891033306362631
2.067165876076202 11.772975953837191 16.529248037422988 333.83459989502165 0.9213117671527347
