M[M_sun], R[km], Lambda[1], P_c[MeV/fm^3], rho_c[fm^-3]
0.24162668629717493 15.618656898711224 2160425.4255784233 3.5677272577965504 0.1711233750220791
0.25364475025612865 15.277259671242133 1723170.99491045 3.784833280875096 0.17388834350380863
0.266040661841203 14.981271563805038 1383021.7221698207 4.011430233701851 0.17666700853947004
0.27881649326849284 14.723506503662051 1116392.0700788847 4.247773783511601 0.17945804274916302
0.2919723311030817 14.498367612725142 905810.7402552794 4.494489283264083 0.18226801544023621
0.30550877789044484 14.301194362199789 738651.865854048 4.751732734802024 0.18509264064261016
0.3194259717466298 14.128095435434863 605063.8219926616 5.02018581671289 0.1879385237684689
0.3337261218956292 13.975919049299625 497679.1112837464 5.300073380988151 0.19080230337372125
0.348407267845758 13.841974767123888 410974.00347211986 5.592123184483552 0.19369025860037425
0.36347038327871106 13.723944566763294 340642.10220032133 5.896503608626813 0.19659747271697534
0.3789254238358637 13.619947870098159 283275.67583343445 6.214078313935153 0.19953161749966714
0.394758515542012 13.528414721033847 236380.86190855462 6.545103417834518 0.20248884806634285
0.41098486037896587 13.447820852561707 197838.81733635333 6.890283966761349 0.20547292017425628
0.4275932979833814 13.377022277037947 166063.49739574562 7.250323976340961 0.20848688687376082
0.4445897360357547 13.314898361915963 139781.14640742462 7.625480663587149 0.21152626647737494
0.46197296573269975 13.260524021552236 117968.99186229047 8.016706587091772 0.21459727545668372
0.479738892993253 13.213117606623507 99808.74153629846 8.424705258195635 0.2177015354585522
0.4978968866440441 13.171957098649358 84631.20476615602 8.849915285703553 0.22083648130810876
0.5164378875466827 13.1363606438996 71926.79741631438 9.29321454007931 0.22400558483861233
0.5353569768593565 13.105820583406116 61264.72559246381 9.75548589889459 0.22721173515598928
0.554664285749731 13.079784264245644 52295.047546272064 10.237539127558165 0.23045628348088187
0.5743491221877391 13.057835707587815 44721.67131995499 10.739841904386612 0.23373588128631392
0.594408066114685 13.039495015671562 38321.311130488626 11.26364601417552 0.23705680490540737
0.6148457475902092 13.024483349878873 32896.15120905063 11.80988596932472 0.24042062741697676
0.6356515892978909 13.012439271091667 28286.643418210617 12.379541008917851 0.24382898219107438
0.6568234686896288 13.003011613516051 24366.212482797408 12.973295537469895 0.2472797669830502
0.6783565674406908 12.99596936909381 21023.865881976322 13.592485703301977 0.2507778709493643
0.7002459504994186 12.99104712373111 18168.538980910966 14.238305077566121 0.25432588141477586
0.7224823035804633 12.987990203035 15725.98006382378 14.911943653291337 0.2579257835832314
0.7450714206196261 12.98663921006843 13631.116787645004 15.614423958886395 0.2615774011270048
0.7679931909555899 12.986764281898836 11833.805265583158 16.347026726627846 0.2652827731486664
0.791239990147893 12.988146661036188 10286.630216398655 17.111361487438657 0.2690465210170206
0.8148150787710082 12.990674045669097 8954.225263878534 17.90888368872409 0.272871078101765
0.838700622841984 12.99412833781594 7806.040382503853 18.740946538017774 0.2767574154520458
0.862883988524145 12.99840636985038 6812.78382197975 19.60891910377453 0.28070623231250225
0.8873658874225592 13.003368274486455 5954.042840477316 20.5148759911989 0.2847237834886485
0.9121214661380905 13.008860855406624 5209.848719084925 21.460611854891155 0.2888130833748721
0.9371440763735807 13.014744754368966 4564.188765910624 22.44759528073193 0.29297392684021817
0.9624297505397333 13.020956896551173 4003.5921717704337 23.47788336059856 0.2972103656019173
0.987951610025921 13.027348339827029 3515.545722511497 24.55388399519327 0.3015283780166796
1.0136957129875765 13.03379830206957 3091.2825714760124 25.67752085006118 0.3059294551346482
1.0396608017883084 13.040263664734546 2720.6799443148216 26.850793281628103 0.31041513686722755
1.0658143747844966 13.046588464396061 2397.5947327641875 28.076780731287617 0.3149940231201669
1.0921488148549452 13.052711248625993 2115.0838597744732 29.357515274056244 0.31966639944390424
1.1186462690207415 13.058551260407787 1867.828385350404 30.695799592456563 0.32443727007850953
1.1452799843360597 13.064002485086437 1651.6218414602592 32.094986296970674 0.3293143714017941
1.1720448372051058 13.069018326699657 1461.651173636686 33.55706662599885 0.3342957247967183
1.1989019157351453 13.073471867467939 1295.071943036264 35.086560253490134 0.3393947412445163
1.225849002199163 13.077339540308813 1148.719586228279 36.685461692810534 0.34460800435986766
1.2528467941715855 13.080501986930352 1019.8499029779439 38.358852222667906 0.34995012890008687
1.2798900893654304 13.08294427822507 906.4129262752837 40.10900367451599 0.3554178742056482
1.3069354612455337 13.084518235495203 806.563056879033 41.94132878666548 0.36102545550989096
1.3339733956439068 13.085241999578006 718.3873943965223 43.859372348138535 0.36677514269905903
1.3609821033731972 13.085034566074802 640.3653635308103 45.86776495418408 0.3726743641849549
1.3879154412976633 13.08377190300727 571.6167368131834 47.971870447899406 0.3787332429128179
1.4147651565548895 13.08146319613616 510.66638131507995 50.17648080749644 0.3849576052801651
1.4414962010882013 13.078023893578 456.7428738346914 52.48675158021629 0.391354084376349
1.4680922139229426 13.073419873430122 408.89022901018933 54.909133118637115 0.3979345434799046
1.4945021682943491 13.067552587301094 366.40899411433395 57.449817145791215 0.40470804672533983
1.5207150332559771 13.060401862738294 328.7425951310362 60.115433659922395 0.41168436859007673
1.5466986617697482 13.051911488277929 295.20025728709504 62.913090390290826 0.4188740523865358
1.5724148265187607 13.042026493216934 265.3774832117541 65.85041603088288 0.42628847353036015
1.5978288399535778 13.030687701974626 238.83832128653205 68.93560763559037 0.4339399081438288
1.6229260406455968 13.017864956879585 215.1628241156495 72.17748260610595 0.44184160762197056
1.6476778035995778 13.00352377430162 194.02635589230485 75.5855357578468 0.45000787986473434
1.6720274469893872 12.987585642921205 175.17226189037441 79.16964568464252 0.4584526900131916
1.6959648900795925 12.97002665670931 158.3091823470771 82.9401310760768 0.46718983384986756
1.7194447678425133 12.950811707436854 143.231247064782 86.90967366662532 0.47624061275597035
1.7424211982227735 12.929835639952458 129.7306468339963 91.0897929648394 0.4856191259352657
1.7649076614847168 12.907211575677318 117.63617501586647 95.49470738821171 0.49534779577124655
1.7868355017481192 12.882771398030155 106.79006593070233 100.13796396171738 0.5054436544960118
1.8081719786769073 12.856506910289301 97.05308714662675 105.03615705424306 0.5159326605471506
1.8288810352374805 12.828365254067705 88.29909394575395 110.2058345566505 0.5268373611293575
1.848959838639288 12.798391549707707 80.43112882671969 115.6647152614185 0.5381814352021046
1.8683350574040047 12.766446287359296 73.36077675155414 121.43286036824334 0.5499936506651051
1.8870130013489 12.732620351872074 66.984921709021 127.53170971787584 0.5623038586983985
1.904934000967163 12.696797083007691 61.23532422895818 133.98383014073104 0.5751417897795628
1.9220732111318468 12.658973210929792 56.05438301971123 140.81487872298285 0.5885436199469565
1.9383855361972262 12.619077230450792 51.373957919423184 148.05253715038998 0.6025476030408928
1.9538797785215274 12.577227472860828 47.14902431513152 155.72523549051516 0.6171892410794856
1.9684949576686357 12.533287357654338 43.327147812430816 163.86671140713494 0.6325164189087565
1.9822072872082055 12.48727917450137 39.86550942784 172.5108503023148 0.6485710410346995
1.9949936577372638 12.43919246719629 36.733187312364386 181.69677415279114 0.66540567245446
2.006827937188871 12.389026075699789 33.892652443777415 191.46659850882153 0.6830750704474167
2.017671355916272 12.336743386946939 31.31545946438424 201.86637991021152 0.7016384977420966
2.0275063869291374 12.282352167480544 28.982097931409577 212.9459821868418 0.7211583002026976
2.036312005165212 12.22587442898656 26.85982986759324 224.76113554401354 0.741705552015891
2.044053469761327 12.167272984881567 24.93452028309493 237.3728119408392 0.7633566962511296
2.0507103079859847 12.106556142278869 23.179880864084605 250.84802187873342 0.7861947302841851
2.0562806423949613 12.043799597159962 21.587516497544097 265.26004982383574 0.8103083353620856
2.060722741165775 11.97894443094131 20.136228854559175 280.6902623203419 0.8357958946569292
2.0640248251167903 11.912038100654092 18.816051303098497 297.2288490047312 0.8627657721438565
2.0661807216827097 11.843126923896417 17.613186669784227 314.9761239260507 0.891338130147161
2.0671696562470236 11.772224699738674 16.51806096326808 334.0414041405011 0.9216383979390629
