M[M_sun], R[km], Lambda[1], P_c[MeV/fm^3], rho_c[fm^-3]
0.24162668629717493 15.618656898711224 2160425.4255784233 3.5677272577965504 0.1711233750220791
0.25364208882677003 15.277364354749482 1723239.8736541378 3.784804294256572 0.17388798219959234
0.26603810949245243 14.981273465115112 1383067.2563543587 4.011369297995766 0.17666627216742378
0.27881180095390795 14.723603353730633 1116462.6860208868 4.247678837117939 0.1794569415140777
0.29196588867070455 14.498459941129402 905910.6775354369 4.494357834665486 0.18226655172958323
0.30549958154926166 14.301293165626397 738712.0211484566 4.7515603206521755 0.18509077824073444
0.31941537914148294 14.128210751677795 605161.4049173153 5.019971166915123 0.18793629669396983
0.33371184653835106 13.976017305081898 497735.78341702075 5.2998108443418435 0.19079966006532
0.3483919882924225 13.842098488555859 411049.1493567748 5.591812105448757 0.19368724882513771
0.36345358999281807 13.724052869693587 340687.66079743305 5.896136998318636 0.19659402943537793
0.37890503264528336 13.620067685788197 283337.08415579627 6.213651735793968 0.19952772762065304
0.39473693712151314 13.528504644098348 236434.36934570686 6.54461731470689 0.20248458559860671
0.41095866770847006 13.447963819154122 197902.02010584588 6.889728954391118 0.20546819345600947
0.42756514075360225 13.377131118245599 166113.64247504267 7.24969484650747 0.20848168224388053
0.4445585862951422 13.315009463192943 139825.0190031425 7.624779155092775 0.21152068201869126
0.4619385266473827 13.260622667063217 118000.14589516523 8.015920463882134 0.21459119415810385
0.4797017019673466 13.213206420753838 99831.51218176773 8.42382839014655 0.21769494263666214
0.49785624702061854 13.172052510790799 84659.51422505068 8.848950905923857 0.22082949878645597
0.5163921656487072 13.136453706916619 71954.35403833947 9.292147041816042 0.22399806958428814
0.5353094463883206 13.105881116601855 61291.78609726027 9.754308044172923 0.2272036709390899
0.5546139686120191 13.079862687348136 52312.03663766055 10.236243238590877 0.23044765336588768
0.5742939832072892 13.057886553240072 44742.11756726062 10.738433611787858 0.23372683961159546
0.5943469905555177 13.039564734302427 38002.36331965916 11.262104139157369 0.23704717124239172
0.6147832840420896 13.024526799187692 32910.854631612565 11.808201403155932 0.24041038244403393
0.6355830553917843 13.012470624258174 28302.517180811643 12.37770407459361 0.24381810556663458
0.6567531544320775 13.003043808398429 24378.122874535442 12.971314670487969 0.24726844515967428
0.6782831251258373 12.995998675843225 21033.820498014557 13.590332774776579 0.25076588402013894
0.7001685030867552 12.991058460807748 18041.789213766075 14.235968543755833 0.2543132056048205
0.7224003049668438 12.987998656191131 15734.977783586412 14.909411228743819 0.25791239370004404
0.7449857115621504 12.986649912404799 13638.703127333207 15.611707277667314 0.2615635152546587
0.7679026417888444 12.98675203920497 11839.833663606749 16.34408899905175 0.2652681293135071
0.7911444658617385 12.988135791284629 10293.485073607404 17.108187969542715 0.26903108927413594
0.8147171772454873 12.990654958035716 8959.665643593062 17.90545865903411 0.2728548265807874
0.8385963873136006 12.994112101357272 7809.803525467558 18.73728518792166 0.27674059344278756
0.8627752663844304 12.998389515700376 6817.213984076805 19.60497382669325 0.28068853234239455
0.8872469846441999 13.003334967429144 5957.253181519111 20.51062779847646 0.28470516724944606
0.9120049256564832 13.0088257620953 5213.277226979096 21.456040457567745 0.2887935099753504
0.9370222358734852 13.014718765907501 4566.9588205758255 22.442719721593686 0.2929536765432803
0.962298850945673 13.020911673642223 4006.234194605376 23.472642454773947 0.2971890807261387
0.9878207296606712 13.027315608697387 3517.9801179937103 24.548253074103577 0.301506009040314
1.0135607863994356 13.033771483383287 3093.447658301975 25.671521710246168 0.305906303298733
1.039520907652568 13.04022273850303 2722.531460297097 26.84435258240241 0.3103908050653267
1.0656703218659376 13.046547002335148 2399.346533285634 28.069868323874186 0.3149684511193995
1.091998799280342 13.052677968893825 2116.564798322009 29.350155657233845 0.31963990934217135
1.1184950729541827 13.058522420280386 1869.4000312361397 30.68790490004025 0.32440942103944764
1.1451245549387326 13.063977496679533 1652.8343533762054 32.08658229555512 0.3292854960806911
1.1718829141218663 13.068992053889659 1462.7610579613734 33.548054737999166 0.33426535380499484
1.1987365599458453 13.073447130889367 1296.0165117389467 35.0768979448656 0.3393627906093527
1.2256792781286419 13.077315930117283 1149.5828237363694 36.675177002756044 0.3445748275417877
1.2526722399202592 13.08048258283014 1020.5981867116269 38.34786652050267 0.34991543572135053
1.279711691400187 13.082927756070188 907.1141234456198 40.09726630227628 0.3553815626971413
1.3067540599694578 13.08451884082417 807.1398518102417 41.92883092660188 0.36098767258550124
1.3337887287716268 13.085233209131882 718.8659241102386 43.84597387949326 0.36673531552106753
1.360795713874314 13.085034238690422 640.9393825311728 45.8534939510653 0.37263286604645474
1.387724761524719 13.083783187327679 572.0946899167734 47.956665955131285 0.3786899660182828
1.4145791634193812 13.081495626759649 511.05823780685904 50.16017610432696 0.3849119177050688
1.4413007390303894 13.0780502422997 457.0797824315786 52.46937254974535 0.3913063680700358
1.4678935747219137 13.073459043843599 409.22503922757636 54.89060280909969 0.3978846632192334
1.4943020431486227 13.067597052137355 366.7141122739742 57.43005237226069 0.4046558568337865
1.520512306533288 13.06046179529625 328.99753866354513 60.094344446241 0.41162971207929017
1.5464948152057525 13.051982916669912 295.43701770913253 62.890579355315495 0.418816760012817
1.5722103942389298 13.042111763166087 265.5979017399443 65.82637771284581 0.4262283627569387
1.5976326364234685 13.030793673596088 239.04035609987312 68.90992774761867 0.4338767819987349
1.6227148004268912 13.017951942681984 215.34573664105778 72.15003721508832 0.44177525344008106
1.647472715225431 13.003652699781604 194.19366429434083 75.5561903778701 0.44993806790120583
1.6718222233090116 12.987725554538645 175.32196268421606 79.13840750404212 0.4583798116952389
1.6957597050584072 12.970189588376632 158.44857189135672 82.9066953217188 0.4671129985837336
1.719224219617801 12.95095575005823 143.36013811751675 86.87386822272771 0.47615953104215586
1.7422274522711294 12.93006277590048 129.84574895412345 91.05160292755676 0.4855341671595592
1.764708425732683 12.907424497824655 117.74205800398728 95.45376486496892 0.4952579587332307
1.7866367364491584 12.883002267998142 106.87946532012027 100.0942333028726 0.5053492856314258
1.8079765312071465 12.856760104846531 97.13926971101505 104.98941149761625 0.5158333962596711
1.8286893394484705 12.828640837526079 88.37630997160787 110.15580836642904 0.526732739671994
1.8487711274210135 12.798688245088469 80.50785784307686 115.61097090326597 0.5380704179039136
1.868159351593215 12.766797396866226 73.42105400091187 121.37528166563189 0.5498764415268287
1.886833220967676 12.73296359889532 67.0443864287854 127.47004236275822 0.5621802007532988
1.9047590577168227 12.697163539152767 61.28971608267561 133.91780942511008 0.5750114443876767
1.9219051216506482 12.659366915859438 56.10418655184677 140.74396757811516 0.5884054580706087
1.9382227880148029 12.619494211322003 51.418544020168596 147.9763109350635 0.6024009781232217
1.953728179654521 12.577673681371982 47.192475556613545 155.64347886893123 0.6170343040976308
1.968344798465286 12.533761285336961 43.36154987956384 163.77892894726693 0.6323524405442
1.982068302396156 12.487784249218208 39.89931684101023 172.4162337635433 0.6483963419410164
1.9948622161011782 12.439725001694557 36.76518986247467 181.59498054859472 0.665220253992968
2.0066973050042423 12.389570602871089 33.92165832968204 191.35696682064128 0.6828779842467406
2.0175584976114456 12.33733158140418 31.343729429988365 201.74818095846487 0.7014287062621115
2.0274013182368185 12.282966155659862 29.006545421580284 212.81870878681585 0.7209356430038778
2.0362190732825525 12.226521920014207 26.882804574387198 224.62360969881303 0.7414678353184359
2.043971364200417 12.167950808885054 24.95440845375614 237.2243636725936 0.7631035783170805
2.0506391889415885 12.107268957617402 23.199352170685206 250.6874646767828 0.7859243941789698
2.0562143867028495 12.044523413003137 21.604347291826038 265.08609167062974 0.8100188588883951
2.0606785312826217 11.979717325122602 20.15216931361199 280.5021279722034 0.8354873105380961
2.063997243544835 11.912858979927233 18.830891139548115 297.0247373510546 0.8624350746919468
2.066161769010398 11.843968492119746 17.626785495720085 314.7543959909898 0.8909831873336569
2.0671651965702247 11.77310157694085 16.531668254316962 333.80059755211914 0.9212580631682081
