M[M_sun], R[km], Lambda[1], P_c[MeV/fm^3], rho_c[fm^-3]
0.24162668629717493 15.618656898711224 2160425.4255784233 3.5677272577965504 0.1711233750220791
0.2536407714878779 15.277370036960667 1723230.7017153355 3.784778463151184 0.17388766022732502
0.26603551009216003 14.98133518858062 1383033.6420898014 4.01131499637134 0.17666561596433922
0.2788075471291552 14.723661240976337 1116661.5708356558 4.247594228395565 0.17945596018040078
0.2919595833347423 14.498558882403495 906046.9901954052 4.494240699195856 0.18226524739894318
0.30549204497401355 14.301386245060895 738792.7294487227 4.751406681780782 0.1850891186476992
0.3194047689901726 14.128343563657612 605229.0549662682 5.019779893479188 0.18793431215824724
0.3336998479450688 13.976136235597675 497811.984329974 5.299576901394909 0.19079730464802594
0.3483767497205763 13.842241781415552 411143.3426078772 5.59153490949016 0.1936845668779843
0.3634375748344994 13.724167345397527 340750.3283539669 5.895810322667206 0.19659096122852776
0.37888731672832615 13.620174643364864 283396.49814997107 6.2132716280972184 0.19952426149613814
0.39471407296918737 13.528660841293439 236487.5222828565 6.5441841702079335 0.20248078750650042
0.41093602619365854 13.44806898510702 197950.21542321597 6.889234412480785 0.2054639817295746
0.42753930918690425 13.377226979590143 166152.60594899213 7.24913426754629 0.20847704471779877
0.4445310446341571 13.315084178025554 139863.5422790465 7.624154089009344 0.21151570609075096
0.46190748394250225 13.260716262526646 118039.43135098889 8.01522000965804 0.21458577557838757
0.47966772461864404 13.213293467338852 99859.67783094011 8.423047087054346 0.21768906832965046
0.4978193784829053 13.17211693060784 84687.64213945353 8.848091635197061 0.22082327729925583
0.5163548799013292 13.136498301409008 71978.83261934339 9.291195899932202 0.22399137348612913
0.5352669557063358 13.105949649352707 61312.224642706446 9.753258583721905 0.22719648577733045
0.5545685538608197 13.079930579046682 52334.212264363654 10.235088620461104 0.23043996405956138
0.574241923160443 13.057978714114252 44757.078352011085 10.737178853015385 0.23371878367160057
0.5942968568044857 13.039589659528522 38353.22816796827 11.260730373104932 0.237038587927236
0.6147284054070528 13.024557475509566 32924.67200919823 11.806700516309263 0.2404012545478318
0.6355238663172093 13.012502255021118 28314.69899708236 12.37606744734375 0.24380841497524555
0.6566888694743419 13.003078211052014 24388.51657276647 12.969549818351657 0.2472583579885748
0.6782163322245655 12.996016469222008 21043.595951609743 13.588414640913847 0.25075520436469007
0.7000983716782887 12.991085710291932 18186.319198884103 14.233886846089066 0.254301912293381
0.7223261472891438 12.988013684155401 15742.358909448472 14.907155024662915 0.25790046429858576
0.7449081887081691 12.986659485408728 13644.993460966867 15.609286931592134 0.2615511440510014
0.7678216337617841 12.986755616299106 11845.399473842548 16.341471740741717 0.26525508293726263
0.7910598392212667 12.988124195120301 10297.312557554407 17.10536066697686 0.26901734105916314
0.8146267172723798 12.990655892269736 8963.939711903173 17.902407309698447 0.2728403481463716
0.8385042230044498 12.994102412186825 7813.868411423794 18.73402332438921 0.2767256068675895
0.8626785901467736 12.998373115352504 6820.653475774508 19.60145904565567 0.2806727637365353
0.8871466298910312 13.00331214002542 5960.936373729701 20.50684318796537 0.28468858249937334
0.911900337369813 13.008814724294348 5215.87542371165 21.45196794771657 0.28877607266751354
0.9369143817176239 13.014692118430506 4569.590920933135 22.43837627471131 0.2929356363377146
0.9621856718830455 13.020890641837946 4008.380810269192 23.46797357601812 0.29717011902225227
0.9877028969481716 13.02728629154079 3519.893918294355 24.5432367936865 0.3014860817395571
1.0134386267813058 13.03374955826108 3094.988441178102 25.666177442460782 0.3058856787401013
1.0393963546546874 13.04019613085131 2724.2713434096663 26.83861500819559 0.31036912954313567
1.065543403639207 13.046530362632465 2400.81426894906 28.063710593672322 0.31494567099779647
1.0918661336007227 13.052662031512142 2117.860413857368 29.343599591215767 0.3196163115299513
1.118357682690445 13.05848985393839 1870.5982192377867 30.68087224542327 0.3243846128945816
1.1449832030408242 13.063959584031796 1653.6968223093043 32.079096001013475 0.3292597739100164
1.1717391763249354 13.068960894593275 1463.7519517850799 33.54002701358482 0.33423829954602546
1.1985888221860497 13.073426265497282 1296.882054043838 35.0682909132199 0.33933432948907194
1.2255284211029949 13.077298053477772 1150.2873039410165 36.66601563546464 0.3445452743890548
1.2525180724592078 13.08046456106064 1021.3274262272353 38.33804544096936 0.34988432469438374
1.2795544124661697 13.082910356163728 907.7488787710918 40.08681110627432 0.3553492178135665
1.3065929175267332 13.084512113156695 807.759064230188 41.91769840894007 0.36095401729804055
1.3336231376269796 13.085231119701614 719.3234141868385 43.83403926353318 0.3666998396703053
1.36062754828271 13.085039262525852 641.3714346741558 45.840782237543394 0.37259590211028876
1.3875548368071615 13.083791780668053 572.492468336425 47.94312286479005 0.378651418011367
1.4144063499880437 13.081515230677189 511.42923720294993 50.14565317980578 0.38487122287010106
1.441133779958348 13.078094145252354 457.43112350058846 52.45389283952667 0.39126386658552154
1.4677165282023052 13.07349367271494 409.51621044973535 54.87409779216358 0.3978402346820039
1.4941234422182532 13.067641404275017 366.9843870993541 57.412447978347856 0.4046093715346884
1.520332744318975 13.060514570125703 329.24999373456143 60.075560559119694 0.41158103023915277
1.5463133748079454 13.052048658598693 295.6601231890237 62.870529266493065 0.41876573094271113
1.5720284813119392 13.042184034357973 265.80270462598594 65.80496752020979 0.4261748239346106
1.597450310034428 13.030880571077057 239.2303089289571 68.88705569281711 0.4338205580521356
1.622537834574626 13.018081810521782 215.51536034611664 72.12559295270108 0.4417161550278356
1.6472895926267348 13.003763482960867 194.34813389984896 75.53005416856136 0.44987589047864446
1.6716382881689775 12.987855899941506 175.45946835547568 79.11058574253956 0.45831490384395507
1.6955771123037464 12.97033249812934 158.57660814159527 82.87691666295774 0.4670445673126302
1.7179165292661216 12.950997737365936 144.0472368685714 86.91783359149628 0.5924520184627221
1.7360885589286141 12.927534228386795 132.50941292842438 91.4035040798273 0.746191821895528
1.750398686721351 12.898253402588914 123.08350353233023 96.36465385486089 0.8987244236392473
1.7613189193662995 12.862795336950839 115.2180823133131 101.82777024262231 1.050362031915543
1.7692445338620757 12.821021089668376 108.51412357272203 107.81978811406216 1.2017578918547334
1.7745623974991442 12.773170161829718 102.65315276622822 114.37176736382249 1.3534006648973755
1.777583502961915 12.719404541153294 97.48380550874025 121.51735280508116 1.5058253425096577
1.778578609708268 12.66001772330271 92.84293987658754 129.29339186767083 1.6596275594512073
