M[M_sun], R[km], Lambda[1], P_c[MeV/fm^3], rho_c[fm^-3]
0.24162668629717493 15.618656898711224 2160425.4255784233 3.5677272577965504 0.1711233750220791
0.25364413779199857 15.27728340517281 1723172.5778430041 3.7848221446182184 0.17388820469573896
0.26603975773999505 14.981262415867672 1382895.1201352733 4.011406822970231 0.17666672563459448
0.2788157238842471 14.72349147541366 1116495.1783132046 4.247737306183819 0.1794576196671309
0.29197007917125256 14.498402405099766 905899.5269104018 4.4944387820440435 0.18226745309743037
0.30550585462742835 14.301211588658443 738667.1667251176 4.751666494820613 0.18509192512439002
0.3194215992317898 14.128149898671952 605101.9465968595 5.0201033499225165 0.1879376681436895
0.3337197289995898 13.975943169117901 497669.9901679346 5.29997251612731 0.19080128783193764
0.34840128072088006 13.842025286366978 411005.4668642984 5.592003669607866 0.19368910226107458
0.3634650460446099 13.723963010943413 340647.0614205269 5.896362758508974 0.19659614982286153
0.37891733581025255 13.620031044483357 283303.39360245195 6.213914423936539 0.1995301230202162
0.39475032965157736 13.52845081909899 236409.9107793519 6.544916658005673 0.20248721043494405
0.4109747606461557 13.447889623395536 197871.32258272197 6.890070731510943 0.2054711041733831
0.42758349003516954 13.377046507368071 166078.88932783916 7.2500822645169185 0.20848488725378597
0.4445781147130496 13.314929560812228 139804.19131938336 7.625211143155114 0.21152412092143488
0.4619597319880369 13.260570025619298 117983.02746951817 8.016404556707174 0.21459493900747778
0.47972379587629704 13.213159247015255 99811.19382280405 8.424368362459825 0.21769900247359053
0.4978820746663079 13.171978490901367 84642.06522606708 8.849544766720275 0.22083379859235924
0.5164197933889918 13.136415427747602 71937.93315281783 9.292804401351905 0.22400269743640222
0.5353386958816363 13.105840877599123 61276.25453076895 9.755033359323985 0.22720863683054576
0.5546450438911272 13.079824884666131 52299.51409226217 10.237041237042876 0.23045296772427779
0.5743272352627353 13.057855795339973 44729.57807818134 10.739300826218056 0.23373240739686674
0.5943856832521196 13.039525158644249 38327.48256201019 11.263053610829509 0.23705310355858117
0.6148217804156693 13.024527016526466 32901.43148477072 11.809238740843142 0.24041669118793188
0.6356255720160741 13.012436649220547 28291.29723306332 12.378835236975386 0.24382480326303269
0.6567961441410496 13.003015602661836 24370.926685786697 12.972534463104232 0.24727541699406932
0.6783295498748766 12.995980137797648 21028.230489358913 13.591658518394294 0.25077326540541445
0.7002165224478907 12.991064288224095 18172.668686288216 14.237407346468856 0.2543210111797594
0.7224505297066555 12.988003863278667 15729.82089421221 14.910970655340863 0.2579206389762929
0.7450379635242548 12.986642394281363 13633.741348675301 15.613380164171579 0.26157206594079907
0.7679591567846794 12.986751336681932 11836.135274132372 16.34589799902815 0.26527714672467656
0.7912039060514123 12.988136532088978 10288.882991516013 17.110142161559292 0.2690405918481676
0.8147791035027934 12.990662801995342 8956.535443630475 17.90756772353883 0.27286483394105693
0.838661164427722 12.99413148602718 7807.439137450011 18.739539770558334 0.27675095208345074
0.8628419467348604 12.998400099660595 6814.54692315447 19.607403241336872 0.2806994315937489
0.8873204956419156 13.003360211462317 5955.350421547087 20.513243737261778 0.2847166306988111
0.9120773717483709 13.008850784713495 5211.168795766968 21.458855413254824 0.28880556280042796
0.9370980733779274 13.014736283001142 4565.278835331658 22.4457219684183 0.29296614616736966
0.9623812570182354 13.020958366635154 4004.469748589507 23.47586966710241 0.2972021873943028
0.9879015602146265 13.027329157557183 3516.5322924685315 24.551720441314846 0.30151978324420786
1.013643595878816 13.033790812541236 3091.820746543011 25.675215811056184 0.3059205595452025
1.0396086951813504 13.040240308148856 2721.487561005676 26.848318575729387 0.3104057878739614
1.0657602412497744 13.046571481409915 2398.318621973206 28.07412477334094 0.3149841975768231
1.0920901063651263 13.052703966705781 2115.712957691965 29.354687477786893 0.3196562211136103
1.1185883301461053 13.058539393118375 1868.6233659358186 30.6927661941259 0.3244265695693388
1.1452193415531073 13.063997581326278 1652.0661158044516 32.09175719756452 0.32930327653428804
1.171982458453809 13.069008993772918 1462.0712000418578 33.553603945458335 0.33428405520627946
1.198838416749309 13.073463690700343 1295.4599548024785 35.082847647121525 0.33938246466174515
1.2257843565756872 13.077334837986761 1149.0641422127505 36.68150993502266 0.34459525660096296
1.2527800534144764 13.08049500634146 1020.1324807208894 38.35464527488836 0.34993688162483466
1.2798216822204325 13.082939401185996 906.6909562005859 40.10449371624893 0.35540392190144965
1.3068651660455963 13.084519649443894 806.7237593987351 41.9365266063431 0.3610109377912493
1.3339039597845683 13.085235485035192 718.5817634204935 43.854224100608725 0.36675983944492285
1.360910291162978 13.085036580947458 640.605146949388 45.86228142754452 0.37265841883436784
1.3878418206022565 13.083778403970342 571.7975550509723 47.966028218360314 0.3787166140416369
1.414698613063799 13.081485666733222 510.82880771713883 50.170215807246194 0.38494005005904663
1.441421074429817 13.07803320671985 456.8655628778095 52.48007375556417 0.39133574957181894
1.4680166395137715 13.073432818245223 409.01061647715125 54.90201289824038 0.3979153771271403
1.4944250403343093 13.067570317385384 366.5330287403637 57.44222256285774 0.4046879928421482
1.5206367065984099 13.06042404366628 328.8341099784715 60.107330137726805 0.411663366846959
1.5466201294308644 13.051938824970321 295.2860749929558 62.90444050628637 0.4188520377440482
1.5723363897086393 13.042058622822173 265.45825637716234 65.84117925702779 0.42626537584026836
1.5977606863206246 13.03073033061264 238.91622871524856 68.92574005221444 0.43391565171013247
1.622847378911965 13.01791098290942 215.2367096681642 72.1669365863134 0.44181611071740556
1.647598581674534 13.003573512737525 194.08986561221028 75.57425961908392 0.4499810541978429
1.6719481711407993 12.98763777515278 175.2324556819424 79.15764219012348 0.4584246859978076
1.6958846652129835 12.970092029880457 158.35984805853778 82.92728310105385 0.4671603092406842
1.7193660372974904 12.95088087353223 143.27957933397073 86.89591506645736 0.47620945629595
1.7423487462389342 12.929942607266456 129.78150063050694 91.07511801286259 0.48558647956877293
1.7648318772267488 12.90729506572805 117.6780473811224 95.47897470039483 0.4953132747412379
1.7867582466470568 12.882859075544141 106.81873699505374 100.12115983869883 0.5054073919275641
1.8080963569565358 12.856604583642815 97.08201721185726 105.01819434961756 0.515894516706227
1.8288071467308593 12.828471457559987 88.32950190230231 110.18661821428277 0.5267971848691628
1.8488873720429162 12.798506857443805 80.46484378538533 115.64406299167072 0.538138774739356
1.8682642956985072 12.766568720820802 73.38474021190021 121.41073459279997 0.5499486106944945
1.8869435094106544 12.732751598315042 67.00801495706655 127.50805515658075 0.5622564921271912
1.9048660258135597 12.696938806225427 61.25519816627401 133.95846015450832 0.5750917015494483
1.9220090917451662 12.659122854830814 56.07505376823059 140.7876293574326 0.5884905278204546
1.9383228446908054 12.619237468152722 51.39190185854387 148.02324520537627 0.6024912585272938
1.9538196724989416 12.577395284391697 47.16146898926915 155.69381820977424 0.6171297021875675
1.9684368107979913 12.53346944302591 43.33798022145109 163.83297838290616 0.6324534053391562
1.9821532166003626 12.48747131354909 39.87928958605759 172.47449089938607 0.6485039073726465
1.9949435863623755 12.439398509420684 36.74571558954191 181.657656553074 0.665334419204179
2.006780884686599 12.389239884276336 33.902721486501704 191.42446865945516 0.6829993331119392
2.0176279324237583 12.336969551281026 31.328410712328207 201.82095755944917 0.701557877550039
2.0274654268048367 12.282586781819294 28.992122827778594 212.8970724080208 0.7210727354708293
2.036276309595914 12.226124338674373 26.869357142198723 224.70828557702526 0.7416141995897725
2.044022474919883 12.167532660383513 24.942655468178867 237.31576428732083 0.763259424761394
2.0506779058873374 12.1068311301007 23.182707159192898 250.78636433513756 0.7860909841230851
2.056256008134659 12.04408752529184 21.59315836282943 265.19319813238417 0.8101970902635087
2.060704238086325 11.979243712050648 20.141356290639457 280.6179623558336 0.8356773058874662
2.0640119105278463 11.912348047515213 18.820877769716642 297.1504084890266 0.8626386844533559
2.066174083928646 11.84345051007832 17.618523567720747 314.890912898357 0.8912017240515426
2.0671683663011176 11.77256290428875 16.523669110485812 333.9488605239727 0.9214922326890882
