M[M_sun], R[km], Lambda[1], P_c[MeV/fm^3], rho_c[fm^-3]
0.24162668629717493 15.618656898711224 2160425.4255784233 3.5677272577965504 0.1711233750220791
0.25363898781184335 15.277420126181575 1723322.81534807 3.7847435247781402 0.17388722473735985
0.26603153273898644 14.981430900067526 1383195.3996455122 4.011241550470644 0.17666472841397413
0.2788017035406283 14.7237670656456 1116640.604426129 4.247479791755478 0.17945463288782812
0.2919524265388965 14.498648449770933 906121.697460786 4.494082270543663 0.1822634832591316
0.3054807928611068 14.301538561339683 738891.1892335742 4.751198883624129 0.1850868740310186
0.3193914917917661 14.128496375811578 605298.7895632754 5.0195211968457505 0.1879316280808276
0.3336840048895143 13.976303387032413 497921.27168486605 5.299260497755151 0.19079411898838214
0.3483595715228861 13.842368044288841 411212.7666849965 5.591160010632947 0.19368093962840965
0.36341490982772723 13.724347271436384 340844.6514373156 5.895368508650183 0.19658681161778208
0.37886072722824343 13.620378711991867 283482.6306192403 6.212757554944814 0.1995195737679726
0.39468640299884344 13.528806741729058 236567.84432849372 6.543598373421139 0.20247565086005292
0.4109049728623193 13.4481884136761 198017.8398352142 6.888565586850946 0.20545828572984914
0.4275064601347365 13.377347820924484 166229.56641475766 7.248376140049056 0.20847077292330557
0.44449199022119096 13.315227688613 139923.82884993206 7.623308756651637 0.2115089767016367
0.46186595959595134 13.260831772703034 118082.82869762757 8.014272732558302 0.21457844762418044
0.4796214348881488 13.213417483817084 99911.79419300446 8.421990482292895 0.21768112413895072
0.49777037137623936 13.17222100654544 84726.00773995636 8.846929599969293 0.22081486366770733
0.5162995553702476 13.136616186211247 72013.55215136347 9.289909635143903 0.22398231810183025
0.5352090898468156 13.106029210955082 61340.77510200364 9.751839372744781 0.2271867691077489
0.5545074548570579 13.07996829357806 52360.670010484384 10.233527217211606 0.23042956572302511
0.5741768229226062 13.05798474628444 44781.22235757001 10.735482042449556 0.23370788962216182
0.5942298841948577 13.03965709058223 38373.77871324867 11.25887264668048 0.23702698081891804
0.6146527317551774 13.02461687801069 32943.563051160214 11.804670905373822 0.24038891112701322
0.6354444372351995 13.012524953666285 28330.807947992278 12.373854299190127 0.2437953107608058
0.6566057868370585 13.003105974965816 24404.437398998576 12.967163295715963 0.24724471760382882
0.6781279634189952 12.99602838321454 21056.597500153115 13.585820867518255 0.2507407629293369
0.7000052087236004 12.991101075343083 18197.971985415934 14.231071922199618 0.2542866411938983
0.7222268064309773 12.988020591028784 15752.698913937615 14.904104157780713 0.2578843332153466
0.7448038249019913 12.986654008358073 13654.222840152308 15.606014135597446 0.2615344156888079
0.7677125052428312 12.986757442716634 11853.339830972145 16.33793271330043 0.26523744177308656
0.7909451952052832 12.988116601144323 10304.661226935426 17.101537656452155 0.26899875105356147
0.8145086036547232 12.990631846531228 8971.03302713429 17.898281387958427 0.27282077094273277
0.8383772019460726 12.994096478642895 7819.110037624632 18.729612787591698 0.27670534273307795
0.8625478666214745 12.998347808881448 6825.60721960754 19.596706571491413 0.2806514423821889
0.88701101402693 13.003281892411321 5965.381017007249 20.50172591614641 0.2846661578208171
0.911758372149538 13.008771207136588 5219.910629750906 21.446461453095147 0.2887524954521538
0.9367670445939332 13.014662267255815 4573.363190588425 22.432503488812692 0.29291124412854896
0.9620329747819933 13.02085190866274 4011.618357568859 23.4616608347928 0.29714448110443803
0.9875458239130179 13.027242775419309 3522.9033717659186 24.536454401457444 0.3014591385149838
1.0132805647475946 13.033706086574433 3097.695843231692 25.658951644246276 0.30585779299318133
1.039227143148123 13.040157277177126 2726.5171445961446 26.83085751189319 0.31033982311899405
1.0653695888617383 13.0464934359549 2402.662791375503 28.055385109095404 0.3149148714101483
1.0916851187212964 13.052615475802895 2119.571534267089 29.334735614238067 0.31958440665534116
1.1181729259639197 13.058451261212449 1872.1623172326897 30.67136400591418 0.32435107196359475
1.1447928446282112 13.063916797298381 1655.1570348196913 32.068911944499426 0.32922459269643434
1.1715441842676875 13.068930455593897 1464.957189378928 33.52917363203132 0.3342017225311597
1.198392939989202 13.073403114670164 1297.9926847331435 35.056654439620296 0.3392958508255332
1.225324546918482 13.07727006414266 1151.37581944655 36.65362982280261 0.34450531967468967
1.2523097890009574 13.080442340401229 1022.266975010116 38.32476786791494 0.34984226425368076
1.279340994012909 13.082901040144977 908.5779055250224 40.07267636831822 0.35530548965644115
1.306375371023175 13.084504508034025 808.4604639152118 41.902648113558186 0.36090851797499135
1.3334025633110052 13.085233560915427 720.048685450964 43.817904777093055 0.3666518796324633
1.3604025311834878 13.08504866397708 642.0603172112022 45.82359734951733 0.3725459307902996
1.3873257920023916 13.083811328963927 573.0358586083489 47.92481421902915 0.378599305695372
1.4141658108568433 13.081524661189254 511.94856728690337 50.12602014815007 0.38481620895179697
1.4408972556993784 13.078127943430287 457.8793217246498 52.43296657124641 0.3912064108932191
1.467478052478646 13.073540063004495 409.918528696965 54.85178568823395 0.39778017451096975
1.4938821851806632 13.067702818254567 367.3504690430771 57.388649942060155 0.40454653160732373
1.5200902579290014 13.060587259467182 329.58311144092056 60.05016832508828 0.4115152216730203
1.5460690351023356 13.052135065417719 295.96706486627744 62.8434256627397 0.4186967501163268
1.5717824229826687 13.042286968500003 266.07496563444613 65.77602565587456 0.4261024512400333
1.5971979205323201 13.030987701877729 239.4589105373446 68.85613806314213 0.4337445565221066
1.6222893756110082 13.018216498941898 215.73631343094246 72.0925504519043 0.44163626882375334
1.6470404967429826 13.003915410239415 194.54654552154955 75.4947250000547 0.4497918432240089
1.6713954602254748 12.988026306597998 175.6456698335782 79.0728608919265 0.4582266752637635
1.6953301365292939 12.970525271162717 158.74484373066852 82.83666478600048 0.4669520686166149
1.7187963547475582 12.951320018538683 143.62942961238303 86.79887583349696 0.4759897101775057
1.7418107196221155 12.930491667436689 130.09539681106648 90.97161746165703 0.48535622893952396
1.7642912216369064 12.907884522524563 117.96299399869291 95.36801627608307 0.49506980718248567
1.7862200252279576 12.883492924946047 107.08132076330071 100.00264694213543 0.5051516462383168
1.8075650203882412 12.85728987125262 97.31227895315226 104.89151272002923 0.5156255080002611
1.8282954425887277 12.829238552812075 88.54739424278473 110.05066553738227 0.5265122385015414
1.8483750346159842 12.799307933608418 80.65933150940245 115.49841918169338 0.5378379248857579
1.8677725791199042 12.767467198360457 73.55867198045146 121.25470243619571 0.5496309864030546
1.8864555060304873 12.733684294881044 67.16783479026077 127.34075907519475 0.5619207302267283
1.904392498270923 12.697930210613732 61.40363594726698 133.77955664505936 0.5747384904727494
1.9215319837273193 12.660124692082771 56.208428425722474 140.59547709449743 0.5881161421404444
1.9378887102310727 12.620396173202 51.51611012521286 147.81669411519175 0.6020939472287663
1.9533967295279062 12.578605134769813 47.27648435557703 155.47228501488362 0.6167098746074643
1.9680337344872108 12.534746384126134 43.441202952741946 163.59458636630197 0.6320072753031831
1.9817736620021704 12.488827985708797 39.97363943007156 172.21812119455686 0.648030548743563
1.9945825731439617 12.440825951025927 36.831919353415294 181.38184528658917 0.6648320251579372
2.0064397771738096 12.39073784695068 33.98380698070676 191.1274257669607 0.6824653355416082
2.017325809937731 12.338579533858555 31.40446450175671 201.50070845592575 0.7009894669812541
2.0271830341614945 12.284261305826458 29.0595992625108 212.55218170300907 0.7204692753403394
2.036010095177745 12.22784555802928 26.932068441453456 224.33568730198704 0.740970154601062
2.043797980851006 12.169378591653285 24.9976512583349 236.91358232968344 0.7625736675785583
2.050491540490216 12.108763505243287 23.241352488731962 250.35090668050273 0.7853570334724413
2.0560920325156014 12.046080442747261 21.64146137748229 264.72192545697396 0.8094128651512608
2.060580244822981 11.981344013825463 20.18727440695015 280.10769818507447 0.8348393820823636
2.0639274014383924 11.914558501282318 18.86169412877457 296.5974722787514 0.8617428287169835
2.0661216719246966 11.845733595032048 17.65616683089025 314.2902696998687 0.8902402124281877
2.0671534712648096 11.774939987436197 16.55822381697441 333.2965511823497 0.9204619621900971
