M[M_sun], R[km], Lambda[1], P_c[MeV/fm^3], rho_c[fm^-3]
0.24162668629717493 15.618656898711224 2160425.4255784233 3.5677272577965504 0.1711233750220791
0.25364454074034665 15.27728038404836 1723217.9150197746 3.784830248295924 0.1738883057041722
0.2660404371287671 14.981265655711328 1383016.7434521078 4.011423858579066 0.17666693149987353
0.2788170613520684 14.723471471628825 1116380.3173991025 4.247763850127705 0.1794579275368791
0.2919716099635287 14.498367632223486 905823.6464722676 4.494475530921088 0.1822678623047052
0.30550788643211685 14.301187076948825 738597.5166098175 4.751714696499893 0.18509244579452053
0.31942556965191243 14.128091762805662 605075.8754751858 5.020163359536902 0.18793829076660035
0.33372309660233296 13.975910501986567 497654.27322306734 5.300045913651026 0.19080202682321296
0.3484056373486805 13.84198852714232 410982.56742779404 5.592090638365103 0.19368994370772513
0.3634698716015028 13.723928993677667 340649.3454657915 5.896465252473051 0.19659711246786218
0.37892334994339233 13.619989547012564 283278.19165403635 6.214033683524453 0.19953121052406006
0.3947564744636018 13.528405802643347 236397.47496171747 6.545052559463849 0.2024884021071384
0.41098218948643134 13.447854171927068 197848.2369138545 6.890225898535161 0.20547242564087467
0.4275904164409419 13.377034772118165 166068.5300847208 7.250258153285917 0.20848634233649546
0.4445869267095792 13.314911999042986 139791.55368235038 7.625407267593714 0.21152568219807374
0.46196934985301036 13.260555595903039 117970.1557994905 8.016624337857115 0.214596639192358
0.4797347488376967 13.21312955231592 99799.36977010628 8.424613514271558 0.2177008456724988
0.4978936475310644 13.17194728174959 84635.65240638667 8.849814385333119 0.2208357507463154
0.5164326182984175 13.136381716504351 71931.84647775893 9.293102850247475 0.22400479853523314
0.5353520219275378 13.105819425666981 61268.279717241625 9.75536266221835 0.22721089141247075
0.5546594287839057 13.079789373438324 51813.53124348412 10.23740354062838 0.23045538052482215
0.5743434295665227 13.057822536375943 44322.27058871011 10.739694556312681 0.23373493526603656
0.5944008912149443 13.039507088177974 37989.861415033294 11.26348468886596 0.23705579694195383
0.614839917994783 13.024482513951739 32896.96649539225 11.809709713622476 0.24041955548823096
0.63564516089317 13.012416951946065 28287.92644973909 12.379348810195514 0.2438278441681777
0.6568160788910506 13.00300650846525 24367.46584168977 12.973088278342587 0.24727858237486913
0.6783486569092426 12.995971728024985 21024.587643397375 13.592260440375732 0.25077661674574253
0.7002378508720424 12.991059942759666 18169.50101162133 14.238060602857031 0.2543245551275475
0.7224731647723327 12.987998083022893 15726.359693546086 14.911678681193557 0.25792438257586847
0.7450624255158668 12.9866392796422 13631.937205092978 15.614139706730612 0.26157594821853636
0.767983892805949 12.98676452638785 11834.504330393329 16.346719344673005 0.26528124092671557
0.7912298817536078 12.988147597912224 10287.359040313288 17.11102943278822 0.2690449063476986
0.8148051960297419 12.990676539666673 8954.81828656223 17.908525316180693 0.27286937764967145
0.8386899369747579 12.994127376550843 7806.3317666019 18.740563437185457 0.276755655301943
0.8628702235949928 12.99840865676068 6812.913523194839 19.608506292899598 0.2807043802904526
0.8873537226505982 13.003368025715202 5954.356510540376 20.514431483157068 0.28472183558548714
0.9121104003969488 13.008861973628656 5210.278439737411 21.46013352647275 0.28881103531110214
0.9371303864363265 13.014750560239264 4564.484958081199 22.447085124607497 0.29297180794211614
0.9624164824176515 13.020959180060114 4003.8367535060634 23.47733497397485 0.2972081384408969
0.9879383602278362 13.027345159790531 3515.889386434601 24.553294796502378 0.30152603740998646
1.0136820241386566 13.033804273599177 3091.507163460517 25.676893120181912 0.30592703260415016
1.0396466879815562 13.040255550396756 2720.8927938723637 26.850119345564472 0.31041259085813455
1.0657997676611926 13.046581989714674 2397.6785510044874 28.07605743392027 0.3149913473286913
1.0921320592557142 13.05271325771013 2115.2455325046444 29.35674517909383 0.31966362757488026
1.118631191256867 13.058546755282636 1868.2439391722523 30.694973504661196 0.3244343560002822
1.1452632813926111 13.06400700401008 1651.727771370006 32.09410691276231 0.32931134992427
1.1720271501425243 13.069014571680219 1461.7510370441948 33.556123629058334 0.3342925467998017
1.1988846291232484 13.073468944642473 1295.1282588285019 35.08554919244028 0.33939139793972367
1.2258314181202024 13.07733693160405 1148.796317580213 36.68438550195801 0.3446045327347682
1.2528292452748284 13.080494247956324 1019.9255287979743 38.357706534017794 0.3499465212363609
1.279871826057978 13.082941100648362 906.535572806027 40.10777546444913 0.3554140745340198
1.3069163592085824 13.084519555934174 806.6328551269312 41.94002099332786 0.36102150185250154
1.3339547128171392 13.085236903586573 718.4604476486867 43.85797030707187 0.3667709751079266
1.3609630071984191 13.085030219524524 640.4783199792105 45.8662716034568 0.37267002172389635
1.387895325110298 13.083769971994196 571.6875552662419 47.970279408143035 0.3787287143000725
1.4147452754916168 13.081461253870847 510.734559311923 50.17477463005102 0.3849528243829384
1.4414755351839328 13.078025621525821 456.76545688965547 52.484932973913985 0.39134909116481575
1.4680716748152642 13.0734222352229 408.9176778961609 54.907194029800024 0.3979293238014927
1.4944808260028883 13.06755580138443 366.4325422811528 57.44774886832947 0.40470258533332015
1.520693724813573 13.06040559691786 328.75712981936766 60.11322677691665 0.41167864905369994
1.5466771812234854 13.051917232812078 295.2207473395234 62.910734709744354 0.41886805699226015
1.5723933751274595 13.042034603078188 265.4013844388127 65.84790051499613 0.4262821831732198
1.5978072889898853 13.030697520424301 238.8561581014776 68.93292032282791 0.4339333022078706
1.6229051727814816 13.017876259781094 215.1795873364036 72.17461052523844 0.44183466384856385
1.6476566996251973 13.003536658602314 194.04795676271897 75.58246483304966 0.4500005742074177
1.6720063098857627 12.987598759877695 175.19564053471888 79.16637666857518 0.4584450634361065
1.695942806699172 12.970045095182703 158.3269114648312 82.93663206946995 0.4671817931428758
1.7194234622972306 12.950830031161358 143.24424412552372 86.90592665475401 0.47623212761764677
1.7424013080575242 12.929877009640624 129.75224927053276 91.0857963881417 0.48561023502320033
1.7648870639562622 12.907236164678897 117.64894097156282 95.49042274003531 0.4953383942964321
1.7868138557095081 12.882794298418727 106.79794462523624 100.13338751110548 0.5054337787141351
1.8081516603529684 12.856534363890406 97.05902826697725 105.03126506644537 0.5159222724008082
1.8288609799133126 12.828394731954484 88.3090436284849 110.20060114259293 0.5268264194526919
1.8489401753011947 12.798422918208018 80.44508477556018 115.65909077306755 0.5381698169500332
1.8683159523230262 12.766480473201723 73.3698141184529 121.42683457102196 0.5499813843501706
1.8869933167035688 12.732656841241047 66.99034348834485 127.52527168871814 0.5622909734927622
1.904915710223698 12.696835963983684 61.24293515283102 133.97692078142407 0.5751281485589538
1.9220560156194104 12.65901393807222 56.06085686001878 140.80745751160956 0.5885291606050573
1.9383694708310926 12.619121880982043 51.3802015737727 148.0445596376872 0.602532257898303
1.9538647727519343 12.57727282959009 47.153902199529064 155.71667913727276 0.6171730259335882
1.9684782134622993 12.533337037981253 43.328770309332526 163.85752435368985 0.6324992574165714
1.9821917323311495 12.48733008029057 39.87003640592941 172.50094794289032 0.6485527574107238
1.9949806935457273 12.43924938086158 36.73623827969944 181.68612058536834 0.6653862668336793
2.0068149068511714 12.389085294990206 33.895994858613165 191.45512453857523 0.6830544435534953
2.017659997232687 12.336805150686361 31.320399591075866 201.85400920641482 0.7016165409631269
2.0274943501267155 12.282415183488572 28.984271125803897 212.93266165880752 0.7211349967358435
2.0363026655066614 12.225944085181542 26.8636013127159 224.74674187448775 0.741680672215451
2.0440455462082006 12.167343020378658 24.936867525967003 237.35727499630394 0.7633302043334489
2.0507028314624685 12.106630185521018 23.181813119679006 250.83122938809913 0.7861664749185475
2.056273585772634 12.043878195387572 21.58903510984879 265.24184265235004 0.810278037570919
2.0607179800159496 11.979023483691305 20.137503017085724 280.6705712534641 0.835763596724194
2.0640214596125954 11.912122927709829 18.81753655965667 297.2074854850198 0.8627311594139847
2.0661797859909763 11.843214736256613 17.615079935316306 314.95291636945655 0.8913009794136288
2.0671698261238407 11.772316046747983 16.520491031404298 334.0161994531998 0.9215985891488067
