M[M_sun], R[km], Lambda[1], P_c[MeV/fm^3], rho_c[fm^-3]
0.24162668629717493 15.618656898711224 2160425.4255784233 3.5677272577965504 0.1711233750220791
0.2536421996047715 15.277345559900125 1723294.9723633856 3.784805732471039 0.17388800012624187
0.2660382438023597 14.981288858301347 1382986.0698702899 4.011372321396416 0.17666630870343636
0.2788121209670677 14.723602853094084 1116501.4557970301 4.247683547977552 0.17945699615295008
0.2919652451081543 14.498516389508847 905995.5817164709 4.494364356586553 0.18226662435268795
0.3055000879728504 14.301287923952033 738643.310150133 4.751568875067718 0.18509087064474863
0.31941603982478317 14.128179311329246 605145.5244263957 5.019981816824123 0.1879364071908862
0.33371211027508924 13.976078123346303 497741.30445903563 5.299823870107475 0.19079979121316626
0.3483926953406428 13.842036739548035 411045.16048650054 5.5918275395776735 0.19368739815458078
0.3634530851091759 13.724080347145192 340676.3337819144 5.896155187536033 0.19659420027235697
0.3789058200948009 13.6200693249882 283337.8521993787 6.2136729001917255 0.199527920614477
0.3947378462552897 13.52850903081676 236447.3869790409 6.544641432295571 0.20248479707727818
0.4109603068353174 13.447954266842544 197898.2901966316 6.889756490726816 0.20546842796699946
0.42756738091982605 13.377108887923548 166111.27003237605 7.2497260599588 0.20848194046476407
0.4445609726414666 13.31497536213128 139829.32373486098 7.624813959374876 0.21152095908315585
0.46193994005080957 13.260651582541655 118002.1688692461 8.015959466021037 0.21459149587118015
0.4797026692337799 13.213212474801656 99833.36607550473 8.42387189423973 0.21769526972662523
0.49785849510887015 13.172027951841299 84658.04401915483 8.848998751553436 0.220829845209257
0.5163947603686773 13.136447097441874 71952.34441977741 9.292200003215147 0.2239984424358396
0.5353117335720453 13.105884557416468 61290.82382507397 9.754366480390837 0.22720407102436985
0.5546164245032118 13.079839165908847 52310.47259298901 10.236307530492386 0.23044808152487137
0.5742966952410558 13.057870342624867 44741.35111835323 10.73850348001905 0.2337272881872822
0.5943521200713143 13.039546260778069 38004.32193572919 11.262180634350667 0.23704764918574373
0.6147861440020934 13.024527578568785 32909.070790637496 11.80828497715305 0.24041089071337654
0.6355860620331488 13.012446173372622 28300.8893131287 12.377795207423135 0.24381864517088053
0.6567566748385709 13.003030740289196 24377.61201747014 12.9714129436572 0.24726900684881079
0.6782864893992259 12.995989779935147 21033.773953807762 13.590439583665082 0.25076647870341434
0.7001724164221783 12.991072379423967 18178.102724790977 14.236084460983689 0.25431383446143896
0.7224042801273166 12.987992629242969 15734.264612104727 14.909536863720012 0.25791305797952163
0.7449898827025843 12.986646497508435 13638.548093785541 15.611842053238396 0.26156420413797793
0.7679076411470241 12.986751894543593 11839.539474387113 16.344234740187723 0.26526885579651677
0.7911504800378214 12.988132425379717 10293.443424139325 17.108345407594378 0.26903185484206815
0.8147231501312939 12.990657804361767 8959.392396164545 17.905628573835866 0.27285563281437225
0.8386018874997812 12.9941156574332 7809.717776452323 18.737466825871756 0.27674142797518625
0.8627808296082872 12.99839017762988 6816.955606270389 19.60516954928221 0.2806894104262155
0.8872526505444216 13.003332792283077 5957.304298409631 20.510838547587174 0.2847060907847264
0.9120128075861621 13.008821519789475 5212.932331972552 21.456267239575844 0.28879448099023597
0.9370291187241616 13.01471591584907 4566.915594296145 22.44296159187161 0.2929546811347148
0.9623028985900447 13.020925106187587 4006.023427627128 23.47290244827838 0.2971901366370118
0.9878274250675579 13.027315985337367 3517.852541337919 24.548532414429577 0.3015071187268201
1.0135673471145188 13.033775618465612 3093.3389437160936 25.671819316190337 0.3059074518173872
1.0395279982900913 13.040231671172902 2722.512158273441 26.8446720918178 0.3103920121143641
1.0656761487852795 13.04655236979355 2399.1758461107893 28.070211232156755 0.31496971968624465
1.0920059851017756 13.052684618143592 2116.5243297327947 29.35052074916574 0.31964122344895857
1.1185017530737256 13.058519370389794 1869.3165149319436 30.68829653388482 0.32441080255321164
1.1451304282322563 13.063982608785995 1652.7579376345336 32.08699919322645 0.329286928500027
1.1718909162096076 13.06899392418446 1462.7500964687201 33.54850178899371 0.33426686041293935
1.1987439733667267 13.07344971059008 1295.9413586879398 35.0773772588351 0.33936437557070753
1.2256878984425332 13.077320126617657 1149.5353852450157 36.67568718892027 0.3445764733233784
1.2526817605199738 13.080487990122514 1020.6106387779258 38.34841344797324 0.34991716826767894
1.2797199653966465 13.082927254978266 907.0839888341742 40.09784854548738 0.3553833639631215
1.3067633231505829 13.084522696689094 807.0959858737538 41.929450891956854 0.36098954683469364
1.333798233793746 13.085228135286867 718.8393498122888 43.84663851676238 0.36673729116675646
1.3608055735922975 13.085034422016243 640.9242479714557 45.85420186779089 0.37263492457212954
1.387734309549633 13.08378420362949 572.0487867287314 47.95742017456827 0.37869211277026776
1.4145890635578402 13.081499084240926 511.0547974145742 50.160984895384544 0.38491418402674277
1.441310553656614 13.078049526165715 457.0599968263027 52.47023462866931 0.39130873501576796
1.467903254874906 13.073457224787356 409.1988395052933 54.89152199246429 0.39788713749553933
1.4943121250234788 13.06759559151605 366.7090146497164 57.431032785757026 0.4046584456655772
1.5205225129075646 13.06045776062907 328.9863452769328 60.095390552350786 0.4116324232524395
1.5465049179455215 13.051979228249266 295.42573151627977 62.89169598374483 0.41881960192094553
1.5722207209502213 13.042106028574137 265.585016487502 65.82757009402764 0.42623134445286864
1.5976437838698492 13.0307870803238 239.0314236283024 68.91120154962843 0.43387991325112113
1.6227251122850928 13.017947434551205 215.33781706635114 72.15139858435995 0.4417785447957848
1.6474831898717996 13.003644789136533 194.19475668238582 75.55764598414832 0.4499415307540463
1.671832199255862 12.987718747992862 175.3194407329139 79.13995699097688 0.45838342663053044
1.6957698984011107 12.970181509538751 158.44230105359512 82.90835380408366 0.46711680977137776
1.7192343988259011 12.9509477053182 143.35292767332837 86.87564423629064 0.4761635528390606
1.7422369620814209 12.930053797898417 129.83800934209248 91.05349721163242 0.48553838124436666
1.7647182021497538 12.907414056349788 117.73632673299423 95.45579566416964 0.4952624147601325
1.7866463190614204 12.882992070086852 106.8734262556503 100.09640238535827 0.5053539664173269
1.807987253586307 12.856746872923436 97.13275416413947 104.99173010904823 0.5158383198359069
1.8286989280150365 12.828627039843918 88.37329551288303 110.15829858126666 0.526737962047037
1.8487798152827077 12.798673603287074 80.50389664634484 115.61363662671079 0.5380759243686802
1.8681681148091769 12.76678292935908 73.41811195719394 121.37813755536465 0.5498822550717577
1.886842135588068 12.732946040539867 67.04193451174154 127.47310444954815 0.5621863463370533
1.9047677161966985 12.697144993121057 61.288887081878364 133.92108399732533 0.5750179094099752
1.9219134118605103 12.659346457816708 56.101550561960316 140.74748468784918 0.5884123107378598
1.9382304372000208 12.619472998604909 51.41763341825027 147.98009163979475 0.602408250496874
1.9537425567302469 12.577682770306069 47.185938945689124 155.64753384744074 0.6170419886878155
1.9683529260419292 12.533737121130182 43.361152687668756 163.7832827672783 0.632360573516164
1.982073876088498 12.487757058949807 39.898938030978954 172.42092650313887 0.6484050065715861
1.994869011153966 12.43969806818372 36.763091383543404 181.60002921611502 0.66522945021086
2.0067042190025792 12.389543511095455 33.921254773352906 191.36240419384467 0.6828877590777599
2.0175627598248904 12.337302255500516 31.34213665436264 201.7540431945584 0.7014391111529157
2.027406749769205 12.282935728419014 29.005380194715375 212.82502103591605 0.7209466859060287
2.0362238145506164 12.226489889950846 26.882154487702714 224.6304303711334 0.7414796250129188
2.0439753859599747 12.16791696052444 24.953399407421617 237.23172598973397 0.7631161317441189
2.050642778456962 12.107232958937969 23.19886001768167 250.69543779630536 0.7859378350562496
2.0562179619941565 12.044486118308006 21.60311428502956 265.09471900270063 0.8100332152701984
2.060679986700318 11.979679717175914 20.151759657553477 280.51145828375695 0.8355026144206549
2.063999465130678 11.91281839807063 18.83055397546653 297.034859943842 0.8624514751060397
2.0661633869468203 11.84392642803417 17.62677881711398 314.7653921276672 0.8910007899857038
2.067165525001241 11.773057845263168 16.53033756315695 333.81253973988515 0.9212769248998494
