M[M_sun], R[km], Lambda[1], P_c[MeV/fm^3], rho_c[fm^-3]
0.24162668629717493 15.618656898711224 2160425.4255784233 3.5677272577965504 0.1711233750220791
0.25364400302318213 15.277272815069304 1723191.5631255894 3.784819211298455 0.1738881681333232
0.2660400059777714 14.98124983527917 1353469.8907479532 4.0114006565373606 0.17666665111689242
0.27881481655347706 14.723513819764642 1116459.8640719 4.247727698008242 0.17945750822677342
0.29196895296952635 14.498419071099331 888704.051477538 4.494425479990013 0.1822673049759715
0.3055041903076078 14.301241179598001 738660.4987301566 4.751649047210571 0.1850917366569023
0.3194206680590235 14.128150730740673 605110.197499238 5.020081628222968 0.18793744277267288
0.333719566624465 13.975980408719678 497683.5834661448 5.299945948453019 0.1908010203395413
0.3483996994917723 13.8420376029662 411012.09542693023 5.591972189615747 0.19368879768349098
0.36346156733494367 13.72401171166444 340650.67127322423 5.896325658943411 0.19659580137589067
0.3789155548498762 13.62000707774235 283310.66143706546 6.213871255827291 0.19952972937903762
0.3947486458607996 13.528450320237296 236403.90247878674 6.544867466162119 0.202486779088931
0.41097207495337773 13.447883619343404 197864.52986472976 6.890014566271013 0.20547062584663103
0.4275808315284263 13.37705646295732 166088.72206827518 7.25001859881871 0.2084843605637808
0.4445750388729128 13.31493272121732 139801.17068737792 7.625140152954604 0.21152355579379226
0.4619561621626719 13.260578305657821 117982.89685183596 8.01632500374534 0.21459432360100217
0.47972047318683914 13.213162856058773 99815.94869932748 8.424279626378569 0.21769833530231023
0.49787718271544273 13.171993838969058 84647.37343925558 8.849447174695507 0.22083309198440207
0.5164161091275746 13.136404694349226 71939.57156925862 9.292696374014668 0.22400193691721335
0.5353338491933783 13.105848838306457 61277.330035374674 9.754914164202134 0.22720782075764792
0.5546400921241746 13.079811754048443 52301.8902364093 10.236910097155267 0.23045209438378414
0.5743225532061402 13.05784238852386 44731.11665912779 10.739158311363253 0.23373149240735333
0.594378440825933 13.039528938729545 38331.55929637144 11.262897577754524 0.23705212866110503
0.6148155442666182 13.02450494606539 32903.556611145046 11.80906826775554 0.2404156544271312
0.6356206994538331 13.012442324527237 28294.117202688005 12.378649344573455 0.24382370258032707
0.6567893258871297 13.003028552712715 24372.091894093195 12.972334005036858 0.24727427125795792
0.6783211847623892 12.995974382340702 21028.935303843995 13.591440648062912 0.25077205236178024
0.700208220152748 12.991067080433439 18172.992962510463 14.237170895657918 0.2543197284225701
0.722441370928729 12.988009388292351 15730.398008507653 14.910714380773449 0.25791928395605157
0.7450288316858124 12.986652310852461 13634.835586975909 15.613105243189196 0.2615706607270994
0.7679499776605624 12.986758973931394 11837.117064912345 16.34560070856118 0.26527566480626175
0.7911936443302059 12.98814264367352 10289.46041893238 17.10982100952881 0.2690390301945946
0.8147665512092014 12.990675484444184 8956.672337831995 17.907221118941212 0.2728631893270247
0.8386496593306689 12.994130991814561 7807.66574202132 18.73916925073559 0.27674924973657733
0.8628305963535878 12.998398260386727 6815.166123935586 19.607003988547604 0.280697640398279
0.8873096046121979 13.00335000632974 5955.673645468595 20.512813829861702 0.28471474677792574
0.9120653688964142 13.008853556413008 5211.52373726836 21.458392798007807 0.2888035820159076
0.9370852880337931 13.014739480252265 4565.459391156582 22.44522857242988 0.29296409688133085
0.9623627260540675 13.020936478091821 4004.5866221648616 23.4753392984996 0.29720003340981893
0.9878879584666392 13.027327327938943 3516.7559092053257 24.551150603640206 0.3015175195496412
1.0136299096783445 13.033798526631138 3091.9611666739243 25.674608710098823 0.30591821662568697
1.0395941137274296 13.040240032655598 2721.570233812877 26.847666789435713 0.3104033255427107
1.0657441756917998 13.046571794367438 2398.495753729513 28.073425250651226 0.31498160973821804
1.0920748280718549 13.05270333044506 2115.9099276351008 29.3539426979621 0.3196535403635382
1.1185737841216485 13.05853892159705 1868.71539526387 30.691967265112822 0.32442375129547585
1.145202865917159 13.063988719759573 1652.212449520997 32.09090672693184 0.32930035440096217
1.1719656920145722 13.069004266490692 1462.1396314940378 33.55269195714156 0.334280981711622
1.1988210377989217 13.073457170091103 1295.5036227398998 35.081869836654015 0.3393792313076141
1.2257678288113603 13.077332128547669 1149.1262306787196 36.680469139968395 0.3445918991572295
1.2527630051615375 13.080494942873175 1020.2760969059281 38.35353727137939 0.3499333926280054
1.279803427750201 13.082938488242599 906.7634575870164 40.10330591049011 0.3554002472272521
1.3068468679134535 13.08451993524246 806.7931551432698 41.9352618395577 0.3610071142096457
1.333884785801976 13.085234877092933 718.6594299709357 43.85286819247712 0.36675580898473165
1.360891271202424 13.085032899082709 640.675490832406 45.86083721917897 0.3726542192726217
1.3878222759736527 13.083774222273542 571.8517233515526 47.9644895410467 0.3787122344693066
1.4146792899925515 13.081485868811557 510.85268741155875 50.168565788676595 0.3849354265251788
1.4414015688185429 13.078034005073114 456.9148808413577 52.478315015128494 0.3913309207295257
1.4679965033826432 13.07343852762561 409.03754018186623 54.90013764833412 0.397910329291649
1.4944050816139762 13.067573556988 366.5533829734101 57.44022238506556 0.40468271127077576
1.5206153370878848 13.06043311772627 328.8526495300755 60.105195926343455 0.41165783565223274
1.5465998881532625 13.051944702799442 295.3121942087763 62.90216240620246 0.41884623979821767
1.5723161716207972 13.042065986429428 265.48646165651525 65.83874659535269 0.4262592926702838
1.597739860156881 13.030742352675258 238.94067397959972 68.923141262931 0.43390926338205427
1.6228269716818713 13.017922644825369 215.2582306722664 72.1641591271764 0.4418093957090951
1.6475783788195364 13.003588136466982 194.10811184411736 75.57128987987106 0.44997398925863336
1.6719278847604575 12.987652163525528 175.2496104511965 79.15448089834992 0.4584173107402674
1.69586496393219 12.970108703691134 158.37561656749725 82.92389941304491 0.4671525335354946
1.719345333537185 12.950897764893435 143.28932611992448 86.8922915637208 0.476201250845049
1.7423313624882404 12.929959380182986 129.78916857547466 91.07125318714888 0.4855778817541512
1.7648112098432476 12.907316295861214 117.68736910971967 95.47483132007726 0.49530418323964925
1.7867377152043438 12.8828838061361 106.8292914937414 100.11673429600681 0.5053978417984314
1.8080769988668315 12.856630731143774 97.09299924286535 105.01346369566977 0.5158844711526531
1.8287877597223565 12.828499864961303 88.33742307414254 110.18155741739199 0.5267866040890754
1.8488676793930763 12.798538247066995 80.46955813360856 115.63862404915076 0.5381275397609446
1.8682551515251427 12.766631983749468 73.38739617976923 121.40490760878407 0.5499367490903896
1.8869252261621077 12.732786725136455 67.01624278458932 127.50180741582747 0.562243952961351
1.9048489483434599 12.696975543567108 61.26103730763468 133.9517788249463 0.5750785105303584
1.9219919761103077 12.659162738693476 56.0795412651861 140.78045310735357 0.5884765457563107
1.9383067156000862 12.61929089886699 51.39767515224229 148.01553105965445 0.6024764199841952
1.9538042794389745 12.577439439382 47.165716487305076 155.68554437584498 0.617114022444049
1.9684215778589442 12.533517075651659 43.34222461273295 163.82409472132053 0.6324368105854858
1.9821389242810243 12.487521508028609 39.88252804654268 172.46491561299732 0.6484862276532699
1.9949277945979376 12.439453529297708 36.747202921819024 181.64735493049446 0.6653156546558103
2.0067677172862646 12.389296963500314 33.905592372876875 191.41337380297944 0.6829793877553899
2.0176171190528156 12.337028732808784 31.330986799652333 201.8089956730834 0.7015366463816824
2.027454889198865 12.2826491412784 28.994433660760098 212.88419216279001 0.7210502022523987
2.036267069749191 12.226189866410728 26.872030910384357 224.69436775417387 0.7415901423016374
2.0440151811657303 12.167600358577126 24.94443342572693 237.30074108230806 0.7632338088167921
2.0506754093647244 12.106902035508746 23.18949273964095 250.77012720860364 0.7860636632236955
2.056252044304008 12.044162701111334 21.5945641188204 265.17559324317597 0.8101677947050437
2.0607003270863156 11.97931915010264 20.143078269619 280.5989227872185 0.8356460765635166
2.0640086522676633 11.912430954080058 18.823277255813345 297.1297519588073 0.8626052171731405
2.0661718450252167 11.843535636152428 17.619834414529052 314.86847353319814 0.8911658030414068
2.0671678381577725 11.77265209689168 16.524645894604806 333.9244903240476 0.9214537419049843
