M[M_sun], R[km], Lambda[1], P_c[MeV/fm^3], rho_c[fm^-3]
0.24162668629717493 15.618656898711224 2160425.4255784233 3.5677272577965504 0.1711233750220791
0.2536336218380946 15.277568948881186 1723435.0090390998 3.7846284237453665 0.1738857900585129
0.26601806435806274 14.981743670196602 1383468.9021904136 4.010999596981124 0.17666180454884445
0.27878123354016193 14.724175460290668 1117056.7332325212 4.247102812346085 0.179450260494775
0.2919238529068458 14.499118573056746 906514.8456179404 4.493560385607128 0.18225767194924014
0.30544515806055633 14.302018615919836 739318.4515799653 4.75051438738419 0.18507948016524656
0.3193475462491595 14.128979887881629 605667.0593579165 5.018669060419848 0.18792278683651442
0.3336332159662959 13.976764830181574 498264.6910847535 5.298218304017385 0.19078362582675498
0.34829728858473397 13.842904894739297 411546.73809154535 5.589925171145243 0.19366899221667347
0.3633428603372147 13.724876264005353 341128.9067616735 5.893913301641144 0.19657314400559853
0.37878057293393136 13.62085084655835 283762.9626888852 6.211064390309869 0.19950413414520482
0.3945956224583991 13.529274299336643 236819.2602321884 6.541669022689071 0.20245873306055787
0.41080226062945663 13.448689323913161 198232.95732509057 6.886362831317774 0.20543952613937816
0.4273906864841033 13.377839191754896 166410.73747629725 7.245879333458878 0.20845011748226175
0.44436651907931357 13.315653849154408 140100.08568908356 7.6205248124273375 0.211486814715541
0.4617287536459781 13.261241260371603 118236.66792276864 8.011153128246573 0.21455431496273747
0.4794735584831811 13.213766129864194 100055.12434200248 8.418510920751064 0.21765496270049398
0.4976082504320478 13.172554503354384 84847.90803128034 8.84310292114226 0.22078715687798556
0.5161229946062106 13.136908993166761 72129.34106404714 9.285673959210296 0.22395249867919403
0.5350203844608307 13.106306378681891 61443.42712886479 9.747166015683893 0.22715477283155805
0.5543035993453791 13.080233870484092 52445.92134288113 10.228385753594537 0.23039532558102688
0.5739603085619062 13.058199189527906 44857.63445658298 10.729894817034678 0.23367201790429246
0.5939975100307898 13.039851047201472 38441.15855181351 11.252755704561688 0.23698876205386582
0.614406720977167 13.024772207444485 33002.75427074436 11.797988155628715 0.24034826885864122
0.6351820265445551 13.012665994980665 28385.83668357101 12.366567401192054 0.24375216449704973
0.6563240709187603 13.003208663778349 24450.80611388888 12.959305709066259 0.24719980686069418
0.6778338600253341 12.99612369311116 21097.62002659234 13.577281110814509 0.2506932158519482
0.6996954122841661 12.991141632283972 18097.769062085106 14.221804265024284 0.254236363701414
0.7219006637098572 12.988058354548226 15784.034407793602 14.894059933882827 0.25783122561739963
0.744460167553296 12.986673813977152 13683.135870408918 15.59523947394365 0.26147934276554924
0.7673522278499447 12.986730603256332 11880.03681969527 16.326281840572936 0.26517936509467976
0.7905676397943532 12.98808492188058 10327.438194152877 17.088952175623326 0.26893755212209225
0.8141074799845981 12.990572601420329 8991.803949877853 17.884699033521905 0.2727563236421163
0.8379661446417408 12.994025846256688 7838.629472043868 18.71504862890807 0.2766382351162946
0.8621208839741314 12.998276723018805 6799.49077174464 19.581062306388 0.28058125643099163
0.8865620134999135 13.003187126502354 5979.956914311167 20.484881206243077 0.28459234169020714
0.9112925402881271 13.008671335865492 5233.077278010437 21.428335958933452 0.2886748873350607
0.9362849434442639 13.014551135962272 4584.925927425714 22.413172665172965 0.2928309548924515
0.96153011805009 13.0207258076589 4021.8197120190343 23.44088236040338 0.2970600935460563
0.9870264637785825 13.027115603523637 3532.053201912323 24.514130609240823 0.3013704566861089
1.0127386139982857 13.033569880519499 3105.9123237458984 25.63513987812154 0.3057657974932414
1.0386671643000631 13.040005377880776 2734.034141340006 26.805325366145496 0.3102433672699212
1.0647960668534409 13.046350717292034 2409.2758316214686 28.027984235726496 0.3148135036647438
1.0910947276991567 13.052479016402051 2125.5911535303 29.305563042776726 0.3194794033101305
1.117564160122375 13.058327406421206 1877.3671597255498 30.640071873695778 0.3242406869395147
1.1441722178869849 13.063791752938531 1660.0034914847752 32.035353650565746 0.329108535061514
1.170902304854998 13.068817047216713 1469.2640037901922 33.493456230147146 0.3340813512041918
1.1977305317666158 13.073285485617019 1301.8725544836122 35.01836096631194 0.3391692246906865
1.2246509712419478 13.07717821408332 1149.5734763347618 36.612871288469954 0.34437383895221807
1.25162474731546 13.080390685983563 1025.3465370585454 38.281075955576135 0.3497038578536109
1.278637729373468 13.082850830972726 911.3551923475568 40.026164849715016 0.3551615985563773
1.30565739473434 13.084470496956532 810.9212953411624 41.8531249898407 0.360758802069273
1.3326785108144712 13.085251175858312 722.3521140827678 43.76481560154588 0.36649407114703736
1.359657535014284 13.085066757339776 644.0654116059411 45.76705322887509 0.37238150816841015
1.3865700000171286 13.083855907674803 574.8360010585146 47.86455023295243 0.3784277183136563
1.4133979295113077 13.081598713386512 513.6017865474795 50.06142422488229 0.38463520405618273
1.4401220301924136 13.07824642462315 459.3644554205457 52.3641173769134 0.39101737680114457
1.4666877178966422 13.073680771769697 411.274805667593 54.77837881751088 0.3975825764169211
1.4930866711820652 13.067901444077812 368.5700348616732 57.31035635456826 0.4043397934003713
1.5192880371874558 13.060830807952044 330.67946815690357 59.966632141964794 0.4112987225487315
1.5452604367473792 13.052418995474588 296.9527298882191 62.75426174356673 0.4184698208531857
1.5709693933984097 13.042622447769608 266.96854886637664 65.68081693153417 0.42586437010441713
1.5963861419198746 13.031385226900287 240.25813148098774 68.7544325971895 0.4334945447616331
1.6214817136069293 13.018664603046632 216.46227237584438 71.98385819968796 0.4413734857040336
1.6462136775566951 13.00441482432064 195.21386020901028 75.37851423100132 0.4495153805584304
1.670578960022238 12.988591012169058 176.2542825113153 78.94855423608004 0.4579355513797916
1.6945099711840432 12.971150464960804 159.28693946580879 82.70426877960959 0.4666478229795284
1.7180014117603224 12.95205927911093 144.1184329438637 86.65710444878452 0.4756686677439804
1.7410059509090643 12.93125830676929 130.5479506072357 90.8204116421984 0.4850198516480899
1.7634925426263308 12.908725154970409 118.371769686555 95.20592205449312 0.4947141362664364
1.7854302068564334 12.884411701965577 107.44744776491781 99.82952325963609 0.5047780528422415
1.8067785909411958 12.858264565930396 97.65651468577462 104.70612607755027 0.5152312802287584
1.8275289461177633 12.830323841308056 88.85528725869636 109.85193173909579 0.5260954622408307
1.8476134501896764 12.800450115407962 80.9390990597265 115.28568961565574 0.5373984990096539
1.8670392228187351 12.768725364230562 73.82064867773809 121.02680926349278 0.5491670794169623
1.8857292299637367 12.735007120224841 67.40456135927448 127.09642516639352 0.5614303540213387
1.9036859130308599 12.699352036457856 61.62212366603047 133.51757185902926 0.5742201473135231
1.9208613422262073 12.661676794164848 56.4065646682767 140.3148655463031 0.5875694041333832
1.9372405576330223 12.622052663368452 51.697739829943764 147.51506981277694 0.6015137578763267
1.9527323306608084 12.580458785991464 47.45244563363381 155.15813597431085 0.6461877567916069
1.9666042450956627 12.536976327694278 43.73060216734293 163.37575902087391 0.7426650852721408
1.9785919099521692 12.490945959394326 40.473872149979954 172.24098810920728 0.84169291522414
1.9886820542610455 12.441939466466767 37.606901844454924 181.80552416568668 0.9436563888498097
1.996900259454809 12.389713662630681 35.0650027013775 192.12671731630934 1.049046089406238
2.003300487141512 12.33410615193552 32.80341745982582 203.26775423687428 1.1583511168345983
2.0079167010149375 12.275082053324603 30.782649307065704 215.2982836042241 1.2720848279504673
2.0108198866591787 12.212684776060499 28.964440971465656 228.29609494654733 1.3908439198509628
2.0120744487623266 12.1469769349367 27.327853275828677 242.34713317919977 1.51524497268193
