M[M_sun], R[km], Lambda[1], P_c[MeV/fm^3], rho_c[fm^-3]
0.24162668629717493 15.618656898711224 2160425.4255784233 3.5677272577965504 0.1711233750220791
0.25364523230616054 15.277277324947288 1723081.049670812 3.7848543434669537 0.1738886060388552
0.26604323591904433 14.98120170371279 1382937.2408828323 4.01147451192446 0.17666754361565903
0.2788209548674688 14.723388672661503 1116337.845670984 4.247842775830208 0.17945884295608966
0.2919778672658744 14.49827346738455 905741.5141782168 4.494584800569526 0.18226907904760073
0.3055151604525023 14.301106788141476 738516.1445987376 4.751858020903698 0.18509399397162035
0.31943469609461383 14.127985168683288 604975.2295903276 5.020341795001883 0.18794014210341928
0.33373523544185363 13.97577493667482 497571.88904101413 5.300264158593378 0.19080422418764859
0.34841859714038875 13.841879105958213 410914.6555488084 5.5923492382447995 0.19369244573269956
0.36348307061628266 13.723853329534156 340560.6217574376 5.896770017920802 0.1965999748894427
0.3789411044759067 13.619837589589464 283227.62057448615 6.21438830342852 0.199534444230595
0.3947754262585731 13.528326536715207 236340.90318081746 6.545456666191665 0.2024919455772199
0.4110036390531255 13.447753421247041 197807.23342502644 6.89068729441823 0.20547635508183215
0.42761394800043195 13.37694171706692 166024.41723025564 7.250781168953225 0.20849066911107367
0.44461276091019347 13.314808550205091 139753.33409944887 7.625990457994507 0.21153032476865424
0.4619960188751995 13.26045533624602 117928.99100640169 8.01727787663625 0.214601694843178
0.479766300005726 13.21305451748557 99770.79966363938 8.425342498756814 0.21770632661672631
0.4979269069206068 13.171915771272232 84610.50835345894 8.85061612806542 0.22084155570625558
0.5164699685585562 13.136305188745519 71910.03249192865 9.293990327775854 0.2240110464323607
0.535390960906293 13.105772035653587 61249.91285456805 9.756341893226399 0.22721759574628903
0.5547021837920054 13.079753139235233 52279.250225320786 10.238473293914796 0.23046245746042351
0.5743887190402422 13.057792012029731 44709.14039337965 10.740865382253318 0.23374245233125193
0.5944493699888629 13.039466153579246 38310.606964351486 11.264766581981913 0.23706380623333984
0.6148897489866502 13.024464419817974 32885.30345417686 11.811110248466639 0.24042807307682426
0.6356988431073685 13.012414023383096 28277.519062873067 12.38087603395216 0.24383688697336536
0.6568735505618396 13.003010633235872 24358.173457770532 12.974735177643916 0.24728799537593268
0.6784084385336899 12.995961504337833 21015.642567301154 13.59405040532944 0.2507865827910445
0.7003033432202431 12.991034970061595 18162.19205895521 14.240003233218134 0.25433509399206655
0.722542186282817 12.988001266579571 15720.497018674061 14.913784193613477 0.2579355152137115
0.7451342533525571 12.98663746633966 13625.83012145291 15.616398427854401 0.26158749330265224
0.7680590134756259 12.986754551131227 11828.557563406373 16.349161867573784 0.2652934162907701
0.7913099810586842 12.988152308711093 10283.721982794534 17.11366801892983 0.269057736898605
0.8148873045393699 12.990680541116108 8950.195431932605 17.91137304006957 0.27288288989590215
0.8387760497164665 12.994154214177904 7802.578942024361 18.743607666903916 0.2767696419623726
0.8629611695025717 12.998419434599334 6809.471408164461 19.61178661811349 0.2807190970408945
0.8874475703776705 13.003380153821483 5951.2706027034965 20.517963695870794 0.2847373142892769
0.9122075566970533 13.008874641249223 5207.560513677087 21.46393450025312 0.28882730998011713
0.9372323733145717 13.014770056773916 4562.255057682737 22.451139024139003 0.29298864553282966
0.9625207054284656 13.020985565078702 4001.6141999715505 23.481692682794012 0.29722583639121297
0.9880464455645472 13.027363711256509 3513.928240855698 24.557976831085124 0.3015446369107175
1.013794173805253 13.033826743907703 3089.9102898372994 25.68188135455537 0.30594628316127703
1.0397628767681184 13.040283472549381 2719.343535434103 26.855474774455622 0.31043282270413564
1.0659186110225394 13.046617254398848 2396.546638597753 28.081805132296708 0.3150126105642765
1.092255704125662 13.052737762170986 2113.9954236965154 29.362864772993724 0.31968565435547003
1.1187582467210362 13.058575130150558 1866.9120605208027 30.70153807156897 0.3244575129354227
1.1453956816186508 13.064033358472026 1650.6903102518984 32.10109502379788 0.329335360385487
1.1721622840096513 13.069041101250942 1460.8904262035387 33.56361727212374 0.33431780114955906
1.1990219610145125 13.073488382606776 1294.4274440480476 35.09358374514336 0.3394179660273406
1.2259732935174692 13.077355411464142 1148.055512171148 36.69293764448199 0.3446321206227073
1.2529726303373399 13.080518643622758 1019.3419837904087 38.366810981038824 0.34997519026721824
1.2800193846339014 13.082948806750377 905.946259128057 40.11753572202209 0.35544426951025915
1.3070729872805518 13.08455364168722 806.0870910932589 41.9504137107057 0.36105292061162453
1.3341072949557213 13.08523770198222 717.9423615758267 43.86911203224689 0.36680409407722275
1.3611172910803269 13.085029470433003 640.056364007685 45.878138986019394 0.37270453046032626
1.3880590974835192 13.083780332904402 571.2576687538606 47.98292314942288 0.37876470246924343
1.4149060317794397 13.081447183987562 510.3651043043439 50.18833340819905 0.38499081757351744
1.4416392072596913 13.07800296010722 456.46407484075814 52.49938525999157 0.39138877172758113
1.4682354542380829 13.073390795104858 408.6315257338333 54.922603833073 0.39797080422051084
1.4946466408093224 13.06751369387364 366.1858139613476 57.46418538369293 0.4047459867896034
1.5208606303802532 13.060356936056984 328.54247849876396 60.13076484925814 0.41172410213955657
1.5468463653623836 13.051859680437403 295.03411953567974 62.92945534465052 0.4189157024964528
1.5725641835439625 13.041965424456224 265.2100372872167 65.86789144096247 0.4263321729445255
1.5979774530688151 13.030616786714425 238.6718182024355 68.9542766107642 0.4339858001055413
1.6230875442058095 13.017796311343416 215.02153191936205 72.19743527176931 0.44188984678918647
1.6478288168500947 13.003429885846364 193.899042932758 75.60686991491916 0.4500586333188259
1.672177064008036 12.987481772933196 175.0707293486108 79.19235610160185 0.4585056731561337
1.6961135917886963 12.969916526187761 158.20422496260102 82.96443939709857 0.4672456943007783
1.71959375020215 12.950683502191131 143.13860320098442 86.93570506333859 0.4762995610618351
1.7425771150226699 12.929736454762397 129.64898911695775 91.1175582711642 0.4856808935217965
1.7650541919206681 12.907062499390806 117.56274866587093 95.52447416420353 0.4954131107243707
1.765140515843599 12.886823952520043 115.72614507015433 103.45971953300113 3.007345449003208
