M[M_sun], R[km], Lambda[1], P_c[MeV/fm^3], rho_c[fm^-3]
0.24162668629717493 15.618656898711224 2160425.4255784233 3.5677272577965504 0.1711233750220791
0.25364015841156956 15.277396691850816 1723217.6458069226 3.78476626821701 0.17388750822335355
0.26603354608651514 14.981411497014113 1383145.6612421358 4.011289360611433 0.17666530617130993
0.2788049047430373 14.723701044823926 1116532.5791592048 4.2475542849503825 0.17945549689663015
0.2919567560540323 14.498611481159442 906080.110379417 4.494185400372204 0.1822646316337076
0.30548797714269976 14.301458374730784 738841.693179306 4.751334150453782 0.18508833517093948
0.3193998756675715 14.128402502755955 605228.0433567703 5.019689595843222 0.18793337528542242
0.3336948082038716 13.976182890195076 497848.53302569204 5.299466460784836 0.1907961926943366
0.3483722286791946 13.842255166906876 411151.8093126216 5.591404050655302 0.19368330078275903
0.36342977494389456 13.724223787054363 340785.2156360229 5.895656106428678 0.19658951279697987
0.37887681293397574 13.620275171385249 283431.98961969063 6.2130921889444295 0.19952262522712352
0.39470377273779267 13.52872053259451 236517.9121882599 6.543979694934334 0.2024789945345835
0.41092533411870114 13.448089982543888 197972.51807246514 6.889000954697226 0.2054619935051231
0.42752847632101304 13.377262482466572 166180.88997816347 7.248869637393348 0.20847485550036238
0.4445176960714309 13.31512720906783 139885.72645747382 7.623859018347932 0.21151335713855632
0.4618919814395534 13.260782909703785 116732.89030368775 8.014889353072537 0.21458321768237432
0.4796519950791534 13.213329255117117 99874.16494406266 8.422678267196764 0.21768629531992215
0.4978012050098686 13.17216391509255 84700.83615979119 8.847686012333027 0.2208203404164109
0.516334087716884 13.136565027936044 71990.24693824626 9.290746911567252 0.22398821258004872
0.5352473956608332 13.105965721292115 61321.72527082108 9.75276318687795 0.2271930940283079
0.5545471245018573 13.079954470958308 52342.34781508611 10.234543587312768 0.2304363343514116
0.5742206451640404 13.05797220424452 44767.36897109925 10.736586551914513 0.23371498091506104
0.5942719854998436 13.039633976571901 38359.83032591364 11.260081899224293 0.2370345362506948
0.6147020102325088 13.024576890399576 32931.39914293008 11.805992040425716 0.2403969458323939
0.635497428176667 13.012508809504594 28320.355430720123 12.375294901408942 0.24380384067344035
0.6566609384946703 13.003074046996476 24393.697381750542 12.968716749909735 0.24725359651097656
0.6781860476148038 12.996019626559365 21048.27184647559 13.587509223806576 0.2507501632448126
0.7000654460312302 12.991091979507416 18189.825208911414 14.23290422775693 0.25429658154097246
0.7222916910422136 12.988008694707634 15746.066719971997 14.90609004084944 0.25789483332771523
0.744871888907553 12.986646764133175 13648.213226562148 15.608144474336695 0.26154530456733344
0.7677833993469688 12.986752188560628 11848.071484482336 16.340236343866625 0.2652489247936885
0.7910203864271498 12.988121758544223 10301.09798706542 17.104026133078072 0.2690108516727244
0.8145859852236909 12.990639854291178 8967.013648774111 17.900967030608065 0.2728335141250726
0.8384591158009804 12.994104462905707 7815.810407174539 18.73248368721301 0.27671853303139454
0.8626330027344014 12.998363753428999 6822.543120031388 19.59980003847694 0.2806653208176055
0.8870990598355374 13.003305641062815 5962.365538719668 20.505056829728723 0.28468075440060114
0.9118506138661551 13.008793146682013 5217.245995260672 21.450045710999053 0.2887678422065439
0.9368620800321628 13.014684126878707 4570.8476764094885 22.43632616502204 0.29292712134922083
0.9621310055119564 13.020871735581661 4009.7289183133175 23.465769875813535 0.2971611691409383
0.987647960008526 13.02727231652715 3521.011976815996 24.54086913533867 0.30147667615692136
1.0133875197379318 13.033741413615559 3096.177824432382 25.663654988414688 0.3058759441041402
1.0393379125740518 13.040181872535046 2725.065408130336 26.83590693348785 0.3103588989245316
1.0654820353158527 13.04651499547114 2401.5219579610953 28.06080422816928 0.31493491908801613
1.0918036634916999 13.052634228003637 2118.6588082477756 29.340505232472612 0.3196051737384219
1.1182930206824202 13.058476691954462 1871.1474545106105 30.677552965867637 0.32437290392086515
1.144916847199835 13.063939744270712 1654.2668568251452 32.075549262934814 0.3292475471255643
1.171671409987066 13.06895301396198 1464.2139444080708 33.53623812477549 0.33422553060008725
1.1985188123480321 13.073411508571516 1297.2696759787618 35.064228632707554 0.33932089662870435
1.2254572623866402 13.07728650797074 1150.6848574345918 36.66169174741516 0.3445313261955307
1.2524456021994108 13.080464052031875 1021.6338890010777 38.33341022037369 0.349869641331678
1.2794805525657869 13.08291089546134 908.0311214907003 40.081876631596614 0.35533395219741515
1.3065167399988735 13.084507085455202 808.0136136449112 41.91244429283618 0.3609381333090634
1.3335475476662182 13.08523011296445 719.707912195911 43.82840662821377 0.3666830965651515
1.3605497960842543 13.08504134626019 641.6114474234723 45.834782880294206 0.3725784567943592
1.3874752183168741 13.083801793357564 572.6819210894383 47.93673117340872 0.37863322519441284
1.414326052895608 13.081522184056722 511.59900732283063 50.138799104483084 0.3848520169957122
1.4410516639703417 13.078107383278759 457.58016497103745 52.44658725596205 0.3912438081902187
1.4676336557612337 13.07351124852718 409.65498122149216 54.86630836897222 0.39781926695567
1.494038707359709 13.067664541588368 367.1342041825385 57.404139766092776 0.40458743327691254
1.5202483881779913 13.060539600556142 329.3688488350884 60.06669575599346 0.41155805549884195
1.5462278535967136 13.05207790463769 295.7647100784605 62.861066960627184 0.4187416486219958
1.571942401120109 13.042220412212542 265.89489655969464 65.79486340601 0.4261495573532154
1.5973588791822897 13.030913217763581 239.29532733978564 68.87626175840542 0.43379402446793314
1.6224504998711253 13.018129481766119 215.57602854669454 72.1140571351903 0.44168826510880105
1.6472035438998713 13.003815270974092 194.42093473047055 75.51771997347461 0.4498465477208327
1.6715514598595274 12.98791569123357 175.5209384274956 79.09745618521787 0.45828427273693545
1.6954910940603702 12.970399217581976 158.63666363154596 82.86286372252556 0.4670122736964459
1.7189558715427449 12.951185233398405 143.52217789271089 86.82693081145804 0.47605324089927575
1.7419701149394078 12.930337148560158 130.00409989178144 91.00154016303557 0.4854227959359408
1.763487997836327 12.907738316742256 118.286368926211 95.47341425063165 0.6127775366771939
1.7806416275174206 12.88132307736087 109.04568991482269 100.46109723393617 0.7823887849203586
1.793783493752852 12.849215297967826 101.55687062419196 105.99358674095039 0.9467256353898541
1.8034503019982153 12.810847789549113 95.30817945577141 112.09172221324427 1.106246409740448
1.8101863316349938 12.766274304716662 89.93349439474316 118.77709245111335 1.2615475735770367
1.8144391681472796 12.715674327767278 85.23106545429951 126.07320811248796 1.4133402774292925
1.8164356950377119 12.659043833336508 81.03028765390249 134.00662812671396 1.5623983111986866
1.816660670243278 12.596963520236438 77.18510030310627 142.60753463959026 1.709471837637332
