M[M_sun], R[km], Lambda[1], P_c[MeV/fm^3], rho_c[fm^-3]
0.24162668629717493 15.618656898711224 2160425.4255784233 3.5677272577965504 0.1711233750220791
0.25363767501082235 15.277427332432039 1723366.3401325683 3.78469656106071 0.17388663935727813
0.26602545363919033 14.981594967134987 1383372.6774409623 4.011142826939105 0.1766635353983581
0.27879266212024684 14.723950767693433 1116816.2800471738 4.247325972119317 0.1794528488118499
0.29193900660860167 14.49889601890915 906267.0262096605 4.49386932226545 0.182261112030631
0.305466716678868 14.301755853918788 739072.3863643938 4.750919580539432 0.18508385702464591
0.3193738548280393 14.128684804431531 605446.9086744287 5.019173485548487 0.18792802044191426
0.3336624767899907 13.976510118185896 498067.08973933465 5.298835229180952 0.19078983723948814
0.34833395427514274 13.842587626096426 411350.32288632455 5.590656127115334 0.19367606441676316
0.36338570607772097 13.724555075813425 340963.4651917345 5.894774695974274 0.19658123440346575
0.3788292956163883 13.620538053191066 283581.46502134774 6.2120666331696155 0.19951327339330677
0.39464900286568405 13.529004405878014 236674.92497058294 6.542811064003018 0.20246874722005895
0.4108639253747503 13.448391630245647 198104.78579377948 6.887666699084365 0.20545063042442532
0.4274591044246849 13.37753598857128 166294.02937113127 7.247357246181972 0.2084623438754633
0.444441066598495 13.315413431791868 139997.20755467415 7.62217267657725 0.21149993277374748
0.4618099639462133 13.26099986323665 118151.84507566228 8.012999661276636 0.21456859938858283
0.47956054043419616 13.213561132909462 99959.68474220217 8.420570501382329 0.21767044786760015
0.49770443640862333 13.172378287183301 84775.03260492923 8.84536794821774 0.22080355664178364
0.5162288972191107 13.136731633064077 72061.31635870406 9.288181054620019 0.22397014878717766
0.5351318400468876 13.106162454735918 61382.15826122433 9.7499321538089 0.22717371127736405
0.5544244937439332 13.080097981371836 52396.88646681242 10.231428939167683 0.2304155920097935
0.5740879882565417 13.058074933420132 44812.194189007 10.73320182385427 0.23369324991245674
0.5941333939851714 13.03974671542253 38400.575620152034 11.25637621720479 0.23701138308237782
0.6145531279168086 13.024669805249706 32966.33740897693 11.801943530947824 0.2403723241399794
0.635337413787831 13.01257673667377 28351.73000303932 12.370880327103347 0.2437777016514024
0.6564887607677259 13.003121251670068 24421.98880397285 12.96395638201567 0.2472263882001748
0.6780069795931735 12.99606850385434 21073.9492856213 13.58233550302557 0.25072135735362666
0.6998793808836641 12.991122393947622 18213.09231442708 14.227289436635582 0.25426612102510915
0.7220942202266211 12.988040861504436 15765.228177228611 14.90000468200264 0.25786265774159883
0.744663555730471 12.986653891281554 13665.8674147076 15.601616498334785 0.2615119378841893
0.7675655684850714 12.98673497989536 11863.55135028463 16.33317740321366 0.265213737744977
0.7907921753579603 12.98810239572854 10313.872780888905 17.096400830732506 0.268973772409562
0.8143467673175774 12.990610673573444 8979.159440124015 17.892737624009428 0.2727944661791929
0.838210149008894 12.994059086621089 7827.065139936681 18.723686665128284 0.2766781152666167
0.8623722795726199 12.998314712247081 6832.280417628124 19.5903210949432 0.2806227947760264
0.8868278038575592 13.003242733369415 5971.282915188129 20.494850382945025 0.2846360281682604
0.9115688071315924 13.008724354631862 5225.320903950606 21.439063059520183 0.28872081767334434
0.9365690678442522 13.014624356022622 4578.192041819298 22.424613038883233 0.2928784716916829
0.96182852733138 13.020798807208585 4015.7412830863436 23.453179389933123 0.2971100354367801
0.9873338475334844 13.027188384589447 3526.5626908905206 24.52734208130771 0.3014229395928504
1.0130582678183215 13.03364673028618 3100.7287945264834 25.649243701373752 0.305820328171992
1.0390007608115577 13.040096922453372 2729.4560202150005 26.820435367408766 0.3103004501338427
1.0651359833427314 13.046434922941673 2405.3656404322323 28.044200028772813 0.3148734929343894
1.0914455258505842 13.052558361448757 2122.2723388857726 29.32282721447825 0.31954154372800053
1.1179246802276508 13.058398777531547 1874.3539682720022 30.658590242576974 0.3243060116857035
1.1445365688890907 13.06385575592172 1657.1520937876794 32.055212951146466 0.3291772162483802
1.1712827168481041 13.068880840704919 1466.7181555808097 33.51459312038326 0.3341525847035921
1.198125337293686 13.073364456431063 1299.6287872376145 35.04102214084796 0.33924415905141886
1.2250492812413645 13.077232946674322 1152.7691185960114 36.63699106590842 0.34445164562057323
1.252028395078593 13.080421530731478 1023.534163907537 38.30693140719687 0.34978576225626684
1.2790539159199599 13.082881096452198 909.7636838182003 40.05368866209786 0.3552467480367782
1.3060814034560975 13.084484038062502 809.5120727154648 41.882430753713855 0.36084739783326536
1.3331038256973007 13.085231630379745 721.0127531738182 43.79623133363411 0.3665874549498238
1.360099038584738 13.08505224728132 642.888978086341 45.800513195173394 0.37247880520521276
1.3870181453938049 13.083831642738073 573.7998650880184 47.90022085858396 0.3785293050526355
1.4138524850463852 13.081555922083657 512.64263629958 50.09964820884752 0.38474231187162344
1.4405803624527884 13.078178801647732 458.4806901453999 52.40485787753638 0.3911292349517088
1.4671529515488415 13.073591283573627 410.4917884710632 54.82181591523997 0.3976995012720161
1.4935588240449926 13.067779970061833 367.848223119648 57.35668470117734 0.40446212576009394
1.519761953378891 13.060687359483563 330.0164429423419 60.01606226362346 0.41142682964738564
1.5457394051045088 13.05224866653812 296.3735403600724 62.807021473779905 0.41860409856116276
1.5714509348848622 13.042424779898957 266.4647326966457 65.73715298839522 0.42600524534969053
1.5968644557511076 13.031143281185535 239.77390364021676 68.81461232114744 0.4336424781946164
1.6219583526937393 13.018388069042885 216.03076994561675 72.04817147002275 0.44152897463239177
1.6466972330557723 13.004115977496594 194.81891455506334 75.44727558144596 0.44967896218161
1.6710620556557045 12.988256831741948 175.89281235481772 79.02210519259556 0.45810780635668596
1.6949932930230869 12.970780965413867 158.97455646318318 82.78260548894158 0.4668278405094198
1.7184818726187303 12.951644483102887 143.82163427971093 86.74098759927436 0.4758586218085446
1.7414820843578298 12.930803485110932 130.27925769807678 90.9098761810311 0.4852188773162797
1.7639659017458724 12.908226692674413 118.1297707494341 95.3018279810966 0.49492457528415723
1.7858982988887686 12.883863612966904 107.22827795774728 99.9319540255804 0.5049990939913163
1.8072352498397355 12.857670240475173 97.46125343695167 104.81594906641116 0.5154650484234156
1.8279820102093411 12.829682506130153 88.66884272913222 109.96951261558762 0.5263420479673547
1.8480579491486093 12.79976130683962 80.77288993690365 115.41154982284024 0.5376584827666785
1.8674733608350884 12.76797921291511 73.66836083265328 121.16163952810349 0.54944154442593
1.8861618437460097 12.734238585113605 67.26410705028884 127.24098084308 0.5617204761110185
1.9040973052094663 12.698489343150609 61.49338473164763 133.67267976046486 0.574527204417281
1.9212656334041296 12.660788647687685 56.2910793410838 140.48088070555207 0.5878928647959746
1.9376243713888972 12.621072119936223 51.59169968759609 147.6935144067469 0.601857004931
1.953137044950877 12.579291841595285 47.345205253598614 155.34017437056522 0.616459511712019
1.967789571874401 12.535496257064063 43.505785588950424 163.45233086069175 0.6317409112535588
1.981545864994017 12.489639085698895 40.03061785008572 172.06524588097506 0.6477482811920753
1.9943818315072448 12.441723347836882 36.88191247866171 181.21738219484712 0.6645324533559192
2.0062400743014503 12.391637873181898 34.032959546226934 190.9503085175595 0.6821469297381577
2.017127429292425 12.339495047241941 31.44648426324692 201.30976081108753 0.7006505537470982
2.027010755370361 12.28525196638869 29.10020906155607 212.34610462992347 0.7201080210915246
2.035871056673434 12.22893101376784 26.969596626533253 224.11354249363848 0.7405861720113136
2.0436650110209214 12.170476696851832 25.03315483655188 236.67346318766837 0.7621637058108228
2.0503756500807597 12.109916353487469 23.272808521662608 250.09125457832343 0.784919318719643
2.056003031109533 12.047307765941662 21.670988669767404 264.4409833368179 0.808945361140928
2.0604993687859356 11.982588664553171 20.214725242127763 279.8033332006862 0.8343392628462555
2.063868934810265 11.915853575234708 18.886386192602895 296.2678638295085 0.8612087862947498
2.066089405027425 11.847097613284205 17.679110514816305 313.93225038836596 0.8896670939274508
2.0671452945185678 11.776355579940677 16.579390922134678 332.90775282882885 0.9198478862477043
