M[M_sun], R[km], Lambda[1], P_c[MeV/fm^3], rho_c[fm^-3]
0.24162668629717493 15.618656898711224 2160425.4255784233 3.5677272577965504 0.1711233750220791
0.25364419028126384 15.277268581768045 1723219.7690939773 3.7848224075714354 0.17388820797332397
0.26604025504986617 14.981238499649368 1382988.188709505 4.011407375751559 0.1766667323146306
0.2788158146329052 14.723484997111488 1116406.757566633 4.24773816749591 0.1794576296570532
0.2919701491078604 14.498416291616463 905907.3273935664 4.494439974489613 0.18226746637558852
0.3055054560454582 14.301200416006111 738639.7345131297 4.75166805889012 0.18509194201932574
0.3194216180559978 14.128145524040722 605100.8175348864 5.020105297138578 0.18793768834680769
0.3337195088228879 13.97594654660357 497681.28282122803 5.2999748977563605 0.19080131181099036
0.34840142207965347 13.842024093784913 411004.72357381805 5.592006491597555 0.19368912956460113
0.3634633261495022 13.72400393937685 340645.2407768795 5.896366084261016 0.1965961810590285
0.37891742015276847 13.61999869145563 283300.17796468275 6.2139182936989865 0.1995301583077902
0.3947502728819212 13.528437119156717 236410.13130473893 6.544921067761993 0.2024872491025497
0.41097522651141416 13.44786045928534 197856.03094452698 6.890075766393459 0.20547114705255543
0.42758292512058127 13.377054799343533 166078.87547382395 7.250087971774298 0.2084849344684636
0.4445783193803539 13.314924692325164 139799.64042723694 7.625217507014246 0.21152417158184553
0.4619599668955211 13.260565537384613 117981.00468981607 8.016411688171843 0.2145949941751225
0.4797245102663336 13.213153780943388 99808.8783245045 8.424376317142347 0.21769906228168265
0.4978824455061363 13.171977810198829 84642.45476770429 8.849553515291493 0.22083386193575283
0.5164195539047761 13.13640668867517 71937.75637186477 9.292814085394568 0.2240027656126663
0.5353381199579564 13.105855524047016 61276.195992315385 9.755044044501112 0.22720870998692436
0.5546454256799237 13.079826534055037 52299.89880335811 10.237052993007495 0.23045304601441613
0.574327673976261 13.05784212656904 44729.233148823165 10.739313601891062 0.23373248942064487
0.5943848750426527 13.039523193142715 38328.077495017016 11.263067598343621 0.23705319095282246
0.6148224405858738 13.024500713821972 32900.79004873325 11.80925402283328 0.24041678412792936
0.635626036569654 13.012436412712484 28292.00679377535 12.37885190123197 0.24382490193333245
0.656796730876636 13.00301537909532 24370.6010937626 12.972552433102186 0.24727551970320868
0.6783284989475801 12.995973551675371 21027.216683153078 13.591678049318661 0.25077337414836864
0.7002168610855976 12.991066312393624 18172.51847733409 14.237428543045654 0.2543211261722231
0.7224506091642466 12.98799615515661 15729.51574572903 14.9109936290251 0.2579207604468215
0.7450391805702866 12.986644897672354 13537.287944518906 15.613404809420254 0.2615721919109624
0.7679600561267095 12.986758911988145 11836.454357015518 16.345924649599098 0.26527727957108854
0.7912047612321877 12.988136689944444 10288.830478968417 17.11017095121188 0.26904073184249916
0.8147793353393202 12.990662258785484 8956.097432707873 17.907598794900778 0.2728649813724477
0.83866251741653 12.994131893617967 7807.419300087827 18.73957298581376 0.27675110469036335
0.8628422268836448 12.998408582530985 6814.385819410543 19.607439032377627 0.2806995921655765
0.8873225272539152 13.003362776627739 5955.292127364617 20.513282276356605 0.2847167995831002
0.9120784709750297 13.008852856391387 5211.05560255165 21.45889688446929 0.28880574036815876
0.937098672932231 13.014740651225752 4565.241859342194 22.445766198995305 0.29296632987600546
0.9623822404758242 13.020944432864415 4004.443702817785 23.475917212121065 0.2972023804887506
0.9879039325398151 13.027331744598454 3516.5080308382535 24.551771524574345 0.3015199861737475
1.0136444165560636 13.033788840451175 3091.735146844785 25.675270234816082 0.30592076957697334
1.0396086734807681 13.040251762843182 2721.3837525217455 26.848377005351413 0.310406008610552
1.0657594524383904 13.046572864841743 2398.334481570408 28.07418748234316 0.31498442956469025
1.0920918508254138 13.05270416591475 2115.738286877287 29.354754243912577 0.31965646143066817
1.1185867843913517 13.058546922477937 1868.5399256085975 30.69283781451904 0.3244268222149165
1.1452207866006543 13.06399351343485 1652.0970584392596 32.091833438465684 0.329303538490515
1.1719838340935058 13.069006021708743 1462.0321692886591 33.553685701190936 0.3342843307315277
1.1988399907072336 13.07346826429932 1295.5018150205722 35.08293530356889 0.3393827545178529
1.225785392182133 13.077336034156145 1149.0239836364667 36.681603237806485 0.3445955575813006
1.2527815624592729 13.080491675188789 1020.1601583160121 38.35474460266617 0.34993719439848475
1.2798232413246058 13.082934600214237 902.824368016609 40.10460019801918 0.3554042513204735
1.3068672765220155 13.084519235276131 806.7449239703386 41.936639987398635 0.36101128055935733
1.3339048327968739 13.085234697449835 718.5946771456468 43.85434565217764 0.3667602007590475
1.3609121478322161 13.085032669996078 640.6190159810412 45.86241089492916 0.37265879530793555
1.3878434196253402 13.08377590614256 571.8020448549652 47.96616615457011 0.3787170066526168
1.4147003363259605 13.08148211472352 510.8288665442285 50.17036372484261 0.3849404645404526
1.441422563643939 13.078033087307897 456.85552941287 52.480231419725634 0.3913361824585347
1.4680180075786247 13.073432834046537 409.01060357762844 54.90218100710726 0.3979158296459762
1.4944267902869741 13.06756845614007 366.5238225383398 57.442401871122144 0.40468846631475636
1.520639576392244 13.060422972612548 328.8415598095327 60.107521461695136 0.41166386269761973
1.5466219568811599 13.051937792270252 295.2835067021978 62.904644729448094 0.41885255750823125
1.5723381802294438 13.042058089326742 265.45964165695756 65.84139733618584 0.4262659211740491
1.597762605468165 13.030730663721574 238.91927252096292 68.92597302423952 0.43391622440055366
1.6228491904774736 13.017908496540086 215.23691335198683 72.16718557559416 0.4418167126938909
1.6476021262091023 13.003569269750022 194.09032602877812 75.5745258457522 0.44998168754477763
1.6719503838829057 12.987635835107838 175.21701273930103 79.15792558895582 0.45842534716404115
1.6958876988405875 12.97008742426498 158.35810452846053 82.9275864371356 0.4671610063061166
1.7193678481488825 12.950878860349034 143.27644994535595 86.89623990132915 0.47621019188711283
1.7423501396442733 12.929940410779201 129.77633629558377 91.07546448173294 0.48558725033447886
1.7648336063430436 12.907293249117467 117.67747800645729 95.47934614102863 0.4953140897649271
1.7867598417703352 12.882857427316255 106.81657741134288 100.12155657452365 0.5054082480662622
1.80809906207278 12.85660234086221 97.08141879341848 105.01861843796877 0.5158954172587298
1.8288089374542211 12.828469106857533 88.33080552945043 110.1870718992194 0.5267981334036815
1.848889167640318 12.798504882770315 80.46324225585744 115.6445505765868 0.53813978192154
1.8682660152377277 12.766566669181884 73.38652574451308 121.41125696484454 0.5499496740525492
1.8869454393858625 12.732748020826595 67.00800589330001 127.50861524864371 0.5622576162274925
1.9048675880216008 12.69693547416984 61.25490285796503 133.95905911696252 0.5750928840873091
1.922010560564219 12.659118949112765 56.0735366775212 140.78827268862523 0.5884917812742644
1.9383248559151005 12.619232945890554 51.39053743749298 148.02393675799973 0.6024925887631719
1.9538199446451614 12.577393214526673 47.1601550881322 155.69455993750677 0.6171311078358686
1.9684388868306077 12.533464772717785 43.338097412647095 163.83377478072126 0.6324548930168934
1.9821544908509767 12.4874667964665 39.879679617707566 172.4753493003796 0.6485054923162255
1.994945053575083 12.43939289226494 36.74465682364889 181.6585800690992 0.6653361014014242
2.0067812981097397 12.38923565263537 33.90343584046037 191.4254632878781 0.6830011211673839
2.0176292293416127 12.336963768717252 31.327163326433052 201.8220299160747 0.70155978087727
2.027466652788547 12.282580593502702 28.990558516989392 212.89822709447088 0.721074755525691
2.036276988530116 12.226119607116516 26.869389580545768 224.70953328129784 0.7416163562763112
2.04402353252396 12.167526508814008 24.941941357442598 237.3171110880882 0.7632617211804216
2.0506842990602454 12.106823535638812 23.187452032355953 250.78781996298997 0.7860934333903259
2.056256892400959 12.044079934917175 21.59297290135545 265.19477637928827 0.8101997165580513
2.060705386853329 11.979234145631445 20.142051534981427 280.84475961800376 0.8359976173639168
