M[M_sun], R[km], Lambda[1], P_c[MeV/fm^3], rho_c[fm^-3]
0.24162668629717493 15.618656898711224 2160425.4255784233 3.5677272577965504 0.1711233750220791
0.2536438602178656 15.27726823453781 1723109.0388299515 3.784817606619975 0.17388814813178005
0.2660396923107079 14.981273059376356 1383078.5797385585 4.011397283180707 0.17666661035186806
0.27881453388852556 14.723518659666786 1116432.860523283 4.247722441845235 0.1794574472632034
0.2919689919064128 14.49844510182612 905925.2637060385 4.494418203092571 0.1822672239460296
0.30550443663209814 14.30122789884832 738681.9760099043 4.751639502491738 0.18509163355572253
0.3194204141994389 14.12815005289746 605114.4300951527 5.020069745371658 0.18793731948350417
0.33371842982925554 13.975974009348775 489717.209000646 5.299931414623723 0.19080087400799625
0.3483988363134626 13.842044919844467 411016.49609577976 5.591954968518831 0.19368863106464096
0.36346063973268333 13.724009177225756 340663.73305142514 5.896305363680394 0.19659561075848547
0.3789144558600677 13.62001876358531 283316.7456374631 6.213847640794436 0.19952951403837232
0.3947472579965766 13.528440626869351 236398.42588436513 6.544840555875647 0.20248654312207268
0.41097103823724307 13.447882329441232 197868.22810718618 6.889983841226962 0.20547036417926265
0.4275785496001504 13.377070396872625 166087.8834690706 7.249983770695115 0.20848407243963998
0.4445730482028786 13.31493976311666 139805.29877383876 7.625101318010694 0.21152324664266794
0.4619548990835387 13.260588908847144 117987.8063983645 8.01628148460443 0.21459398694526352
0.4797186407069126 13.21316245439251 99817.51798558232 8.424231083683177 0.21769797032910232
0.49787474202667575 13.1719987105132 84645.21716859669 8.849393787428264 0.22083270543777658
0.5164134388294369 13.136414728856767 71942.59565794126 9.292637278200594 0.22400152087899808
0.5353302382998519 13.10586203242838 61281.77540221361 9.75484895915432 0.22720737432937552
0.5546366124216239 13.079820793164858 52302.26396801913 10.236838357839424 0.23045161662792624
0.5743195049179892 13.05785774379651 44732.54111166118 10.7390803494856 0.23373099186794924
0.5943763060533888 13.039521902880598 38330.094320208605 11.262812220878175 0.23705159534979697
0.6148121388117354 13.024527205363052 32904.263983314195 11.808975011630752 0.24041508727429808
0.635615692698089 13.012437655009922 28294.250558764415 12.378547653491562 0.24382310045988542
0.6567847175995691 13.003045496993389 24372.01068662043 12.972224345979544 0.24727364449175412
0.6783161308579191 12.995981140764307 21029.49331155492 13.591321463843713 0.2507713887759791
0.7002041733978703 12.991066580763528 18173.678409604472 14.237041547227825 0.254319026701024
0.7224377864173582 12.987997902478735 15730.870079325156 14.910574188023256 0.2579185427041353
0.7450244365641043 12.986643487850026 13634.694702338638 15.612954850169771 0.2615698920177437
0.7679445925335319 12.9867525428785 11837.344441286765 16.345438078634345 0.26527485413686547
0.7911883659167352 12.988136275622326 10289.709323586636 17.109645326485133 0.26903817590744444
0.8147610435119069 12.990674342546548 8956.95205849476 17.90703151245768 0.27286228965781784
0.838644573347522 12.99412191956772 7808.329635263446 18.7389665617922 0.2767483184857565
0.8628241455156404 12.998404890421854 6815.224950608594 19.60678558169604 0.280696660544478
0.8872993775384089 13.003347917786748 5955.8984611463 20.51257865391174 0.2847137162004484
0.9120601471531221 13.00883773340891 5211.717266982983 21.458139729786126 0.2888024984510676
0.9370783736925608 13.014735067034295 4565.703385955862 22.444958666125114 0.29296297584420217
0.9623550828067414 13.020932201670817 4005.0799932806253 23.47504916698623 0.29719885509953664
0.9878810123288604 13.027324054803156 3516.777957652965 24.55083888129489 0.3015162812247448
1.0136224477677538 13.033790140022212 3092.0945135731686 25.674276603554134 0.3059169349625709
1.0395870488355567 13.040236045524722 2721.77027748844 26.84731023863629 0.31040197855799445
1.065736104776908 13.046569207663474 2398.5796595611905 28.07304258659703 0.3149801940974865
1.092068737867966 13.052697785349778 2115.923518457181 29.353535276878155 0.3196520738977938
1.118564169212202 13.058536642229022 1868.815211403887 30.691530222831314 0.3244222096005082
1.145193868136299 13.063989900542504 1652.2511033341802 32.09044148986184 0.32929875589221363
1.171957078501298 13.069000192932236 1462.216745249134 33.552193068147005 0.33427930040427273
1.1988118931382927 13.073462578444223 1295.5636269958252 35.08133494110352 0.33937746255303913
1.22575782701811 13.077328238154571 1149.2000365634606 36.67989979007868 0.34459006252261876
1.2527528516060584 13.080490619075213 1015.8294759686416 38.35292943246787 0.34993147391655566
1.2797937836687518 13.082936907757427 906.7810170476238 40.10265614176653 0.35539823705989504
1.3068356699606136 13.084522800387456 806.830959886667 41.93456997109761 0.3610050225864732
1.3338734933270666 13.085236976676626 718.6746241646144 43.85212646737333 0.3667536041941312
1.3608808740770035 13.085035257055413 640.701359068252 45.860047191579376 0.3726519219796792
1.3878115027651385 13.083776119405714 571.8770888557736 47.96364783655095 0.3787098387066035
1.414667908344759 13.081486361518992 510.88033428979884 50.16766317784108 0.3849328973101479
1.441390945669092 13.078035362266787 456.92637671081746 52.4773529308087 0.39132827920644536
1.4679859754563545 13.073440242922594 409.06949355122555 54.89911183058149 0.39790756797474824
1.4943938481944437 13.067577656157434 366.57923821397816 57.43912822887291 0.4046798220956001
1.5206052332978137 13.060435000924835 328.87199956258814 60.10402845075105 0.41165480992812215
1.5465881248896605 13.051949151137402 295.3204599423864 62.900916220321605 0.4188430681560747
1.5723042021859013 13.042072668366107 265.50286552653614 65.83741586096308 0.42625596500512625
1.5977284342184328 13.030745559400819 238.9489861341255 68.92171965326831 0.43390576878979076
1.6228152578781645 13.017927948336649 215.2653324581989 72.16263978147494 0.441805722416885
1.6475678862958807 13.00359173081722 194.12065167748605 75.56966535317856 0.44997012454813046
1.6719163248399214 12.987661076758513 175.25917456842168 79.15275158859768 0.4584132762804
1.6958536610309771 12.970116983785154 158.38608835749108 82.92204844842567 0.4671482800241904
1.7193341156630941 12.95090849193022 143.29919919625127 86.89030941615188 0.4761967622560405
1.7423200237899545 12.929970115113134 129.7930699523717 91.0691390315687 0.48557317853617793
1.764800134236612 12.907327305963147 117.69451495481454 95.47256479049062 0.4952992099676447
1.78672691174806 12.88289431125562 106.83578028693219 100.11431341889508 0.5053926176506511
1.8080665875709634 12.856643804719996 97.09644002518245 105.0108759178099 0.5158789760009435
1.828779124801267 12.828512104678632 88.34414192168978 110.17878904626906 0.5267808161614655
1.8488581777575865 12.798552873112659 80.47294018450711 115.63564882707301 0.5381213939788022
1.8682450036813207 12.766650418390046 73.39000000286744 121.40172012261397 0.5499302605366305
1.88691675892922 12.732804321234793 67.01990523433223 127.49838977017879 0.5622370937738039
1.9048393008506173 12.69699558160739 61.263572317957646 133.94812400053044 0.5750712947721487
1.9219825261834915 12.659184958789712 56.08207948003218 140.77652755560902 0.5884688972887004
1.9382980206966056 12.619301482242392 51.39967040499856 148.01131127310836 0.6024683030148263
1.9537956408376098 12.577465335754122 47.16784315393588 155.68101843382868 0.617105445330875
1.9684134146492165 12.533544249056161 43.34418115600728 163.81923519749867 0.6324277329546012
1.982131080430187 12.487549304849031 39.88510453631318 172.45967776448592 0.6484765565386881
1.9949214226145502 12.439482057383378 36.749765916919365 181.6417197700964 0.6653053901330093
2.006761061449039 12.389326946753249 33.90716803959375 191.40730473778544 0.6829684773241033
2.017609421640031 12.337062016229858 31.33192710498488 201.80245233691528 0.701525032605431
2.027449147736752 12.282682689921959 28.994914187135823 212.87714647871456 0.7210378762496386
2.036261675911438 12.226225111525688 26.873395152941058 224.68675451029245 0.7415769826283428
2.0440098217470486 12.167638261158848 24.945960691299558 237.29252318975156 0.7632197965550748
2.050672444464818 12.106941500610851 23.19064314503902 250.7612452970759 0.78604871834963
2.0562485524613865 12.04420291497483 21.59647567493637 265.1659631630717 0.8101517696922544
2.060697809019809 11.979362134254632 20.143876963331785 280.58850793522487 0.8356289937822116
2.061948257339525 11.919545254133595 19.069185294888463 298.607581238791 1.6413364360718166
