M[M_sun], R[km], Lambda[1], P_c[MeV/fm^3], rho_c[fm^-3]
0.24162668629717493 15.618656898711224 2160425.4255784233 3.5677272577965504 0.1711233750220791
0.2536446801089018 15.277245166421787 1723136.542671136 3.784832358797146 0.17388833201055182
0.2660406764657221 14.981257692297573 1353385.3360387338 4.011428295298214 0.17666698511500606
0.27881735974146327 14.7234519799607 1116469.2833893036 4.247770763190973 0.17945800771799525
0.2919721368802903 14.498364684834097 905826.9068244676 4.494485101758461 0.18226796887820065
0.3055080863908838 14.301201267927414 738651.5117954739 4.751727250115509 0.1850925813975281
0.3194255293213267 14.128115797933111 605045.8152259728 5.020178988430861 0.18793845292240735
0.3337228925139049 13.975967809192765 497637.40095079184 5.300065029323916 0.19080221928632032
0.34840677207153 13.841978951210097 410976.6070379942 5.592113288571701 0.1936901628547048
0.36347110379462055 13.723961736521783 335720.14834647055 5.896491946122308 0.19659736318026497
0.37892516675380605 13.619948937809408 283283.5278331077 6.214064743686308 0.1995314937553373
0.39475786407847563 13.52841691125066 236388.89283383073 6.5450879539174185 0.20248871246868064
0.4109840115429396 13.44782144151099 197842.23474868268 6.8902663106206 0.20547276980715254
0.4275923387668926 13.377030448014677 166067.53088527767 7.250303962271226 0.20848672130249107
0.4445894071867893 13.314905265543523 139786.25984628013 7.625458346892994 0.21152608882213988
0.4619719322918205 13.260545864899994 117969.42980813455 8.016681578483562 0.21459708199488062
0.4797380138376638 13.213116071623599 99803.69165287896 8.42467736263353 0.21770132572292245
0.4978958056301332 13.171958023616707 84631.95876448094 8.849884606032699 0.22083625917418334
0.5164361533407642 13.13636523522503 71928.88556018504 9.293180579763662 0.22400534575587297
0.5353554432165671 13.105815369352952 61265.973849709815 9.755448427642635 0.2272114786079637
0.5546632487162868 13.079789390268548 52297.796395249316 10.237497901083572 0.2304560089286436
0.5743473750263507 13.057831207550734 44723.408808365675 10.739797101813217 0.2337355936399146
0.5944050745974483 13.039505438245826 38322.12189448478 11.263596961675399 0.23705649842449894
0.6148435460660767 13.024500455350319 32896.26027952185 11.809832377078475 0.2404203014867029
0.635649265161728 13.012436333153072 28287.402042783953 12.37948256902325 0.24382863616412204
0.656821196645048 13.003004579974107 24366.467927689366 12.973232518294882 0.24727940679128807
0.6783543966114938 12.995968778150177 21023.964844817197 13.592417209872393 0.25077748959629886
0.7002433401851512 12.991048446309074 18168.11463267323 14.238230742578677 0.25432547814384104
0.7224796316739072 12.98800410986303 15726.154728162624 14.91186308584073 0.25792535759275
0.7450686782274754 12.986639256183402 13631.34481398829 15.614337529115273 0.261576959355346
0.7679906961274144 12.986755436167508 11834.009443367424 16.34693326397421 0.2652823072607793
0.7912380641079607 12.988134396561804 10286.914185622807 17.111260522764077 0.2690460300599976
0.8148118105266021 12.990673591623937 8954.426628304993 17.90877472178389 0.27287056106142527
0.8386960216313837 12.99414448364631 7805.968848898902 18.740830052149704 0.2767568802597534
0.8628790271507957 12.998417171056845 6812.653591226975 19.608793584211178 0.28070566918538253
0.8873625485685765 13.003367166769214 5954.137268730767 20.514740833727483 0.28472319120765227
0.9121191057719338 13.008860187714571 5209.882248032637 21.460466413919868 0.2888124606387508
0.9371406682315283 13.014746109406238 4564.262654542616 22.447440162157115 0.29297328256596955
0.9624256684903757 13.020957284213768 4003.6287694064686 23.477716617563527 0.2972096884089079
0.9879479011415926 13.02733999440408 3496.407667560634 24.553704842735044 0.30152766632901074
1.0136916154429423 13.033804535855662 3091.363573355243 25.67732998171064 0.30592871853692427
1.0396563735434439 13.040255904056487 2720.7590914508087 26.850588363694566 0.31041436272417416
1.0658099525338467 13.046588272113842 2397.633871064375 28.07656080441029 0.3149932095150161
1.0921430636503784 13.0527158542988 2115.1425563672447 29.35728111776561 0.3196655566250306
1.1186426336307096 13.058549700153836 1867.9268288139272 30.695548410806705 0.32443638401896346
1.1452746154918176 13.064002090477198 1651.6642645086279 32.094718909845646 0.32931345268596907
1.1720394471631952 13.069011869968717 1461.701192675644 33.55677989656869 0.3342947584889756
1.198897509488035 13.07346953718925 1295.0761751493458 35.086252828244604 0.33939372467257245
1.2258440036433413 13.077337123151441 1148.7484310005893 36.68513446396796 0.3446069487702755
1.2528414732007693 13.080501804623779 1019.8911685373687 38.35850386207282 0.3499490319459691
1.279883840455607 13.08294440577332 906.444453743203 40.108630222135204 0.35541671886874443
1.3069286785094194 13.084524126638167 806.5695242112506 41.94093113588637 0.3610242533513419
1.33396764420861 13.085241581380057 718.3962485896492 43.858946040000696 0.36677387549080304
1.360976876323133 13.085033844288441 640.4326672305152 45.867310882052344 0.3726730438048768
1.38787925494191 13.083778135567059 571.6810883220635 47.796288348721355 0.37819944047990245
1.4057289938918875 13.075102937780086 527.6288078067794 50.50684976177672 0.7765557110907984
1.4132029584227221 13.05215517690116 503.24902359674155 53.618265992790796 1.0906832418714945
1.414049387324112 13.016305734243598 488.7035130693933 57.30062506591701 1.3757280343681795
