M[M_sun], R[km], Lambda[1], P_c[MeV/fm^3], rho_c[fm^-3]
0.24162668629717493 15.618656898711224 2160425.4255784233 3.5677272577965504 0.1711233750220791
0.2536446479121205 15.2772629314033 1723230.5773006747 3.784842600980179 0.17388845967442232
0.2660422360580448 14.981211267220656 1382954.3356749048 4.011449826579208 0.17666724530782996
0.278819163766891 14.723424409675044 1116329.2108960259 4.2478043121797295 0.17945839683570758
0.2919744058250814 14.498339848804047 905778.2201201308 4.494531548984904 0.18226848607884694
0.30551166168102467 14.3011558048166 738614.3186025594 4.751788172884644 0.18509323947970763
0.31942945462203287 14.128051594884145 605034.8465715414 5.020254835702057 0.18793923986712038
0.33372870323432735 13.975898304792043 497621.1442627705 5.300157798188671 0.19080315331485703
0.3484121953947643 13.841888653810251 410945.65186222125 5.5922232108426435 0.19369122638291475
0.3634779073195974 13.723862510040467 340606.715319921 5.896621491639355 0.19659857989917584
0.3789314777780227 13.619913759716622 283251.0249974242 6.214215480406282 0.19953286829272465
0.39476608799868834 13.528371874627398 236364.3962824496 6.545259725527863 0.20249021867365213
0.4109930703372639 13.447779790659652 197829.88103670318 6.890462433530255 0.20547444007215093
0.4276031401289883 13.37697647966889 166048.54971522148 7.250526277197161 0.2084885604568989
0.44460094507427417 13.314856253720954 139771.6851896449 7.625706239555665 0.2115280622071292
0.46198149807504457 13.260496508497583 117949.53645675325 8.016959373205244 0.2145992309616402
0.4797511951996969 13.213096566003728 98723.42315261693 8.424987226001686 0.21770365546226994
0.49791066460392563 13.171927668224553 84620.68757993741 8.850225395677791 0.22083872663682202
0.516451777771522 13.13635034692013 71921.76530917131 9.29355781135642 0.22400800148980363
0.5353722020344122 13.10579852090882 61256.57223362469 9.755864659373701 0.22721432835071886
0.5546804899700785 13.07976558547958 52288.905928551954 10.237953337508776 0.2304590264050737
0.5743661080468405 13.057802894406233 44314.53997190117 10.740294771436135 0.23373878883305252
0.5944257322435827 13.039490748915883 38316.58967695834 11.264141840531515 0.23705990283745224
0.614866387350232 13.024470041430924 32891.43244907292 11.810427684645216 0.24042392194995743
0.6356727011806864 13.012407133615989 28282.893225876327 12.380131725658305 0.24383247986872755
0.6568456502565555 13.00300817545005 24362.396016745643 12.97393254292917 0.24728340784503905
0.6783802255989845 12.995968736919396 21020.74183799061 13.593178044295712 0.2507817257185282
0.7002711443023335 12.99105503920483 18165.983175089215 14.239056467029677 0.25432995773928724
0.7225087813292674 12.987991686592817 15724.385660664542 14.9127580427531 0.25793008956730223
0.7450990044801425 12.986644982792278 13628.836103047284 15.615297606835977 0.26158186663580946
0.768022543878794 12.98675843755005 11831.469339527413 16.347971465753126 0.26528748243625716
0.7912704008234267 12.988143609968098 10286.061465202698 17.11238206012532 0.2690514837164009
0.8148470773718391 12.990679450250097 8952.403406145859 17.90998515181116 0.27287630446535477
0.8387345740920121 12.994146481631741 7804.543272167128 18.74212400572122 0.276762825306905
0.8629157236279297 12.99841712621339 6811.146457142915 19.6101878883382 0.28071192454865884
0.8874017737250588 13.003366635712915 5952.6714388576165 20.51624220048238 0.2847297704295628
0.9121605616816107 13.008862209767035 5208.857952310501 21.462082015057447 0.2888193781749649
0.9371834386937576 13.014764246474876 4563.17327735287 22.44916326704786 0.2929804393626985
0.9624710268640132 13.020968293298647 4002.692658583046 23.47956885332645 0.29721721088869396
0.9879928973318136 13.027358757175518 3514.888304042197 24.555694929419612 0.30153557199867
1.0137388523736115 13.033814184983429 3090.7144901633274 25.679450215131773 0.3059369009260304
1.0397059719650648 13.040273143910804 2720.147409086266 26.852864668376224 0.3104229621933683
1.0658603652912442 13.046597171712582 2397.026525091917 28.07900383782172 0.3150022473579173
1.0921961797052273 13.052732057811244 2114.6709576319317 29.35988222031699 0.31967491899713046
1.1186968980064922 13.058559941341345 1867.4565710425488 30.698338642330906 0.32444622674146756
1.1453298148246795 13.06401506414483 1651.2246025037466 32.09768916242777 0.3293236581812831
1.1720977008901508 13.069021316165731 1461.3389733750216 33.5599650170401 0.33430549267336396
1.19895473685516 13.073480002740006 1294.7264210084936 35.089667852796595 0.33940501723295063
1.2259041406229314 13.077345531385117 1148.437071182042 36.68876948106098 0.344618674772729
1.252902350611277 13.080504840076928 1019.6346255964517 38.36237362618681 0.3499612174621831
1.2799480739620994 13.082947206124711 906.2062782866994 40.11277872541456 0.3554295529519653
1.3069994808587737 13.084547734355105 802.9555072429472 41.94534845372653 0.36103760757239345
1.3340323871061155 13.085239991858405 718.1310888739388 43.86368170738533 0.36678795234337697
1.3610437367444042 13.085028655529813 640.2747257456043 45.872354974574506 0.37268771134074313
1.3879828027964483 13.083783971329876 571.4474688433372 47.976760738591736 0.3787471622587485
1.4148278744101102 13.081457340421778 510.5677754819505 50.181725003191325 0.38497230009442446
1.4415601911192253 13.078013343750836 456.6075845160507 52.492341354410264 0.39136943180197825
1.4681547015831895 13.073407642696056 408.7674164123204 54.9150932272786 0.3979505870204653
1.49456605837481 13.067534945750054 366.3145647274507 57.456174350341755 0.404724833247865
1.5207791264928954 13.060383014324998 328.6592308238689 60.12221690694057 0.41170194860132886
1.5467634208804677 13.05188939099241 295.1179633640566 62.920331008937325 0.4188924803366459
1.5724812871945817 13.041997620942768 265.30364088890644 65.85814795034433 0.42630780814678976
1.5978947955868636 13.030656081482718 238.76903688488053 68.94386762465933 0.4339602127989354
1.6230041179157026 13.017843388849151 215.0983062823964 72.18631053743144 0.4418629507378512
1.6477455636469622 13.003480978226076 193.9723065674709 75.59497489968211 0.4500303353594688
1.6720933956718729 12.987537622107379 175.12691425396466 79.17969372291874 0.45847613197153303
1.696030118139768 12.969977713100365 158.258293149921 82.95088606801502 0.467214548790018
1.719510128293152 12.950755067301042 143.1907324271918 86.92119098902569 0.47626669382457676
1.7424917683270256 12.929808136672728 129.6993580430089 91.1020774112154 0.48564645430671016
1.764973359240831 12.907144572678607 117.6016858071897 95.50787732803259 0.49537669355991826
1.7868838290108575 12.882667893408538 106.75824505760023 100.15203086332218 0.5054740102593998
1.808235185491144 12.85642711169151 97.02545796641444 105.05119387821001 0.5159645912743628
1.8289394135247523 12.82827228788785 88.27441584268539 110.22192088627699 0.5268709933655179
1.8490206193663425 12.798296106537594 80.41597182038193 115.68200371728304 0.5382171471861332
1.8683921857338068 12.76634581447034 73.33875100938434 121.45138241113065 0.5500313547568522
1.887068151122493 12.732513025494116 66.96272467543241 127.55149892438868 0.5623434652284482
1.9049889360043744 12.696680995549398 61.217544663469546 134.0050681834128 0.5751837202701703
1.922127770463311 12.65884647871558 56.03868020036714 140.83769016941596 0.5885880653193629
1.9384373952472336 12.618941265719 51.358690575902514 148.07705864178016 0.602594771349602
1.9539303866951652 12.577082002818939 47.13457990922261 155.7515363129927 0.61723908377083
1.9685423239993878 12.53313874795932 43.31380017413067 163.89495098272624 0.6325691706706483
1.9822518910410594 12.487120159170491 39.8544244363005 172.54128872193837 0.6486272422484666
1.9950356495205797 12.439021870368563 36.72340470896646 181.72952178254778 0.6654653227161333
2.006868454067358 12.38884558816114 33.88291447487942 191.5018680641868 0.6831384749500915
2.017707571875574 12.336554784621798 31.30812128733192 201.90440604477936 0.7017059903799857
2.0275397090664207 12.282157184360813 28.973489715679612 212.9869281081176 0.7212299326422529
2.0363425470813676 12.225667031573547 26.853680806608445 224.8053803562929 0.7417820302272354
2.044081068762511 12.167054281907092 24.927302398757217 237.42057124651507 0.7634381302545514
2.050732548124676 12.10632771091711 23.17403306615065 250.89964082439988 0.7862815853085764
2.0562982727424295 12.043560729797916 21.58167066592687 265.3159327431728 0.8104011924613174
2.0607383644705033 11.978691446167414 20.13134624673764 280.7507917690579 0.8358951770409292
2.064036687391317 11.91177484858787 18.809941612328153 297.2945197749865 0.8628721705586319
2.066184555945098 11.842850493791332 17.6096129894028 315.0474635191252 0.8914523308042552
2.067171959317104 11.771945803590818 16.514257985734954 334.1188832107967 0.9217607699416103
