M[M_sun], R[km], Lambda[1], P_c[MeV/fm^3], rho_c[fm^-3]
0.24162668629717493 15.618656898711224 2160425.4255784233 3.5677272577965504 0.1711233750220791
0.25364392332441 15.277280654953808 1723214.446917869 3.784817957187926 0.17388815250144046
0.26603977294734904 14.981255391347512 1383025.8386524625 4.011398020144818 0.17666661925764443
0.2788144245495593 14.723541136492857 1116427.4295181595 4.2477235901384605 0.1794574605816744
0.29196907884464385 14.498412173550566 905860.0395815773 4.494419792847341 0.18226724164831792
0.30550502378572836 14.30121893223347 738702.5140853863 4.751641587687929 0.18509165607982103
0.31942068586483496 14.12812953092609 605147.3827384332 5.020072341369666 0.18793734641798548
0.3337187593958618 13.975962054002894 497662.9480633377 5.299934589769372 0.19080090597644442
0.34839902488932445 13.84204332094123 411015.534783397 5.591958730739972 0.19368866746516544
0.36346146548083097 13.724004967660438 340648.53312862106 5.896309797500805 0.19659565240186508
0.37891466309041827 13.62001264929458 283313.1433525236 6.213852799869853 0.19952956108292821
0.39474634096281513 13.528461518119 236411.93743507483 6.544846434849936 0.20248659467273508
0.41097098868189147 13.44788896551047 197864.59347987146 6.8899905535934876 0.2054704213445927
0.4275794176175235 13.377068157902873 166095.43904673323 7.24999137944199 0.20848413538485294
0.4445735072720933 13.314942189930466 139808.82015728767 7.6251098021083745 0.21152331418154074
0.46195485312616336 13.260579763761019 117986.93482686322 8.016290992035923 0.21459406049293256
0.4797190516876058 13.213164020393553 99815.34126668291 8.42424168858592 0.21769805006314558
0.49787538657654223 13.171999515700632 84648.78967850535 8.849405450700592 0.22083278988485158
0.5164133883429729 13.136418797162142 71941.74815106328 9.292650188590486 0.22400161176894778
0.5353316645740644 13.10585278901298 61279.77199893355 9.754863204197497 0.22720747185848147
0.5546372827406592 13.07983962728973 52301.58612569414 10.236854030390601 0.2304517210010032
0.5743202062038703 13.057862268806241 44732.14166304837 10.739097381447712 0.23373110121842183
0.5943758894331651 13.03953580790817 38329.78027365569 11.26283086838691 0.237051711859769
0.6148123937698389 13.024509381348755 32903.99250926284 11.808995384846556 0.24041521117744213
0.6356169994730285 13.01243401529065 28294.12793912407 12.378569869447391 0.24382323200220837
0.656785525155305 13.003023196022701 24178.089842161127 12.972248302656245 0.24727378141829426
0.678316052696618 12.995996118369336 21029.553892634725 13.591347501430743 0.2507715337462878
0.7002041297311498 12.991072753433608 18173.739703394687 14.237069805334237 0.25431918000263043
0.7224382460701494 12.988001294297915 15730.89394165049 14.910604815228197 0.2579187046417128
0.7450253952963791 12.986647164845106 13634.9715344376 15.612987705770891 0.2615700599537827
0.7679463054362238 12.98675446024595 11837.127335645724 16.34547360756368 0.2652750312396672
0.7911895703097881 12.988142244801653 10289.511836505246 17.109683707054668 0.26903836253915736
0.81476231455097 12.990671248275541 8957.136180976473 17.90707293480124 0.27286248620387615
0.8386452663533661 12.994122660587527 7808.133984275097 18.739010842185646 0.2767485219312531
0.862825667865304 12.998402249013365 6815.219064174243 19.606833295889217 0.28069687460797105
0.8872957720469029 13.003358162281579 5955.613226396764 20.51263003155118 0.28471394134523065
0.9120599188184579 13.008847945889967 5211.536975194829 21.458195016243934 0.2888027351716697
0.9370798693382743 13.014737031085618 4565.704104000861 22.44501763109908 0.29296322075113446
0.962358270442324 13.020931177873784 4005.0849313883555 23.475112550439544 0.2971991125185736
0.987883293908105 13.027323942470616 3516.825034800753 24.550906981565856 0.3015165517547926
1.0136244762645896 13.03379523110874 3092.079219232714 25.674349157037362 0.3059172149604357
1.0395882850121163 13.040238126503743 2721.6606408484004 26.847388132304804 0.3104022728262478
1.0657378880337758 13.046570939387893 2398.596086921889 28.073126185065487 0.31498050336457273
1.092068814075943 13.05270183230348 2115.902828401747 29.353624283860903 0.3196523942682811
1.1185663903265148 13.058531087064582 1868.8084830503235 30.691625700969404 0.32442254640582713
1.1451957887539785 13.063996591024484 1652.262098506798 32.0905431275372 0.32929910510925525
1.171959144977353 13.069004480434597 1462.2083421538446 33.55230205754173 0.33427966770977025
1.198813860437102 13.073458312056017 1295.5434812027079 35.08145179661669 0.3393778489625416
1.2257598902109903 13.077326208605399 1149.1997384952524 36.680024172608185 0.34459046376140495
1.2527546472936704 13.080491671289218 1020.2685018446249 38.353062773077895 0.349931896310377
1.2797954045062088 13.082934184288257 906.7934818772038 40.10279809286853 0.35539867620918186
1.3068392471105899 13.08452439973894 806.8177698560849 41.934721119449875 0.361005479530841
1.3338757302360689 13.085234942603254 718.6626445197207 43.852288507569504 0.3667540858613953
1.360883974247226 13.085035499462615 640.6885667394471 45.86021978409604 0.37265242385527275
1.387813919425921 13.083775774765797 571.8732989843711 47.963831718567896 0.3787103620941822
1.4146704512332762 13.081490546712432 510.8705148164792 50.167860365644096 0.3849334498521025
1.441394005261795 13.078034399477914 456.9334410509757 52.4775631113725 0.3913288562835257
1.4679875660998745 13.073439872787521 409.06111978472904 54.899335934544055 0.39790817122231126
1.4943963868954482 13.067575422455217 366.57076091905805 57.439367262254024 0.40468045327542207
1.5206074648788046 13.06043365957772 328.8674217899942 60.104283501701794 0.41165547093878146
1.5465906348205143 13.051948867702484 295.3209750079492 62.90118846654643 0.41884376104436144
1.5723066438948392 13.042070421025318 265.4886352233311 65.83770657789103 0.42625669197859245
1.5977309873167798 13.030745541673516 238.94583832914756 68.92203022305624 0.43390653223056264
1.6228179639699816 13.01792773039707 215.25991388007026 72.16297170293836 0.4418065248968768
1.6475703655035205 13.003589975193062 194.12086477537878 75.57002025275418 0.44997096884581034
1.6719189951534976 12.987658541236211 175.25364529864194 79.15312937935475 0.45841415766191407
1.6958561883452776 12.970115921397843 158.38477247237088 82.92245281620522 0.4671492092601701
1.7193365432108598 12.950905769432156 143.29460835209784 86.89074244247314 0.4761977428476052
1.7423225892085203 12.92996892779222 129.7922117945619 91.06960089667793 0.4855742060160395
1.7648025170854333 12.907324259366355 117.69092608083743 95.4730599435693 0.4953002964440616
1.786728875048321 12.882892014817022 106.83176605082285 100.11484229108343 0.505393758933889
1.808068658095354 12.85664098142718 97.09666461658905 105.01144125150125 0.515880176488222
1.8287804266610315 12.828510203024557 88.34092659840643 110.17939383274691 0.5267820806091129
1.8488596312733638 12.798549870506253 80.47228314741841 115.63629880261746 0.5381227366039877
1.8682476130758598 12.766646554179363 73.39081124485112 121.40241646978697 0.549931678044292
1.8869174784690987 12.73280147813621 67.01745344807225 127.49913639842313 0.5622385922507329
1.9048409192996754 12.696991220920683 61.264275337602676 133.94892244329162 0.5750728711460735
1.921985182883392 12.659179929130516 56.082200743831 140.77738514192697 0.5884705681929714
1.9382988177084985 12.619298628205946 51.3987473753951 148.0122331384403 0.602470076268658
1.9537983086769337 12.577459369766855 47.16764492455344 155.68200718237696 0.617107319108349
1.968415494857263 12.5335383474694 43.34413891260995 163.82029682083572 0.6324297160758175
1.9821329098786542 12.48754391662558 39.88456465537083 172.46082203715142 0.6484786693130528
1.9949222203400105 12.439476133418657 36.748471176755814 181.6429508400456 0.6653076325439915
2.0067627203024827 12.389320521542714 33.90798841543242 191.4086305991125 0.6829708608409122
2.0176111610431207 12.337054886542752 31.330736720249345 201.8038818080187 0.7015275697756339
2.0274500312769788 12.282675397394703 28.994582586157875 212.878685693292 0.7210405690134535
2.036263014197181 12.226217267548902 26.873035567170508 224.68841771451673 0.7415798575164397
2.0440106206883617 12.167630405517796 24.94555010007538 237.29431848605975 0.763222857700199
2.050673040002741 12.106932501490686 23.190454002806128 250.7631856554835 0.7860519832337659
2.0562490848398367 12.04419448136089 21.59658745063811 265.16806696684637 0.8101552705439639
2.060698435532176 11.97935228833161 20.144002209894634 280.5907831807325 0.8356327257144028
2.0640071635607207 11.912462398140313 18.823503536326385 297.1209210976567 0.8625909095957531
2.0661711322317773 11.843572700105806 17.62063879596281 314.85888050758734 0.8911504464942068
2.0671669561058783 11.77269008219489 16.524922606147985 333.9140718648864 0.9214372867809598
