M[M_sun], R[km], Lambda[1], P_c[MeV/fm^3], rho_c[fm^-3]
0.24162668629717493 15.618656898711224 2160425.4255784233 3.5677272577965504 0.1711233750220791
0.2536450999016638 15.277266720718055 1723151.4940833095 3.7848547550234724 0.17388861116870868
0.2660432570938876 14.981184481736195 1382881.235672611 4.011475377110668 0.17666755407092377
0.27882106756282926 14.723401833247905 1116385.3730691385 4.247844123929366 0.17945885859200833
0.291978013932478 14.498294277146867 905787.3827926869 4.494586666969868 0.1822690998304017
0.305515233045185 14.301093183631892 738541.0720504556 4.751860468993285 0.18509402041566014
0.31943476072018534 14.12798551531874 604989.257429546 5.020344842827683 0.1879401737257883
0.33373527630653665 13.975810905453677 497582.5676290936 5.300267886414023 0.19080426172061693
0.34841881857018453 13.841877236139227 410913.49657023954 5.59235365538181 0.19369248846971526
0.36348453213882564 13.723833375653822 340552.4473550971 5.896775223632283 0.1966000237825866
0.3789394865792049 13.619884031684938 283224.97349305125 6.214394360731182 0.19953449946590182
0.39477602590653377 13.528303428787702 236349.93228160232 6.545463568810503 0.20249200610386212
0.41100403675238745 13.447732334907553 197805.30561655463 6.890695175635347 0.20547642220158435
0.4276152731199253 13.376924557615002 166022.47643006057 7.250790102749188 0.20849074301807813
0.44461392824553325 13.314810412748013 138133.97410100832 7.626000419690149 0.21153040407015689
0.46199672808896014 13.260472671076366 117934.96063117502 8.017289040023503 0.21460178120100362
0.47976666003204294 13.213054958948169 99772.89407534423 8.425354950915061 0.21770642023954853
0.4979277784972408 13.171883818634917 84608.96076818199 8.85062982309222 0.22084165486410104
0.5163867407531625 13.136409096965933 71958.97381380771 9.274836623998663 0.23715400781352838
0.5308574031259572 13.106999532780803 63413.8017713028 9.80730577804855 0.38039706960521896
0.540693208096152 13.075346758314204 57838.28353454095 10.402194027256211 0.5066441912081142
0.5474899707511903 13.037661980223389 53803.61835028388 11.085717979239693 0.6274248333317123
0.5522105559779048 12.992898329820472 50612.4581602787 11.85717833930282 0.7429872229243101
0.555488869955269 12.940748701661319 47927.41474318664 12.716117841141909 0.8544106124084797
0.5577758551530172 12.88113187038667 45528.02485634588 13.662657369048011 0.9627332761243388
0.5593952111478794 12.814298044686822 43278.022167273724 14.698086570087154 1.072082907321582
0.5605539442758299 12.740724546163733 41120.95045301368 15.825409918794788 1.1888809578636774
0.5613610166546664 12.661038857527918 39030.34549688784 17.050368775618285 1.3228026594842954
0.5618044295062682 12.576306974983007 37039.0582096669 18.387881263635435 1.4913618123337633
0.5618658333579699 12.486868244936286 35145.28678537455 19.8482239878535 1.644983866430108
0.5619959534071842 12.387193473564539 33136.868862747266 21.39032442439653 1.666540365741928
0.5629247928521462 12.27612400299023 30847.718394412783 22.990865696716977 1.6791612697191791
0.5649812845170561 12.156589615780366 28335.03815097832 24.652801294548617 1.6907731062626996
0.5683440020898403 12.031071377880615 25688.97572062224 26.363461309834655 1.7015624430968268
0.5731107734609848 11.901939749247498 22995.51279175515 28.143026117462675 1.7121108702822698
0.5793373545263069 11.77137987365529 20344.37886667417 29.974887176365865 1.722387634422751
0.5870161981501714 11.641270566934269 17811.801581716078 31.877263298057947 1.7327064175451368
0.596139616111819 11.51330339973363 15458.102015911101 33.84394359390517 1.7430864321807569
0.6066576006680201 11.388922752012986 13313.092875153845 35.87826227607363 1.753619850616128
0.6185454679640224 11.269244078445302 11393.397756828817 37.98746587478258 1.7643978036552301
0.6317207304827449 11.15512061751192 9704.233099737417 40.17290771218647 1.7754583847419434
0.6461226288675614 11.04717958031459 8233.517257246262 42.43325393914468 1.7868192033833934
0.6616847635845494 10.94588003642172 6967.883255220694 44.775449692801466 1.79853876264712
0.6783340804531587 10.85134122201227 5887.485073083961 47.20364439721421 1.8106526863901387
0.6960016549044854 10.763661153864621 4970.459578530162 49.721366545756545 1.823189292332346
0.7146181773835464 10.682667585929325 4195.674034175661 52.33265520126575 1.836173022541279
0.7341078729379574 10.608215490400843 3543.3819854883986 55.042033018545595 1.8496250185540624
0.7544166513411656 10.540021901347204 2995.3800023763215 57.85129429819415 1.8635516476419012
0.7754691795111973 10.477786980880751 2535.5064877104837 60.766876921390555 1.8779829692072472
0.7971988720287343 10.42109895692012 2149.593711920434 63.79593043140631 1.8929524729880922
0.8195496878468651 10.36962545427095 1826.1108982743117 66.94218808126952 1.9084757378204997
0.8424623929984628 10.322957778013164 1554.3791029269123 70.20943601375015 1.9245682932523378
0.8658685700854027 10.280711474193833 1326.0152722737234 73.60726828689253 1.9412753396053084
0.8897220654034084 10.242500987092392 1133.8353627439874 77.13914627757042 1.9586100089731193
0.9139761778302392 10.207959202988064 971.7601612121077 80.81227761412326 1.9766043769998043
0.9385559715578063 10.176703762504596 834.8672811141166 84.63542071219189 1.9952981349912158
0.9634350225291327 10.148484788653862 718.9129013057523 88.61530711667324 2.0147199717384714
0.9885444313799184 10.122850596708037 620.6790783733292 92.75959482972063 2.0349028231355843
1.013843921606036 10.099587923286014 537.1067962504516 97.07685265442547 2.0558837502448264
1.0392717873705144 10.078368389068498 465.9170438644637 101.5765650747521 2.0777039180060703
1.0647959290834097 10.0589402460639 405.1083933770085 106.26915394419568 2.1004086551159036
1.0903572280960208 10.04101981584372 353.0590203003058 111.16587425641221 2.1240468472695073
1.1159199081916138 10.024391256692452 308.43311031572944 116.27400580992744 2.148645641278135
1.14143632464271 10.008792823114362 270.0528731195303 121.61063828560299 2.1742825909542614
1.1668574589883114 9.994078227472876 236.98112354075795 127.18450116960719 2.2009902856494037
1.1921319875683163 9.979984718574242 208.43046676370648 133.01129893147467 2.2288367101077835
1.2172209539353718 9.96636575800583 183.73201978402778 139.10573496806833 2.2578832512068514
1.2421002322959551 9.953027960434396 162.29793500601664 145.48337249340392 2.2881942996931324
1.2667131398678741 9.939826152552254 143.67675134788527 152.16142504916758 2.319841280255617
1.2910170169078257 9.926595052949718 127.45031566873298 159.1574591741411 2.3528955661379234
1.314956069658861 9.913175580325655 113.31135665720454 166.49093591735954 2.3874364647456154
1.3385079545755785 9.899460389220136 100.93723020682407 174.1839106892851 2.4235547681828034
1.3616332783933538 9.885297252837667 90.09629891755297 182.2590538642539 2.461341917939005
1.3842800754469102 9.870614525151476 80.59266204078412 190.7401859075875 2.500892474221595
1.4064297025209793 9.855260792323296 72.22682254343985 199.65374676433836 2.5423117061395084
1.428022664004761 9.839120876585989 64.85866107210458 209.0289365081517 2.585716040943627
1.4490153616559964 9.822082383112246 58.36217737572655 218.89789567862758 2.631233684433392
1.4694114620340377 9.804123512534078 52.61153361273816 229.29173039626275 2.6789821262329157
1.4891356050107734 9.785097015563522 47.52507986590016 240.24903168488638 2.7291145370247976
1.5081657514636144 9.764939187453853 43.014714007092806 251.80902949262938 2.7817813653712564
1.526465800852688 9.743561182191453 39.007018747700634 264.0152044085524 2.8371495544641245
1.5439972395305963 9.720894412901082 35.442021240281605 276.913039050695 2.8953889084405477
1.5607521627920158 9.696899244245285 32.264823373851854 290.55556135394494 2.9567026096992137
1.5766653355655726 9.6714565854144 29.427414862169098 304.99784170907157 3.0212947149530023
1.5917230660004524 9.644541761257061 26.894571615056208 320.3011052512413 3.0893922440462944
1.605893385348701 9.616113236985763 24.59460595174235 336.5328490319411 3.161244480647643
1.6191564155328215 9.586108405419342 22.594391287589648 353.76557480751154 3.2371135206890087
1.631471463762099 9.554482566020116 20.770177312638328 372.080291082763 3.317292905797092
1.6428204402594726 9.521183844715601 19.132766284152186 391.5648263734228 3.4020949481148612
1.6531785193703776 9.486210578603258 17.658693306931504 412.3177281049316 3.491871714523479
1.6625106240272876 9.44947764157053 16.332237126209964 434.44549296425583 3.5869942678123743
1.6708153231404919 9.411014695903269 15.137712057914378 458.0669409534668 3.6878758529329403
1.67806198608402 9.37077607345714 14.058372058085281 483.31305585945216 3.794966125052144
1.6842365496357488 9.328762675197298 13.084659295476838 510.32909567760674 3.9087590347868884
1.6893140527076307 9.284952410569224 12.204412887660778 539.2759389760004 4.02979473150807
1.693291965310231 9.239361376056785 11.409782530352395 570.3324214683463 4.1586670332022555
1.6961450355715713 9.191963525125061 10.690134027433013 603.6976910014748 4.296029811910027
1.697873176206282 9.142805936093133 10.03949973236101 639.5936586048597 4.442602316713113
1.6984650213272754 9.091897978394028 9.449358563367477 678.2684686195339 4.599180121347673
