M[M_sun], R[km], Lambda[1], P_c[MeV/fm^3], rho_c[fm^-3]
0.24162668629717493 15.618656898711224 2160425.4255784233 3.5677272577965504 0.1711233750220791
0.2536441687948175 15.277256313284234 1723238.7385014372 3.784823793338908 0.173888225246247
0.2660403111466565 14.981266576561207 1383006.775033282 4.011410288918376 0.17666676751853236
0.2788158438475011 14.723514777381494 1116409.7748631067 4.247742706626314 0.17945768230412554
0.2919705904246191 14.498415396871026 905882.2337340179 4.494446258701303 0.1822675363517442
0.30550605305634215 14.30120893495996 738657.5771822564 4.751676301569771 0.18509203105599736
0.3194220073670183 14.12814714105817 605106.8369797183 5.02011555901153 0.1879377948177003
0.333721411785678 13.975909788732617 497666.71510589 5.299987448999321 0.1908014381811807
0.34840216705032495 13.842017808656133 411000.80634056276 5.592021363555733 0.19368927345488762
0.36346564053630404 13.723962291960268 340637.1239249321 5.896383611064748 0.19659634567447823
0.37891862050877445 13.619995079493957 283296.6473515338 6.213938687457967 0.19953034427431643
0.39475090854858497 13.528452785159335 236408.51957024715 6.544944307310108 0.20248745288199158
0.410976676675011 13.447854905928276 197870.69534474929 6.890102300382646 0.20547137302714188
0.42758506908839783 13.377070505937816 166083.91569453 7.2501180492082895 0.20848518329136684
0.4445800109151153 13.314918728150303 139800.401799311 7.625251044769401 0.21152443856394126
0.4619616780678867 13.260564546431374 117982.4345824652 8.016449271244316 0.2145952849105727
0.4797268513372473 13.21313936853655 99808.00098058901 8.424418238613324 0.21769937747253926
0.49788379716738895 13.17197857514999 84642.34140086648 8.849599620595974 0.22083419575785657
0.5164219070672519 13.136414939538698 71935.0458045534 9.292865120682851 0.22400312490427748
0.5353406039485984 13.105846844764336 61274.163188866034 9.755100355822329 0.22720909552403673
0.5546475185445848 13.079807338134776 52297.78696985942 10.237114947438908 0.23045345860676084
0.5743302571097096 13.057840474430096 44728.701895658065 10.739380930243813 0.23373292168952522
0.5943879309754444 13.0395188672433 37993.62030488191 11.263141313170824 0.23705365152439678
0.6148252233802864 13.024499894892717 32900.83318686069 11.809334559628041 0.2404172739260142
0.6356301057678206 13.012434310161172 28291.0889787406 12.378939722657632 0.2438254219305104
0.6568002116508326 13.003026659336687 24370.39011655579 12.972647135867414 0.24727606098538002
0.6783323147396773 12.995980460226795 21027.34629707114 13.591780978268838 0.25077394722918694
0.7002194784016923 12.991059545902797 18171.648394877462 14.237540250096293 0.25432173218842463
0.722454901888118 12.98799471165375 15729.065242140847 14.911114701554443 0.2579214006029228
0.7450425086379421 12.986654553041193 13633.526391018391 15.613534691210322 0.26157285578051925
0.7679635181661093 12.986758069543388 11835.864700452032 16.346065099581953 0.265277979679027
0.7912086445524992 12.988137325336805 10288.584540517928 17.110322674312503 0.2690414696205597
0.814784948642579 12.990663927402972 8956.206747770353 17.90776254278132 0.27286575834443233
0.8386667022815216 12.994124539139127 7807.335017246641 18.7397480321746 0.27675190893782
0.8628479338778785 12.998396672630507 6814.404235032392 19.607627653328716 0.280700438388827
0.8873284731276931 13.003352244516126 5955.140808739465 20.513485379772106 0.2847176896137586
0.9120858548983859 13.008838658409532 5211.099820610602 21.45911544039439 0.2888066761613391
0.9371064879277498 13.014734217719125 4538.871726724337 22.445999296985743 0.2929672980323519
0.9623883456521978 13.020949173219435 4004.406273903067 23.476167777498944 0.2972033981092004
0.9879092910605609 13.027334729403812 3516.4461897221336 24.552040736786655 0.30152105562606596
1.0136507441217724 13.03379430452612 3091.720583908281 25.675557051752623 0.3059218764587693
1.0396160785356174 13.040247343646088 2721.3436474019327 26.84868493353926 0.3104071719077972
1.0657676010392885 13.046574302812735 2398.2270289991106 28.07451796325419 0.3149856521572843
1.0920990592980215 13.052704164275747 2115.701769351854 29.355106106231908 0.3196577279189732
1.1185984986507844 13.058536683090662 1868.5453446135714 30.693215259285033 0.3244281536757863
1.1452282440401762 13.063994043793379 1652.038403802444 32.09223523374166 0.32930491901950804
1.1719926846716147 13.069003185804927 1462.0053766515687 33.55411656016588 0.3342857827706967
1.1988485372246742 13.073461286588858 1295.4249804682056 35.08339725989656 0.3393842820821918
1.2257939261218156 13.077331617820244 1149.0312405313791 36.6820949508844 0.3445971437715744
1.2527899586518008 13.080495212337501 1020.1417261394982 38.35526806806585 0.3499388427408455
1.2798309719865855 13.082935628841819 906.6384026455481 40.10516136570419 0.3554059873858169
1.3068754183166162 13.084527798807548 806.694214421814 41.937237515032194 0.3610130869759186
1.333914214468043 13.085231568694025 718.5703267574758 43.854986239296565 0.36676210491525224
1.3609215852405578 13.085032925910054 640.5908857321589 45.86309319924535 0.372660779356203
1.3878522458784002 13.083774002567356 571.7660188753665 47.96689309051653 0.3787190757469803
1.4147091882982346 13.081483268710507 510.78006364884743 50.17114326382477 0.3849426488945876
1.4414328851569493 13.078029005245956 456.8603070574098 52.48106232420349 0.39133846381091786
1.468026897517898 13.07343152845001 408.98240952418996 54.90306695637828 0.3979182144620793
1.4944363652398756 13.067566969947716 366.50978416057075 57.44334684251877 0.40469096155987694
1.5206481504645017 13.060421666239462 328.82012805709655 60.10852975726966 0.4116664758779297
1.5466321168017125 13.051935525482955 295.2786956874618 62.90572100532 0.418855296715893
1.5723490149619175 13.042053721330426 265.45134903798373 65.84254663484782 0.4262687951368346
1.5977723479534913 13.030726236353022 238.899577905845 68.92720081015635 0.43391924253645886
1.6228594149083888 13.01790372894244 215.21975142001233 72.16849777446653 0.4418198851712878
1.6476111353618155 13.003564550503055 194.08749770511628 75.57592888786503 0.4499850253487143
1.6719598041572612 12.987631117143062 175.22406435500665 79.15941913056156 0.45842883157952014
1.6958974359298253 12.970079088019897 158.35213111262732 82.92918505068023 0.46716467991538624
1.7193778607861374 12.950870449693909 143.2690188604782 86.89795181638763 0.476214068532442
1.7423590318546534 12.929925966284395 129.77805294732616 91.07729041086421 0.4855913123546956
1.7648426643857422 12.907282103900254 117.66917031109612 95.48130367481991 0.4953183850311612
1.7867692838915383 12.882846752312458 106.80907199744327 100.12364741747834 0.5054127600146497
1.8081082004886073 12.85658982296079 97.08283502744315 105.02085343259392 0.5159001632745011
1.8288180788152781 12.828455516644128 88.32557536502175 110.18946287209111 0.526803132291939
1.8488973072177852 12.798490429959243 80.45979092455282 115.6471202073705 0.5381450898920278
1.8682748917329293 12.766551488514642 73.38448117156659 121.41400992895841 0.5499552780786363
1.886953492875604 12.732731989246481 67.00465311892044 127.51156700294872 0.5622635403748302
1.9048772006811736 12.69692045886796 61.25456131831059 133.96221572410465 0.5750991162099255
1.9220186626706335 12.659100329185577 56.070668742382374 140.7916631259418 0.5884983871354752
1.938332251827083 12.61921456053309 51.387473648101654 148.0275813299133 0.6024995992785764
1.9538289142030023 12.57737109656044 47.15933145293086 155.69846894024417 0.6171385157873527
1.9684458023577507 12.533444293404237 43.338297916625336 163.83797190365945 0.6324627332774224
1.9821607749095065 12.487443363306072 39.87783298296311 172.4798731904309 0.6485138451845733
1.9949512646495395 12.43936787405469 36.7444103733711 181.66344712632065 0.6653449668136386
2.006787477443694 12.389209377936695 33.902303076869586 191.4307051196114 0.683010544471157
2.0176345850781394 12.336936281950425 31.326208949326755 201.82768138899024 0.7015698116842233
2.0274717037251513 12.282551003550253 28.99019827199193 212.9043124600295 0.72108540150866
2.0362820621734983 12.226087738901535 26.86860921964454 224.71610886759004 0.7416277223337597
2.044027075860099 12.16749366377162 24.941029534513223 237.3242089309836 0.7632738236545772
2.0506874921067677 12.10678866121598 23.186307222477364 250.79549134484947 0.786106341404039
2.0562592273477334 12.044045094126048 21.592117819951177 265.20309398696514 0.8102135575404685
2.0607077323844845 11.979196336958033 20.140418694240378 280.6286646706918 0.8356948601747757
2.0640140384063845 11.912301236296225 18.820571832587405 297.1620197308997 0.8626574967457057
2.066175357038847 11.843402552358043 17.617981006661672 314.9035263100693 0.8912219156428269
2.067168403925156 11.772512986966694 16.522726817729296 333.96255930091263 0.9215138688130142
