M[M_sun], R[km], Lambda[1], P_c[MeV/fm^3], rho_c[fm^-3]
0.24162668629717493 15.618656898711224 2160425.4255784233 3.5677272577965504 0.1711233750220791
0.25364508337273967 15.277262138780818 1723219.1052620676 3.7848403652176352 0.17388843180672078
0.2660418956723138 14.981241799884717 1382991.1305866411 4.011445126516371 0.17666718851034438
0.2788181939200525 14.723491849773339 1116401.0253855344 4.247796988761125 0.17945831189508793
0.2919741332923548 14.498332705325025 905786.0016915344 4.494521409991885 0.1822683731788065
0.30551077747172556 14.301151075790717 738614.2039007668 4.751774873997631 0.18509309582634656
0.319428768616621 14.128047652759083 605037.0838865847 5.020238278909412 0.18793906808400634
0.333728049172613 13.975901296809825 497636.97687025217 5.3001375475325965 0.19080294942435228
0.34841106921711734 13.841944909449031 410949.95189465693 5.592199215712312 0.19369099422342798
0.36347526867944696 13.72389589664786 340620.7332186905 5.896593212876707 0.1965983142990526
0.37892920348563947 13.619948751842013 283258.8276974337 6.2141825757269515 0.19953256824166896
0.39476435069343613 13.528380896113449 236375.12760587662 6.545222229045552 0.20248988988015754
0.4109911348310625 13.447787903208278 197831.87412370887 6.890419621281129 0.20547407546507193
0.4276000384456206 13.376997475580232 166056.71179276548 7.250477747351383 0.2084881589819219
0.4445978911747515 13.314876376281235 139778.23155741853 7.6256521261989025 0.2115276314300146
0.4619801835746343 13.2604878298392 117952.72457503641 8.016898732344659 0.21459876185555757
0.4797483474877032 13.213092542603574 99790.11053317171 8.424919584667522 0.2177031468939979
0.49790681899035344 13.17193497315583 84621.86572454378 8.850151003236459 0.22083818800376134
0.5164473094949706 13.136351321063339 71922.24197907862 9.293475463740153 0.22400742175745134
0.535367999192025 13.105810227341742 61258.57967661436 9.7557737981227 0.22721370626649887
0.5546777260123444 13.079780266223828 52289.82717804728 10.237854342438125 0.230458373162681
0.5743622751576484 13.057816508091857 44718.02131672627 10.740186132455234 0.233738091337143
0.5944217480124091 13.03950916703366 38319.87599870618 11.264022895843565 0.23705915966888946
0.6148617465603902 13.024491743928628 32892.31028252537 11.81029773142563 0.24042313161756018
0.635667678036785 13.012410583144241 28283.19591855066 12.37999001722851 0.24383164080259956
0.6568402328541746 13.003010381747744 24363.236044719557 12.973779730046985 0.24728253442926837
0.6783743390053208 12.995964945676985 21021.156917325185 13.59301195664602 0.25078080098699224
0.7002655816898311 12.991055660188234 18166.069767434925 14.238876213875383 0.25432897985712793
0.7225024921697379 12.988001616335138 15723.540100033422 14.912562676117117 0.2579290565902538
0.7450929522635676 12.986644975501665 13629.4354515763 15.615088024289417 0.26158079538885304
0.7680157396291115 12.986762124827294 11832.260092922566 16.347744828637975 0.2652863527070807
0.7912641056443944 12.988145036956327 10286.654057236985 17.112137230732554 0.26905029319397006
0.8148413928249663 12.990670847468003 8952.918641745313 17.909720916991912 0.2728750506900311
0.8387257942011547 12.994136628519945 7804.962411210493 18.741841537563307 0.27676152751187233
0.8629075434372248 12.998424813854053 6811.503213846873 19.60988351341652 0.2807105590103445
0.8873931011573758 13.003373111630854 5953.304133126957 20.515914453500045 0.28472833419146826
0.9121522996019015 13.008856468125213 5209.171761211917 21.46172933036283 0.28881786808123544
0.9371741107626104 13.014755702716716 4563.358954345224 22.448787113962027 0.2929788770369291
0.9624607042489474 13.020972775788323 4002.837268489158 23.479164510501498 0.29721556873233984
0.987983167041724 13.027351886976659 3515.014709659545 24.555260493190197 0.3015338461897671
1.013728398110308 13.033807540836643 3090.520984856651 25.67898736736139 0.305935114707345
1.0396956103515202 13.04026549908471 2720.240203012296 26.852367749532743 0.31042108492345755
1.0658487437641164 13.04659700671822 2397.1616950826096 28.078470521272564 0.3150002743880982
1.0921845209381549 13.052730329441944 2114.6807242008817 29.35931439650819 0.3196728751800644
1.1186849407506443 13.058555762446819 1867.57280618882 30.69772953061277 0.3244440780604124
1.145320182273012 13.064011272519208 1651.3480615955207 32.09704075112742 0.3293214303039211
1.1720844916951103 13.06901884320962 1461.3828057780706 33.559269698741694 0.334303149379008
1.1989423809853181 13.073477787468653 1294.828595979064 35.08892234492134 0.33940255204051484
1.2258909832608582 13.077349106486855 1148.5231535932842 36.687975947388125 0.34461611495593675
1.2528884671630938 13.080504048010406 1019.675097036228 38.361528845647065 0.34995855732924963
1.2799337136241387 13.082946687213589 906.2598664335502 40.111873094001695 0.3554267512309258
1.3069860981714068 13.08454924701284 806.4071138308524 41.94438413808657 0.36103469230012064
1.334018754244224 13.085242767949783 718.1608223506663 43.8626478933998 0.36678487931356274
1.361028011215396 13.085031791489207 640.2886258911464 45.8712538288563 0.3726845093585739
1.3879611467792115 13.083768505605972 571.5143437179636 47.97558755672769 0.37874382300445203
1.4148132059239646 13.081459119783155 510.6005598629889 50.18046691769223 0.38496877480021213
1.4415448651606233 13.078015560631204 456.6506074042194 52.491000362877465 0.3913657499416553
1.4681384798281258 13.073412990554065 408.78239410620915 54.91366339050588 0.3979467381570237
1.494551353563859 13.067537483219487 366.33930753256357 57.454649247968085 0.40472080613734096
1.520763401780668 13.060385840623464 328.6745986843625 60.12058959436424 0.41169773112652275
1.546747763321093 13.051892972254405 295.1350425177897 62.9185939699298 0.418888059434271
1.5724650367613429 13.042005772020783 265.3269485454854 65.85629304488491 0.42630316972734555
1.5978788471026524 13.030662944114097 238.7802546100916 68.94188603145437 0.43395534165851957
1.6229768963547693 13.01784129951647 215.1219213432175 72.1841926905139 0.44185783046102617
1.6477295718686509 13.003490339064669 193.97525132420586 75.59271041841428 0.450024948212197
1.6720763766160256 12.98755190946808 175.14268625874593 79.17728316253707 0.4584705081617412
1.696014848223119 12.969988856781516 158.2742606076923 82.94830590316583 0.4672086195787092
1.7194934750174704 12.950770278246155 143.1993420247377 86.91842793398442 0.4762604368643572
1.7424755681495134 12.929819532276596 129.70489485090482 91.09913031602055 0.48563989810468833
1.7649576686616515 12.907159954371757 117.60743119969523 95.50471779393553 0.4953697608366196
1.7868835382645534 12.882717028597396 106.76147833658088 100.14865613896883 0.5054667277506535
1.8082201422950361 12.856445118062593 97.0312311943608 105.04758645918601 0.5159569309125039
1.828933295150484 12.828310579148667 88.28361421846127 110.21806167922608 0.5268629247901535
1.8490058960000326 12.798318570278523 80.41792134444427 115.67785610571791 0.5382085796518704
1.8683798975017611 12.766369762745603 73.34415196469503 121.44693884714344 0.5500223092889587
1.8870544270483687 12.732539575886001 66.96800399321316 127.54675135253419 0.5623339633392646
1.9049766081326582 12.696707806327565 61.22309170424503 133.99997301687802 0.5751736608293955
1.9221155917990844 12.658876785155948 56.04404465571545 140.83221752198583 0.5885774025210263
1.9384256207708324 12.618974543815664 51.363299878608096 148.0711757304504 0.6025834552769662
1.9539181131073136 12.57711518898103 47.13870228489112 155.74522651481982 0.6172271260716727
1.9685310443118818 12.533173993740213 43.31765978171029 163.88817604904713 0.6325565150382321
1.9822417300178081 12.48715909820277 39.85684291635394 172.5339862509887 0.6486137590342936
1.9950247514755193 12.439064612021763 36.725230725265845 181.7216652952649 0.6654510120156112
2.0068581351107464 12.388889499920493 33.88518214245559 191.4934065252391 0.6831232635400443
2.0176997039976734 12.3366002300354 31.310906164399835 201.89528315520195 0.7016897981508847
2.0275318329294594 12.282204148005663 28.97621237603224 212.97710471086978 0.7212127471964831
2.0363351927468534 12.225716833592289 26.85492800398117 224.79476549441264 0.7417636821857714
2.0440741531904973 12.167107610780835 24.928984989743345 237.40911319186372 0.7634185932188161
2.0507269035525906 12.106381999508525 23.17545322439491 250.88725676726241 0.7862607476573836
2.056294516345049 12.043617070005054 21.58331782464758 265.3025308149009 0.8103789315377227
2.0607346945670026 11.978750877530478 20.13280658560176 280.73626989994756 0.8358713577956528
2.0640332100380583 11.911838704026785 18.811252377063777 297.2787643921318 0.8628466440153402
2.0661856216828145 11.842920574557759 17.609892792603443 315.0303480593129 0.8914249323194476
