M[M_sun], R[km], Lambda[1], P_c[MeV/fm^3], rho_c[fm^-3]
0.24162668629717493 15.618656898711224 2160425.4255784233 3.5677272577965504 0.1711233750220791
0.253644780861091 15.277240580896931 1723086.7999210265 3.784835780959575 0.1738883746661556
0.26604096199690697 14.981250563384005 1382965.0558831412 4.0114354894136275 0.17666707205164514
0.27881715592859313 14.723494697411653 1116433.4445839354 4.247781972695838 0.17945813773135932
0.2919729707478152 14.498363803766061 905823.4948463598 4.494500620848691 0.18226814168687214
0.30550927298124897 14.301171634388695 738613.1846655206 4.751747605793777 0.1850928012777028
0.319428000178253 14.12803525833345 605046.7182306851 5.020204330694359 0.18793871585817237
0.3337241701421489 13.975937013514669 497659.47636045696 5.300096025432027 0.19080253136569716
0.34840861472104484 13.841963241985166 410966.09018420335 5.592150015967518 0.19369051820236272
0.36347198643414264 13.723919304759487 340635.01371072244 5.8965352300165526 0.19659776971175957
0.3789272261549191 13.61994624742922 283268.9638946071 6.214115107951056 0.19953195301678928
0.39476038178204037 13.528404288790702 236379.6291749249 6.545145346314904 0.20248921572247325
0.41098701185802033 13.447807838315413 197837.98026926612 6.890331839209558 0.2054733278761141
0.4275956721637597 13.377012154920125 166052.38683006997 7.250378242053465 0.20848733580009327
0.4445929131700522 13.314877257875818 139783.72459405556 7.62554117261593 0.21152674816815123
0.4619759873508633 13.260518343949363 117962.35058862908 8.01677439495889 0.21459780000535617
0.47974240836826537 13.21310689503076 99789.93846365743 8.42478089373674 0.21770210413208477
0.4979002069389961 13.171950137701659 84628.98033222773 8.849998470068954 0.2208370835984562
0.5164403681051368 13.136363882766766 71927.5020561643 9.293306619582415 0.22400623308405465
0.5353609245956207 13.10581872468438 61262.47280815739 9.7555874979542 0.22721243075693087
0.5546687962685027 13.079779219237745 52294.829027623215 10.237650908539646 0.23045702789861264
0.574353761790893 13.057825133229944 44720.696419069995 10.739963381617066 0.23373666120776238
0.5944116233281754 13.039505711716906 37987.62449822327 11.26377901468442 0.2370576358949938
0.6148510642593544 13.024482576834014 32893.43250484918 11.810031278938466 0.24042151114187207
0.6356572595498788 13.012416170099273 28285.358640245962 12.379699462493859 0.24382992040645565
0.6568292982239881 13.003008174971884 24365.455608821 12.973466407356144 0.2472807436052515
0.6783625009505263 12.995968394621894 21023.001921572624 13.592671416154701 0.2507789049487728
0.7002530549079242 12.991044620202839 18167.671165187818 14.238506629306553 0.2543269748428044
0.7224893645802304 12.988004399094352 15725.120975807458 14.912162103837211 0.25792693861361304
0.745078882418322 12.986638964966472 13630.577584104822 15.614658304629048 0.2615785989469936
0.7680009968130991 12.986759552352583 11833.251991172765 16.347280141468453 0.26528403635808817
0.79124884922653 12.988145614275373 10287.398490817217 17.11163524342193 0.26904785219966565
0.8148251594907794 12.99066802128519 8953.817282430942 17.909179142238433 0.2728724800075646
0.8387094053871832 12.994130816496183 7805.302791945442 18.74126237853023 0.27675886657578025
0.8628912685642319 12.998409116848697 6769.800705180201 19.60925943848892 0.28070775917972784
0.8873741376008873 13.00337064805821 5953.4753592025845 20.51524245841128 0.2847253894047948
0.912128803316883 13.008869564554322 5209.322112945894 21.461006205095607 0.2888147718682489
0.9371547584263614 13.01474828404598 4563.783336061127 22.448015871080777 0.2929756737330795
0.9624406067556706 13.02096457502191 4003.339839142017 23.478335469896997 0.29721220175211305
0.9879628251156458 13.02734660364588 3515.465555220353 24.55436975183874 0.30153030769723255
1.0137066530772072 13.033811500966342 3090.8139778589693 25.67803837358491 0.30593145235759567
1.039673162130784 13.040262284497306 2720.578426480576 26.851348899731693 0.310417235892373
1.0658257338518105 13.046587909088098 2397.4642021360282 28.07737704524654 0.31499622914479813
1.0921606691178662 13.052721116019336 2114.961041198754 29.35815017021335 0.31966868468024157
1.1186604564225062 13.058551987228446 1867.7346246899547 30.696480651916488 0.3244396725598859
1.1452936645394283 13.064010401601188 1651.5243257069508 32.095711296654954 0.3293168624292997
1.1720579264197273 13.069015553071791 1454.7043806567433 33.55784407132147 0.3342983448676135
1.1989159520740917 13.073478507806357 1294.9648682733496 35.08739381446266 0.3393974976046735
1.2258637081214974 13.077345877821614 1148.6345723022705 36.686348950216185 0.3446108665149138
1.2528612053649155 13.080499811252345 1019.7939940911892 38.359796777766036 0.3499531032135397
1.2799056914051896 13.082940329616733 906.3916062039286 40.110016264845434 0.3554210068218429
1.306950641112379 13.084523856608 806.4992579107976 41.9424069898325 0.36102871508141193
1.333989581510776 13.085237695133523 718.3332821324058 43.860528254533605 0.36677857865065594
1.360999356220881 13.085030086195985 640.3834754746948 45.868996141470035 0.3726779443103383
1.387931353406374 13.083767834200346 571.5816480293174 47.97318217567664 0.37873697651350685
1.4147817231025053 13.081461231773254 510.6257477677446 50.17788746170524 0.3849615468802747
1.441514341962633 13.078016941209544 456.7209046554432 52.4882509275068 0.39135820102225183
1.4681092695588835 13.073416158192941 408.8620291439761 54.91073179905557 0.3979388468400747
1.4945192109489045 13.067545683092995 366.3831944653572 57.45152233729074 0.4047125493703765
1.5207319140921256 13.06039739174083 328.71852432447486 60.11725312652902 0.41168908406679927
1.5467161087509822 13.0519039927498 295.179001664344 62.9150325350751 0.41887899529941913
1.572432485675163 13.04201909382991 265.3570185627349 65.85248995427403 0.42629365963110427
1.5978464702990898 13.030680107293524 238.81753439938294 68.93782319963404 0.4339453544299434
1.6229439307936147 13.01785709271658 215.15287809174146 72.17985050533596 0.44184733244535174
1.6476968632335838 13.003512738892626 194.0177346600635 75.58806759753425 0.4500139030513504
1.6720442964417839 12.98757389570306 175.15605242796866 79.17234084418021 0.45845897778955846
1.6959819030926138 12.970014017980507 158.3014346218726 82.94301585594418 0.467196463065601
1.7194622852178774 12.950796600189555 143.220699220066 86.91276291971965 0.4762476083942876
1.7424441785118254 12.929851990536848 129.723349690985 91.09308797693346 0.48562645612432465
1.7649258372985233 12.907191750940784 117.6290481133644 95.49823990764192 0.4953555469076497
1.7868519463811 12.88275288399675 106.78115736519663 100.14173706454427 0.5054517966882208
1.8081893051179165 12.856486104801991 97.04521138989247 105.04019030951532 0.5159412251731753
1.8289017453685439 12.828353931835732 88.2935130527699 110.21014930967469 0.5268463821301733
1.8489751052223704 12.7983660825245 80.42840917232893 115.66935244678426 0.5381910140269006
1.8683510547631048 12.766420082600233 73.35546834498072 121.43782842421636 0.5500037638064768
1.8870262543026772 12.732593105200877 66.97847909074288 127.53701765030154 0.5623144821048996
1.9049491471796962 12.696766035052944 61.23230019204986 133.9895266760279 0.5751530365089973
1.9220877523640394 12.65893979933967 56.05093493039503 140.82099727143486 0.5885555412061074
1.9383998056312444 12.619041090449976 51.37066182253719 148.0591143604531 0.6025602546316858
1.9538935306305927 12.57718773498321 47.145490077813065 155.73228994560517 0.6172026099780421
1.9685072074358723 12.533246111830266 43.32269622783178 163.87428586565528 0.6325305680602207
1.982219303271261 12.487237890399173 39.86280625646573 172.51901452238073 0.6485861153743939
1.9950043294322521 12.439146291084432 36.730812153358585 181.70555773563862 0.665421671872408
2.0068381331147718 12.388978021043 33.889242117374025 191.47605850613513 0.6830920767980428
2.017681155327647 12.336693016352942 31.314397356369103 201.87657925743446 0.7016566005773348
2.027514773924094 12.28230033220154 28.979752873758304 212.95696465750225 0.7211775133780577
2.0363206013910027 12.225818525561555 26.85842213226509 224.77300281515315 0.7417260648765754
2.0440612493367922 12.167214219279968 24.93247287402793 237.38562183825024 0.7633785383029525
2.050716382738145 12.10649463415722 23.178472644708823 250.8618669717943 0.7862180263023424
2.0562849920141018 12.043735614370998 21.58600662950445 265.27505423906746 0.8103332922876939
2.0607260708948347 11.978875274490886 20.134338921976696 280.70649729293024 0.8358225237906308
2.0640274653490955 11.911968268590824 18.814691885270772 297.2464629214737 0.8627943098450606
2.0661837836796257 11.843053529673684 17.611521094513925 314.9952582624456 0.8913687604562949
2.067170256064187 11.772150249475182 16.51723639367581 334.06218512609524 0.9216712198458354
