M[M_sun], R[km], Lambda[1], P_c[MeV/fm^3], rho_c[fm^-3]
0.24162668629717493 15.618656898711224 2160425.4255784233 3.5677272577965504 0.1711233750220791
0.25364443138118964 15.277260030568213 1723190.4958911797 3.7848273736291427 0.17388826987283756
0.2660408370495606 14.981240114546114 1383004.1946793103 4.011417815428214 0.1766668584719619
0.2788164906489262 14.7234657077116 1116377.678282019 4.247754434015228 0.17945781832416416
0.29197148048005683 14.49837872208333 905885.3787716341 4.494462494731719 0.18226771714371107
0.3055070304394039 14.301210185234844 738637.0043201323 4.751697597560887 0.18509226109334545
0.3194242603896868 14.128096525586013 605112.0619532964 5.0201420718627165 0.18793806989876438
0.3337226622065607 13.975909392499975 497684.1458461337 5.300019876756566 0.19080176467488877
0.3484040918343597 13.842001568568376 410990.68829639384 5.592059787211487 0.19368964521432702
0.3634679113454213 13.723951026421224 340647.5630134169 5.896428893900747 0.1965967709804568
0.3789217398408907 13.619970093066254 283297.70054853556 6.213991377499655 0.19953082474405368
0.39475266477292853 13.528453374205098 236400.67349305298 6.545004349879983 0.20248797937421584
0.410979564418848 13.447869150137585 197857.6406469648 6.890170854650761 0.20547195686405684
0.427587226644004 13.377053074735889 166065.44467613855 7.250195758524763 0.20848582616062683
0.44458391025481203 13.314909041603377 139798.4569481855 7.6253376943797955 0.2115251283505555
0.46196593474336745 13.260552562974008 117977.48674695392 8.016546372591645 0.21459603606799738
0.4797309517530086 13.213137556532006 99805.46260036499 8.42452654893254 0.2177001918147247
0.4978889556509781 13.171967339913552 84637.54598922141 8.849718740551644 0.22083505823723165
0.516428299333763 13.136384292299054 71932.3244828461 9.292996978093937 0.2240040531886719
0.5353471283629141 13.105835783064814 61271.40192633649 9.75524584477972 0.22721009161845082
0.5546545954056973 13.07979801250822 52300.98996258549 10.237275016365091 0.23045452460336613
0.5743376438680139 13.05784357849806 44727.108315687336 10.73955488365046 0.23373403852427993
0.5943958604621827 13.039536374241106 38323.254052983706 11.263331767188918 0.23705484148454836
0.6148326597826668 13.024495717085726 32898.4123747558 11.809542639449806 0.24041853939850402
0.635637858921399 13.01244070856515 28289.631725326744 12.379166623676689 0.24382676542828097
0.6568091401971812 13.003008411059094 24368.82972573903 12.972891816113043 0.24727745947732818
0.6783416641376093 12.995984620238417 21025.8977564083 13.592046912428666 0.2507754278793408
0.7002294066355831 12.991053070667899 18170.489470994173 14.237828864170636 0.25432329793386377
0.7224648653024847 12.987994217260509 15727.733301195067 14.911427513171228 0.25792305455585596
0.7450535303213258 12.986646639309976 13632.222997328314 15.613870263276418 0.2615745710023274
0.7679759055684097 12.986757437680156 11753.632822821126 16.346427976683348 0.26527978853036477
0.7912213868689866 12.988144284824351 10287.955761207346 17.110714677790977 0.269043375800732
0.8147961149814614 12.990669127684995 8896.957866496017 17.908185614737125 0.2728677657906115
0.838679554274657 12.994135487583122 7806.604422883442 18.740200296065137 0.2767539868563894
0.8628603920677125 12.998411074387793 6813.3161248774495 19.608114990007785 0.28070262476115887
0.8873413876532255 13.0033572995153 5954.634143869202 20.514010134957523 0.28471998917234564
0.912099244799996 13.008845802113717 5210.474847657758 21.459680120440694 0.2888090939577734
0.9371197134702293 13.014745805810694 4564.784923785248 22.446601549561564 0.2929697994466812
0.9624039680973642 13.020957107709771 4003.9680686999654 23.47681516088055 0.2972060273254694
0.9879254337313581 13.027335246509624 3516.1526938770908 24.552736298379145 0.30152381876207435
1.0136689375439898 13.033797011497674 3091.7194876209073 25.676298099025455 0.3059247363029128
1.0396332361479301 13.040247063460704 2721.108750485879 26.849480526483113 0.31041017751467703
1.0657842076872655 13.046585566824806 2397.8374001680922 28.075371826294074 0.3149888109679569
1.092116999244055 13.05270743889245 2115.4512962009103 29.356015212994354 0.3196610001451236
1.1186160627492119 13.058540825585183 1868.3240591069004 30.69419046424312 0.3244315937744677
1.1452480000162373 13.064000151566168 1651.8973838936881 32.09327335388253 0.32930848589806133
1.1720116033481554 13.069009409039882 1461.874851974 33.55522977326532 0.33428953441361886
1.1988690273368685 13.073464400670428 1295.2244055071249 35.08459082046539 0.3393882288634179
1.225814547895156 13.0773351331823 1148.9179488118175 36.683365395130075 0.3446012420280504
1.2528108656682415 13.080501019318547 1020.028134662239 38.356620552094306 0.34994310158339315
1.27985509964275 13.082935725191053 906.5950560223284 40.106611262902945 0.3554104728833705
1.3068988167934432 13.0845196763553 806.6554639282349 41.93878135711301 0.36101775424441995
1.3339368066895725 13.085237552589222 718.4747147196786 43.85664133642249 0.36676702471986367
1.3609443775761454 13.08503175408307 640.5181079224225 45.86485608324398 0.37266590558340135
1.3878759285227207 13.08377143250745 571.7264968024889 47.96877129166799 0.3787244217137539
1.41473370169352 13.081478569385192 510.7483239151483 50.17315737860805 0.3849482926661704
1.441457254360831 13.078026629711074 456.8172943239061 52.483209155077446 0.3913443582041497
1.468051079404236 13.073426977229046 408.9347545254838 54.90535600990775 0.39792437618250337
1.4944611627148672 13.06756319401898 366.46639062158664 57.445788395343676 0.404697408604512
1.5206735819083723 13.060413701083045 328.7930613743742 60.11113492505588 0.4116732276413363
1.5466571763172852 13.051926610654329 295.2461346310497 62.90850181858932 0.41886237410674787
1.5723735059890716 13.042043325361082 265.42345531809883 65.84551612245512 0.42627622070614707
1.5977984307335842 13.030712975057465 238.88836767883564 68.9303730912722 0.4339270406186864
1.6228843817961107 13.017890493479674 215.19607310276288 72.17188816003102 0.441828082039763
1.6476361981907741 13.003549659789899 194.0639889236277 75.57955399259795 0.44999364938696507
1.6719857533540126 12.987617492175515 175.19825531857478 79.16327806621302 0.4584378344322459
1.6959228827909496 12.970062320244791 158.34042165426982 82.93331546998863 0.4671741716069272
1.7194028870072067 12.95084823800657 143.25354569430982 86.9023749832124 0.47622408482906065
1.7423854826643068 12.929907907004951 129.7589381361501 91.08200816625701 0.48560180762390126
1.764867371267295 12.907256335414603 117.66171804700139 95.48636147010163 0.4953294829633601
1.7867949594745383 12.882819177527661 106.80827294065035 100.12904965672317 0.5054244178125705
1.80813265360958 12.856559132522008 97.0694388399685 105.02662813113142 0.5159124258589496
1.828841681955714 12.828421580047202 88.3104948229283 110.19564058798235 0.5268160482525472
1.8489220621744022 12.798453002335833 80.45121292611178 115.65375954170335 0.5381588044657013
1.8682976162434608 12.766512468925397 73.37430962354827 121.42112296223384 0.5499697576077491
1.8869751927971485 12.732690556502103 66.99655999210862 127.51916934917831 0.5622787601433185
1.904899003964706 12.696872356183665 61.24659508912926 133.97037169683554 0.5751152186325033
1.9220387394691996 12.659053585564356 56.063630918883206 140.8004232746112 0.5885154552363994
1.938352904440724 12.619163059989317 51.38432259501844 148.03699811860824 0.6025177129401456
1.9538493782949127 12.577314860449137 47.15791083439723 155.708568972892 0.6171576563602478
1.9684643538411213 12.533385214593054 43.331904022976715 163.84881639073194 0.6324829908693977
1.9821781379067802 12.487380702264845 39.87394046616677 172.49156199145597 0.648535427277639
1.994966884993012 12.439303685166788 36.73840423833791 181.67602261698096 0.6653678732442454
2.0068025756853336 12.389139731360585 33.89804173716879 191.44424896995596 0.6830348924133556
2.017648588490026 12.336862960072187 31.32302918853144 201.84228369102175 0.7015957293299309
2.0274841936960915 12.282476358796034 28.98672266538534 212.9200358767567 0.7211129086855221
2.03629376782114 12.226007669751613 26.865087016520974 224.73309894614133 0.741657090089012
2.044037596409427 12.16740952487327 24.93892484547706 237.34254844886536 0.7633050942172624
2.050695419260193 12.106701271065756 23.184011875001868 250.8153128115377 0.7861396933826672
2.0562673629558534 12.043952539548593 21.590594139672508 265.22458522055985 0.8102493202017844
2.060713516677018 11.979103253341068 20.13943211294609 280.65190736448807 0.8357329836022911
2.0640173582467085 11.91220605875283 18.81897749237938 297.1872364270219 0.8626983523117794
2.066174548280875 11.84330018975274 17.61517212570661 314.93091951780985 0.8912657667805902
2.0671684724042563 11.772406713061745 16.521356943249984 333.99230970767394 0.921560857204048
