M[M_sun], R[km], Lambda[1], P_c[MeV/fm^3], rho_c[fm^-3]
0.24162668629717493 15.618656898711224 2160425.4255784233 3.5677272577965504 0.1711233750220791
0.2536447225033757 15.277276009330956 1723211.6759989064 3.784833488794234 0.1738883460954204
0.26604066839274204 14.981265171836453 1382984.9273949286 4.011430670792109 0.17666701382144784
0.27881651063616897 14.723506504073072 1116404.2683244296 4.247774464563255 0.17945805064833587
0.29197242665076456 14.498352463990752 905838.2193937263 4.494490226151362 0.18226802593950492
0.30550885590076077 14.301175295470127 738625.4553242319 4.75173397154368 0.1850926540017804
0.3194261562325331 14.12809117272485 605059.1376576169 5.020187356422115 0.18793853974354638
0.33372619723607083 13.975874078300894 497668.738829311 5.300075264205197 0.19080232233459207
0.34840737963895235 13.841973823624249 410973.41645563644 5.592125415913443 0.19369028019007228
0.36346973069546656 13.723960217993044 340635.09548762563 5.896506238406324 0.19659749741642102
0.3789259306300807 13.61994624725225 283283.0887299793 6.214081373892749 0.19953164540279597
0.3947603314628779 13.528378784550815 236380.06160226098 6.545106904796278 0.20248887864228685
0.410985036219231 13.447820556176975 197836.1512973339 6.8902879480488055 0.20547295408057092
0.42759350138095753 13.37702145766384 166060.2554288318 7.250328489319229 0.20848692420847348
0.4445897424204093 13.314889789708586 139792.80445785716 7.625485695785697 0.21152630653691107
0.46197325825923974 13.260528807499657 117962.67973047374 8.016712226291897 0.2145973190804558
0.4797392394659929 13.213114796701237 99804.03204142225 8.424711548377187 0.21770158275192397
0.4978971093491623 13.17195688891648 84630.36062131076 8.849922203676018 0.22083653139718523
0.5164370207233304 13.136379360242536 71927.34136004151 9.293222197807205 0.2240056387494941
0.5353572864681209 13.105814373179843 61266.059745986146 9.755494348306721 0.22721179300513725
0.5546651612774833 13.079799433697607 52296.32297293098 10.237548423739055 0.23045634538982016
0.5743495262603311 13.057828760588265 44722.676133779496 10.739852006945583 0.23373594614787188
0.5944074620188834 13.039518332421956 38320.95389304617 11.263657075054963 0.2370568740139823
0.6148463631010685 13.024482149276013 32896.5199516641 11.809898053876527 0.24042070091121437
0.6356519165391824 13.012440132567644 28286.423975694986 12.379554186571498 0.24382906021693945
0.6568239267772362 13.00301592280975 24366.43024193756 12.973309747710887 0.24727984820296056
0.678357051235887 12.995968924794933 21023.726243903 13.592501147939462 0.25077795694096794
0.700246606383271 12.991060298766467 18168.897965212804 14.238321839424051 0.2543259723486732
0.7224825498234098 12.988004735469877 15725.624302701508 14.911961820515772 0.2579258796401952
0.7450720390106681 12.986639200044946 13631.067814399346 15.614443448013462 0.2615775007424947
0.7679945924151118 12.986746536522036 11833.472081213491 16.347047801609587 0.2652828782021646
0.7912406258244569 12.988143528110031 10286.167976550021 17.111384254062205 0.26904663172340143
0.8148157295194209 12.99066750695526 8953.949305343316 17.90890825979076 0.27287119468971943
0.8387018895052343 12.99413483026744 7806.039488546354 18.74097280453896 0.27675753613312
0.8628822966569042 12.998417378368757 6812.425691928801 19.608947407318205 0.2807063592926526
0.8873666581581007 13.003358156954294 5953.8798781475925 20.514906468010533 0.28472391704276256
0.9121244443519152 13.00885695570879 5210.022065935164 21.460644650546772 0.28881322379637225
0.9371453287942102 13.014755420046086 4564.011138574635 22.447630258606836 0.29297407211839716
0.9624305762583979 13.020959937219738 4003.560337811963 23.47792095969394 0.2972105183030154
0.9879523208598956 13.02734960527676 3515.589654231387 24.55392439251248 0.3015285384960513
1.0136961591869855 13.033807547724052 3091.0870782528473 25.677563889218423 0.3059296212310449
1.0396611165153369 13.040263918111 2720.7571629459358 26.850839488853037 0.31041531142980283
1.0658146186393178 13.046589330692264 2397.531397666735 28.076830322909093 0.3149942065811388
1.0921487923625586 13.052718798019649 2115.0802209047247 29.35756807429634 0.31966658949234905
1.1186477770891192 13.05855164943164 1867.805608250686 30.69585623178038 0.3244374698773944
1.1452813041177872 13.06401148848723 1651.6339106633598 32.095046590500466 0.3293145785644238
1.1720456314595538 13.069013265026753 1461.6409040645835 33.557131281067264 0.3342959426909651
1.1989034211883143 13.073479665116114 1294.9769940991862 35.08662957530416 0.3393949704729621
1.22585028988036 13.077337968952122 1148.6989052914341 36.685535480181414 0.3446082423865041
1.2528474140492303 13.080501867133536 1019.8389243309556 38.35893077508534 0.34995037625411884
1.2798916560134108 13.082940395054107 906.4392951509658 40.10908788493977 0.35541813472456646
1.3069356769539413 13.084519612437669 806.5398246483475 41.941418453643145 0.3610257265867489
1.333974564133159 13.085238356359358 718.3877882100197 43.859468477135074 0.36677542844415095
1.3609832560654687 13.08503225697166 640.4030366988003 45.86786734375187 0.37267466191990944
1.3879167938502015 13.083770439228621 571.6207785114676 47.971979535438926 0.3787335534111696
1.4147669746260747 13.081463755198577 510.6632195658359 50.17659778937354 0.3849579330762764
1.441498521432853 13.078020665290873 456.74910351939263 52.48687627070079 0.39135442672970194
1.4680936740126591 13.07342077011129 408.8899612640823 54.909266069929075 0.3979349013608718
1.4944991436944393 13.067554993519682 366.3880007282814 57.44995895482413 0.40470842117931666
1.5207166214410255 13.060399938249668 328.73933217955016 60.11558497236838 0.41168476074364213
1.546700054626301 13.051909010489 295.194515730482 62.91325190496596 0.418874463454225
1.572416262445443 13.042026086971896 265.3763083179359 65.85058850459617 0.4262889048221121
1.5978296111028452 13.030687588925682 238.83323648477503 68.93579188848796 0.4339403610731858
1.6229282270950705 13.017865232082064 215.16752960805303 72.17767952756469 0.44184208371510697
1.647680268120053 13.003521942819056 194.02643368117427 75.58574631298147 0.4500083807704099
1.6720284268391963 12.98758510657914 175.16710421034392 79.16986982184397 0.45845321292271835
1.6959660049545808 12.970026400034033 158.31029627507016 82.94037098253631 0.4671903851542128
1.7194462264639574 12.950810450501944 143.2303532744261 86.90993057753326 0.47624119453277425
1.7424222739575301 12.929835656968924 129.7297603559056 91.09006698712487 0.4856197355339869
1.7649095572089815 12.907209650729472 117.63795174810531 95.49500116211284 0.49534844037678216
1.7868368465991458 12.882768927764285 106.79131690008457 100.13827774304639 0.5054443316225068
1.8081740427305726 12.856505162702888 97.05334760422838 105.03649247039067 0.5159333728040431
1.828882495333876 12.828364184901865 88.29877391587425 110.20619338272259 0.5268381113392238
1.8489610782610701 12.798389154696565 80.43677165674261 115.66510090158496 0.5381822318016143
1.868336536534592 12.766444818678536 73.36270158086577 121.43327352424399 0.5499944916993176
1.8870138702666266 12.732618870712077 66.98633113412234 127.53215113865339 0.5623047421671358
1.9049352693740522 12.696794977892184 61.23510395562042 133.9843038784268 0.5751427250848684
1.9220735721722746 12.658971315035242 56.0538027060853 140.81538755603117 0.588544611347234
1.9383869999226464 12.619075062938903 51.37372232589749 148.05308412651317 0.6025486551766795
1.9538809688177243 12.577224025879929 47.14839285312666 155.7258221551346 0.6171903528676654
1.9684962167584217 12.533282094057476 43.32587557501764 163.86734131607915 0.6325175955838992
1.9822083562722363 12.487276444009636 39.86567184346741 172.51152925671852 0.6485722946497707
1.9949928497760712 12.439190720108364 36.73006687212623 181.6975046143223 0.6654070030002674
2.0068287967145415 12.389021803733426 33.8915384267968 191.46738522193772 0.6830764847310208
2.0176722567694174 12.336739109762755 31.316494681775858 201.86722810866263 0.7016400032106795
2.027507013634112 12.28234746918704 28.98155771275987 212.94689551087066 0.7211598980084436
2.036312771959485 12.225870401693241 26.85996712430511 224.76212244911926 0.741707257904861
2.044054010471545 12.16726841942772 24.934127834757785 237.37387723585013 0.7633585126769828
2.050710828759481 12.106550493665134 23.179687596989293 250.84917326174948 0.7861966676232504
2.056280512961282 12.043794467191239 21.58729005276642 265.26129820630547 0.8103104127430446
2.0607233419904687 11.97893590771944 20.13588308167726 280.6916124480749 0.8357981091806508
2.0640249683415117 11.912032287642708 18.81588069940193 297.2303138066411 0.8627681453854154
2.066181304045225 11.843120977481908 17.613481377548403 314.9777151672311 0.8913406774113178
2.0671706313002414 11.772217985695283 16.519019027589785 334.04313231820413 0.921641127457699
