M[M_sun], R[km], Lambda[1], P_c[MeV/fm^3], rho_c[fm^-3]
0.24162668629717493 15.618656898711224 2160425.4255784233 3.5677272577965504 0.1711233750220791
0.2536450071537689 15.277248218526019 1723213.7408127997 3.7848409183486598 0.17388843870123216
0.2660419426337525 14.981241254982054 1382986.4950339873 4.011446289318648 0.17666720256212365
0.2788189285123742 14.723421845710211 1116350.7905679473 4.247798800584814 0.17945833290951235
0.2919742093569269 14.49834132441711 905822.9612818239 4.494523918391753 0.18226840111042122
0.3055109142152522 14.301162714162379 738633.4737278393 4.751778164158343 0.18509313136636163
0.319428882622904 14.128064511134614 605022.5969360395 5.020242375078735 0.18793911058334406
0.333728318725217 13.97591805815955 497661.79860545375 5.300142557566473 0.19080299986708027
0.34841129231858525 13.84189802109185 410935.2152963272 5.592205152131476 0.19369105165991643
0.3634756871758836 13.72389797781186 340622.0921587555 5.8966002090687955 0.19659838000876928
0.378929758572425 13.619938587916913 283232.3325235763 6.214190716372767 0.19953264247455682
0.3947645532126186 13.528368678302972 236372.11724956022 6.545231505704953 0.20248997122392834
0.4109916803316313 13.447789640908347 197825.81082067452 6.890430213062491 0.20547416566912666
0.4276019686123357 13.376996779666774 166048.6159690486 7.250489753666946 0.2084882583070936
0.4445982671746884 13.314861854096064 139769.538509299 7.625665513875408 0.21152773800452782
0.4619801332006638 13.26049591980079 117946.68080234523 8.016913734925398 0.21459887791264864
0.47974862296474335 13.213098982227864 99787.02147576875 8.424936319164553 0.21770327271402115
0.49790822313483935 13.171927213265526 84620.63605770079 8.850169407956077 0.22083832126179512
0.5164492715871248 13.136339744807398 71920.68573861632 9.293495836567798 0.22400756518342807
0.53536872528827 13.105802983321455 61259.24281203068 9.755796277220366 0.22721386017030035
0.5546787529685854 13.079775025609267 52292.400327987896 10.237878833839293 0.23045853477498549
0.5743633741312523 13.057815324056493 44717.077274912444 10.740213009754706 0.23373826389773114
0.5944223437126488 13.039491846018162 38318.057774086185 11.264052322768665 0.23705934352885
0.6148616535659298 13.02448252917901 32891.54833051938 11.810329881853868 0.24042332714580567
0.6356688825095734 13.01240987275084 28283.331638478947 12.380025075886675 0.243831848387516
0.6568415903028725 13.00299588118098 24169.02343926372 12.97381753593767 0.24728275051223647
0.6783756482383138 12.99596480647942 21021.14057112915 13.593053046702025 0.2507810297654154
0.700267080209033 12.991043275318663 18165.88709639044 14.238920808463066 0.25432922178494255
0.7225035997647484 12.987993623773127 15723.6130013931 14.912611009763893 0.25792931214846376
0.7450947423602514 12.986649648792119 13629.3490737158 15.615139874936887 0.26158106041496904
0.7680178353721236 12.986754193269674 11832.230798618799 16.347800898564884 0.26528663220160353
0.7912659130839844 12.988146749734335 10286.3238911857 17.11219780140531 0.2690505877286407
0.8148437802250784 12.990672203974267 8952.989240536755 17.909786288540463 0.27287536087335473
0.8387277832727689 12.994139387516423 7804.639721057025 18.741911420014628 0.276761848585578
0.8629103235662916 12.998419014727274 6811.434365450712 19.60995881556792 0.2807108968436073
0.8873955384082107 13.003373282996971 5953.086515268014 20.515995537861848 0.284728689515714
0.912154339670018 13.008864494221926 5178.395106037273 21.461816584272796 0.2888182416772103
0.9371765118830976 13.014756182908235 4563.4026698991665 22.448880173912823 0.2929792635549844
0.9624641541227801 13.020960658765615 4002.7752748787916 23.47926454454242 0.29721597500030306
0.9879854393685432 13.027354568852527 3514.8988787423677 24.5553679722821 0.3015342731531765
1.0137310508863064 13.033811417973588 3090.419348734191 25.679101875414904 0.30593555661597654
1.0396981553152667 13.040271277952812 2720.159463312471 26.852490686699856 0.3104215493579377
1.0658519345566542 13.046595815422354 2397.104066666648 28.07860246315442 0.3150007624984919
1.0921875113980914 13.052726093702148 2114.681677748897 29.359454875413252 0.3196733808178681
1.118687505959172 13.058560635562333 1867.4963346456595 30.697880224052305 0.3244446096412851
1.1453218462856687 13.064012109487877 1651.3736526674813 32.097201167194775 0.3293219814777282
1.1720883765516856 13.06901871383938 1461.3460827901908 33.559441719485946 0.33430372910665224
1.1989452107989549 13.073478512016829 1294.784618374957 35.08910678244013 0.3394031619253884
1.2258936546172543 13.077345880679054 1148.4957796708877 36.688172266369186 0.34461674825058014
1.252891837362758 13.080504590193378 1019.6554019953625 38.361737842971245 0.34995921544178765
1.2799369556941411 13.082943374513803 906.2932153543995 40.11209714566376 0.3554274443719175
1.3069891912629363 13.084548974776618 806.3790986713512 41.944622708065886 0.3610354135333113
1.3340214391628313 13.085239729172903 718.1637484475472 43.862903657066035 0.36678563957545
1.3610319035150562 13.08502975786583 640.2753604206748 45.8715262501976 0.37268530152282875
1.3879717474074742 13.08378226075255 571.4858853772234 47.97587779959638 0.3787446491293488
1.414816345557134 13.081456213219148 510.59397931044003 50.18077816544959 0.38496964695072844
1.4415482546175011 13.078013262335478 456.63317825629 52.49133212132496 0.3913666608260529
1.468143641308903 13.07340991638988 408.78872661428284 54.91401712897684 0.39794769035736904
1.4945541403429767 13.067541478709755 366.3338969357741 57.45502655483069 0.40472180243533606
1.5207674217662435 13.060384576888293 328.67967966526084 60.12099218768053 0.4116987745199023
1.5467516741648166 13.051892572874984 295.12935413281764 62.91902370917893 0.41888915315482583
1.5724686852615217 13.042004044318258 265.3149536828302 65.85675194386835 0.42630431726074514
1.5978830402756623 13.030661981950406 238.7845362792655 68.94237627251613 0.43395654676612866
1.6229809160101982 13.017838570508982 215.1191029365242 72.18471664022549 0.44185909720393546
1.6477335827617836 13.003489494471268 193.97983177608208 75.59327064489085 0.45002628097770836
1.6720809023517267 12.987549018493931 175.14061236564612 79.17787952841981 0.4584718994765228
1.6960186505370147 12.969984291187727 158.27045699725653 82.94894422849801 0.46721008644846346
1.7194973279134038 12.950766060019927 143.19518986698816 86.91911150558016 0.476261984817698
1.7424802636913357 12.929818538748423 129.7046074462812 91.09985941837816 0.4856415200890611
1.764961480998161 12.907156507438033 117.60631275124749 95.5054994527382 0.49537147597056863
1.7868739448950803 12.88267990856423 106.76406519404038 100.14949103489067 0.5054685294198319
1.8082240454142249 12.856441402260515 97.02955795718385 105.04847892271626 0.5159588260606811
1.8289368279927973 12.828305014166428 88.27893274001381 110.21901643394669 0.5268649209283022
1.8490100331899688 12.798311282124434 80.41961915358631 115.67888221031227 0.5382106992298809
1.8683827912018984 12.766363294277765 73.34467797759308 121.44803816892194 0.5500245471052433
1.8870578880242401 12.732532795799681 66.96934539440802 127.54792588437394 0.5623363140717498
1.90497963711867 12.696701344571858 61.22257653687042 134.00123354186286 0.575176149497105
1.9221187730276434 12.658869174247116 56.041714927834185 140.83357143376395 0.5885800404560367
1.938428335142219 12.618966180551237 51.362441330397125 148.07263113931026 0.6025862548283193
1.953921471638491 12.577107131904237 47.137372396635925 155.74678753317517 0.6172300843577162
1.968533633960787 12.533165464851836 43.31639581637973 163.88985213934876 0.6325596459888448
1.9822459365284912 12.487148023539604 39.857715566846046 172.53579285096285 0.6486170947236164
1.9950299864072567 12.439051738902132 36.72455271477218 181.7236089556499 0.6654545524199529
2.006859983459676 12.388879075543118 33.883200042769765 191.49549987178986 0.6831270267742445
2.017701401030783 12.336589283827141 31.310064601754615 201.89754011584702 0.7016938040333989
2.0275336679632163 12.282193250129689 28.974689679724772 212.97953497277643 0.7212169987942908
2.036337467181998 12.225703940282285 26.85440723572013 224.79739155957995 0.7417682214019308
2.044075538435461 12.167094634355385 24.92917733016977 237.41194785743198 0.7634234265840067
2.050728926387826 12.106368465213038 23.175067146691894 250.89032051966458 0.7862659027857224
2.0562950300684846 12.043603234204616 21.58250465935189 265.3058463816549 0.8103844387734492
2.0607352284908456 11.97873669162457 20.132501603160254 280.7398625322037 0.8358772505487307
2.0640327991644805 11.911822840842277 18.811252317285614 297.2826621868079 0.8628529591411267
2.066186590819156 11.84290460685618 17.60961970100414 315.03458232698483 0.891431710549174
2.06717158061028 11.771996965488276 16.515433883377398 334.10489342734337 0.9217386741961417
