M[M_sun], R[km], Lambda[1], P_c[MeV/fm^3], rho_c[fm^-3]
0.24162668629717493 15.618656898711224 2160425.4255784233 3.5677272577965504 0.1711233750220791
0.2536453059865634 15.277253250043955 1723121.0075496244 3.7848492151579625 0.17388854211695762
0.26604287476624117 14.981225621179723 1382902.1951152857 4.011463731053465 0.1766674133351955
0.2788198875776989 14.72341773178463 1116373.0498781584 4.247825977517441 0.17945864812097606
0.29197634693038493 14.498319623287223 905791.1805969451 4.494561543863349 0.18226882007877987
0.30551396059477814 14.30111532555946 725378.3442110408 4.751827515956466 0.18509366445997066
0.3194322080151882 14.128016700156833 605007.6315549851 5.020303816948153 0.18793974806645364
0.33373353192057054 13.975814124366446 497594.07221478247 5.300217707370408 0.1908037565009098
0.3484157691054679 13.841892004006832 410912.10498505173 5.59229419771284 0.19369191320041174
0.3634815887951036 13.723840845330916 340600.1720156069 5.896705151275798 0.1965993656481856
0.37893582026729933 13.619896761464538 283237.38819981087 6.214312825458779 0.19953375596239234
0.3947715366417167 13.528339168124951 236340.42689283867 6.545370655100891 0.2024911913761491
0.4109988377428507 13.447754968575845 197812.03437159763 6.890589089450835 0.2054755187271197
0.42760881891065694 13.37696582935051 166033.50124841763 7.2506698482868535 0.2084897481837298
0.44460756135870333 13.314826066994218 139765.51724587358 7.625866329158855 0.21152933662330786
0.4619902410873326 13.260488240197478 117940.71298913758 8.017138774111425 0.21460061877268893
0.4797596271738016 13.21307026068921 99778.6608968218 8.425187337508323 0.2177051600210491
0.4979196686156897 13.17192791194981 84609.14735585182 8.850445480074272 0.2208403201418874
0.5164617465112257 13.136321407340132 71914.6505177181 9.29380143087814 0.22400971658642446
0.5353830888284322 13.105771989154684 61250.78954256815 9.756133466251404 0.2272161687448914
0.5546932384149005 13.079761608795573 52284.650023761584 10.238246208098264 0.23046095898094204
0.5743788634862589 13.057802712362681 44713.32620179107 10.74061617336472 0.23374085233299188
0.5944392541811623 13.039493532590003 38309.974974078315 11.264493731766969 0.23706210146025927
0.6148799555698219 13.024465180868376 32887.72359715202 11.810812144541671 0.24042626010758505
0.6356870167318815 13.012406446921219 28279.074029436444 12.380550963318937 0.24383496220602482
0.6568614670073869 13.002990110533785 24359.621139659328 12.974384633112122 0.2472859918071365
0.6783966097266563 12.995960863698157 21017.909412189463 13.593669407971792 0.2507844614998324
0.7002893742519282 12.991050285270273 18163.843529115227 14.239589739521708 0.25433285076858286
0.7225268772918062 12.988004922815318 15721.120900451346 14.913336028738092 0.25793314559707836
0.7451190245303737 12.986650586803242 13627.103246237017 15.6159176508502 0.26158503588951876
0.7680433675427284 12.986764219341623 11830.050572668712 16.34864196615183 0.2652908247125774
0.7912915350166735 12.988149736159661 10284.088604577224 17.113106382940444 0.2690550058529746
0.8148697022351991 12.990680327716673 8951.254606846649 17.910766886277028 0.2728800137394986
0.8387574400457799 12.994139873494387 7803.154363349732 18.74295968417753 0.2767666648170201
0.8629425008625755 12.998415856937697 6810.393127341546 19.611088378937126 0.28071596448206654
0.8874273900347268 13.00337330152303 5951.91747411463 20.517211838487043 0.284734019533644
0.9121870332684578 13.008879555575115 5208.2037835554 21.463125432651083 0.2888238457869407
0.9372121882512062 13.014763632177711 4563.0909144771385 22.450276117149354 0.2929850615084594
0.9624982900060072 13.020980775570179 4002.064231699647 23.480765104571375 0.2972220692204405
0.9880238954484032 13.027358091009772 3514.5099847895617 24.5569802140767 0.3015406778244593
1.0137710299613012 13.033816183190195 3090.2680434528356 25.680819557262172 0.30594218548103197
1.0397382296866107 13.0402796280035 2719.6773074806015 26.85433481244024 0.31042851613291395
1.0658928400706678 13.046604040613133 2396.630810343573 28.08058166753352 0.3150080844361142
1.0922281891411392 13.052740337531773 2114.2951523879915 29.361562142586042 0.31968096568582155
1.1187315762671555 13.058565196137902 1867.149567241244 30.70014071871627 0.3244525836826886
1.1453665817296403 13.06402932390804 1650.9374740801331 32.09960751021727 0.3293302494353382
1.1721332994810505 13.069029342864946 1461.104622794228 33.562022143998455 0.33431242540331224
1.1989931370639744 13.073484687859757 1294.5137074963116 35.09187347104656 0.33941231061455884
1.225943553937349 13.077351528910572 1148.2299071707534 36.69111718874682 0.3446262481143062
1.2529422841100852 13.080518386131372 1019.4335131884128 38.36487295341513 0.34996908760402323
1.2799882629133181 13.082946252285799 906.0660940133014 40.11545808743376 0.3554378420029357
1.3070409173441095 13.08455019074853 806.1897650831448 41.94820144015032 0.36104623258257806
1.3340749071547713 13.085237804567315 718.0342655319637 43.866740313949904 0.3667970441038817
1.3610855383161067 13.085028551162877 640.1483888526166 45.87561279096022 0.37269718462825185
1.3880272610533269 13.083779736449051 571.3514088675491 47.980231683786144 0.37875704168921726
1.4148712992066879 13.081452795027893 510.4267754963702 50.185447148504394 0.3849827299557806
1.4416051026270265 13.078004138998967 456.5245397710684 52.496308789528065 0.39138032489234226
1.4682014966851529 13.073398677024077 408.7026864223822 54.91932352470033 0.3979619742203222
1.4946119904280921 13.067522775049444 366.25037218542826 57.46068650621465 0.40473674782534874
1.5208250908908196 13.060367820644863 328.5902355609482 60.12703146854873 0.41171442640834643
1.5468100326410257 13.051870949968464 295.0553048560786 62.925470214913695 0.41890556002444074
1.5725277415698846 13.041978888690847 265.24893656573 65.86363588502314 0.426321531403031
1.5979405824158104 13.030634863919971 238.71930344520737 68.94973038815948 0.43397462460866637
1.623050393919919 13.017817337695854 215.05496318662836 72.19257643325466 0.44187809967090474
1.6477921685065813 13.003452279030908 193.93012118901606 75.60167464183364 0.45004627388727464
1.672119676377649 12.987513601819856 175.10214705145393 78.9106859054981 0.45777047481161637
1.68099256689485 12.966455420762841 166.81223251585118 84.1144966631951 1.413881431489854
