M[M_sun], R[km], Lambda[1], P_c[MeV/fm^3], rho_c[fm^-3]
0.24162668629717493 15.618656898711224 2160425.4255784233 3.5677272577965504 0.1711233750220791
0.2536418097280043 15.277353546480864 1723175.1926189947 3.784800346077324 0.17388793298744268
0.2660380297720164 14.981282465286434 1383088.7121362342 4.011360998179581 0.1766661718690434
0.27881090455602425 14.72362450435233 1116552.7291464536 4.2476659049150385 0.17945679152001245
0.29196482613942226 14.498520819543707 905994.9680833025 4.494339930772534 0.18226635236557992
0.3054987663843768 14.301313566867627 738713.4725673434 4.751536837204459 0.18509052457468028
0.31941347091566724 14.12823629314974 605174.9482245737 5.019941930978131 0.18793599335983951
0.33371018074315384 13.97606138838531 497738.522970543 5.299775086279962 0.19079930004097023
0.34838962398486933 13.842122269123246 411065.30360211653 5.591769736034993 0.19368683888940413
0.3634509463683392 13.724075067181156 340702.60714632145 5.896087065745538 0.19659356045808454
0.37890275165524345 13.620077983362359 283351.7540847411 6.213593635884988 0.19952719781944
0.3947318649679033 13.528558233842984 236448.51239585347 6.5445511078364 0.20248400505379363
0.41095545204870576 13.447954974155145 197904.23490557985 6.889653362547945 0.20546754968415212
0.4275623239473346 13.377126656643316 166119.28545640153 7.2496091604434545 0.20848097338503238
0.4445553576403513 13.315011309161562 139835.9037905008 7.624683611682915 0.21151992143171455
0.4619333826550875 13.260643688995842 118008.3747487027 8.015813396766774 0.2145903659074065
0.47969655386754634 13.213222920887148 99842.13033990296 8.423708964549723 0.21769404472312792
0.49785067979078107 13.172052532189635 84666.40432860515 8.848819562225254 0.22082854780195924
0.5163864805142987 13.136461487631044 71957.87055028434 9.292001654658797 0.22399704604963733
0.5353030358772588 13.105898341843211 61292.07690583329 9.754147627936126 0.22720257264461954
0.5546075038300352 13.079866155874083 52315.37559242478 10.236066747769462 0.23044647800586635
0.5742870638501515 13.057877517380751 44342.56927352768 10.73824181325339 0.23372560820559243
0.594339613129402 13.039565679403312 38341.34250305305 11.261894148818165 0.23704585921895233
0.6147747445991621 13.0245321525066 32913.15517250926 11.80797198067291 0.2404089871725542
0.635573930992911 13.012457654092428 28303.967793467426 12.377453902253844 0.2438166242776473
0.6567430602586002 13.00306089999488 24379.40915681285 12.971044897110309 0.24726690324567335
0.6782729246131208 12.995992165718777 21035.694132658024 13.590039569920783 0.2507642515340562
0.7001576995144216 12.991076281418852 18179.583092606084 14.235650335543161 0.2543114793097366
0.7223887945825872 12.987996308032676 15734.93313049376 14.909066344309302 0.2579105701660336
0.7449733623448698 12.986641781476589 13542.877604062802 15.611337301362468 0.2615616241812033
0.7678904962695329 12.986753609458804 11840.463111383693 16.34368892119533 0.2652661350257358
0.7911314889736066 12.98813186741033 10292.800311402414 17.107755782538003 0.2690289876950828
0.8147035556438046 12.990649061120779 8960.208311577462 17.904992222196036 0.2728526133713426
0.8385819073489128 12.994120364931332 7810.102465453058 18.736786569957868 0.2767383025512358
0.8627605956844953 12.99838464640814 6817.605412290699 19.60443654516379 0.2806861218990176
0.8872318282477764 13.00333336660665 5958.343731619195 20.510049267872507 0.284702632038637
0.9119895976634559 13.008820598045391 5213.547271495419 21.4554179153484 0.2887908444298473
0.9370056752967053 13.014721393019896 4567.349835738134 22.44205576083385 0.2929509188282859
0.9622807210152463 13.020912373063531 4006.6829617290946 23.471928744366664 0.2971861821361107
0.9878026816785151 13.027307070226245 3518.2857253781435 24.547486255242266 0.301502962833004
1.0135421781255014 13.033761727064595 3093.5910419832226 25.670704750903102 0.3059031504952906
1.0395021043184285 13.040218102067731 2722.817397983797 26.84347549652727 0.31038749159282686
1.0656530136936797 13.046555056599024 2399.3781873189614 28.068927006571236 0.31496496877737973
1.0919778925501542 13.052677017462406 2116.778611320885 29.34915344433853 0.31963630199111004
1.1184736379759732 13.058513968989217 1869.5654990006258 30.686829827993353 0.3244056286531393
1.1451002816135563 13.063970874821031 1652.9540730412448 32.08543787275753 0.3292815639566797
1.1718608278417737 13.068993168037233 1462.8803099110532 33.546827542675715 0.3342612180302257
1.1987129718180785 13.073450053678128 1296.118217436727 35.07558218600717 0.3393584397515109
1.225656467960356 13.07731482180796 1149.661589075289 36.673776498097034 0.3445703097305512
1.2526491792667651 13.08048189861454 1020.7559002089195 38.34636515926775 0.3499106797380894
1.2796885809750325 13.082928938952731 907.2302079871536 40.0956679976758 0.35537661807666643
1.3067300822249468 13.084518052150939 807.234588163839 41.927129073045315 0.36098252762437005
1.3337646652882822 13.085233186158767 718.9554273833882 43.844149399863674 0.366729892224057
1.3607696860162959 13.085039481594864 640.9990166690163 45.85155066767233 0.37262721524232306
1.3876991477876452 13.083785377733697 572.1433908791554 47.95459556915486 0.37868407303145873
1.4145531171735457 13.08149979691987 511.1318244877714 50.15795591771082 0.3849056964975007
1.4412750667822427 13.078054556445004 457.1320226110166 52.467006086390654 0.391299870648301
1.4678676218229114 13.07346212190613 409.2603705401985 54.888079592572524 0.3978778711741328
1.4942741153054135 13.067606798830168 366.74877202491444 57.427361077620404 0.40464875033316317
1.5204847135185673 13.060468756339851 329.04090439788274 60.09147282408167 0.41162226975119304
1.5464680780753095 13.051992913637081 295.47680487074126 62.88751414822773 0.41880895881708385
1.572182574248019 13.042121973776839 265.6327913417034 65.82310456345711 0.4262201778439604
1.5976054658254881 13.03080484336792 239.0757530239629 68.90643109726462 0.43386818655401044
1.6226863033371899 13.017970592757477 215.36927513136067 72.14630019205332 0.4417662185130133
1.6474445029633311 13.00366851463192 194.22093293267085 75.55219467400089 0.44992856221639244
1.6717936701191063 12.987747432727337 175.3455215818515 79.13415409742252 0.45836988854625754
1.6957319396656956 12.97021140371759 158.46502854505943 82.90214272310384 0.4671025367253757
1.7191948267537742 12.950973167930089 143.3826798050833 86.86899300192296 0.47614849106568735
1.742199867808197 12.930092470835993 129.86700260458608 91.04640305508639 0.4855225993573169
1.7646808975393384 12.90745574755374 117.75596567777274 95.44819026060347 0.49524572680650425
1.7866095842827079 12.88303601016699 106.8900809194726 100.08827911301647 0.5053364367480314
1.8079502551766358 12.856793466797535 97.14947439468486 104.98304685367881 0.515819880924929
1.8286626641152446 12.828677904923511 88.39068964558271 110.14897267583109 0.5267184041458209
1.8487443944443138 12.798728255629069 80.51829819430485 115.60365344640854 0.5380553025631064
1.868135598395699 12.766840936254273 73.43067695253599 121.36744220838463 0.5498604832647138
1.886808587349651 12.733010472601036 67.05248042252313 127.46163690206365 0.5621633310607531
1.9047354441632998 12.697212740589002 61.29907586123143 133.90882069969518 0.5749936978527332
1.9218813823073184 12.659420530883715 56.11186964738749 140.73431309808757 0.5883866474721018
1.9382005645403082 12.619549120974368 51.42424547903222 147.96593289983065 0.6023810154561118
1.95370395411027 12.577737952297745 47.197899423204845 155.63234796606756 0.6170132099224851
1.9683252505287756 12.533825012266485 43.3673349020117 163.7669454634725 0.6323300063420626
1.9820495048000955 12.487850833957264 39.90505017614126 172.40335224463567 0.6483725576247895
1.9948440712856015 12.439795677092551 36.768863655181065 181.58112203087998 0.6651950105107913
2.0066827379787675 12.389647517178986 33.92826719088562 191.34204133332793 0.6828511525191931
2.017542325459704 12.337411289044738 31.346688476240292 201.73208925484067 0.7014001450754943
2.0273867578377076 12.283052552988641 29.009802910203028 212.8013818327416 0.7209053305343637
2.036206964016842 12.226610252755583 26.886010767119746 224.60488716717305 0.7414354729767758
2.0439601600699127 12.168043147460908 24.957428308236434 237.20415437453485 0.7630691196074327
2.050629431488463 12.1073649324708 23.202231201341945 250.66557878628888 0.7858874995146596
2.0562067650700704 12.04462411351764 21.605913312109845 265.0624100333285 0.8099794512680517
2.060671253173686 11.979823638049105 20.15503744610545 280.47651673028133 0.8354453021403795
2.0639924793519784 11.912969525722769 18.832511310714864 296.99695138760535 0.862390056452439
2.0661596006370213 11.844082556924898 17.62921388807877 314.72421225505855 0.8909348691091149
2.067163916217372 11.773221250039347 16.533079817184994 333.76781702443395 0.9212062889432194
