M[M_sun], R[km], Lambda[1], P_c[MeV/fm^3], rho_c[fm^-3]
0.24162668629717493 15.618656898711224 2160425.4255784233 3.5677272577965504 0.1711233750220791
0.2536421060593915 15.2773374292109 1683704.9505274335 3.7848019204847243 0.1738879526116714
0.26603781399500975 14.981276518628318 1382922.590048913 4.011364307878921 0.1766662118648067
0.2788112472024037 14.723613227424618 1116577.975510139 4.247671061858758 0.17945685133278827
0.291965157321605 14.498509659382465 906009.4110608653 4.494347070262257 0.18226643186545496
0.30549870547465036 14.301322405304697 738692.2930718294 4.7515462016350245 0.18509062572840265
0.31941406860974203 14.128236729200337 605136.0669309444 5.019953589308512 0.18793611431951693
0.3337104079694637 13.97602934184014 497730.0636749434 5.299789345413401 0.19079944360678378
0.34839046128810386 13.842112094036331 411053.2037578441 5.5917866315505576 0.193687002358165
0.36345206488686704 13.724048269060942 340690.683544191 5.8961069771899055 0.19659374747058375
0.3789033856143643 13.620080691598371 283345.95865895564 6.213616804181114 0.1995274090864042
0.39473371219507364 13.528541020058253 236445.33484782628 6.5445775089073495 0.20248423655551975
0.4109568531877197 13.447948511280186 197901.29660488715 6.889683506018163 0.20546780639859372
0.4275638291100159 13.377124084490884 166114.08567442195 7.249643329134132 0.20848125605385368
0.4445553666768465 13.315006058834971 139833.98445476894 7.6247217111348276 0.21152022472784965
0.46193658063856397 13.260622670799656 118009.57623244311 8.015856091462819 0.21459069618539758
0.47969866782657844 13.213220591082367 99835.70076863092 8.423756587366373 0.21769440278013366
0.49785290681908273 13.17204933942479 84665.60893342372 8.848871937552948 0.22082892702171
0.5163885406587 13.136457895830498 71957.76664079992 9.292059630010534 0.22399745419972789
0.5353045188170891 13.105894095736394 61293.079759719185 9.754211596339 0.22720301060616604
0.5546107116210712 13.079861636522395 52316.00028054228 10.236137126129844 0.2304469466982918
0.5742899185627712 13.057875659802972 44743.101085331764 10.738318295769117 0.23372609924703472
0.5943439719530581 13.039575899703285 38336.94022786616 11.261977885555204 0.23704638240760068
0.6147786688420867 13.024542208826794 32912.94533909549 11.808063466229102 0.24040954355737612
0.6355778933994157 13.012459892920853 28303.154082151796 12.377553662080507 0.24381721496298345
0.6567473598071301 13.003033994313324 24378.5926472275 12.971152473099746 0.24726751810591535
0.678276497210943 12.995994000038799 21034.919481156292 13.59015648950368 0.2507649025109691
0.7001619233758953 12.99107302352164 18178.711880004445 14.235777225521227 0.25431216769406045
0.7223931921660601 12.988009307978901 15735.302373896546 14.909203871753181 0.25791129732547075
0.7449785419876831 12.986653780336008 13639.551186214083 15.611484834491797 0.26156237827269785
0.7678954434953921 12.986760187707645 11840.254509089636 16.343848457672298 0.2652669302750604
0.7911372776528267 12.988120001987996 10293.288674518573 17.107928122909666 0.26902982572795087
0.8147091067113433 12.990657816739104 8959.73040488447 17.9051782200792 0.2728534959179987
0.8385866696863279 12.994124818748244 7809.815369537328 18.73698540043156 0.2767392160743848
0.862764417632225 12.998387014164772 6817.282521183537 19.604650793162588 0.28068708309466905
0.8872370596618873 13.0033347669031 5958.164440082629 20.510279964389213 0.2847036429865432
0.9119958522283771 13.008829385009282 5213.583542941142 21.455666161968455 0.2887919073499854
0.9370120690133485 13.014720253301245 4567.231197194332 22.44232052354168 0.2929520185018412
0.9622885366829363 13.020910346306112 4006.485424498014 23.472213345263313 0.29718733798491515
0.9878097600585323 13.027314996339411 3518.0648791820045 24.54779203367695 0.3015041775455652
1.0135490199919839 13.033768246683929 3093.594375218446 25.67103052336852 0.30590440771397487
1.0395083962633385 13.0402287110799 2722.7436610921563 26.84382524504094 0.31038881287973247
1.0656620627849012 13.046554714993919 2399.341508381172 28.06930236798868 0.3149663574024825
1.0919849180596624 13.052677340060841 2116.5924912791093 29.34955308846622 0.319637740464587
1.1184819370258212 13.058515614575885 1869.495058597509 30.687258525388263 0.3244071409109787
1.1451095858040816 13.063969493494573 1652.8903918409976 32.08589422441583 0.32928313193602876
1.1718696394346204 13.068989589971135 1462.8852145548549 33.54731690062263 0.3342628672169617
1.1987214906766361 13.073443019642175 1296.0696245007728 35.07610685944206 0.33936017470432084
1.2256659123838918 13.07731220014354 1149.650482956387 36.674334964669875 0.3445721112572664
1.2526590221871075 13.080483797767757 1020.7255618777754 38.34696384324968 0.3499125762376996
1.279697333659903 13.082931166548068 907.1733115357976 40.096305338647014 0.3553785897967095
1.3067387027342627 13.08451594664205 807.1842971626776 41.927807705023724 0.36098457923165306
1.333774114125191 13.085232160329934 718.936182913654 43.844876929953664 0.3667320548197353
1.3607794866485043 13.085036506726135 640.9751590055225 45.85232557170459 0.3726294685579861
1.3877094517839494 13.083782343830759 572.1227692067353 47.95542115632673 0.37868642291905524
1.414563222932557 13.081497236774478 511.10697647469385 50.158841238979136 0.384908177265259
1.4412850397088894 13.078053960271577 457.1111007531472 52.46794973658133 0.39130246155816945
1.4678773475663436 13.073464846472447 409.2484263767905 54.889085749210025 0.39788057956684764
1.4942854403002068 13.06760270149491 366.7379878740829 57.42843425657239 0.404651584116866
1.5198670689866849 13.060315682599914 329.80417552968487 60.13418808531123 0.5129140793487921
1.539380116224173 13.047256515898624 302.67516431629303 63.20249629739127 0.6945541269004257
1.5536610690461263 13.025794580546638 281.88927303415153 66.66537001906201 0.8670994073601875
1.5638230580386585 12.995981652731288 265.19087625137126 70.53088244654857 1.0305458990984755
1.5707157229694555 12.958198441556611 251.20982521660824 74.80161200835354 1.1864572982436734
1.5750177295466827 12.912934451364938 239.04178369932168 79.48628399372552 1.3351439734975754
1.5771972616242251 12.860562567063564 228.1034990450363 84.59281332611334 1.4777282299927623
1.577685682508683 12.801625989242211 218.0561053906668 90.1317348780935 1.614920776665724
