M[M_sun], R[km], Lambda[1], P_c[MeV/fm^3], rho_c[fm^-3]
0.23848912294887037 16.21570186450063 2784644.0411725277 3.4469561053153734 0.1694538074003404
0.2484639389841304 15.873245787592882 2286083.7398212957 3.632427424374824 0.17193059148715986
0.2587304811861898 15.5700220261522 1885312.3458335928 3.8167458733571227 0.17421477103463606
0.2692884417258537 15.300392302998286 1561164.9243802475 4.012598953058741 0.1766159663176595
0.2801217146214162 15.060844575291728 1298344.079745395 4.216514559715822 0.179046065005508
0.29124459728979446 14.846886198006878 1083799.399791377 4.42310253762751 0.18137470411084294
0.30265122871868577 14.655177783417559 907820.7736455248 4.644651592494047 0.1838719829850897
0.3143352966256216 14.4836165881668 763079.9655840832 4.866936716143854 0.186237481662153
0.32631243470498195 14.329738240113457 643349.1765778593 5.100069367259058 0.18867149262361893
0.3385619194532244 14.191258692623387 544050.6142724642 5.347066619274937 0.1912267318778664
0.3511003116738302 14.067073030021605 461465.45835057937 5.592487597185364 0.19360284751472914
0.36392452509436674 13.955121240831298 392360.72626080696 5.854896376396381 0.19614343556405606
0.37702070661932163 13.854236361629308 334520.2269648787 6.125193955092912 0.19866885599966702
0.3904040120269099 13.763527371976348 285889.12125428795 6.40096886661761 0.2011282353094857
0.4040775943135914 13.681898001980553 244874.93981580186 6.695583182617833 0.203755625702402
0.4180247779768679 13.608233440588513 210217.1245032605 6.992083638098304 0.20625686351576797
0.43226983418596365 13.542089764590251 180830.79944653242 7.301233457689397 0.20880569055115408
0.44678994598042293 13.482601183735571 155862.4800426927 7.631244234926279 0.2115265085419351
0.46159251579814803 13.429201136285073 134609.06320405964 7.9571461802758945 0.21403445073233937
0.47668888251369873 13.381432280636208 116464.93938102397 8.303191880391212 0.2166879004989053
0.4920497423659351 13.338717648886782 100957.43466386052 8.667692017016652 0.21945326138976373
0.5076951744662299 13.300453919484758 87656.30334206138 9.031046969495586 0.222047895211589
0.523622989104695 13.266409527750943 76232.52927274669 9.41805917696232 0.22481146002913655
0.5398291583315766 13.236351680990198 66405.14618752072 9.81957636891606 0.22760550671953136
0.5563097072208587 13.209662154344713 57931.50992992452 10.225759171615518 0.2302873585888185
0.5730735104627984 13.186266159432277 50608.16892672724 10.658154237968922 0.23314227885935596
0.5900975927864965 13.165783799985652 44285.420053540474 11.10137216271997 0.235968494733601
0.6074226864357295 13.147983024248823 38797.13353356198 11.555036138279052 0.23875489118849955
0.624993915129009 13.132666851708432 34039.115534772165 12.037742509163156 0.24171966554363952
0.6428410547758292 13.11956355751577 29901.548763014594 12.52749791848546 0.2446044769077977
0.6609518760877611 13.108466621771937 26300.46809743354 13.034132169260682 0.24751370042079127
0.6793284895072347 13.099254374849924 23159.333988613 13.57297792380028 0.2506078906311544
0.6979492080023365 13.091701966655528 20420.437487826108 14.10053694510574 0.2534067710306441
0.7168658288155385 13.085761971880135 18020.8923819553 14.646996243552895 0.25623235472093026
0.7360434093012111 13.081277060979536 15921.684805812745 15.227246172270641 0.25923266003101203
0.7554578226751754 13.078062173886414 14083.708317709132 15.84389260428415 0.2624211611799938
0.7751075030523178 13.075972173517835 12471.932393267922 16.49977976978322 0.265812564863248
0.7948574650480296 13.07478245377657 11064.877535004518 17.181612578064918 0.28492715292148446
0.8137430921217966 13.073366722405966 9882.849066242496 17.875237533869466 0.32349197878812114
0.8316310609505344 13.070543931430604 8885.390622043526 18.61275938575156 0.3639399149578027
0.84854657975416 13.065637810634325 8033.609458193937 19.39635662179114 0.4057951999338888
0.8647257616171032 13.058538110006646 7292.368856618349 20.219768206176717 0.4411153514385703
0.8803363728271822 13.04911187681469 6638.410482413932 21.097242457733213 0.4787545152469818
0.8953760076047356 13.037444581590698 6059.464547825745 22.02267245445307 0.5154804233672721
0.9101086203738551 13.023583563469234 5537.753193267852 22.985755326989313 0.5468631183736111
0.9245852232801363 13.007607173285084 5065.39184193182 24.01334493554923 0.5803478082136388
0.9388681937903369 12.98975942856278 4636.40853853796 25.08469230417904 0.612709157268334
0.9530151998846565 12.970053314560827 4245.053964590846 26.19994666953021 0.643576436449739
0.9670688365993179 12.948804624071267 3887.9641504374868 27.390739451956588 0.6765344184171831
0.9810436642474117 12.925788149328161 3560.5825108887466 28.613642837383434 0.7065918879912488
0.9950291270174942 12.90138337700247 3260.21258758091 29.89944451165438 0.7366324760293245
1.009018786110343 12.875665483095345 2984.377447157906 31.272614467575877 0.7686942066428814
1.0230545465075125 12.848700971412534 2731.1030103582107 32.65635438652686 0.7963406056774729
1.0372022991159762 12.82063414223483 2497.5777520436145 34.13351472322325 0.8258534957423485
1.0514227386051964 12.79170083004268 2283.634735083309 35.68031570273767 0.8553295590743449
1.0657479647871915 12.761644588308137 2086.6262206702672 37.2654945041444 0.8824810241474614
1.0802490169851156 12.730737485658553 1904.999897343353 38.957987734721 0.9114706061401718
1.09489812551303 12.699506764554506 1738.7490238985401 40.6914076036615 0.9389883631727861
1.1096839097573532 12.667344113042132 1585.9396092814836 42.50544137034188 0.9667017354280414
1.1246088369092273 12.634654109132079 1445.9896700337895 44.43241123776967 0.9959356480840859
1.139681757569546 12.601504280536362 1317.9180423237115 46.37925662499374 1.0232441741775473
1.1549024466845719 12.567913733082342 1200.6296928098402 48.4566705423641 1.0523841934835074
1.1702442205311205 12.533980901188013 1093.521956218655 50.60525151724944 1.081415856881066
1.1857080543185614 12.499646004485093 995.7694868074229 52.83752192091778 1.1105987012127232
1.2012748362071057 12.464915309797238 906.5559552264629 55.21203597451962 1.141534013107039
1.2169245080639226 12.429923200642811 825.3067259579002 57.616129261751006 1.1711468374828529
1.232681799680175 12.394775441708568 751.3048994294082 60.18077893252905 1.2027373421814873
1.2484609211652788 12.35917186611626 684.0062266039533 62.82704214472498 1.234334005872124
1.2642870374348494 12.323295380448497 622.7691487467652 65.59459959430917 1.266758174456053
1.2801375310011867 12.287134523288039 567.0598131267488 68.5091906077141 1.3005167090618532
1.2959741514317857 12.250582553940703 516.5000221491648 71.50332453682302 1.334041574338637
1.3117960478257618 12.213957197053043 470.61609315577664 74.69791933062393 1.3698109696335106
1.3275726362236595 12.17691329465076 428.91214865085857 77.95496180183844 1.4050777661247513
1.3432807012729167 12.139324612177457 391.0057044637227 81.4194108311666 1.442508178033699
1.358893897248513 12.101581448164671 356.7004313921451 85.00363592468136 1.4804823916533993
1.3743852842088455 12.063297409992451 325.5424253715158 88.77167766453164 1.5200259133969867
1.3897348237024163 12.024784829779408 297.279334477912 92.71135836309759 1.5608989994591163
1.4049233875373999 11.985711393767785 271.62880653813187 96.82178083868381 1.6030003299986229
1.4199068641385573 11.946098913353662 248.33293460238752 101.14933808767607 1.647011198624115
1.4346730567084496 11.906005028233293 227.22281242834757 105.64634010117015 1.6921049788813998
1.449200529293991 11.865341326820058 208.03542594776275 110.4000910171401 1.7395479762399515
1.4634516554415211 11.824215438006808 190.64136616516788 115.33376926222358 1.788113546423774
1.4774011238923053 11.782365255378016 174.82512562305408 120.55905716413736 1.83940300017826
1.4910334035755752 11.740044693164299 160.4800815839004 125.98740853874871 1.8921718575474378
1.5043251715286259 11.696730823516328 147.40556705779517 131.73510985931225 1.9479196865559
1.5172377589141945 11.653025417987681 135.55556516652612 137.72522426148572 2.005649354832003
1.5297507060773887 11.608477751371606 124.77432948082286 144.05624832999797 2.0667051947689843
1.5418555166225894 11.562993563088694 114.9395276503891 150.68528033504046 2.130714530790022
1.5534963839990727 11.516882991261435 106.00686010306211 157.67110363390805 2.199410215658782
1.5646713507177044 11.469930259125839 97.87474439753478 165.02919979962545 2.2731377564032176
1.575362683839627 11.421879812092218 90.43900235541062 172.7544726462717 2.357837710362785
1.585521695578048 11.37331351153387 83.6869841184511 180.948048218916 2.451289407453381
1.5951360399558465 11.323611020218438 77.52577674821468 189.5091143060475 2.5209705629403634
1.604229020601451 11.272908321254327 71.8822567916695 198.60562177939335 2.5899016621565676
1.6127804413411855 11.221232181876065 66.72366495750501 208.15260400900976 2.652514050994708
1.6207554867566862 11.168554112289096 62.00339012000543 218.24550704878803 2.7182314218993406
1.6281999080072993 11.114978660344812 57.67439384932924 228.94455340216157 2.7874833961016185
1.6350450086035149 11.060405246237027 53.709512106969804 240.176833897732 2.859331946605202
1.6412671525575582 11.004853179948999 50.078049063113326 252.1105493989764 2.93519826758335
1.646886195280432 10.948262557692704 46.7450252634678 264.74794910104015 3.014825804278447
1.6518470927480768 10.890702120083324 43.69059936351717 278.0881424815898 3.0979667478145525
1.6561168833038231 10.832151183674434 40.89445638398659 292.27265538560147 3.185769033414138
1.65977750258045 10.77277722565841 38.32354664211401 307.34137872171806 3.278302182880228
1.6626952871762213 10.712366184845582 35.96963961788934 323.27914402863945 3.3748521833511895
1.664967699847137 10.650872563132356 33.798936359422456 340.25127386078094 3.476839029081215
1.6665019527515816 10.588570687213723 31.813885519893624 358.3294464519221 3.5845477075283334
1.667321054501297 10.525300219636579 29.988364986776634 377.565019492908 3.697958517404617
1.6674167141878147 10.461039475571663 28.30980009197306 398.03054182666125 3.8171918137358607
