M[M_sun], R[km], Lambda[1], P_c[MeV/fm^3], rho_c[fm^-3]
0.23848912294887037 16.21570186450063 2784644.0411725277 3.4469561053153734 0.1694538074003404
0.24847188637361792 15.872915376885704 2285715.4680924597 3.632545874314027 0.1719321732677068
0.258744849893938 15.569596690446508 1884669.422121028 3.816978479827758 0.1742176228333463
0.2693079811657374 15.300065064700911 1560730.5627769635 4.012973769606761 0.17662056163844014
0.28014890001833853 15.060227599299283 1297738.7066290362 4.217005838173881 0.17905160264734277
0.2912806281768176 14.84614436948195 1083153.1682151498 4.4237607776687975 0.18138212372701001
0.30269242260130147 14.65461021879376 907263.1508268501 4.645499142110245 0.1838815364799249
0.3143853751733409 14.48296921685869 762494.7778946297 4.8679074915791976 0.1862476169994361
0.32637520904125245 14.328934367604418 642732.1109412819 5.101257334653492 0.18868389554378515
0.3386292909993491 14.190590869075697 543561.701182811 5.348381863299231 0.19123946580109916
0.3511800737586419 14.066300063894499 460963.99613878626 5.594049401563644 0.1936179685848045
0.36401252026845876 13.954419651280014 391941.36515741673 5.856734214146606 0.1961612291326968
0.37711902293802674 13.853591589326058 334132.2011220148 6.1271654533431645 0.19868643795438223
0.39051459014183026 13.762860678486026 285527.4513005259 6.403249513205728 0.20114857426998367
0.40419988813880314 13.681122716146762 244546.59810536986 6.698208363800802 0.20377903724571544
0.4181545868116307 13.607594008843668 209919.1628791335 6.994847488819033 0.20627965045269092
0.43240973410025807 13.541425349244038 180551.2763105221 7.304379081544396 0.20883162506774341
0.4469451120966987 13.48196009915006 155624.3478834345 7.634813748230122 0.21155593787177926
0.46176263472419965 13.428626306545395 134386.86472351622 7.960860133817696 0.21406292902048238
0.4768596097579576 13.380879535249672 116270.534065234 8.307371910478077 0.2167199526233921
0.49224427614751975 13.338157080221112 99725.54530821805 8.672028458208151 0.21948422691508562
0.5079065765231753 13.299955677549425 87486.71452232848 9.03589462168919 0.22208251117664507
0.5238424796766327 13.26596723407285 76079.73730546971 9.423470861962203 0.2248501036222346
0.5400619629730058 13.235964125600438 66276.00090301737 9.82515286967358 0.22764232597647982
0.5565523481758488 13.209306551774338 57818.99863977837 10.231951048186431 0.23032824090989593
0.5733328068025997 13.185889114774062 50510.15520018519 10.66502353200298 0.2331876338791241
0.5903790000311763 13.165523280176009 44191.7367797822 11.108415004011704 0.23601175174554143
0.6077074679613814 13.147762196621901 38716.323382451665 11.56281484728116 0.23880266788745486
0.6253011148173568 13.132420193149873 33963.35992938456 12.046329685797932 0.24177240783710297
0.6431562170693841 13.119314475784703 29832.23427074275 12.536272871555663 0.24465486493379118
0.6612881733707043 13.108252461589851 26236.734940208844 13.043782910236645 0.24756911744504914
0.6796685513246525 13.09904195667721 23103.772137320535 13.583589239743258 0.250668823522679
0.6983214450142322 13.09168021473782 20369.458081097095 14.125282316512173 0.2536232733398604
0.7172260905055696 13.085660976946029 17978.65775855936 14.692296318032126 0.2566724419430439
0.7363687698446395 13.081146114848979 15888.30113449857 15.29519309181447 0.2599145733695163
0.7557580511708573 13.077827093768825 14055.284872796545 15.89418252500574 0.26292375662256007
0.7753974766714217 13.075660639377398 12446.909040865605 16.527763039984958 0.2660925703664068
0.7952724857764221 13.074485768580887 11034.188403256725 17.197677584446822 0.2694277814544554
0.8153786377272124 13.074237612318624 9791.780398170495 17.864618154658746 0.27255562304000314
0.8357141772213268 13.074791854696201 8697.455979258602 18.572827128458314 0.2758770066511464
0.8562663516695301 13.076014743030798 7733.9696673519165 19.314187691606016 0.27931023529642934
0.8770302310172806 13.077911146591106 6883.452152484971 20.06055500927854 0.2826062998213968
0.8980056206508982 13.08026063662777 6131.886652516689 20.85299946345386 0.28610584755288054
0.919174086902942 13.083021240401042 5467.607438009032 21.6734593794568 0.2896510315170789
0.9405257906850488 13.086226364470853 4880.3047529050355 22.50978548345156 0.29313612628602953
0.9620773511659694 13.089700376999245 4335.209399269098 23.397694025097486 0.2968361727141106
0.983778684973284 13.09324150751657 3898.1396207793055 24.305649551489072 0.300483046055964
1.0056627083270817 13.097011881899485 3488.183516203758 25.243817910321464 0.3041492787790373
1.0277006928966916 13.100871558559989 3124.246090778888 26.23986094265625 0.3080416777545044
1.0498813723366962 13.10469096380058 2800.532257012771 27.245769545294845 0.3118066226490296
1.072203822432656 13.108486778869896 2512.4506013427344 28.2996038219101 0.3157057013945034
1.0946505369980863 13.112194541114576 2255.9114513172594 29.415402309556505 0.31982475035571384
1.1171987267014463 13.115671392815418 2027.352274506861 30.53320333118904 0.3237535358096073
1.1398883793727497 13.119084463947678 1823.2256999823826 31.719269257807312 0.327922254990997
1.1626225763253555 13.122112678961539 1641.1592560184208 32.95403274797738 0.3321931476375734
1.185448737479539 13.124722342283194 1478.3675609989157 34.21454656605089 0.3364114692155144
1.2083526974420036 13.12709811509537 1332.7396979334144 35.55236672628741 0.3408884972087141
1.231288198786888 13.12901930210908 1202.4998256287415 36.91934920806528 0.34530008495879577
1.254267993650441 13.1304308564996 1085.7580152859705 38.34362218166561 0.34981406894434586
1.2772875658120761 13.13145984600719 981.1485518817179 39.85145764252932 0.35458236514302394
1.300294169830299 13.13173521128146 887.269401910929 41.371336662194736 0.35918970472069756
1.323311798687202 13.13148761436125 802.9805593709683 42.984252659937866 0.3640790752664537
1.346305034587255 13.130614422985113 727.276790946359 44.65447266443833 0.36904303263220245
1.3692695312122576 13.129128821854188 659.1694408362132 46.37957585337751 0.37405700626398725
1.3921787610702394 13.126912085915942 597.9567173337493 48.211158639857366 0.37938046045195845
1.4150153550048927 13.123934768259046 542.8308092567801 50.064013289492365 0.3845595994546929
1.437760028931496 13.120162314866064 493.1701970696937 52.027633329209884 0.3900410393177578
1.4604036351504348 13.115513214662817 448.38523968921453 54.06223743989124 0.39559688532436715
1.4829403216702477 13.110134679549091 407.98116039460234 56.17255691779047 0.4012364075886862
1.505327422273546 13.103727316557217 371.4824108484199 58.40267824650491 0.40717356864526394
1.5275658922517017 13.09650858042272 338.54263956230284 60.67624825234775 0.41303718106419324
1.5496243351742722 13.088297827509322 308.7338918897118 63.090848972907466 0.4192645163718566
1.5714919375418217 13.079053247889068 281.7876113949091 65.57138543602419 0.42549989499478097
1.5931538970825998 13.068855245868933 257.3723502142101 68.17955747504251 0.43200408397636303
1.614566494233053 13.05754243597038 235.25915615529524 70.89503879982787 0.4386696462477085
1.6357414229976417 13.04518934259991 215.22283899733102 73.71970418139557 0.4454875009958075
1.6566475591967347 13.031725942575017 197.03872868117145 76.68918762116193 0.4525888261399896
1.6772609056644658 13.01718884360013 180.538470372875 79.75586430857898 0.4597420728309316
1.6975720294508416 13.001402157721333 165.5467564765849 83.00174689983157 0.4672890630527599
1.7175355540947712 12.984439460835699 151.93246747442484 86.33948154912456 0.4748578881957452
1.7371764331351711 12.966388064075849 139.54369654933552 89.88618704622459 0.482896476759165
1.7564220907120345 12.946955216927936 128.26676148544914 93.52837136525329 0.49093794132316937
1.775299641228822 12.926332966914154 117.9985495863953 97.40247034985966 0.4994914430060456
1.793739351265709 12.904369350288153 108.64791267806945 101.38891249673605 0.5080671427313679
1.811778175803762 12.88116356202217 100.11598520939195 105.62723556805045 0.5171785267821013
1.8293455057794994 12.856606852377817 92.3396260735226 109.99711645924677 0.5263259595088686
1.846455708796109 12.830729648368314 85.2328039872611 114.63604539003737 0.5360168368121531
1.8630732521789972 12.803498017351643 78.74473845212648 119.44065537149751 0.5458492159319857
1.879188701511905 12.774903445370795 72.81364042779921 124.52386199512999 0.5562007733252972
1.8947557988540742 12.744854911502394 67.39383925476751 129.82025196708037 0.5668087393250576
1.9097788872191837 12.713389715232562 62.43243382900906 135.39883161046492 0.5778796847671491
1.924236214716958 12.680540595654557 57.8857782376042 141.25257802048822 0.5893524340996099
1.938113120448955 12.646240645270293 53.720694201025964 147.36335100426345 0.6011278406351133
1.9513720148769138 12.610444782860988 49.90317567009956 153.81316330451853 0.6134540577269696
1.9639256201370952 12.573338175231951 46.418665081812016 160.70003004430347 0.6818085715535606
1.9740744289272891 12.535840342594826 43.51984026545875 168.1749100869678 0.890281677016203
1.9811063503785054 12.496325490017425 41.16488263717514 176.41433664478274 1.1007011801121531
1.9850921246185553 12.453630168983528 39.23877478918705 185.52926953415653 1.311189912353961
1.9863030705844191 12.407293699888152 37.63965930553618 195.49564693235476 1.5272461585003685
