M[M_sun], R[km], Lambda[1], P_c[MeV/fm^3], rho_c[fm^-3]
0.23848912294887037 16.21570186450063 2784644.0411725277 3.4469561053153734 0.1694538074003404
0.24846362113473475 15.87321776015869 2285991.313918156 3.632389183010502 0.17193008081196173
0.25872881450464946 15.569936928609362 1885055.6738072555 3.8166707788144736 0.17421385036153833
0.2692829425655348 15.300589394291494 1561280.9365549984 4.012477951154747 0.1766144828117501
0.28011345412576905 15.061018417784238 1298561.0442729425 4.216355964266724 0.1790442773334061
0.29123423956607053 14.846980515891646 1084029.3666552643 4.422890049726597 0.18137230896839332
0.30263674711254923 14.655448234311304 908002.9232843325 4.644378001648783 0.18386889909633886
0.314318910118807 14.483865944124089 763202.7366890121 4.866623354008485 0.1862342100188686
0.3262937924301643 14.329944513800974 643495.3009041342 5.099685908346148 0.18866748913808043
0.3385405828913402 14.19151817503794 544247.4936374632 5.346642084671195 0.19122262162079331
0.3510758982874938 14.067265612721899 461578.3936656073 5.591983493327817 0.19359796688443942
0.3638949109033827 13.955333462125232 392510.6177457918 5.854303195991286 0.19613769251287916
0.3769889442488854 13.854526428384501 334652.60696623137 6.124557643370841 0.19866318132870003
0.3903716060397352 13.763697146146578 285992.27719687496 6.400232798815575 0.20112167100705175
0.4040405448046173 13.682081055510904 244977.29671533647 6.694735945399477 0.20374806998359563
0.4179831741392451 13.608433530442683 210311.8892184438 6.991191657119992 0.20624950945929277
0.4322217862337073 13.542265540951222 180914.59387187115 7.300218299365491 0.20879732094257855
0.4467393619925337 13.48282873010217 155947.60790402573 7.630092316875046 0.21151701139949647
0.46154151170961133 13.429441843194668 134683.47144105923 7.955947659621618 0.21402526057523222
0.47663181975030505 13.381590322388808 116526.85789786295 8.301842997891494 0.2166775573796213
0.4919900256718909 13.338830634136203 101011.8605380549 8.666292670538816 0.219443268979656
0.5076312747604045 13.300624811120002 87703.23782018553 9.029482709402018 0.22203672519142767
0.5235532087026455 13.266567925651895 76281.04900360755 9.416312971470882 0.2247989907788978
0.5397530483344961 13.236512133003206 66446.1649683955 9.817776989613941 0.22759362618516882
0.5562308445076585 13.209831754627134 57972.83826324577 10.223761295140777 0.23027416746225482
0.5729917230361988 13.1863743352892 50645.99835013877 10.655937861947514 0.2331276450734434
0.5900091345614096 13.165856051341985 44315.15704881475 11.099099796493928 0.2359545378987241
0.607325113702455 13.148193724239174 38829.370783608974 11.552526431373007 0.23873947661118552
0.6248970699345842 13.132737432906772 34063.91003167203 12.034972057770469 0.24170264947810438
0.6427318876401487 13.119605522418865 29924.744051784535 12.524666886134783 0.24458822039559383
0.6608413792349849 13.108468110991712 26318.733468836606 13.031018694100823 0.24749582204970144
0.6792097872604642 13.0993245227151 23178.16546593317 13.569554676276265 0.25058823346788045
0.6978300855031248 13.091796327095857 20436.388002850133 14.110972814759334 0.25354632271191296
0.7167079065215132 13.085773881655607 18039.579604466053 14.67661312788592 0.25658810418266514
0.7358333520276155 13.081244575301318 15828.427619416349 15.27800539628395 0.259822144996615
0.75520077923618 13.077885054563298 14104.601497123696 15.87669296421783 0.2628362836664191
0.774818481353914 13.075681065769986 12490.937744487343 16.508649449886633 0.2659969749281541
0.7946703526574657 13.074551362388785 11000.305924491258 17.17820557452426 0.2693364609303934
0.8147529522090932 13.0742564912541 9827.994860691855 17.843392081750174 0.2724560762490197
0.8350656278653861 13.074774178911886 8730.36332287423 18.549685837143603 0.27576847780082553
0.8555992668592385 13.07600853929499 7763.2725921445835 19.290629986439654 0.27920620111051314
0.876335039558492 13.077766811771662 6909.988660248103 20.034929292866146 0.2824931330028695
0.8972925545165975 13.080211382993328 6156.217910714889 20.8251177610406 0.28598271797841496
0.9184273131032544 13.082968084701433 5489.9611680599555 21.645083759944274 0.28953278610699723
0.9397681734846566 13.086152672307719 4900.017991665368 22.478973124386588 0.2930077266212535
0.9612738398301469 13.089495596955928 4377.662969185706 23.364225365759545 0.296696703852592
0.9829684410205334 13.093142911408126 3914.3965553102835 24.27160041184761 0.30034998670817126
1.004825469989381 13.09695765938174 3503.1739750372885 25.20689926156183 0.30400500578485673
1.0268302395454563 13.100680888140086 3137.77528591676 26.199816057802227 0.3078851878602745
1.0489851887826365 13.104564238845102 2812.9576863613365 27.20503272236488 0.311655900582032
1.071296562271164 13.10834947159853 2523.6081731609934 28.255488066762574 0.31554247762483373
1.0937114567593689 13.112043012438248 2266.0611488237137 29.370415922368515 0.3196666346802162
1.1162546129804705 13.115550366887181 2036.4845330098128 30.484555534247548 0.3235825512128062
1.1388953683650578 13.118861747611643 1831.5109549204228 31.666638772414025 0.32773727226022215
1.1616231512093869 13.121949023095656 1648.702817406185 32.90032933102291 0.33201342863782896
1.1844210025907156 13.124660285298367 1485.2913414091918 34.15652040129877 0.3362172840988188
1.2072988470244408 13.12699714319134 1339.10505212855 35.48963932864425 0.34067857937107343
1.2302167035910565 13.12888773785283 1208.2528076432286 36.855313010595 0.34509713343529275
1.2531850335490478 13.130340962418284 1091.005191393374 38.274476029407545 0.34959492231322903
1.2761712820708841 13.131281422494911 985.9009680266875 39.78071285367704 0.3543679103993398
1.299177201745145 13.131733358537232 891.5887835339681 41.29502355039862 0.35895837024227895
1.3221790901598098 13.131577174266182 803.644141131731 42.90188869804629 0.36382939832737693
1.3451435177593716 13.130718717127548 730.9128566090781 44.570119743487005 0.36879786276403126
1.3680996227279068 13.129311791402978 662.5354278246725 46.28861379119962 0.3737926270754396
1.3909874968143257 13.127099139202711 601.0075605484792 48.11301333400707 0.37909520332718355
1.4138006740922222 13.124089935354489 545.5830534242225 49.96338910913522 0.3842787073359319
1.4365445303663873 13.120368957649605 495.69810339057585 51.91914321293001 0.3897381894608116
1.45917710512886 13.1158270654912 450.68225761111876 53.950763083104945 0.3952989862983757
1.4816949084399735 13.110453146754825 410.10369824349885 56.05244450852248 0.4009154246221819
1.504072906687024 13.10416407992777 373.4452864954186 58.278994715218836 0.40685458471769526
1.5263104270148777 13.097104929094431 340.35509235700073 60.54305103523411 0.4126936610254756
1.5483524183987036 13.08876535946093 310.3710011527558 62.947316236046156 0.4188943406850644
1.5702308167148749 13.079659997951882 283.2698677501737 65.42340529315437 0.4251308661115831
1.591870708273387 13.069486109425966 258.7445691259161 68.02016009089913 0.4316065830852682
1.613293198903732 13.0582793113208 236.52764803311803 70.73516094516768 0.4382791111372327
1.6344501975700496 13.045977387038466 216.3852845902728 73.55917295438721 0.44508415596126605
1.6551333360730063 13.032588126320356 198.28404646913688 76.52639044303646 0.48800580602473786
1.6744886531871719 13.017420018230482 182.4394938805071 79.66195359924933 0.5537102838790209
1.6923569959080802 12.999902685012431 168.55772412685096 82.99808131608744 0.6231642669618375
1.7088381374758597 12.979760330762963 156.28690833062657 86.54016706266756 0.6870919259825025
1.7239796143834667 12.956444537083263 145.31842455054854 90.31562188345376 0.7552314363442079
1.7379379676893196 12.930498175050678 135.46215900392187 94.30076513890619 0.8190596507594957
1.7507500639003635 12.901554252518407 126.53278435466454 98.55240960736262 0.8867777888040499
1.7624951846702288 12.869703220048233 118.40081072435243 103.02912005847092 0.9521638050450675
1.7732191330496252 12.83498553940473 110.97070528082249 107.80777109920369 1.0214484532092407
1.7830110938500603 12.797714476174052 104.15879573996443 112.82870723025364 1.0882534839908649
1.791885778958919 12.757458822168495 97.86686785446445 118.19035564170494 1.1590319051756162
1.7999261229878862 12.714734895879277 92.05319188257313 123.82146542050225 1.2282221220349314
1.8071357120681704 12.669406361939668 86.66578616727283 129.82487241757187 1.3010384723243766
1.8135505452540377 12.621622896134982 81.66643020798071 136.15070207416326 1.3740904739265514
1.819226369958118 12.5714981682781 77.0067620846537 142.86933310919986 1.4497811648206664
1.8241709885474258 12.519094433746833 72.67275872172279 149.98542538427174 1.5272572701822515
1.8284010045882453 12.464466299898376 68.62622025918279 157.50708816779135 1.6065941372465027
1.8319162605171007 12.407481176322461 64.83969287581046 165.5251517841462 1.6899164497865045
1.8348314749935783 12.348717793677157 61.29806388789688 173.95397500918074 1.773707971641546
1.8370390690400769 12.2879706664302 57.99690390627313 182.937365031051 1.861639242573819
1.8385987138259086 12.225079330131424 54.89854861164416 192.46655950957157 1.952509616543258
1.8395371934658715 12.16047649497542 51.99110569361214 202.54924834368458 2.0467063208064915
1.8398447986327793 12.094185462079322 49.276369765296906 213.2949794452705 2.145999575225625
