M[M_sun], R[km], Lambda[1], P_c[MeV/fm^3] 
0.30524509162190194 8.220380148807509 90241.98976637486 7.568303719208761
0.3116214099849475 8.254215129500379 83357.14044431894 7.8205384426494335
0.3182143584222373 8.288290640316253 76893.34024064308 8.081997109316614
0.3250237571953193 8.322560492560752 70838.90069121312 8.353021892701863
0.3320558328071408 8.35707613750975 65187.1982598127 8.633969395063938
0.3393113054312139 8.391820058323288 59917.9469816823 8.925211323695935
0.3467921250143615 8.426744903362545 55017.89303514025 9.227135208416868
0.35450103124321086 8.461889932966589 50471.029790718174 9.540145163199398
0.36244135389857546 8.497225335162073 46258.148533699874 9.86466269500144
0.3706163803856806 8.532745670345395 42360.95078646529 10.20106107366976
0.3790260394672131 8.56844195022186 38763.3846843784 10.549741702204953
0.3876751642382873 8.604293735191352 35445.82154679629 10.911276815063935
0.39656528761189036 8.640277480891546 32390.798648094682 11.286164634463338
0.40569995680742155 8.67640023761535 29580.91743985014 11.674671653321337
0.41508139013402046 8.71265847706293 26999.383063217618 12.077542650486711
0.42471298913429917 8.749037435676684 24631.00462003071 12.495251925799872
0.43459582463814483 8.785501876345666 22459.32866366354 12.928240796445955
0.44473345961396843 8.822060584518102 20469.901244210916 13.377290912907162
0.4551280101763774 8.85868313710761 18649.475507592222 13.8427175870849
0.4657809316981217 8.895352258513492 16985.301530874203 14.325428738512022
0.47669588290803927 8.932071562803086 15463.816500232242 14.825817694002577
0.4878742087580813 8.968799696295315 14074.831954729845 15.344710367763506
0.49931951427387344 9.005571571873805 12806.8885505422 15.882812532150986
0.5110310689199268 9.042314234514818 11650.556225906925 16.440628793134483
0.5230128792172107 9.0790481057263 10596.250380014202 17.019147489106654
0.5352664131855148 9.115748767367261 9635.51383620568 17.61912155361412
0.5477927797649188 9.152406956489154 8760.451231007895 18.241166824062955
0.5605929131328072 9.188978321172755 7963.67048465669 18.88624475659211
0.5736687349193065 9.225472409332525 7238.571676792717 19.555263363227333
0.5870211270447143 9.26189480412659 6578.769999811231 20.24911535239418
0.6006503921583164 9.298186987938584 5978.6764963899905 20.96873269189461
0.6145584977026746 9.334343702140293 5432.915758006273 21.715088778032
0.6287441657010818 9.370351108465277 4936.800588872595 22.489200748532234
0.6432084369625283 9.406200655568972 4485.925193577549 23.29213194771462
0.6579514513267415 9.44185526815422 4076.0614703484553 24.124994553122104
0.6729721866995648 9.477315897932586 3703.725313615589 24.98895237350243
0.6882708257872204 9.512562754505028 3365.433153957047 25.88522382887601
0.7038447400660699 9.547571245802644 3058.1608291225 26.81508512433078
0.7196956071988991 9.58232417095016 2779.047996421381 27.77984588355447
0.73581870783501 9.616803950438147 2525.5919862316896 28.780616109554135
0.7522150836533197 9.650993388874712 2295.40874814602 29.81911783675678
0.7688813457800793 9.68486228277131 2086.338337782205 30.896889891600498
0.7858131529374139 9.718434725922227 1896.5613290390677 32.015016561131716
0.8030071833819957 9.75163328817106 1724.2116746020104 33.17563474654109
0.8204705977376405 9.784478997474286 1567.6917097263088 34.38002448290191
0.8381855921914951 9.816954548144883 1425.5802639079761 35.63029544023741
0.8561561358939155 9.849009622467426 1296.5396321292428 36.9278296943873
0.8743758811605834 9.880649829155203 1179.3486547543519 38.27496761205133
0.8928406552695768 9.91184435525483 1072.9063630719265 39.6735059939516
0.9115446893795811 9.942584318292864 976.264965512256 41.125369402162676
0.9304821879515901 9.972842282584681 888.4940829115128 42.632960321453595
0.9496429205317868 10.002585472846807 808.7621096585401 44.19850457183424
0.9690325659378668 10.031819965549271 736.302890232071 45.82434044892798
0.9886352990797451 10.06053648307381 670.5173864031696 47.51292562720087
1.0084543659384395 10.088711406352122 610.7013375517895 49.26684452304397
1.0284663059776786 10.116292176216525 556.3620386147306 51.088816152860225
1.0486735160949123 10.14326755977294 506.96696810014316 52.98170252431419
1.0690628040321941 10.169641232245208 462.0801833391246 54.94851760232266
1.0896190046941021 10.195359817556785 421.2805141510955 56.992207018187315
1.1103606121045209 10.220474527669845 384.16236203884023 59.11597804736882
1.131248720903341 10.244894020292945 350.41786775515567 61.323601539930884
1.1522824290915101 10.26863269287402 319.7196007645875 63.6180648749603
1.17344556996449 10.291636061894838 291.8020411089814 66.00376351551289
1.194750104720694 10.313971462785993 266.3888618293033 68.48384553597681
1.2161599882746117 10.335541113522998 243.2629665596296 71.06299497283678
1.237673979812216 10.356348618117972 222.21284182337996 73.74540300683574
1.2592759101027835 10.37638366390406 203.0464392766413 76.53548830993859
1.2809579142425442 10.395629702105127 185.59145613052553 79.43784108119138
1.3027050817077765 10.414067276065449 169.690370118141 82.4575851822393
1.3245043580107758 10.43167318703783 155.2072361080459 85.59979770479188
1.3463439292956874 10.448444304142017 142.0039108086755 88.8699677959171
1.3682083690141231 10.4643655776095 129.97064337287276 92.27395383846508
1.3900850023490556 10.479415355582308 118.99998818669935 95.81792298691629
1.4119585544222422 10.49357541768072 108.99160230642227 99.50768968513697
1.4338143497738964 10.506841322589391 99.86479635318295 103.35054377679663
1.455640459407406 10.519188025159757 91.53452054117585 107.35285940565655
1.477417818642642 10.530603897074837 83.93030361744175 111.52253744953222
1.499131766844266 10.54108161552541 76.9887070324542 115.86719411247901
1.520769388130406 10.550602336040301 70.64813505221186 120.39490628443102
1.5423123054461563 10.55916145805274 64.85552252676582 125.11424320277271
1.5637493158771816 10.566740393874404 59.56319753173601 130.03430062842105
1.585060669030152 10.573332064448518 54.72423490064922 135.16473775049622
1.6062296344153093 10.578928460362457 50.30051130444237 140.5158170543307
1.6272446213841452 10.583511195879373 46.25364255299513 146.0976572992902
1.6480633902447464 10.587074934367042 42.55454435562642 151.92481151249962
1.6680077465548289 10.588948950762429 39.25472006509006 158.08187090341383
1.686691718757125 10.588398949616337 36.33554325212685 164.6257607596492
1.704100760794745 10.585149230939502 33.73771379133699 171.58477658414324
1.7201642336863188 10.578890056041626 31.418615023239013 178.99015069267432
1.7349079842102126 10.569625433954101 29.339557309370743 186.8764295582187
1.7483211873162015 10.557248841418433 27.47004716405387 195.28195182947616
1.7603862995537727 10.541656165200529 25.783673273762464 204.24923688591667
1.7711035075155128 10.522862051849161 24.260162441224544 213.8256477340272
1.7804693638997393 10.500863538695173 22.88072031192078 224.06401002123602
1.7884598397426392 10.47556040691561 21.629265145430704 235.02337280667805
1.7950782936910072 10.447040011515522 20.493848952540834 246.76991985679763
1.8003248619810788 10.415304722692074 19.461728761338502 259.37795573584947
1.8041801419852113 10.380358182421844 18.52485509006527 272.9306920019388
1.8066382816477322 10.342244496197544 17.67442358074579 287.5213755088743
1.8076869512583897 10.301007754261486 16.90343971588333 303.2633602755968
