M[M_sun], R[km], Lambda[1], P_c[MeV/fm^3] 
0.30524509162190194 8.220380148807509 90241.98976637486 7.568303719208761
0.3116209401765792 8.254212705012351 83357.34036923222 7.820517543333116
0.31821310443743095 8.288283771406476 76893.95504575041 8.081953772862946
0.32502200647585777 8.322550189109487 70842.27172846207 8.352954481886957
0.3320541172674627 8.357071946134486 65187.30869382841 8.633876167259157
0.3393063805164848 8.391770032207384 59919.63977532547 8.925090424478432
0.34678849634373543 8.426727913817638 55020.57574844039 9.22698466476499
0.35449624730497525 8.461860451838282 50473.04216628141 9.539962876243534
0.36243233952798903 8.49713929400491 46260.495205969695 9.86444643229908
0.3706097768132238 8.532716835778185 42364.25094787111 10.200810133475834
0.37901885508384303 8.5684089941232 38766.20774509286 10.54945213908735
0.3876675087220532 8.604251663259921 35447.92199220845 10.910945961032787
0.39655705785632517 8.64025247796224 32393.56880721867 11.285789652747816
0.40569118110293606 8.676379282156299 29583.875691267585 11.67425226261674
0.4150714074630735 8.712628451976459 27002.318293496133 12.077073229872187
0.4247009082945775 8.748988479033244 24633.75939491616 12.494732423848717
0.43458251801782105 8.785458118776305 22461.886158875743 12.92766463355762
0.4447190117569804 8.822006492775937 20472.809068865605 13.376658289498407
0.4551132032843357 8.85862221586243 18652.30524753138 13.842020852671203
0.4657647329735785 8.895298491476105 16987.764603997563 14.324668369894207
0.47667734657654587 8.932013561879854 15466.302586494427 14.824984842648409
0.487855216521368 8.968752700465693 14077.15178706415 15.343805814137825
0.4992986429986053 9.005507723405323 12809.150400107628 15.881826085573953
0.5110089130561664 9.042247657851515 11652.648714828081 16.439561567952307
0.5229893021411703 9.07898519111553 10598.313301853821 17.017994750869008
0.5352405863235353 9.115670886882759 9637.381788163586 17.617878288759915
0.5477658931383712 9.152327031202583 8762.079161719637 18.239819805577568
0.5605642621279354 9.188889154578359 7965.27393229126 18.88479576488896
0.573638155619251 9.225394382886357 7240.149610384885 19.55370641546678
0.5869895240838267 9.261809463500294 6580.258272750355 20.24744410999061
0.6006173103486483 9.298076605195785 5979.994380417141 20.96694043838524
0.6145229227114105 9.334253414352883 5434.235509736728 21.713168395449276
0.6287072006249494 9.370247366708211 4937.994366846399 22.487144692172468
0.643170071421264 9.406089383978331 4486.959730333252 23.289932219187637
0.6579104863599752 9.441759386360554 4077.1500730873745 24.12264267155661
0.6729294629058447 9.477208773934642 3704.6936274750374 24.986439344771444
0.6882252350178717 9.512454081210528 3366.3796366919887 25.88254011269622
0.7037983530885177 9.547445296115052 3059.0162353714463 26.81222059907696
0.719646001287232 9.582219488609864 2779.88552860268 27.77680595219026
0.7357669858895348 9.616694267526412 2526.3461126520297 28.777374174195014
0.7521608198443674 9.650886925300163 2296.1163794199915 29.81566184765142
0.768824468317229 9.684759341762659 2087.017264053255 30.893207053823772
0.7857552450675455 9.718314375629673 1897.1611505613507 32.01111322619427
0.8029468826275034 9.75151549465471 1724.7894625844215 33.17147769787119
0.8204062901375527 9.78437397671032 1568.2240773461745 34.37562043522388
0.838121409369637 9.816828799618794 1426.06659053619 35.625607453193
0.8560884756621672 9.84889305173236 1296.9809060972143 36.922864839954684
0.8743052902858591 9.88052895356289 1179.7685751532306 38.26971006928079
0.8927661797925461 9.911734216134528 1073.3219730173776 39.66791260392547
0.9114705219027761 9.942453929208343 976.6332130362022 41.11944759061625
0.9304011515344303 9.97271491547367 888.8481721185968 42.62669112977843
0.9495631406619333 10.002457541704993 809.0654880250241 44.191867874923965
0.9689496877806043 10.031697364821179 736.6090656098736 45.817314878507716
0.9885505200299269 10.060410781476746 670.7799751148902 47.50548848959328
1.0083664024154524 10.088590157630172 610.9502318794847 49.25897171093205
1.0283767558045787 10.116169058444777 556.5913220470986 51.080482050562146
1.0485816090115312 10.14314194975538 507.1874964078038 52.972879906047694
1.0689685433900482 10.169516868973174 462.2844984247511 54.93917752289085
1.0895225302931284 10.195235025379086 421.4590440601125 56.982359646377276
1.1102594884127928 10.220355119103539 384.3335779339032 59.10555162489305
1.13114506081809 10.24477800847948 350.57368782307793 61.31256133398394
1.1521777966402953 10.268514799382576 319.8629274681846 63.606420400227535
1.173346433893414 10.291543510944905 291.9326270489858 65.99143576061472
1.1946396416167853 10.313861114888933 266.5157906853395 68.4708340713035
1.2160481851274658 10.3354262031499 243.37465772717712 71.04926420189574
1.2375588986848785 10.356241178565243 222.3190274308905 73.73091021577252
1.2591596766989515 10.376276338755623 203.14315043314835 76.52015522750895
1.2808390964151017 10.395526003951534 185.68162447621705 79.42162646653715
1.3025848934677757 10.41396495120711 169.77628570930187 82.44046095572934
1.3243809556163435 10.431576820734366 155.2849188064748 85.5817722152907
1.3462177701855047 10.448354364965052 142.07773642623783 88.85092177708083
1.3680809069953255 10.46427502636 130.0372723630732 92.25382504216789
1.3899576212224598 10.479327425926956 119.06161054758218 95.7966450456786
1.41182872794261 10.49349249323285 109.04950815126396 99.4852656205409
1.4336836428302995 10.506760857966444 99.9170564644722 103.32682750718035
1.455507246658273 10.519115123064342 91.58275739682196 107.32785011344832
1.4772835404405065 10.530533201319338 83.9748745212837 111.4961555933828
1.4989958514181505 10.541018363906018 77.03012898886146 115.83935487517431
1.5206325078085545 10.550543339301186 70.68687339666965 120.36551918230023
1.5421753534936504 10.559108223571004 64.89155770623096 125.08321166319465
1.563608249916767 10.566697034326502 59.59593810181326 130.0015215325474
1.5849195162631176 10.573291993191113 54.75536248693241 135.13010093802777
1.6060879945090576 10.578895539366227 50.328627964487595 140.47920478686274
1.6271011424743875 10.583486304779438 46.279790081182774 146.05904934530298
1.6479429764997118 10.587059828963158 42.575810310333694 151.88133622399698
1.6685954324482055 10.589606095087698 39.1841598369433 157.95732193921077
1.689043962077487 10.591118181861424 36.08056421455462 164.3000043629781
1.70927021874732 10.591586279371656 33.23640429915198 170.92249489848206
1.7292603438230247 10.591006034644046 30.63150927832288 177.83876071890413
1.7490015450907497 10.589365445309438 28.243520893971574 185.0636874345635
1.768465025509621 10.586649623350919 26.054104941066882 192.61271730290252
1.7876528591098255 10.582880543255422 24.046585845484284 200.50250844529737
1.8065381993046072 10.578034848710454 22.20426505359839 208.7506580917834
1.8250944109770326 10.572137956215814 20.515213892109262 217.38064477221792
1.8423969755709992 10.56453318507855 19.021615661339688 226.57362371645846
1.8578165638743547 10.554160612243153 17.722545108247562 236.4638521197714
1.8712679012659947 10.54054434482596 16.588516476832066 247.11954099995833
1.8826903136526485 10.523287427200797 15.595219965646113 258.61746573365866
1.892058051085834 10.502246927052447 14.723515979400156 271.0444529699861
1.899362745754911 10.477286407251771 13.957872786261836 284.4988982946332
1.9046090642524314 10.448369793314125 13.285095477568955 299.0928233698362
1.907796535439204 10.415441662733691 12.693564488810336 314.9542794524581
1.9089406762050571 10.378550693713203 12.175526002288638 332.23022390692825
