M[M_sun], R[km], Lambda[1], P_c[MeV/fm^3] 
0.30524509162190194 8.220380148807509 90241.98976637486 7.568303719208761
0.3116204409682696 8.254219868873388 83357.23216862326 7.8204964860637105
0.31821213393823344 8.288276284811854 76895.12668742193 8.081910109084392
0.32502013934310714 8.322541848903482 70844.83472812745 8.352886562229216
0.33205224241491965 8.357068577241085 65190.76279760272 8.633782236177064
0.3393047865706481 8.391789086620633 59922.512624856594 8.924968613816215
0.3467846421876125 8.426710937430908 55022.96146656061 9.226832986902814
0.3544918693123614 8.461844180118277 50475.66944563263 9.53977921679658
0.3624296184770561 8.497158830264768 46262.37480337782 9.8642285423372
0.3706031532714526 8.53268122258833 42367.0147190877 10.200557306270152
0.37901158607878216 8.568375233042168 38769.052618569935 10.54916039993099
0.3876581393634994 8.604197658593572 35451.52347329168 10.910612622283843
0.39654765109546075 8.640208152698625 32396.82440127334 11.285411856759623
0.4056807415884791 8.67634891131697 29586.662034765825 11.67382972632217
0.41505969134345744 8.712581211813209 27005.65784389057 12.076600290753081
0.4246887170113672 8.748938541314624 24636.53174876892 12.494209030465923
0.4345704187393075 8.785416606369836 22464.706604718358 12.927084157692953
0.44470471776358295 8.821956184760797 20475.678763457345 13.37602093346534
0.4550969673852297 8.858578136972499 18655.004353190187 13.84131890954687
0.4657476074069549 8.895231836800898 16990.186452910737 14.323902320463107
0.47665931950976653 8.931943802726082 15468.702634750018 14.824145773213822
0.48783582310855805 8.968677742836475 14079.308485401118 15.342894511432526
0.49927725231662795 9.005437388770645 12811.363240468865 15.880832284003215
0.5109864329443051 9.042172627260955 11654.641147575907 16.43848639063252
0.5229652310954649 9.078903841094027 10600.223182870643 17.016833428887868
0.535215367520142 9.115589937408833 9639.246667918032 17.61662577209133
0.547738143675033 9.15224212809517 8763.991832409716 18.238462770332166
0.5605357347141836 9.188821754100658 7967.02762070949 18.883336005217654
0.5736080992965601 9.225318727457923 7241.719716623971 19.552137905125946
0.5869571165341773 9.261722233614233 6581.788837492397 20.24576046444775
0.6005831839081124 9.298005324537177 5981.436592712534 20.965134892532433
0.6144870085067611 9.334154843405166 5435.569623282726 21.71123377980939
0.6286690609921329 9.370159639911884 4939.2805184615645 22.485073407491328
0.6431298407063125 9.406002350359648 4488.164352650752 23.287716209294974
0.6578684880193918 9.441659856895422 4078.268090994165 24.120273394369637
0.6728859851115478 9.477108985773723 3705.7198091861273 24.98390774130561
0.6881791674112565 9.512354658529773 3367.3291046191675 25.879836573934814
0.7037500609661073 9.54735079606333 3059.8879206358674 26.809334930540526
0.7195967552298116 9.582093742076083 2780.7041042150113 27.77373893908553
0.7357147594156752 9.616586967269312 2527.123919061905 28.774108341792385
0.7521065608837122 9.65077397525824 2296.829366803886 29.812180401894807
0.7687685742604335 9.684639687345237 2087.689742365159 30.889497108030227
0.7856969536767339 9.71819246965093 1897.7826734944267 32.007181178735586
0.802888164843994 9.751420417977377 1725.3854791812403 33.16729009285081
0.8203436834260576 9.784244444120818 1568.769399548626 34.371184036811606
0.8380552396128286 9.816712099803421 1426.576178236519 35.62088505545207
0.8560195835839206 9.848775611522404 1297.462579900916 36.91786356684467
0.8742334943724056 9.880409114301864 1180.2052845272865 38.26441398680096
0.8926952905622362 9.911595223301132 1073.720791855217 39.66227824389167
0.9113929365463583 9.942341128221244 977.0077691697213 41.113482433226785
0.9303226068773696 9.972590872646284 889.1823634263664 42.62037608135128
0.9494852963625617 10.00234490579833 809.3876756836872 44.185182667108045
0.9688667161718916 10.031567909584426 736.921779750989 45.81023799108445
0.9884638514872907 10.060292434789904 671.0603545720344 47.49799706768
1.008272810202707 10.088435150723894 611.2055863705879 49.2510414761386
1.0282857671457466 10.116041632286063 556.8247145300385 51.07208720561846
1.048486776503577 10.143021778483984 507.4014485026718 52.96399303237324
1.0688724539727545 10.169395679435377 462.4827213845088 54.9297694705335
1.089424943614177 10.195110005634543 421.6510591525446 56.972440657260414
1.1101582422408984 10.22023677397022 384.5045629688634 59.09504943233049
1.131042246499571 10.2446568635077 350.7293211109985 61.30144096025738
1.152071333436538 10.268398896254753 320.0135420500732 63.594691428330776
1.1732373124385176 10.291431177298978 292.0648785169264 65.97901402123952
1.1945298210518749 10.313742319081229 266.6369811753683 68.45772833313657
1.2159357445907901 10.335316069398933 243.49225765940233 71.03543401781101
1.2374441009975368 10.356129822367278 222.42735054111228 73.71631257157892
1.2590416884944662 10.376172065066896 203.2427616898556 76.50468760752129
1.2807201774929309 10.395420752417932 185.77394209169506 79.40529473040509
1.3024643000083909 10.413861389711554 169.86013306680965 82.42321313295886
1.3242578099922313 10.4314776113192 155.3599792351262 85.5636167132483
1.3460920526476967 10.44825829435491 142.1498362887299 88.8317384946146
1.3679538284016342 10.464184596073885 130.10465380067498 92.23355129655249
1.3898277488303856 10.479241145730892 119.12371416961506 95.77521400665367
1.4116954687166192 10.493415211228807 109.10838505834471 99.4626803305531
1.4335496760070836 10.506683744546743 99.96988361680748 103.30294086734625
1.4553728774845582 10.519041593110057 91.63189024109867 107.3026613001802
1.4771458703391973 10.530471542045643 84.02171666573321 111.46958451193797
1.498859228692017 10.540953233608652 77.07196710927566 115.81131611899502
1.5204936392517345 10.550485671510707 70.72543704732666 120.33589940630094
1.5420351432258756 10.559056995167388 64.92751194710823 125.05195809252241
1.5634678297142428 10.566649869564461 59.62925698877831 129.96850810116894
1.5847777932495608 10.573252736758484 54.78619756093474 135.09521672428616
1.6059457652069915 10.578860486604242 50.35707849325326 140.44233123975496
1.626959630362714 10.583455652092669 46.306160361373195 146.0201660908461
1.6477996070018164 10.58703816872543 42.59973530648332 151.8402057067754
1.6684514466517526 10.589592668754877 39.20710105124377 157.91391370327972
1.6889001750904502 10.591109559672457 36.100976366570976 164.25417210730365
1.709126734841067 10.591585311658568 33.255694227227075 170.87408213122285
1.7291180003678623 10.591012346797026 30.64906049573732 177.78759995628644
1.7488566278823694 10.589382274120165 28.26013929345717 185.00959933043092
1.7683224857675996 10.586670966171518 26.06969791924556 192.55564470672007
1.7875104289263757 10.582911954905951 24.061055716892582 200.4421156562301
1.8063967139953483 10.578075500650929 22.217724175467296 208.6868691188324
1.8249678929729352 10.572165030520262 20.5260524871056 217.30847146225094
1.8432220694166608 10.565202411300078 18.97255005781065 226.32644714474296
1.8611157779349945 10.557105037480135 17.545792874227626 235.76185468175774
1.877599730078124 10.547461896779216 16.294031669373865 245.86130075783387
1.8912778354713802 10.534398322377873 15.247920247176994 256.9340086440365
1.9020902660624595 10.517071816141927 14.368288851367364 269.0759873860389
1.9100751957374074 10.495105893155532 13.625434457370703 282.39508392835995
1.9153161856024672 10.468337896577353 12.995978518819584 297.01346041838735
1.9179150283058954 10.436748882321016 12.461776480918704 313.0702939406801
1.9179787334105485 10.400426379159061 12.00957383014902 330.72520737886464
