M[M_sun], R[km], Lambda[1], P_c[MeV/fm^3] 
0.30524509162190194 8.220380148807509 90241.98976637486 7.568303719208761
0.3116207442985734 8.254221192689574 83356.90073114556 7.820509955921213
0.3182127603476732 8.288281145368604 76894.4686187293 8.081938039789359
0.32502117479231146 8.322548173060433 70843.50194693328 8.352930008819849
0.3320533912983799 8.357070677385202 65188.98612852408 8.633842321606437
0.339305189562076 8.391761396307343 59919.5321221745 8.925046533068524
0.3467871289825846 8.426721758578813 55021.43006538387 9.22693001137709
0.35449483014082944 8.461856513855336 50473.56224520057 9.53989669897661
0.3624336911419366 8.497179066957047 46261.375547205644 9.864367920768071
0.37060634583406343 8.532680955244908 42364.665659649036 10.20071903299332
0.37901624698697073 8.568397021867442 38767.232782428124 10.549347017413316
0.38766485474147905 8.604234807953306 35449.20794660064 10.910825849689633
0.3965539805216904 8.6402291311771 32393.831087271672 11.28565352199536
0.40568690864897083 8.676370277729301 29584.803942871462 11.674100010417483
0.4150665846759604 8.712607708657188 27003.678160042233 12.076902815789994
0.4246965178962419 8.748970555192429 24634.758708149635 12.494543829305378
0.4345781255911029 8.785443057913158 22463.025402258856 12.927455470127423
0.4447138527776293 8.821992093762187 20473.83605930627 13.376428630035269
0.45510669605584414 8.858609164782408 18653.36621574685 13.841767920036043
0.4657583946232796 8.895274728798046 16988.669172693782 14.324392337280605
0.4766710956779509 8.931992170744476 15467.195372323771 14.824682498051356
0.4878481121475097 8.968720596819681 14077.943525704455 15.34347744099226
0.49929081861504965 9.005465753702058 12809.834758767878 15.881467984709754
0.5110005194851829 9.042219434479954 11653.273435674475 16.439174144013514
0.5229809625264954 9.078955988157068 10598.90585279174 17.017576285355677
0.5352317160044756 9.11564497826727 9637.997905379669 17.617426961868087
0.547756063831081 9.152297840181447 8762.818539254115 18.239330816049858
0.5605539057496732 9.188852848775525 7965.923002918867 18.88426975916611
0.5736276861612704 9.225361290489758 7240.576852655774 19.55314122194673
0.5869777321178264 9.261778753731715 6580.753549631026 20.246837427954993
0.6006050190246662 9.29806250429669 5980.554631534895 20.96628982996733
0.6145103602994275 9.33421785417031 5434.742838399877 21.71247127705927
0.6286936202691575 9.370201792277905 4938.430079744357 22.486398325340932
0.643154990254729 9.406072869467922 4487.497758720837 23.289133700784785
0.6578952710549056 9.441721175442117 4077.546946654842 24.121788923342546
0.6729134654292587 9.477176218781604 3705.067634289777 24.985527102227746
0.6882092997167538 9.512414588406884 3366.7033704707123 25.881565913086455
0.7037799805627073 9.547428754391447 3059.3665608528204 26.81118076867748
0.7196277116477969 9.582184315781946 2780.1937923322994 27.775702452333043
0.7357487555466103 9.616648276580118 2526.6224136481464 28.776197350721368
0.7521421808918735 9.65083333476008 2296.3571708773693 29.814407327066522
0.7688047926595928 9.68471173245955 2087.2699863792695 30.891870192191547
0.7857339687262249 9.71827002540205 1897.382817926171 32.00969632912541
0.80292805539665 9.751485883668412 1724.9837142907515 33.16996870909166
0.820382946996952 9.784331918508384 1568.4184649654098 34.374021792168264
0.8380963482604072 9.816792767838086 1426.2564154465201 35.62390574814417
0.8560649931122492 9.84884181449532 1297.1524832897803 36.92106264000651
0.8742796991816861 9.880483808815583 1179.9348500940798 38.26780163229719
0.8927401439295375 9.911687142859014 1073.4627145239533 39.66588226537645
0.9114419132144042 9.942413835265988 976.7790784003299 41.11729804597908
0.9303728894732365 9.97266901642162 888.9625615781556 42.62441549821645
0.9495336753740312 10.002417736636314 809.1830801374131 44.18945885226613
0.968918668155572 10.031656747230135 736.7284628485494 45.81476470942605
0.9885183594753725 10.060371607059423 670.8814681111666 47.5027889377628
1.0083354895018632 10.088541191271052 611.0489142702827 49.25611402701131
1.0283444326009357 10.116117740856252 556.6797217102455 51.07745693782037
1.0485458279130633 10.14310673160932 507.26875752885627 52.96967748344845
1.0689326612708607 10.169477368964184 462.36097664412364 54.935787285425064
1.0894867238647248 10.195193259129324 421.52813912097605 56.978785284872394
1.1102234277267744 10.220310968818717 384.393323955552 59.10176709609752
1.1311082405889998 10.244734572266195 350.6343717730643 61.30855403259791
1.152139541469709 10.268473670292645 319.917233267159 63.60219377963766
1.1733063090981377 10.291505408016489 291.97911787754856 65.98695948789197
1.1946004645190218 10.313815418205685 266.5568819058536 68.4661113063889
1.2160078866200659 10.335385493586763 243.4188023875368 71.04428036836316
1.2375180540615602 10.35619899386951 222.35814643535315 73.72564981203251
1.2591182415186575 10.376235747773006 203.1778768592259 76.51458130856298
1.2807961837329402 10.395487766882377 185.71595468611625 79.41574114398345
1.3025406323541524 10.413930485900885 169.80726181025042 82.43424550012776
1.3243360009096288 10.431543784913364 155.31283778525417 85.57522965653797
1.3461732906261212 10.44831812887752 142.10325151615 88.84400883230661
1.368035522453536 10.464240587919454 130.06161900016008 92.24651912121736
1.389910053356801 10.479296064459398 119.08278575934548 95.7889220636042
1.4117806671535176 10.493465546481971 109.07126673230658 99.47712667383315
1.4336354132573907 10.506733030019035 99.93455869910305 103.3182195827324
1.4554588340141086 10.519088628978574 91.60046305854038 107.31877291448389
1.4772325260178296 10.530512072808799 83.99198049081747 111.48658025442515
1.498946735392362 10.540994126244676 77.04481455839222 115.82925061632578
1.5205818973175182 10.550523441000626 70.7000801778079 120.35485316752404
1.542124715820283 10.559089446184144 64.9042118659823 125.0719488470235
1.5635579233014405 10.56667977822447 59.60783018296168 129.98962449417414
1.5848685094067265 10.57327767373195 54.76571531777154 135.11752970162777
1.6060378602572105 10.57888123420253 50.338893435001346 140.46591662688675
1.627049365657254 10.58347643408287 46.28979364543198 146.04503691933598
1.6478909624668634 10.587052177968822 42.584337439000045 151.86651391690657
1.668543647017079 10.589600875064948 39.19210013568536 157.94167877502915
1.6889914761331477 10.591115609407387 36.087367637078216 164.28348761474584
1.7092179053682353 10.591586696953122 33.2435286939141 170.90504816628777
1.729209249933362 10.59100816184778 30.638027166840484 177.8203236411307
1.7488291809150194 10.589324628777947 28.261638718760686 185.06225954745815
1.7667194858016806 10.58532162975104 26.20328820744646 192.83930692681432
1.7824314407068078 10.577869804432243 24.433337281472056 201.2445140909616
1.7959545833779926 10.566481798605315 22.89969289543274 210.3285205822567
1.807341163700793 10.550952350462685 21.56067640232886 220.14762456216891
1.8166555814915482 10.531208513999035 20.385036834726137 230.76449169982658
1.8239714842937917 10.50729617920569 19.347385130596326 242.24923551809704
1.8293295731452681 10.479146383724366 18.42841767789861 254.6805648175936
1.8328104062699548 10.446922214627895 17.61200635388268 268.1469987162092
1.8344610433378308 10.410637047492457 16.88478995765451 282.74841515395065
