M[M_sun], R[km], Lambda[1], P_c[MeV/fm^3], rho_c[fm^-3]
0.23848912294887037 16.21570186450063 2784644.0411725277 3.4469561053153734 0.1694538074003404
0.2484765558744149 15.872750852941705 2285492.465771841 3.6326323991714164 0.17193332872069536
0.2587534980471753 15.569326844870387 1884525.3086087934 3.8171483994269573 0.17421970607932186
0.26932193258347453 15.299788420083802 1560254.3073445752 4.013247584852351 0.1766239186644166
0.28016846259658795 15.059861209179255 1297407.241995963 4.2173647437924435 0.1790556481957186
0.2913057494324653 14.845699293527693 1082737.8209880397 4.4242416767615085 0.18138754437367266
0.302721945980453 14.654038089288884 906811.5772925576 4.6461183727327064 0.18388851638580936
0.31442360255025914 14.482431527222381 748835.54353574 4.868616771131661 0.18625502220071175
0.32641437637057513 14.32852814354794 642446.2384014474 5.102125336688073 0.18869295787999862
0.3386810036773555 14.189988177005764 543179.6900346318 5.349342883344899 0.19124877020032896
0.3512375426871379 14.065737509178442 460630.6867657972 5.595190623838487 0.19362901766510515
0.36407452042408367 13.953793687069544 391629.477310838 5.858077191743027 0.196174231566694
0.3771906647248334 13.853046154558308 333839.1951082521 6.128606128199885 0.1986992859901778
0.390595135922227 13.762311284986922 285250.0814235374 6.404916167375709 0.2011634376045764
0.4042840362502919 13.680706708512812 244316.90626726372 6.700126878855918 0.2037961466927135
0.4182522549888124 13.60714425315505 209705.01400060003 6.996867374093526 0.20629630366698945
0.4325161306964897 13.54092897201474 178188.4192239202 7.306678072441646 0.20885057940567825
0.4470554644248861 13.481534551708636 155452.08177920544 7.637422653561401 0.21157744734071546
0.461882621604749 13.428272442672707 134232.84796980905 7.963574637229209 0.21408374360780774
0.47699353284964 13.380524877585932 116132.41562914258 8.310427198077097 0.21674338031564117
0.4923824686936815 13.337797966637494 100649.52106557261 8.675198098393508 0.2195068605838215
0.5080543981640542 13.299626707587706 87378.42605112257 9.039438074422327 0.2221078141544763
0.5240006159264882 13.265677100469958 75981.27237558125 9.427426776465134 0.22487835189433197
0.5402204202580425 13.235644091156788 66187.14799861744 9.82922928682208 0.22766924082092188
0.556736101610878 13.208987959717417 57730.246679822914 10.236477503758078 0.23035812716617116
0.5735216659271909 13.185756195078035 50436.65250199882 10.670045427947937 0.2332207913169522
0.5905781161966734 13.165312626853886 44124.59998934096 11.113563788335352 0.2360433754916605
0.6079196429838439 13.147557636337876 38652.10993831816 11.568501855730293 0.23883759739703764
0.6255240751318275 13.132240531598857 33906.92893300701 12.05260805450287 0.24181096947136194
0.6433870147101421 13.119118218257322 29783.74505850153 12.542688531942579 0.24469170529746664
0.6615307012118249 13.108106185812712 26191.705890538466 13.050839213207519 0.24760963654237875
0.6799340406283868 13.09892603129802 23062.865534326498 13.591348250090943 0.25071337774558533
0.6985902957604048 13.091546498288425 20333.05139658742 14.133193310436656 0.2536658154185919
0.7175056257966175 13.085595715840462 17946.07624463863 14.700967238876638 0.2567190705968847
0.7366676745375887 13.081060392148153 15857.334374269776 15.304696368600228 0.2599656780920184
0.7560641425058483 13.077738364843473 14028.137963296713 15.903852662885722 0.2629721212188419
0.775714784270058 13.07564648763278 12422.722055896738 16.53833172304094 0.2661454289807903
0.7956031635501336 13.074519047787668 11012.236918003211 17.208444396637493 0.26947827603285995
0.8157251405366723 13.074222782304924 9772.085290067618 17.87635552467526 0.2726106693749876
0.836071238130253 13.074785409958945 8679.903254789604 18.585624305073708 0.27593702330477793
0.8566349816526952 13.076040832197672 7717.756459749739 19.327215057473225 0.279367766002118
0.8774123223768802 13.077913056791214 6868.457028351808 20.074726810083913 0.28266888451499667
0.8984027163092897 13.080261044944717 6118.611944185867 20.868419818048984 0.2861739460380901
0.9195821116896868 13.083118930438294 5455.871486058083 21.68915277610333 0.2897164282257295
0.9409548931510376 13.086282376471065 4869.278837023013 22.526827563030732 0.2932071431562548
0.9625122368110842 13.089727014389966 4349.656219894112 23.416206422368738 0.29691331661597214
0.9842281948862301 13.09334923105765 3889.127301889504 24.324482851779234 0.3005566439994005
1.0061303382594933 13.097176322879513 3480.1748414958083 25.26423965312913 0.3042290841370402
1.0281716599199051 13.100925520601187 3116.849662555209 26.262013376750012 0.30812824641566816
1.0503615289528472 13.104746638489667 2794.042323749625 27.259199386521807 0.3118183110990356
1.0727177248358455 13.108578406884725 2506.2278369476567 28.30280179267265 0.3156306742630466
1.095189798392942 13.112315232436833 2250.2317556071016 29.410454868656856 0.3196770196532998
1.1177249681214418 13.115835469410419 2022.5949923265896 30.587727000323074 0.33818061262397575
1.1375425625952091 13.116569708705473 1840.6367427114767 31.844474862162816 0.46498945136568615
1.15311034148161 13.11107025030737 1703.411672332593 33.215844702713845 0.5846152013724599
1.1659436896574 13.099213063232236 1590.9286235837606 34.749778284225606 0.6805543079620603
1.1766098501835918 13.081472199213186 1495.3351474284675 36.39037575770295 0.7831646541828201
1.185343553043889 13.05796391980044 1413.1041935014425 38.17408926555154 0.8745639441432407
1.1927767516649268 13.02914079023752 1338.7351010991702 40.10398322949423 0.9614401822251526
1.19906268316637 12.99557293194843 1271.0679298825016 42.17652477812812 1.054548822178124
1.2044092226478544 12.957238874814777 1208.2262221149108 44.36814123072791 1.1284336942579238
1.2091618026111581 12.914759113516949 1148.4022001081016 46.72525353214858 1.2078978453239548
1.2133612671307688 12.868286512145946 1091.4191622934368 49.217303016756276 1.2837700527534115
1.2172286758864157 12.818092767323412 1036.1821771920274 51.84224050344407 1.3533383400431
1.2208664142502628 12.764431822627433 982.5009859540197 54.66911463263377 1.4282585210183085
1.2243720394280488 12.707784502776175 930.2532480662396 57.5658193453027 1.4937511219350252
1.2278567152587179 12.648179760996086 879.1482666145619 60.67886234673953 1.5637171149195281
1.2313358451141816 12.586053642519136 829.3500934569197 63.93146480181514 1.632989636301893
1.2349171315838003 12.521512395132037 780.7199682971759 67.34264231596092 1.7021600669034316
1.2386182822695653 12.454993979700195 733.5237033416184 70.98039909479874 1.7761602755967776
1.2424739759389458 12.386640486394384 687.8427175095908 74.71476187198326 1.8533222763993318
1.246461104901313 12.316545602163696 643.7631918592854 78.73362054217444 1.9363627291987364
1.2506168665706388 12.24523263213399 601.5382656875374 82.86388024599604 2.0283513008501703
1.2549336751199511 12.172769008173999 561.145929088742 87.26999355959529 2.1277805767649065
1.2593668771004125 12.099048704841554 522.6614888545404 91.85343781437797 2.2015677270613105
1.2641459599316636 12.023717673226459 485.48130390727835 96.65691824662544 2.2549846733841585
1.2693038429334913 11.947196232682785 449.8020375015917 101.70452653416292 2.3015643233253535
1.2749929515398164 11.869872077002375 415.41476495040746 106.89183258252014 2.330191564685219
1.281182585775489 11.791557036373472 382.52899265205804 112.39622299745844 2.36051039709214
1.2879360830328246 11.713260663696559 351.3407161148677 117.99825020600277 2.3911058253673567
1.2951944847834806 11.635071616187085 321.9350570116388 123.97650520512545 2.423732086374149
1.3029711947510774 11.557169652186397 294.3535090919711 130.04913603883145 2.4566360424560374
1.3111855262757501 11.479991510917909 268.74922665388146 136.54130627930726 2.491800050827812
1.3198190437667312 11.4034220486538 244.9774255668656 143.1476325252147 2.527352259186168
1.3288178014462992 11.327764949399404 223.05502926060694 150.1992407141432 2.565277760483825
1.3381642707981312 11.253285455478824 202.9609605996633 157.41078849046534 2.603790433536515
1.3477559669821126 11.179586929430595 184.5354626239728 165.07808767910063 2.644686171543136
1.3575732930643685 11.107034018926448 167.7398656394139 172.9756800797622 2.6865382907204483
1.3675423719831368 11.035531306542767 152.4482716517654 181.32527462898074 2.7306872045222774
1.3776293774890833 10.965018691813064 138.56161620136209 190.001343621171 2.7763228179854726
1.3877774107918868 10.895544850356924 125.97226386926744 199.1107830491953 2.824041422582674
1.397922472832286 10.827098094090564 114.58573042754755 208.67127218333664 2.8739120959448035
1.408038071861821 10.759551652507483 104.27438324665049 218.63338087301753 2.925582546619729
1.4180615166394452 10.692877634839771 94.96982150837194 229.18454463451542 2.9801790666517167
1.427935892845181 10.626930154774053 86.56563059283812 240.12242798806216 3.0363245443319147
1.4376257635608554 10.56175976892518 78.98446846396615 251.69069622298423 3.0955125244615047
1.447099206875027 10.497268016947272 72.14361569823883 263.8472475581911 3.157399695344875
1.4562944383991183 10.433380008292556 65.97348947324197 276.5712355526371 3.2217641753488095
1.465184386949686 10.370011149635705 60.4048294941941 290.03272387242373 3.2895966000756367
1.4737354337518005 10.307022780083921 55.37614676449528 304.16453674234435 3.3603152515449817
1.481894283256367 10.244471511203292 50.8392249423466 319.034173528932 3.434277196340125
1.4896323751628926 10.182279734384776 46.72704136707358 334.76920866967157 3.512194379925044
1.4969268566179013 10.120202740803766 43.03946872188387 351.356761443799 3.5938274666441745
1.5037393112945892 10.0583354377571 39.688614069036774 368.8255585297285 3.67911915677637
1.5100273631581662 9.99661268000499 36.66236293895893 387.3321601541145 3.7689838576885095
1.5158034126282953 9.93480568749068 33.91557807929868 406.93877369519134 3.863646826122335
1.5209947062164548 9.873138993264025 31.43207850096413 427.6457539561144 3.9628469047641626
1.52559752521664 9.81136370157485 29.128424743048395 449.5752295962085 4.067142652230925
1.5296084762646391 9.749455474986913 27.140137035234982 472.8575229734125 4.177134665276279
1.5329746644044209 9.687430478425812 25.284481488476132 497.5884757568305 4.293144962120385
1.5356770578716044 9.625225483446458 23.602960639442006 523.8751289553078 4.415539349779954
1.5377540735013664 9.562796639416502 22.03632360370892 551.8064215845859 4.544512494268775
1.5391378241921376 9.500187605185001 20.684527245924965 581.519585982389 4.680540024653538
1.5398326460505245 9.437267695216025 19.419950189250624 613.1950294513363 4.8243886173821995
