M[M_sun], R[km], Lambda[1], P_c[MeV/fm^3], rho_c[fm^-3]
0.23848912294887037 16.21570186450063 2784644.0411725277 3.4469561053153734 0.1694538074003404
0.24849294942182926 15.872304569479338 2284774.8260149034 3.63295982131285 0.17193770111613463
0.2587909723556171 15.568266408581104 1883064.9046674762 3.8177914456596365 0.17422758994606027
0.2693753238768992 15.298413182534597 1558872.9266239393 4.014283898112882 0.17663662405825933
0.2802447116833684 15.058195980394526 1295738.7792377314 4.218723186385325 0.17907096042528836
0.29140248203338737 14.843867326365562 1081001.8388926375 4.426062004460486 0.18140806292614223
0.3028438145210848 14.6522622131255 905204.4235343193 4.648462513352979 0.18391493930534197
0.3145640852814911 14.480538626756182 760520.1392585617 4.871301940214775 0.18628305658778893
0.3265840550609878 14.326479124672007 630321.8435255027 5.105411660951937 0.18872726860071026
0.338872428674988 14.188109300699967 533247.8066201785 5.352981548484772 0.19128399901088042
0.3514536221716045 14.063766258922533 459331.898514299 5.599511931866508 0.19367085568426923
0.3643177439735139 13.95178899395329 390444.58315531525 5.8631628843701655 0.19622347020097258
0.37746116060970775 13.85110016175486 332776.53921391274 6.134061991025123 0.19874794174379737
0.39089466830662334 13.760386645236608 284268.7373724207 6.411228344334566 0.20121973002554644
0.40461380367586885 13.678779088166685 243403.80503141653 6.707393560192791 0.20386095144827354
0.418612655228387 13.60534456703343 206306.01696523893 7.004518231705427 0.2063593821858477
0.4329026657865997 13.53917387747702 179621.4347233119 7.31538686064946 0.20892238017482923
0.44748301906657295 13.47988752422185 154773.1982236785 7.6472645048464996 0.21165830371170838
0.4623387886209505 13.426665446294805 133634.30998729225 7.973858547612422 0.21416259978084104
0.477484322136915 13.379000629731351 115590.07215002082 8.322003181841513 0.216832144000343
0.49290966332653097 13.336344941907955 100157.60153486337 8.687207558555379 0.21959261736601274
0.5086188177672512 13.298425826897976 86064.42569698142 9.05286504178541 0.22220369302830786
0.5246030978767791 13.264471223243692 75586.52201023183 9.442417996638392 0.22498540073631582
0.5408688956695721 13.234485507471057 65825.03332500943 9.84467733785175 0.22777123771556002
0.5574146936602725 13.208041990688258 57413.15339189164 10.253632553306947 0.23047139464424898
0.574246345841077 13.184772995759792 50146.79406076578 10.689079911857775 0.2333464678988145
0.5913407572993998 13.164462681256753 43864.468152907735 11.133079325785713 0.23616323959217697
0.6087234044081193 13.146773946656749 38419.48518776247 11.590059396103955 0.2389700034449269
0.626366905040909 13.131555425112674 33697.90938076158 12.076409466754498 0.24195715734232479
0.6442798898745296 13.11853749244816 29593.383078777795 12.567010436051048 0.24483136789470492
0.6624666441540458 13.107615693178664 26022.12616809751 13.077592296974695 0.24776325959534343
0.6809104317696194 13.09855356632025 22910.253757712937 13.620768371305715 0.250882315610055
0.69961415249154 13.09119423024282 20195.562226340884 14.163189609730066 0.25382712320600453
0.7185767830098125 13.085229982840016 17820.42160004307 14.733848102553264 0.2568958903877533
0.7377792119010755 13.080872330318813 15745.835090921986 15.340047111814409 0.26015228263976176
0.7572270690262844 13.07762294253878 13926.758479727361 15.940525944982802 0.2631555403701474
0.776928355042129 13.075497861129067 12330.2539517712 16.578416578990613 0.26634591090763365
0.7968659193656096 13.074461137916522 10856.577098700574 17.249280355872525 0.2696697899655639
0.8170292401829096 13.07422241414755 9697.337568474939 17.920876910166108 0.27281946735070567
0.8374305533648218 13.074888454100854 8612.078670900333 18.634170521253573 0.27616469707448144
0.8580428162556714 13.07617435825337 7656.46305075935 19.376633928248474 0.27958600678379397
0.8788689707815257 13.078030921164093 6813.02251511825 20.128492415083077 0.28290632109495545
0.8999096167625072 13.080532457997434 6068.832471245628 20.92692822392815 0.28643232750317366
0.9211337770078227 13.083328032308733 5410.7026079821135 21.748696356152436 0.2899645551445983
0.9425575544056438 13.086510355943142 4828.381531081725 22.59149489948004 0.29347662152707804
0.9641688918575434 13.089981039595184 4312.252995536925 23.486460345207746 0.29720607511987984
0.9859306704999327 13.093596725809382 3855.3643139360693 24.395953453852105 0.3008359412679456
1.0078792979908342 13.09740699989367 3449.452182321877 25.34174637430082 0.3045319697276089
1.0299815339438025 13.101230906996122 3089.126823700466 26.346097642231296 0.3084568361434082
1.0522388955975743 13.105185632229478 2768.5537049102827 27.353839269318037 0.31220646954461684
1.0746037838437403 13.108922667343824 2483.641440496911 28.416654803700542 0.31613877802273926
1.0971191919313101 13.112602763591918 2229.5276595831865 29.53476069778799 0.32024426464350647
1.1197303806898717 13.116063227006173 2003.3238090282691 30.662295420987355 0.32420726157546104
1.1424568297803332 13.119357889592282 1801.3847227187932 31.85895114447115 0.3284132011915075
1.1652664510067448 13.122374088828616 1621.3348795710535 33.096559063098546 0.3326701133176632
1.1881554473707705 13.125001994575165 1460.246251969993 34.36856883875144 0.3369269062278664
1.2111079519169672 13.127386875122633 1316.344738563378 35.71889390988634 0.3414457820252842
1.234110847604503 13.129192365571134 1187.4034012969748 37.08934712900328 0.34583886362476396
1.2571416512079006 13.130532043686312 1072.0394754193192 38.52721455718572 0.3503959328554977
1.280197269960642 13.131457425999393 968.6733041926069 40.03929098296496 0.3551517604515968
1.3032705187802365 13.131693361068027 875.8473473042594 41.573986551660134 0.3598040147046268
1.3263381961656484 13.131483091518778 792.5967758709712 43.20300623201387 0.3647422017241142
1.349373031257427 13.130515136633507 717.79474481058 44.8785048605631 0.36969417717314507
1.372378404623529 13.128945432809358 650.562379223572 46.62120085766618 0.3747592839063051
1.3953247153422148 13.126563729805905 590.0347330886826 48.462127944567406 0.3800879409830294
1.4181947955290521 13.123464901583116 535.5914465906578 50.33134495759873 0.3853058550604509
1.4409880958652508 13.119580245467949 486.5132970911238 52.315911636927964 0.3908457674095581
1.4636509774548787 13.114841522784083 442.3296883341007 54.358442317141105 0.3963884498327483
1.4862172820869317 13.109241125848579 402.4148534036782 56.49176922939135 0.4020894561233611
1.5086405693409926 13.102773282616456 366.3869593420304 58.731379433946216 0.4080212999048445
1.5308956653139527 13.095310065347498 333.8598052709801 61.03029448452152 0.4139502780343829
1.5529767995141066 13.086949377924265 304.4404911757834 63.47243556644775 0.4202486408470342
1.5748487572277379 13.0775605827848 277.83939202562283 65.96479510124615 0.426480969391525
1.5965273063208871 13.0671526669671 253.7496552734138 68.60339670175705 0.43306104279162455
1.617963546169258 13.055695148593358 231.93199209226563 71.33298372973766 0.4397267077103778
1.6391455556352776 13.043107144759931 212.15890181777758 74.19137998484356 0.4466259781892783
1.6600469753231222 13.029448208295532 194.23176985067846 77.17753977128828 0.45372794309230446
1.680639213290999 13.014611280069916 177.9577056809308 80.28171991091011 0.4609686693165418
1.7009392423332428 12.998644908817095 163.17151618723517 83.54727244119043 0.46852612587153497
1.7209040772226303 12.981467559552033 149.73493058879038 86.92683378975327 0.47618979946903983
1.740516638457334 12.963140998755716 137.52463049996524 90.49674055346985 0.48424449870503145
1.7597423548463165 12.943472222025223 126.4089059691692 94.18572520595579 0.4923892922579378
1.778576201677381 12.922497896569459 116.282906546549 98.08899974895083 0.5009710398030124
1.796988563629439 12.900289735090572 107.06500656981348 102.1260714433405 0.5096523227526196
1.8149855138094138 12.876825004307024 98.65747170916725 106.39634452476407 0.5187884957071733
1.832506684610887 12.851967329132952 90.98891012606981 110.82537442439998 0.528059744526193
1.8495604940494823 12.825875914385323 83.99571576244331 115.501731573219 0.5377884176032448
1.8661206531806616 12.79820889576029 77.59434872785327 120.37315038438823 0.547757517444382
1.882158341560351 12.769244535385347 71.75288178551733 125.50024173902364 0.5581563323345339
1.897677396961589 12.738966342094589 66.40841951181908 130.87233946254443 0.5689159309102244
1.9126308763539246 12.707181924194066 61.517599145710015 136.50233216519126 0.5800424339479009
1.9270001056647665 12.673987091652997 57.040847217989864 142.4421495997773 0.5916838737600015
1.9407795146197873 12.639312369219436 52.94198673319924 148.6358479328489 0.6035966460236734
1.9539275335361392 12.60307635899484 49.17790919199637 155.19258625444903 0.6161318973581258
1.9664842245456404 12.565521063377691 45.731129702768776 162.04929940514654 0.6290404359031788
1.9783731393899489 12.526464669070268 42.56717045502847 169.2793397954242 0.6425246508454923
1.989597014509008 12.485830508749956 39.65810703714795 176.91570438027853 0.6566471725051898
2.000133994225847 12.443744925482255 36.98831341656351 184.90907416439117 0.6711795296949773
2.00997727769005 12.400185378695992 34.53339387576822 193.36990745082005 0.6864374534261739
2.0190785145329313 12.354979787945696 32.276281158109754 202.29977650368787 0.7023635764274073
2.0274737582301237 12.30841846591955 30.200480313534186 211.68825661846935 0.7188779982690122
2.035108921132925 12.260251994606138 28.287813556934005 221.63118345308874 0.7362233609532673
2.041995655871153 12.210612083447405 26.52590694818998 232.15915381062698 0.7544263719103167
2.048103426557504 12.159463960372738 24.90192122874962 243.24040862645958 0.7732826352520632
2.0533993432887434 12.106803171924787 23.40621655227491 254.98999311599442 0.7930855473826157
2.0579161587001025 12.052659479056272 22.02670804295657 267.45083330514535 0.8138845688948528
2.061594220923315 11.996955731342803 20.754904385749303 280.6638141370984 0.8357185726477648
2.064520496347092 11.940005170026492 19.57953880874059 294.64216243743476 0.8585181939945499
2.066518380329096 11.881311338812813 18.497429350724314 309.49549035684146 0.8824888247438067
2.0677387659279325 11.821344234050203 17.496737802947507 325.2871698853519 0.9077026934542046
2.0680823197562814 11.75992076142599 16.574376138432665 342.08697571068404 0.934244488074251
