M[M_sun], R[km], Lambda[1], P_c[MeV/fm^3], rho_c[fm^-3]
0.23848912294887037 16.21570186450063 2784644.0411725277 3.4469561053153734 0.1694538074003404
0.2484710322715502 15.87293912067464 2285615.577735107 3.6325188997693107 0.17193181304962327
0.2587424007549968 15.569645428281136 1884874.6245422948 3.8169255076229347 0.17421697338423606
0.2693042046733694 15.300162801932045 1560796.7498388232 4.01288840994533 0.17661951511307172
0.2801434888834356 15.060338478049337 1297894.275299843 4.216893954234902 0.17905034150272922
0.2912734149406434 14.84628570497167 1083322.7316616166 4.423610867198809 0.1813804339511274
0.3026833119443134 14.654748453797568 907446.0981263164 4.645306113951124 0.18387936068574603
0.3143719607245112 14.48312183239434 762666.9974861769 4.867686396341258 0.18624530866454564
0.32635680430724345 14.329212750795511 632280.0699271653 5.100986768811479 0.18868107071327725
0.338613046517334 14.19077381672824 543693.6995747136 5.34808230649007 0.19123656555343313
0.351164579701605 14.066417690346407 461074.5831254254 5.593693682368306 0.19361452458441966
0.3639921827520839 13.954567683534076 392042.4356045839 5.856315617385583 0.19615717636460062
0.3770977790699655 13.853702395604055 334215.6363621784 6.12671640959652 0.1986824333518838
0.3904905985154694 13.762924306150937 285596.6549993955 6.402730045868859 0.20114394162514532
0.40417205190573835 13.681291543342958 244615.15839040073 6.697610409823956 0.20377370465171424
0.41812939263324894 13.607625098086848 209970.84196551156 6.99421794520749 0.20627446009618616
0.4323778893573376 13.54160631084488 180615.84233519915 7.30366256501709 0.20882571765140234
0.4469088334993433 13.482088085731133 155678.23538538776 7.634000661562395 0.21154923426999953
0.4617231235640899 13.428837592880495 134441.77234273913 7.960014141618438 0.21405644202236943
0.4768203849983092 13.380992505605839 116317.97116484962 8.306419733510536 0.21671265140927096
0.4921989862593648 13.338255503156487 100819.42294741966 8.67104064818897 0.21947717319181084
0.5078527579095381 13.300121892609976 87533.28810250116 9.034790340290298 0.2220746257581395
0.5237917355286569 13.26608244558166 76120.6734846624 9.422238071180308 0.22484130054789608
0.5400066777785756 13.235990242235362 66303.69570713483 9.823882530370708 0.22763393846767493
0.5564977484585766 13.209367398976358 57843.65298705016 10.230540497198946 0.2303189276431171
0.5732751231596479 13.185964910467545 50529.1807165075 10.663458629215423 0.23317730149321764
0.590315304061049 13.165602313626959 44214.1811818018 11.10681056322936 0.23600189729742813
0.6076420158785405 13.147810993965157 38734.32817792421 11.561042731724422 0.2387917835837169
0.6252304048041961 13.13247140611349 33978.990570479335 12.044373347916997 0.24176039204296965
0.6430858542212168 13.11941473104952 29849.33257381063 12.534273753993563 0.24464338548918593
0.6612110339076643 13.10830406998845 26252.48761444205 13.04158422473632 0.24755649203027422
0.6795886361629543 13.099099643310097 23117.929575919232 13.581171659735709 0.2506549411596296
0.6982410324577082 13.091678417464232 20380.452687836016 14.12281737858318 0.25361001791526466
0.717136699563636 13.085673730512884 17988.200663155734 14.689594669647011 0.25665791358675877
0.7362822571674714 13.081182884533705 15896.42328496532 15.292232180824886 0.2598986508053432
0.7556597962137478 13.077764814254659 14063.49251889466 15.89116961918713 0.2629086877605272
0.7752941823665047 13.07564551162307 12454.566581059526 16.52447026415142 0.26607610175181085
0.7951626412850225 13.074484128372756 11040.963843290809 17.194323071444913 0.26941204934017826
0.8152703711944539 13.074238631655271 9797.738570175461 17.860961351657767 0.2725384732353467
0.8355999964774345 13.074756666434334 8703.420003405434 18.568840249414475 0.27585830884413504
0.8561615878843892 13.076209457768769 7739.053797926225 19.306136770385812 0.279252418809618
0.8769218718461195 13.0778591432369 6887.539521183849 20.032546975924095 0.282353509485636
0.897925966171769 13.08028407235581 6134.989267924179 20.80303591803711 0.2856427750495622
0.9191262177773795 13.083160970802506 5469.766831526669 21.620944004921487 0.2891344759132599
0.9405137963452623 13.086368703126894 4881.308059477954 22.48991228671076 0.2928441559478558
0.9619613743341606 13.089790261943898 4362.802586416118 23.400624804108322 0.31300157033835757
0.9820582482890832 13.091790476801574 3930.136452431364 24.338508619766973 0.3705735445875101
1.0006062957279254 13.09098869578349 3566.8374873029347 25.340886637533636 0.4249754290031219
1.017708941875645 13.086914374430782 3258.2072229080727 26.407776239406157 0.48287853918365453
1.033489586465034 13.07921138801628 2991.6589431355055 27.54536256268822 0.534982785443965
1.0483390756983775 13.068096432892528 2755.861887571811 28.75883986568449 0.586397759518132
1.062288726164353 13.053618364076488 2533.244730134561 30.054013048861904 0.6412741840463853
1.0755183256857435 13.035812217149761 2356.969387293118 31.407589152354884 0.6867952213485093
1.088221049116838 13.014921126613645 2184.0897768137547 32.85302782342202 0.7351533339985157
1.1004272120099543 12.991212903206824 2025.982183866145 34.38051821513499 0.7830679939103035
1.11230944810221 12.964728495776896 1879.6620736072146 35.9703316803631 0.8252528769108968
1.1239592721332263 12.93575776285287 1743.7119505068986 37.67077269144651 0.8703732049687998
1.135374132771376 12.904465782195096 1617.533033731767 39.43429869563681 0.9125651648799757
1.1466957168006877 12.871009590001696 1499.5661111804022 41.28864666192433 0.9542506319996797
1.1579272292932468 12.835660655750738 1389.4293019210868 43.26893266258899 0.9984972514676976
1.1691206021769822 12.798346260025507 1286.4453864136651 45.28375555365773 1.0373781704688
1.180292675379239 12.759421820501279 1190.277067135234 47.4394539214435 1.0789776251902166
1.1914904259739043 12.719054662578163 1100.38419197579 49.685064693384966 1.1199112672577198
1.2027188230766168 12.67710511819738 1016.4600142203583 52.022638929526146 1.1599688225569875
1.214001707967819 12.633974657342053 938.1304131106417 54.522662658141286 1.2027531289054263
1.225345954943317 12.58966565777218 865.2330287172427 57.05767578681608 1.2424266446152732
1.2367443910997649 12.544294896228687 797.3782566418947 59.769751258378975 1.2848712251226684
1.2482079046216628 12.497952240324294 734.3279933623757 62.58220450524495 1.3270381539632392
1.2597800563110186 12.45082776111636 675.741487146301 65.5248881499312 1.36978206292426
1.2713681032227409 12.402746862138084 621.5593193148359 68.63831826530955 1.4143691409543697
1.2830238379465015 12.354048343882427 571.3193172876257 71.83580713883927 1.4577960438232567
1.2947284719606393 12.304595977413495 524.9267928629474 75.25692734945264 1.5042602102255271
1.3064827338967901 12.254738597458127 482.12585932229126 78.75462085356973 1.549581935835894
1.318235464702475 12.204095483713582 442.666943483567 82.47739366439745 1.5975629474823003
1.3300013791668313 12.15304497669315 406.3255043586248 86.33979276709847 1.646055465789826
1.341739500756167 12.101391752921735 372.9050818354179 90.40021941427283 1.6962650765030554
1.3534829820961916 12.049541240230997 342.234566742669 94.65842996674559 1.7482023588785789
1.3651297369355477 11.997019544840153 314.0486052647382 99.09839401239523 1.8013944192911437
1.376714878215909 11.944115118175613 288.2057289772889 103.78778412596364 1.8572679580022675
1.3882041560537755 11.89078987737376 264.5188997339788 108.65539038512333 1.9145210987508519
1.3995773680318508 11.83720216425391 242.87786531642132 113.8179603858846 1.975573024290823
1.4107863388125497 11.783043507234545 223.03889944798442 119.1687610418079 2.040077390879936
1.4218336356363703 11.7286781772233 204.90889179315195 124.85602818581019 2.111345996195675
1.4326290948845148 11.673856367460013 188.37555171395383 130.76036588810192 2.197770981650198
1.4431471882957114 11.618545763697428 173.29872665093515 137.03295872547181 2.2825632698226173
1.4534486167722305 11.562819206797196 159.48641594208158 143.55834074464838 2.343280596727317
1.4635066113163822 11.506470338749581 146.83626407869798 150.47225848843345 2.4026472384328676
1.4733160844172228 11.449420406705554 135.2213931817003 157.6813846793775 2.451474883339018
1.4829442372821324 11.392058156048442 124.56184906183258 165.28992918090137 2.50275547424286
1.492301510927119 11.334131812584737 114.80381085469153 173.27183908365302 2.556177658477729
1.5013808901271202 11.275781548145687 105.87293929931049 181.6553772929302 2.611850353965252
1.510151320409905 11.216888631726691 97.68245936083109 190.52112955764142 2.670419646610383
1.5185843140192035 11.157662634408245 90.2002450113016 199.78242240423637 2.7309906389454204
1.526656957389357 11.097941567706822 83.35569204475341 209.622970579695 2.795113979315649
1.534321447084367 11.037784468255188 77.08393003513119 219.91960598971343 2.861463073217988
1.5415849907312713 10.977273485128713 71.3675024510564 230.82267821156285 2.931293129780411
1.548365797576554 10.916330935627554 66.14928777994862 242.36041079476874 3.0047034547932827
1.5547064107721462 10.854729731772645 61.36392470010546 254.48071594740242 3.08100203746254
1.560525111366057 10.79272000129142 56.99360013851559 267.35670100625106 3.1615795595986738
1.5658280394947668 10.730123997022318 53.001546602519674 280.9701415566134 3.245972922996279
1.5705847853152342 10.667090795841519 49.35169248945887 295.34813125273183 3.3342253728101094
1.5747705712757694 10.60349275595269 46.011865953982294 310.6329419201824 3.4274231145934895
1.578365309873134 10.539251265944516 42.953597154906205 326.85091195944796 3.5254855364844184
1.5813481689484008 10.474485799487375 40.159155399570835 344.0075101239189 3.627931891095799
1.5837168524293646 10.409113063344387 37.59907793011917 362.27268040637045 3.736134502483766
1.5854328795138206 10.343190529415205 35.259221559590856 381.72203863572696 3.850396057889912
1.5865142863798545 10.276649332750994 33.11191471980657 402.39572754693825 3.9705592528042017
1.5869136597411788 10.209455194065562 31.145309479652536 424.3930601675743 4.097002813054486
