M[M_sun], R[km], Lambda[1], P_c[MeV/fm^3], rho_c[fm^-3]
0.23848912294887037 16.21570186450063 2784644.0411725277 3.4469561053153734 0.1694538074003404
0.24847177242276178 15.87293568272841 2285430.255183681 3.6325490851074207 0.17193221614464338
0.2587467836732505 15.569451315544281 1884538.6899286879 3.8169847851689163 0.17421770013800483
0.2693092320433071 15.30005665752998 1560758.039479593 4.012983930122543 0.17662068620825852
0.28014972025127566 15.060223085950735 1297696.9297353104 4.217019155984391 0.17905175276437602
0.29128174721392774 14.846138574284565 1062430.0422511804 4.423778621971065 0.18138232486620742
0.3026942522363783 14.654595089975032 907271.3400702915 4.645522118980449 0.18388179547291672
0.31438720002991594 14.482921850305399 762447.0265198859 4.867933809481162 0.1862478917703082
0.326376060728906 14.328904433142409 642769.1974508675 5.101289541442624 0.18868423179731894
0.33863206000289087 14.19052929434706 543528.8028178874 5.348417521145994 0.19123981103306747
0.35118344961675213 14.066302245283982 460935.41378108476 5.594091744970351 0.19361837854499475
0.36401693075604663 13.95429283503518 391903.02745776327 5.856784042554216 0.19616171156113257
0.3771212712744366 13.853577043090569 334124.2539613172 6.127218906206338 0.19868691465063068
0.39051995060035827 13.762810943053985 281682.34931751434 6.403311349464277 0.20114912572991897
0.40420232312772636 13.68110110643545 244513.4030590205 6.69827954338251 0.20377967203003852
0.4181567034883719 13.607598660659564 209917.8259388948 6.99492242894277 0.20628026830656407
0.43241247360992296 13.541507385946574 180558.61723769645 7.304464375351199 0.20883232828394138
0.4469480485992964 13.48193461407867 155609.1439735623 7.634910538322014 0.2115567358706372
0.4617660731866743 13.428633334199418 134386.03216116648 7.960960841151802 0.214063701235979
0.4768667226351274 13.38082889624041 116266.53637369019 8.307485258821275 0.21672082176909946
0.4922491929970996 13.338126468505472 100768.9886146654 8.67214604850667 0.2194850666002573
0.5079139576609752 13.3000448639268 87491.3411303558 9.036026077738152 0.22208344987393927
0.5238497390505169 13.265963697421473 76079.40586786748 9.423617617001648 0.22485115156608748
0.5400673254888492 13.235951843739493 66272.70237720382 9.82530409472586 0.2276433244510249
0.5565604466479018 13.209302964771373 57814.131487837105 10.232118965552392 0.23032934959667142
0.5733380514476659 13.185884173352283 50505.86816353189 10.665209825235689 0.23318886389391316
0.5903855385976301 13.165512956557532 44188.001843803155 11.108606004106752 0.23601292486489053
0.6077113951531226 13.14772944019291 38712.26262702263 11.563025809559946 0.23880396361419845
0.6253090463428856 13.132415962549857 33960.88502935047 12.04656258048977 0.24177383827235607
0.6431624106642434 13.11931290264691 29831.849670047344 12.53651085901981 0.24465623151871008
0.661297965199408 13.10827422421464 26236.93009563158 13.044044657291737 0.2475706204636192
0.6796781433994636 13.099024681449157 23103.01670017127 13.583877047550102 0.2506704761887544
0.6983307126972025 13.091582900341587 20367.35195344538 14.125575762105747 0.2536248513698355
0.7172345213804215 13.085675477036421 17977.72132177346 14.692617945731126 0.25667417152481625
0.7363768149413411 13.08118128031504 15887.464129279077 15.29554558689663 0.25991646894340764
0.7557699876757873 13.077805066103684 14054.05303947336 15.894541209846931 0.26292555056260025
0.7754076809970764 13.07560290839108 12445.59135667869 16.528155045986566 0.2660945309601691
0.7952842510403437 13.07448961223477 11033.595713504095 17.19807694002095 0.2694296543664178
0.8153899623532309 13.074244523225696 9791.025564055675 17.86505350101391 0.2725576647428094
0.835727233884989 13.074779593660987 8697.32917202531 18.57330177417353 0.2758792326614879
0.8562799227467291 13.076018638153224 7733.243970492413 19.31467087613542 0.27931236910822504
0.8770412387876196 13.077819742719988 6882.565667310509 20.06108063032348 0.2826086210388976
0.8980195892261993 13.080270466141025 6131.6170287007935 20.853571380627514 0.2861083732206887
0.9191849482217102 13.08304939878301 5467.521423075361 21.674041424934085 0.2896534569868071
0.9405476965913814 13.08623059312465 4879.891469320703 22.5104175366464 0.293138760145325
0.9620939044812344 13.089667301878304 4359.067150361049 23.398380594664832 0.2968390337512064
0.9837962247901999 13.093302510414356 3897.783866806582 24.306348024627468 0.3004857755927812
1.005688243534593 13.097094476424738 3487.987970434602 25.24457527827018 0.3041522384686611
1.0277216375385179 13.100855759109619 3123.843141764722 26.240682477865022 0.3080448882009421
1.0498965264495514 13.104739597186922 2800.409220697639 27.24660527013331 0.31180971474522257
1.0722340629934377 13.10856955876931 2512.363522594175 28.300508903853018 0.31570905010486977
1.09466966440293 13.11219863461475 2255.8013399783104 29.416325247787192 0.31982799424816466
1.117217860795023 13.11568624584883 2027.20538374793 30.53420142823725 0.32375704386612963
1.1398882079835442 13.119031712939552 1823.1872061643264 31.720349112948796 0.3279260504063617
1.1626556412356353 13.122182580628843 1641.064249744319 32.95513461037522 0.3321968350306524
1.1854695182454804 13.12472300437461 1478.2372105935744 34.21573717162942 0.33641545358849845
1.2083739543741614 13.127131385384855 1332.6500354815805 35.553653850290246 0.34089280458153054
1.2313089820343714 13.128997555195692 1202.3662596610795 36.92066317946731 0.34530424936124965
1.2542955011024044 13.130463540284186 1085.6808962372313 38.34504106785992 0.349818565855877
1.2772996099490161 13.131331744470346 981.0334932449725 39.85290932505522 0.3545867657527233
1.3003208917727285 13.13184609983004 887.245415560202 41.37290267620888 0.35919445191323934
1.3233416729011047 13.131560366363203 802.8974338115794 42.98594291980921 0.3640841990961145
1.34632395681246 13.130631474822495 727.2303849499959 44.65620373290779 0.369048063943788
1.3692927270723916 13.129129851344006 659.1232829248198 46.38144263854313 0.3740624320330987
1.392198423633536 13.1269204059638 597.9244932841484 48.2131729391463 0.37938631496755265
1.4150383832317421 13.123961477238161 542.7987330740191 50.0660784555514 0.3845653643599856
1.43778354083524 13.120134168959817 493.1309240125534 52.02986003792482 0.3900472551689238
1.460430237902004 13.115558876575598 448.35071600871663 54.064525392011014 0.3956029995440643
1.4829609759690443 13.11012485103641 407.93756756599197 56.17502227960411 0.4012429959100201
1.5053525086502952 13.103742407644077 371.44496235488464 58.40521690335001 0.4071801159254295
1.5275920135179473 13.096492533215155 338.4933929383297 60.67898231433378 0.41304423230069537
1.5496478081552765 13.088253421844696 308.6976663576456 63.09379533269557 0.4192721151314284
1.5715191425784185 13.079032307080785 281.7380926768654 65.57442308855988 0.42550747021062446
1.5931767178543603 13.068815804674601 257.3322787675754 68.1828296592522 0.4320122440609602
1.614598908282877 13.05752741462213 235.22575913030627 70.89841987239903 0.4386778070945944
1.6357690536797076 13.045213767607509 215.20034187177168 73.72334518617963 0.4454962892373871
1.6566741763049893 13.031746374433556 197.016088408254 76.69295732516619 0.452597619249092
1.6772868690978187 13.017167636932305 180.52189421937578 79.75992296561196 0.45975153994401524
1.6975959875082014 13.001389421064752 165.53077932193003 83.00595731973101 0.4672986108255297
1.7175674820668574 12.984455336910832 151.908796667507 86.34401417205518 0.47486816661329656
1.7372035641374421 12.96634136082471 139.52241453114587 89.89089862983406 0.48290687931689336
1.7564426926854522 12.946883674427118 128.25308004831643 93.53344339564084 0.4909491397000379
1.775318675040099 12.926306872849285 117.98719458788838 97.40793430079323 0.4995035066919997
1.7937673582160611 12.904361095054915 108.63517582540817 101.39459934847167 0.5080793716865974
1.8118000597879633 12.881168700128578 100.11018973662483 105.63316873180288 0.5171909466209101
1.8293667584040396 12.85657042674351 92.33017073177518 110.0035049883962 0.5263393325600049
1.846471939251502 12.8306893036049 85.22484924830725 114.64272238550706 0.5360305009287187
1.8630945125892937 12.803440874273194 78.7352466917713 119.44784658853277 0.5458639323756713
1.8791873604699054 12.774759175680668 72.8101258484997 124.53139134402298 0.5562158536115828
1.894769107300913 12.744769318174866 67.38309348455311 129.82836389656168 0.566824986442922
1.9098009293754503 12.713360920182943 62.42225800162386 135.4073395630272 0.5778963594913756
1.9242657395815146 12.680557147490694 57.87851449056483 141.26174813938292 0.5893704066026975
1.938125926182161 12.646139976944363 53.713179623948484 147.39570674403126 0.6012181213834105
1.9513850973630706 12.610381516592287 49.89838200472854 153.8830987703989 0.6136605931962146
1.9640317708879156 12.573155353853586 46.39597478174171 160.64169807874146 0.6263904670947098
1.9760172116457533 12.534431735456488 43.18456423275391 167.79525556533105 0.6397800187039264
1.9873539801729418 12.494208351954471 40.231630714622476 175.31435693703037 0.6536856764031275
1.9980147208957832 12.452539679791872 37.52211021213965 183.21799253597501 0.6681089518065525
2.0079830930829385 12.409394635978277 35.02984886852151 191.58111475240736 0.6832472014336791
2.0172315170226964 12.36466286614445 32.736916376535014 200.36829821483667 0.6989188494532108
2.025758509342327 12.318513026995655 30.62782467491034 209.64194623753266 0.7152855926020455
2.033527014181143 12.270679043789409 28.684810694073963 219.4598376349426 0.7324690730537999
2.0405816928577267 12.221555832199867 26.89547898826127 229.81236648003042 0.7503687431326933
2.046822026164164 12.170756185125542 25.246988636115756 240.7462993704205 0.7690389803777224
2.052303701471993 12.118607589017943 23.72738000597263 252.33551393028273 0.7886379692892365
2.0569740278306674 12.064864375701923 22.32668541825882 264.6217530617994 0.8092096095169412
2.0608534607770217 12.009708631718828 21.032985149321846 277.6017750648432 0.8306586566874311
2.0638947167890183 11.952994862711307 19.839814114852476 291.3734614758455 0.8531890374322936
2.0661622447531824 11.894951989251133 18.73717466718585 306.00154296262866 0.876874547600058
2.0675223522080937 11.835366456272983 17.7219645478719 321.5476469372197 0.9017750901014073
2.068085174055517 11.774440873635534 16.78307968499575 338.07956071172964 0.9279713404782437
