M[M_sun], R[km], Lambda[1], P_c[MeV/fm^3], rho_c[fm^-3]
0.23848912294887037 16.21570186450063 2784644.0411725277 3.4469561053153734 0.1694538074003404
0.2484896550348716 15.872284427419672 2284696.908897573 3.6328992433690566 0.17193689215824315
0.2587843844360309 15.568398789731617 1883199.7773803342 3.8176724670108357 0.1742261312456369
0.26936472255671123 15.29866881692641 1559076.8732022673 4.014092145954304 0.1766342731410341
0.28023042801359593 15.05852081447832 1295970.580883695 4.218471819369847 0.17906812704133276
0.29138407070463995 14.844261825467887 1081344.4782780227 4.42572515266234 0.18140426596623296
0.3028201595720841 14.652612423206053 905519.5645686393 4.64802870699853 0.18391004948333334
0.31453984610603886 14.480716582832143 760761.9041592506 4.870805006242661 0.18627786837099705
0.3265522195310379 14.326835236940523 641156.5611116526 5.104803441471551 0.18872091851257308
0.33883698367960763 14.188481638250872 542101.0351141683 5.352308099230765 0.19127747881315035
0.3514151117707799 14.064011438895795 459582.70747159165 5.5987120961593675 0.19366311183878854
0.3642709758434698 13.9522436845772 390696.1994497749 5.862221517079772 0.19621435607569374
0.3774107362245722 13.851552382532793 332975.79687720136 6.133052080656754 0.19873893529483866
0.39083829051820784 13.760760068468095 284452.99203300587 6.410059862706192 0.2012093094273679
0.40455378104262063 13.679181080992523 243576.64595190217 6.70604831071213 0.20384895442243464
0.4185471533211566 13.605662241876397 209039.72614875782 7.003101835021238 0.20634770451394654
0.43283006486460085 13.53957255613971 179769.01799312176 7.313774521517869 0.2089090870292138
0.4474046066971533 13.480152937859401 154903.3110611386 7.645476339273722 0.21164384702972455
0.46225494485233243 13.427021663501 133748.74663668586 7.971954457467432 0.21414799937531928
0.4773969092699332 13.37932970825396 115688.09221772144 8.319859740677302 0.21681570827103058
0.4928120438880645 13.33670982218289 100252.76971433991 8.68498382825738 0.2195767382213845
0.5085130884369055 13.29867499895556 87021.35774988352 9.050378699602888 0.2221859386328458
0.5244923945731229 13.264660292265722 75657.9316011048 9.439641833732178 0.22496557679798165
0.5407478799912123 13.234769211344412 65896.655826841 9.841816555113478 0.22775234918684029
0.5572851755024546 13.208230246290169 57473.60709944979 10.250455474001233 0.23045041774414815
0.5741103061895473 13.18493427837276 50198.37406924873 10.685554557692717 0.2333231914883052
0.5912040704171491 13.164564022835787 43911.727418701965 11.129464863275032 0.23614103962464877
0.6085676772292763 13.146869209144675 38463.82836057642 11.586066501196223 0.2389454791520249
0.6262137432752359 13.131668828690113 33735.248553375895 12.072000695753092 0.2419300787454985
0.6441107300246844 13.11867255131282 29391.013109084663 12.562505251572432 0.24480549797257567
0.6622982649340584 13.107772353469192 26054.00464898003 13.072636484070575 0.24773480204948148
0.6807341928860864 13.098667580582688 22938.320380782192 13.615318173731508 0.25085101918090696
0.6994160910006338 13.091210766675669 20221.231095924984 14.157632685144971 0.2537972403460933
0.7183747074974766 13.085406073250892 17845.28547009457 14.727756428001083 0.25686313186197524
0.7375740035203763 13.080906449905052 15766.647584573131 15.333830979433365 0.26012119303827164
0.7570132544461544 13.077701442040567 13945.946881289066 15.933731273560861 0.26312155724144043
0.7767064885560042 13.075543888460283 12347.401134128402 16.570989359042827 0.26630876412661264
0.7966331517477658 13.074469425016508 10944.559020875415 17.241714008858345 0.26963430504247077
0.8167869308702327 13.074237550899152 9710.891424386118 17.91262718683612 0.2727807775050833
0.8371763178268022 13.074852754265413 8624.712326048653 18.62517442647338 0.27612250686951
0.8577907975958756 13.07622806729384 7667.83269519947 19.367476189981097 0.27954556490548915
0.8786049447406066 13.07804921744469 6823.489230232062 20.118528550102084 0.28286231924611
0.8996315241439928 13.080504014660047 6077.999399790001 20.91608470684567 0.2863844409851882
0.9208491178701206 13.083242113331599 5418.845267639695 21.73766108422347 0.28991856953170175
0.9422624224358029 13.086453252061109 4835.7735171592485 22.579509247427126 0.29342667553941537
0.9638646122086318 13.089935144973776 4319.280808424518 23.473438377876914 0.29715181065293406
0.9856192706117872 13.0936177506302 3861.7705646259856 24.38270610367932 0.3007841724481594
1.0075517602487305 13.09736763085339 3436.605714478389 25.327379235668275 0.3044758249287615
1.0296494045348508 13.10121456549864 3094.035882681183 26.33051016816899 0.30839592244179026
1.0518831231212886 13.105035110611357 2773.2772460569804 27.337983086538312 0.3121478032944932
1.074254047529959 13.108793279292783 2487.658913779303 28.399479297527684 0.3160752304113668
1.0967541068970812 13.112550522063227 2233.4789697210585 29.517246850858285 0.3201827079391132
1.1193807449815134 13.116235394538302 2007.0108406315233 30.643351572030724 0.3241406787787189
1.1420879136344955 13.119253165441181 1804.4610318014445 31.838451341721502 0.32834114961408734
1.164875611894415 13.122271112140197 1624.1315252491959 33.075642095307096 0.332600114484398
1.1877632613061115 13.12498272662936 1462.8454460209741 34.34596259755909 0.3368512542249684
1.2107002753638798 13.127316474190966 1318.731364052383 35.69444991607156 0.34136397996561496
1.2336775451171158 13.12912680323765 1189.6863133722184 37.06439402434415 0.34575977912557815
1.2567155657670779 13.130517194359758 1073.9880403828784 38.50026336202598 0.35031051575807504
1.2797635650946175 13.131438050088345 970.4998096466277 40.01171754725587 0.3550681747319499
1.3028443783229473 13.131785609727778 877.5064581208239 41.54423516249413 0.3597138267679413
1.3258935841767174 13.131495420882684 794.1227821837938 43.170887397403106 0.3646448371470813
1.3489188695629095 13.130494977622117 719.1546969103854 44.84561133985634 0.36959857289478204
1.3719262434265411 13.12895682712009 651.7852237809335 46.58572067180785 0.3746561615438371
1.3948629204180962 13.126639513969028 591.201094364698 48.42570419990729 0.37998626420142007
1.4177206234231505 13.123507559316819 536.6681507506788 50.292086290497316 0.3851962646007551
1.440515074438188 13.119669210731873 487.4948094637402 52.27357243004135 0.39072757763164556
1.4631738463295425 13.1149068857127 443.1978983792403 54.31493922285449 0.39627219413243114
1.4857418399611453 13.109408480160223 403.21997561965037 56.444882096713506 0.4019641570720014
1.5081483651047993 13.102880619821505 367.14050110536704 58.683098699834595 0.40789678229095777
1.53040650052076 13.095496937655831 334.54300129556196 60.978285398101136 0.4138161448762888
1.5524792959420923 13.087071184942882 305.0670617173484 63.416374651994936 0.42010405789011745
1.5743681959103368 13.07788608869985 278.4255172185652 65.90699724123468 0.4263368346494061
1.596027221735651 13.067400491432661 254.2829689853932 68.54112132598789 0.4329057421416513
1.6174648097195896 13.055981200271601 232.42088583933813 71.26863557517541 0.43957139148284285
1.6386396449888585 13.043444931031193 212.6103876158543 74.12206782943608 0.4464586804233448
1.6595365188529498 13.029787046042927 194.64912377450665 77.10577654993729 0.45356055015265534
1.6801481247683783 13.015009367676912 178.33361576079056 80.20443666403631 0.46078840051538855
1.7004420898700983 12.999060692644616 163.52497874417114 83.46709749185277 0.46834431687946515
1.7204094521907776 12.981923349903756 150.06194155791337 86.8405015168413 0.475994027801569
1.7400261097919731 12.963652253900465 137.82281003044247 90.40699664771765 0.484046355949276
1.7592583051611284 12.943950951570882 126.67569823855858 94.08909066646379 0.4921759358879914
1.778091942658655 12.92311902931716 116.54173187252589 97.98835401034417 0.500754612104755
1.7965272492833857 12.900963152090265 107.29551330088397 102.01768973396612 0.50941925969185
1.8145177381310758 12.877501358995252 98.86904248411302 106.28326257617057 0.5185517822719273
1.8320479369333253 12.852689814349016 91.19051380367796 110.70358060145493 0.5278047946020039
1.8491140433299158 12.826538919086921 84.17062791115514 115.3744303096509 0.537527902329234
1.8656810817240022 12.79899895269721 77.76317673589894 120.23600718905371 0.5474768611797866
1.88172232432482 12.770070676435544 71.90967633546643 125.3566394763301 0.5578687160660549
1.897252089368563 12.739814580085842 66.55213400340409 130.71758210840486 0.568605972474456
1.9122135835255307 12.708066827315543 61.64976736133769 136.34000582927627 0.5797242907910978
1.9265901053948153 12.674870750985148 57.16463872290357 142.2671385656506 0.5913408698810647
1.9403904096550744 12.640299009119325 53.054978552830256 148.45197158174605 0.6032439809918179
1.9535778993456334 12.604211838947935 49.28378830755204 154.9990263450423 0.6157674989216679
1.9661169123643452 12.56660238652747 45.827382225909794 161.84055478204962 0.628647450524602
1.9780253912470613 12.527574859863737 42.65597976671608 169.0592409579107 0.6421176049841378
1.9892645012271877 12.487038520328241 39.740670361329215 176.67818104208726 0.6562079021624743
1.999847782890772 12.445098624191099 37.064094265837646 184.6582257733279 0.6707240522597058
2.009677783807677 12.401490411138237 34.60541526287685 193.10454780940404 0.6859641933745725
2.018812726067656 12.356426549866184 32.34369014247899 202.0132079222014 0.7018524909400364
2.027228740770522 12.309921487894515 30.261604427705766 211.38462922383292 0.7183449643835862
2.0348788272406697 12.261777200849885 28.345780396038304 221.30897918665332 0.735666265179519
2.0417845436041033 12.212230583383317 26.5800657097103 231.81086250983807 0.7538241712819719
2.0478997594720334 12.161136500816493 24.953981222898644 242.8702226565252 0.7726527745144388
2.05325516433342 12.108614328049734 23.453092631153254 254.59597017759717 0.7924253622138875
2.057787067808705 12.054456278333953 22.070889552893675 267.03085459860006 0.8131905682926058
2.0615090659238984 11.998911926231703 20.795194843849462 280.2091787641384 0.8349673030769039
2.064408666780115 11.94180822966436 19.618004085757374 294.1567951422532 0.8577268709776643
2.0664746512269496 11.88336307247447 18.532256179836 308.97662261849865 0.8816550779939754
2.067707773503247 11.823435749247466 17.530344473226616 324.73177272466614 0.9068223207121522
2.0680782216231317 11.762054634239805 16.604063151746544 341.4917233864804 0.9333126889749388
