M[M_sun], R[km], Lambda[1], P_c[MeV/fm^3]
0.2416277750616976 15.618515526848569 2160321.870080337 3.5677787854173952
0.25223973556035717 15.31411431013122 1768016.867861504 3.759394774276321
0.26314807506728743 15.045866507685844 1454162.8328429589 3.958334598723912
0.2743583421293581 14.808521333661439 1201337.6198272067 4.1649342456313105
0.285858423210695 14.598448811288124 996777.0800343453 4.379486767959614
0.297658350907386 14.411647932723463 830438.4445155584 4.602145558776787
0.30975721783073795 14.245387952630397 694287.2742132182 4.833322116829362
0.32215387739783297 14.097195117767376 582479.3262655998 5.073313673094805
0.33485072264745375 13.964843097734557 490234.0175497409 5.322430248669463
0.34784672984207976 13.84670307821868 413916.80974509404 5.5809219863298125
0.36114262086901294 13.741025229355333 350448.70535287535 5.849196334023374
0.37474143152105344 13.646573578890733 297544.5824683169 6.127615036388612
0.3886413835622891 13.56211916388653 253286.45787479094 6.416544686943225
0.4028426835049993 13.48671660758207 216135.40702682504 6.716367283998014
0.41734679445588646 13.419412497808834 184848.13436919384 7.027480838621734
0.43215361262475227 13.35935605802269 158459.51085937087 7.350300013089078
0.44726308792363123 13.305935342205188 136116.09648316266 7.685256791450737
0.46267523885230005 13.258491817254772 115856.05274746775 8.032801184004848
0.47838975778389203 13.216442083561166 101054.70852783705 8.393401967618159
0.4944071581888922 13.179320635973415 87318.23321072628 8.767547464043837
0.5107239865067598 13.146670681284665 75575.10844086463 9.15574635861153
0.5273421232240526 13.118100473738473 65535.61107612807 9.558528561927362
0.5442588422797342 13.09322507766073 56914.24856088612 9.976446117515655
0.5614755151014186 13.071665998439615 49507.89128562823 10.41007415866565
0.57898739336667 13.053230723803102 43134.589731022555 10.860011918111379
0.5967928898787985 13.03756433197146 37635.01126358906 11.326883794578098
0.6148924704048692 13.02444314223024 32883.48094409531 11.811340480671062
0.6332813433566884 13.013635825217959 28770.30146409443 12.314060157065596
0.651956609375312 13.004917912381144 25208.03197048635 12.835725524136388
0.6709154253959004 12.998123412945874 22112.799976052134 13.37702639656524
0.6901572015548911 12.993037783113335 19424.717304536276 13.938796210094138
0.7096728099409841 12.989520240047323 17081.36986829188 14.521837468655981
0.7294628808677108 12.987395249097021 15041.074326145417 15.126987473177024
0.7495188445006439 12.986542256891799 13258.650963461607 15.755120057211322
0.7698390770251158 12.986807435201134 11701.582486638117 16.407147440633654
0.7904161623309531 12.988059819633785 10337.707398407987 17.084022211756437
0.81124429983271 12.990206885412672 9143.342062613692 17.786739449137002
0.8323173502764674 12.993116416623128 8094.51198595755 18.51633899529648
0.8536293613710397 12.996677253114004 7174.253464052323 19.273907895585737
0.8751732710030211 13.000814184564152 6364.645983512686 20.060583016510872
0.8969404037204273 13.005423039331816 5652.235061394581 20.877509811798912
0.9189242024224223 13.010409073751275 5024.231210848294 21.725970150824843
0.941114137495887 13.015697386357786 4470.317021165904 22.607290160738483
0.9635012714904394 13.021202988172861 3981.6139930804666 23.522839254989606
0.9860780365149757 13.026861187842735 3549.2353130626307 24.47405324914775
1.008833953630145 13.032570224313686 3166.8062862722622 25.462438432638084
1.0317570744247313 13.038287014102387 2827.977834674885 26.48957595702213
1.05483561049519 13.043937497247693 2527.574004815831 27.557111437545206
1.078061027092693 13.04946144500533 2261.3775205665497 28.66669992802793
1.1014197953564437 13.054789634919505 2024.7620014010502 29.820242727027683
1.124899016644232 13.059858534998172 1814.5754118324762 31.01966706029352
1.148485372492714 13.06462608865959 1627.3435625617426 32.26700243344815
1.1721664888435293 13.069019301249684 1460.786730635591 33.56438753743068
1.1959275036797998 13.073004134903476 1312.4774055093587 34.91407770256592
1.219754013798744 13.076506333011089 1180.0449737553915 36.31836090588818
1.243629255321895 13.079499156895416 1061.9848092321733 37.779468029784525
1.2675410472639168 13.081912830713234 956.4503695404647 39.30035297123045
1.2914695983790156 13.083714368371636 862.1218544882573 40.88381824092595
1.3154004032255164 13.08484710519105 777.7517554928435 42.532286567810054
1.3393167801232004 13.085270806713764 702.1233408077632 44.24921191156494
1.3631985913766056 13.08494620262966 634.4389855259662 46.03781120494159
1.3870304639320465 13.083825168603022 573.7446397555601 47.901137572415465
1.4107924477281182 13.081869150549352 519.2300362948149 49.84327739168662
1.4344668094732769 13.079037414098073 470.31458799381704 51.86752898795911
1.458033016652489 13.075294465574954 426.31654905036214 53.97826354036829
1.4814734312669975 13.070596987039485 386.76149917666703 56.17979488345441
1.5047654767221255 13.064900480612392 351.15795956641466 58.47608593989905
1.5278889905593003 13.058183873661756 319.09792594930497 60.87243964432663
1.5508260215590668 13.050406640312701 290.207206958196 63.37384104024728
1.5735523504708095 13.041530231915095 264.14780297178856 65.98559646422869
1.5960481398787465 13.031523696968604 240.61357633043292 68.71335952966344
1.6182860676165012 13.020341572425904 219.34335683574184 71.56315931900316
1.6402609402156094 13.007990809737626 200.14616180284193 74.54143098751048
1.6619332962237434 12.994400551067587 182.76326768731775 77.65504900442161
1.683286501465207 12.979555585612298 167.04421896574786 80.91136328289812
1.7043003205908624 12.963422874805879 152.80760929333388 84.3182384786481
1.7249495870207583 12.945978845754569 139.88745460423442 87.88384899671952
1.7452100684433263 12.927191899472197 128.177050625036 91.61672660344476
1.7650638846047206 12.907036236577095 117.55603076203339 95.52696867169199
1.7844839428057169 12.885487366780676 107.90141678496609 99.62381380421783
1.8034496365131985 12.862519929238466 99.14159993709768 103.91866789992068
1.8219364471843222 12.838108392528857 91.16333222226022 108.42297755058561
1.8399234770573552 12.812233133407048 83.90821387810936 113.14889492913176
1.8573856238695425 12.784868052526122 77.29923924708972 118.1095521711426
1.874302978024956 12.756000206906021 71.27382441584871 123.3193132498814
1.8906521057545107 12.725598452971575 65.78389136728103 128.79315739548335
1.9064098675855952 12.693652843049644 60.779034130519975 134.54767171284456
1.9215544019184885 12.660142848685448 56.204321756122305 140.60065898374262
1.9360666275365828 12.625058010511278 52.02902915008481 146.97042802400335
1.9490510069230844 12.58905230245632 48.37883995601253 153.81506133946766
1.95823229883762 12.551666850264889 45.52456368464111 161.501576213504
1.9636506476281435 12.510823785850604 43.25763074609589 170.09203913541688
1.9656424728370678 12.465586925876332 41.43981214186514 179.63488877892894
