M[M_sun], R[km], Lambda[1], P_c[MeV/fm^3]
0.2416277750616976 15.618515526848569 2160321.870080337 3.5677787854173952
0.25224227493372114 15.31405616357707 1767989.0141601157 3.7594430478027503
0.2631541245522668 15.045696423721123 1453937.2179999517 3.9584343687396166
0.27436346339654577 14.80848143924865 1201337.570723634 4.165090106536839
0.2858689297021618 14.598255702486561 996784.4055329424 4.379701358011549
0.29767249809501317 14.411450998794702 830256.3349946127 4.602424689496579
0.30977617419673553 14.245138778297429 694049.9635924846 4.83367054531201
0.32217656132164313 14.096925884112142 582291.9204831348 5.073736374635863
0.3348777013128611 13.96455649287037 490067.83675867756 5.322932428281841
0.3478758364683351 13.846403756796693 413751.0658710403 5.581504497129511
0.3611773533214698 13.740746868942423 350293.1686272902 5.849868787910039
0.3747790056248581 13.646297565435065 297416.03875512857 6.128383366304563
0.3886842042448182 13.561855284899782 253167.49441972555 6.417415108370355
0.40288886582051736 13.48647564569313 216018.02534206383 6.717346310557996
0.41739680116335504 13.419176189349525 184747.77230341156 7.028575298676519
0.43220896586398505 13.359150192136584 158367.48092483127 7.351517067413231
0.4473235697016457 13.305753155435156 136041.1040264775 7.686603952052446
0.4627405452998427 13.258299457845116 117094.44404888805 8.034286334179182
0.47846022804709043 13.216278233700072 100988.02377464628 8.395033383322584
0.4944820902070738 13.179164213168445 87254.10284913826 8.769333836692935
0.5108048472106609 13.146534599355638 75524.3591935977 9.157696819395213
0.5274268165290723 13.117970850214773 65484.90497706429 9.560652707765106
0.5443530223264854 13.093062413745642 56869.98199626572 9.97875403876713
0.5615725933644827 13.0715864489456 49470.61094357586 10.41257646872769
0.5790918494479299 13.053126125971986 43099.78918426696 10.862719785040493
0.5969039592265982 13.037472729506627 37602.45994418934 11.329808974888126
0.6150092844078084 13.02435654254987 32856.49017116138 11.814495355467095
0.6334044601034535 13.013573560526712 28745.88366275318 12.317457770686424
0.6520860006919703 13.004881081038716 25184.197640118833 12.839403859836759
0.6710529768496782 12.99807470866096 22094.0329500011 13.380978333627464
0.6902967062798114 12.993040197547517 19406.205477876396 13.94303612162728
0.7098239768655212 12.989502219533987 17066.552014738532 14.526381565521575
0.729619719672498 12.987400229557885 15026.027111465486 15.131852870022792
0.7496839388484815 12.986541314242015 13245.24003617052 15.76032483077035
0.7700104027072411 12.986816300653658 11689.343097075536 16.412710692188725
0.7905940199008646 12.988070932679525 10326.478791617646 17.089964134083683
0.811430105464889 12.990227327163199 9133.346323803673 17.793081398270395
0.8325109849368635 12.993142634160895 8085.308567398409 18.523103567481243
0.8538296125666627 12.996727628625166 7166.15959541676 19.281119009819875
0.8753816239483762 13.000854019793971 6357.335124272264 20.068266003107368
0.8971563767639577 13.005468249809226 5645.6684987969675 20.885735554615103
0.9191473047318148 13.010462347939045 5018.211599068028 21.734732502846615
0.9413437342384162 13.015762057961513 4464.811881822342 22.616612637723723
0.9636707986067836 13.021217775044372 3977.9214594147493 23.534030593294275
0.9830268504803666 13.023543305867323 3598.01468562709 24.54042079826623
0.9984273469432192 13.019102128580327 3311.0651471961855 25.667191396146556
1.0108035057769342 13.007668161206094 3082.4789624038813 26.91497636256601
1.020831856975999 12.989434050997849 2892.371394216353 28.28392354598169
1.0290566635377718 12.964913648095795 2728.5437889730247 29.774168153630495
1.035878014003648 12.934571479236638 2582.848875273476 31.38607101145491
1.0416120025788784 12.898798170460005 2449.3667039745246 33.12036750225913
1.046526162315812 12.857976318891131 2325.8193987457353 34.97824432443917
1.0508336594683036 12.812507539918558 2207.670875914135 36.96059518268677
1.054711159147294 12.762658780601283 2094.316893389998 39.069326529000456
1.0583206900940156 12.708839116072667 1984.3427644987423 41.30617625100864
1.061772304112164 12.651367934033912 1877.0278408567915 43.6751875570199
1.0651544689018198 12.590538332434171 1772.4846230762303 46.18045471821579
1.0685435701333978 12.526639450363293 1669.9084808456478 48.8265110195229
1.072000528806647 12.459968581744825 1569.87847261424 51.618537850632514
1.075597766382988 12.390853819296698 1472.616604963906 54.562508780516055
1.079356733258997 12.319564649045269 1378.0930272202343 57.66473598333683
1.0832775688567662 12.24627629672576 1286.8988679046172 60.933624132770994
1.0873926129359575 12.171391332499766 1199.171772150567 64.37933173037914
1.09165691816062 12.095294922947726 1115.7167255566383 68.01683067882527
1.0959517016182254 12.01850008770678 1037.1113686728363 71.87183072609585
1.1002375106868902 11.94033113498618 963.1178210054333 75.94745681959765
1.1049458094326636 11.8594328239979 890.9010949581562 80.19611755320227
1.1102084125911573 11.776823504682536 820.7281550104971 84.6247989254635
1.11606810895866 11.69312048936766 753.3316412630402 89.2431436745931
1.122526643050516 11.60899489082823 689.197602661927 94.06227375650285
1.129571565071129 11.524815481032539 628.6210346896916 99.09164329325975
1.1371806921748815 11.440945089836124 571.8882237156221 104.34417614548732
1.1453209184197095 11.357673782053887 519.2197773440888 109.83210314683065
1.1539454066565062 11.275276120429531 470.50014146877163 115.56875538590859
1.162999977601132 11.193837074323996 425.7759552246463 121.56863873568203
1.1724396365998244 11.113503708367174 384.8328633476962 127.84664403301299
1.1822105931160884 11.034380676726935 347.53625647016946 134.41970802593215
1.1922517681463483 10.956443565170016 313.73765279367694 141.30482867213607
1.2025078230228408 10.879777668311602 283.13806416804266 148.52138503268316
1.2129253032291767 10.804367070876232 255.55694682404123 156.0895798603727
1.2234424768004823 10.7301134233552 230.67241088496257 164.03101660736047
1.2340101831847547 10.657055333056565 208.32801779714384 172.36896114880926
1.2445717241570764 10.585100703480126 188.25205547145615 181.1288900280679
1.2550769333440785 10.514157457068853 170.25037114226407 190.33784931359742
1.2654817978834747 10.444219880932803 154.1302453567703 200.02493852441836
1.2757287246448061 10.375113642756222 139.66879105890752 210.22186524588705
1.285770249732985 10.3068016613979 126.70496129478101 220.96246056746855
1.2955636989103916 10.239196523107298 115.09018702324164 232.28380581735283
1.3050748773426362 10.172228737518921 104.69199334682412 244.22531181671513
1.3142577085153595 10.105783297124715 95.36610203737972 256.83002447033186
1.3230690924613655 10.039779892341366 87.00042092983568 270.1449308032648
1.3314673739122127 9.974075283518367 79.49141435050215 284.22054563559766
1.3394344447447448 9.908684855814666 72.75357874243211 299.1118409840142
1.3469364810537694 9.843585970356749 66.68997773728398 314.878419926819
1.3539348524776442 9.778559424156906 61.24141551446311 331.5855161569178
1.3603975718913914 9.713604308526916 56.33384088942473 349.3034213791296
1.3662997517475075 9.648646923541266 51.91515259706298 368.10966438666946
1.3716279117208783 9.583623934034957 47.92819778281864 388.0883237606238
1.3763460223641708 9.51848585388847 44.330738441416344 409.3312514818451
1.380443839592761 9.453237514450347 41.081056376042746 431.93914920506273
1.3838943707398343 9.387770065421625 38.144469163094 456.02174487237033
1.3866874406752208 9.322070542853824 35.48549680187233 481.6998152781238
1.3888039104275516 9.256128990398185 33.07938354647202 509.1061015921057
1.390229867008168 9.18997018368602 30.89932500027476 538.3856787846757
1.3909625359443936 9.123395909648151 28.919818172938623 569.6985167573707
1.3909850962521946 9.056548013365529 27.12302678732915 603.2211851704329
