M[M_sun], R[km], Lambda[1], P_c[MeV/fm^3]
0.2416277750616976 15.618515526848569 2160321.870080337 3.5677787854173952
0.2522414369293697 15.314048596137358 1767951.7429757598 3.7594221155944676
0.2631514062072923 15.04579296535669 1454178.0988020692 3.9583911065730293
0.274359371926538 14.80860254552287 1201281.9714404682 4.165022521959119
0.28586471432289545 14.598309424550008 996764.4512914694 4.379608306785403
0.29766621748551475 14.411553794964492 830305.4691560882 4.602303651349609
0.3097668660844037 14.245269676449482 694166.9533371828 4.833519457173995
0.32216709167299484 14.097005156078216 582390.1181177532 5.07355307879365
0.3348659901164611 13.964749181553616 490131.38118817605 5.322714667383879
0.34786303045781497 13.846519818267707 413820.434946561 5.581251900984653
0.36116247673513374 13.740937261321001 350379.5333700258 5.849577188105189
0.37476239730548294 13.646445679645439 293315.25049284846 6.128050189753526
0.3886659020070065 13.561971825476512 253212.68822833445 6.417037659436735
0.40286886657626053 13.486572516950751 213288.01018659858 6.716921764288473
0.41737561468671647 13.419263814816365 182496.12359306394 7.028100693600126
0.43218544924780455 13.359231776934855 158412.05588756283 7.350989297875745
0.4472962149951996 13.305838904422762 136076.77496948658 7.6860197600524565
0.46271388331010765 13.25837648727642 117124.7938771984 8.03364230066967
0.4784297445030526 13.216343993110181 101019.46611871001 8.394325918938774
0.4944486426815539 13.179241835488575 87285.71037555397 8.768559171864595
0.5107695981969363 13.146593687903387 75544.47419369814 9.156850993798095
0.5273909060391615 13.118007297126635 65507.89620979961 9.559731559062563
0.5443122202452306 13.093142249587173 56889.7689683187 9.97775319058992
0.5615307118271909 13.071629893319617 49487.8831847418 10.411491317835313
0.5790468600792262 13.05316277007187 43114.68177641179 10.86154548760397
0.5968561372974929 13.03753631824111 37617.779846107405 11.32854043182905
0.6149587898529827 13.024387554473382 32868.226207597734 11.813127196783306
0.6333525748080553 13.013578907736271 28757.14984998718 12.315984338689175
0.6520295992070901 13.00490564291916 24993.389487166405 12.837809240417545
0.6709938028343433 12.998093146263017 22102.383241856744 13.37926449514342
0.6902380842924838 12.993020228086023 19412.36328842983 13.941197389668849
0.7097585399804552 12.989506254367424 17073.12032820839 14.524410908859128
0.7295511048978242 12.987405616771452 15032.60819739495 15.129742865389055
0.7496125686605779 12.986543865318444 13251.518851449579 15.758067637570058
0.7699361144321716 12.986808782790083 11694.626407653632 16.410298025401115
0.790518008705648 12.988058004165765 10331.287597159131 17.08738723522178
0.8113495345935152 12.990220924170423 9137.605344624444 17.79033100424876
0.8324267959546585 12.99312654656915 8089.4706292655765 18.52016987723244
0.8537452232426267 12.996697962909764 7170.102175676958 19.277991648486612
0.8752908032763552 13.000848728709597 6360.4098129793765 20.064933983622232
0.8970624299360104 13.005445719336675 5648.54869754349 20.882171959801305
0.9190484598881117 13.01043950270972 5020.840438760187 21.730932341676354
0.9412447222337299 13.015735796177278 4467.250354335325 22.612569538178334
0.963637407874721 13.021230985767398 3978.8618060073627 23.528454005322384
0.9862179325793273 13.026886158430571 3546.6233723653772 24.48002267312697
1.0089771863258854 13.032606276522069 3164.225335778855 25.468783022757236
1.0318991312253847 13.038344358921231 2825.7542634545784 26.49631748065622
1.0549873966905432 13.043974518113009 2525.8994350520343 27.564232111947735
1.0782171185636398 13.04950397080937 2259.718755673801 28.674263211100232
1.1015802577666658 13.054819563460976 2023.2299627273817 29.82827468406682
1.1250633754025658 13.059891989152595 1813.027105949313 31.028195427682785
1.1486536980153552 13.064650369736677 1626.07339702785 32.276056738821495
1.1723383363819435 13.06904754632416 1459.7394404522304 33.57399922929685
1.1961038791617797 13.073023201684101 1311.4512953694825 34.92428029021074
1.2199335785316867 13.076535800047942 1179.1071147172484 36.32913375940822
1.2438134045461335 13.079521218473745 1061.1658605424034 37.79090282977908
1.2677281805416554 13.08192540011975 955.6579992411589 39.312490230435756
1.2916604233769882 13.083720334411362 861.399579370009 40.89670120601831
1.3155941968396792 13.084857208645527 777.1020956651125 42.54589436066243
1.3395136459724313 13.08527227465066 701.56755293878 44.26365763960105
1.3633991603722833 13.084943484329541 633.9011143786205 46.05307488620629
1.387232891563174 13.083812865608685 573.2471399887108 47.91734440885531
1.4109977786465848 13.08184901120757 518.778290250937 49.860408784469065
1.434675278522754 13.07901169096063 469.9135743423603 51.88572380495729
1.458242899267113 13.075259628388894 425.9365510770669 53.99750515541739
1.4816844399586835 13.070548131325927 386.4160022702571 56.200229600747285
1.50497887474833 13.064843754898293 350.8505159368636 58.49771594464315
1.5281048193606979 13.0581165572569 318.81371853184305 60.8953332738226
1.5510427997879772 13.050328311921223 289.9313839224161 63.398080243781585
1.5737694269287428 13.041441331065233 263.9059864691764 66.01126918662182
1.5962683900797252 13.031416842559084 240.39753830086815 68.74056019672042
1.6185053137045902 13.02022553510518 219.162246193729 71.5919893669145
1.640479911077573 13.007859896705352 199.960679659182 74.57199944062859
1.6621506003432798 12.994257241130565 182.58785696008664 77.68747310632209
1.6835055185668477 12.97939461629332 166.89279066308023 80.94576918618088
1.7045180573304186 12.963247314661842 152.65597663913766 84.3547619995411
1.72516553842587 12.945787898605658 139.7576492426179 87.92250622824504
1.7454260433504165 12.926982940268243 128.0616079046564 91.65780020256577
1.76527731921898 12.906810054562783 117.44424602362774 95.57048955312962
1.7846957901256864 12.885243978819878 107.8081309949227 99.67009819878474
1.803658248330409 12.862257085168705 99.0470842485684 103.96776470617398
1.8221422661137416 12.837824845184786 91.07500132729247 108.47508950518551
1.8401248450752012 12.811928664728299 83.82662700142639 113.2042781130772
1.857584708673364 12.784542574668214 77.22772043919812 118.16847720505724
1.874498332738843 12.75565283138977 71.2086050825231 123.38185789776307
1.8908422335990482 12.725228446785957 65.72817470397356 128.85970698541084
1.9065948991236004 12.69325974065052 60.72318039949862 134.61852701245337
1.9217339821062611 12.65972818543259 56.1514853959505 140.67614617437852
1.9362406637214935 12.624617590829702 51.97941998950496 147.05071252733865
1.9500830177605144 12.587889865630359 48.16366756878066 153.76354787111418
1.9632568974528082 12.549578101153081 44.67763593094602 160.83609442239148
1.9757394336767955 12.509675469989778 41.485078175736476 168.2921613905749
1.9874338601944506 12.468204765897601 38.57227768433605 176.1720986927536
1.9954030355881793 12.427860573887239 36.34749510425178 185.13926760683196
1.9980449446793433 12.385733453152788 34.81615577556002 195.59979466338353
