M[M_sun], R[km], Lambda[1], P_c[MeV/fm^3]
0.2416277750616976 15.618515526848569 2160321.870080337 3.5677787854173952
0.2522417998845226 15.31407825464013 1768015.2345744758 3.7594305264577104
0.2631515671707585 15.045799592329372 1454052.9555440242 3.9584084898952607
0.27436050711506055 14.808548067021293 1201248.3416390382 4.1650496782917354
0.2858673193970778 14.598249452423882 996789.5921596609 4.379645695854344
0.29766876851486673 14.41150875728064 830282.1133990382 4.602352285781557
0.3097699616482897 14.245252923520058 694132.7118751924 4.8335801658825
0.32216978086543685 14.097005439759316 582334.6490070311 5.073626728716071
0.3348690295849042 13.964686278272575 490097.67056392896 5.322802165488375
0.34786840748477005 13.846469810999581 413797.8949271542 5.581353395970474
0.3611680913832982 13.740824609083763 350342.62599417125 5.849694354802779
0.3747698723216881 13.646351803875747 297454.1386351878 6.128184061980816
0.3886731633220567 13.56192029562574 253192.7305416229 6.417189320247389
0.40287676589858173 13.486539026530647 216046.91813296315 6.717092348690431
0.41738414400492274 13.419226881949196 184773.6623688497 7.028291391448605
0.43219450991515096 13.359205383980097 158393.44895838926 7.351201356952829
0.44730681860989413 13.30581907850522 136057.54559136843 7.686254489346973
0.46272311407111133 13.258358745012014 117111.14398422188 8.033901073871771
0.47844214570696747 13.21631005222 101002.2252328724 8.3946101781651
0.4944629694598372 13.179200277191288 87275.01029288393 8.768870431630514
0.5107838310080768 13.146590870229375 75537.1338903075 9.157190845255661
0.5274060454162974 13.117984061202455 65497.704879666955 9.560101674523517
0.5443279261924171 13.093124324662787 56882.0656599746 9.978155328354667
0.5615477098769633 13.071594131334546 49479.937363417535 10.411927327350947
0.5790639666610892 13.053176629009956 43108.642895121586 10.86201731497494
0.596875070956289 13.037495528476162 37611.56240878295 11.329050125707209
0.6149789839376809 13.024374732026347 32863.68575165443 11.813676914664853
0.6333727970847097 13.013588900667255 28751.6021442701 12.31657635364909
0.652052871770846 13.004878290758457 25191.184056760685 12.838450343435637
0.6710176444978736 12.998096577559178 22098.85585411654 13.379953101062144
0.6902632900020842 12.993027404170256 19409.18970110156 13.941936175367266
0.7097846502340726 12.989505556350071 17070.978210399833 14.52520269923171
0.7295775068896806 12.987408914729995 15030.066560796153 15.130590642830649
0.7496404320916077 12.98654069853152 13248.648364743382 15.758974552136094
0.7699658807268451 12.986803017365464 11692.530410940442 16.411267405693433
0.7905484394195966 12.988075505280454 10260.633561846611 17.08842260005524
0.8113819237974838 12.99022316454323 9135.822429011472 17.7914360751582
0.8324615135443456 12.99312264104646 8088.010406694943 18.521348591883736
0.8537793066687515 12.99670058393394 7168.488105394769 19.279248175061703
0.8753272011237799 13.000848410613845 6359.291779595814 20.066272736253893
0.8971002053963144 13.00546045771607 5647.475271846692 20.88360646890096
0.9190886655763097 13.010444593168604 5019.802300597328 21.73245917999873
0.9412847990493293 13.015746127158007 4466.250114991335 22.61419398181692
0.9636778219225871 13.021247629064003 3978.1729362153465 23.530181651264026
0.9862608857252998 13.026899724624704 3545.940430302048 24.481859461379052
1.0090199385236682 13.032622480086527 3163.5663426738815 25.470735260140533
1.0319447401928303 13.03835521820218 2825.1322182020176 26.498391866398592
1.055034935244464 13.043988792463177 2525.3421000985154 27.566423173531597
1.0782650495457387 13.049511977650956 2259.1684649959097 28.676590478293928
1.1016293092074416 13.054834826389708 2022.7780825548057 29.830746179007207
1.1251138721369012 13.059902447820157 1812.5974365857223 31.03081968688134
1.148705534027851 13.064663902798266 1625.7437017771133 32.2788428501568
1.1723920803855676 13.069053813014532 1459.3953237798837 33.57695687191951
1.196157813236704 13.073039331658999 1311.1507530498488 34.92741977761316
1.219989112609282 13.076538548968404 1178.925831635215 36.33244874242034
1.2438703299116953 13.079522698881538 1060.8878718258916 37.79442152567596
1.2677861506957533 13.081927927216805 955.4268663867541 39.316225108517784
1.2917194695147702 13.083729086130667 861.146364821914 40.900665577168944
1.3156532095849487 13.084854885537545 776.890910527999 42.550081799042694
1.3395745075575833 13.085275439343583 701.368293051812 44.2681029584569
1.3634598467087111 13.084941098551633 633.7313867926171 46.05777193538221
1.3872955845193788 13.083808301134797 573.0917798246375 47.922331724874255
1.411060870482342 13.08184300450531 518.6494019934553 49.865680642744564
1.4347382057414686 13.079000340848289 469.7910007611759 51.89132294912689
1.458307935712185 13.075247574756391 425.8169278843873 54.00342646793673
1.4817506997544219 13.070534107519272 386.3025272091668 56.20649351020741
1.5050436988865528 13.064828281906227 350.74679305439963 58.50437233328628
1.5281704515099954 13.058096095623608 318.73069532419214 60.90237857165832
1.5511094711047555 13.05030230174711 289.8565755576203 63.405539675758966
1.5738364932117601 13.041413468856634 263.8332537859514 66.01916982344618
1.5963355165454058 13.031385217726397 240.3308856756772 68.74893110432534
1.6185729982415167 13.020191071923167 219.08523407340533 71.60086176946736
1.6405473913318356 13.007820488680242 199.90521333395654 74.58140689843508
1.6622194082906412 12.994212627280824 182.56256615238954 77.69745171013865
1.6835732536473158 12.97934266202995 166.84478445887117 80.95635776961834
1.7045852462929434 12.963190611336795 152.60754786109547 84.36600237142439
1.725232334193285 12.945727222123326 139.71693553605908 87.93440334123363
1.745492551466042 12.92691734530491 128.02169284056382 91.6704410703522
1.765343336015748 12.906738822337756 117.41439016548242 95.5838836910412
1.7847603387696342 12.885169242859225 107.77578091662032 99.68434295819546
1.803722454182049 12.862176378998974 99.01568433910018 103.98287513874175
1.822205988744728 12.83773947917847 91.05183767194833 108.49112802303877
1.8401884059557199 12.811835687127324 83.80281442178389 113.22131215566412
1.8576459216869927 12.784442968328575 77.20552446792196 118.1865796948653
1.8745582041653808 12.755545973190108 71.18505243610319 123.40110774243975
1.890900722032542 12.725113744228228 65.70741696364983 128.88018963150543
1.906651321074623 12.693139218258873 60.70290985762613 134.64033505663892
1.920798853155738 12.66035545694725 56.358984175784585 140.84103044370585
1.929305752238891 12.62639798092328 53.302609709856036 148.06962728620164
1.932372270002387 12.58786825928289 51.162890231202 156.42340047861674
