M[M_sun], R[km], Lambda[1], P_c[MeV/fm^3], rho_c[fm^-3]
0.23848912294887037 16.21570186450063 2784644.0411725277 3.4469561053153734 0.1694538074003404
0.2484830578112211 15.872589509511062 2285064.215768759 3.6327673781313523 0.17193513122979337
0.25877006182927764 15.568793779351305 1883766.5607893076 3.8174134846712984 0.1742229560738549
0.269343870581064 15.29912459699962 1559652.0363373025 4.013674772095947 0.17662915605969196
0.2801980500238924 15.0592773668593 1296677.6384624348 4.217924702080567 0.17906195998975552
0.2913443175499305 14.844968615473405 1081984.3279227181 4.424991999113446 0.18139600193247152
0.30277031577299285 14.653436652770292 906228.628262339 4.647084569117185 0.1838994072551962
0.3144805510754 14.481758909701483 761467.9423539926 4.869723503747267 0.1862665769928222
0.32648314184784033 14.327716848744362 641824.6227893664 5.103479792967459 0.1887070990198822
0.3387637334734114 14.189359051808271 542647.8570787562 5.350842524603958 0.19126328941981735
0.35132583051472427 14.064923670114839 460070.7055414584 5.596971542488266 0.19364626015467448
0.3641763163390267 13.952936577851839 391143.0780591614 5.860173050736338 0.19619452324415804
0.37730109009713964 13.852233248010183 333405.7029943373 6.130854498791074 0.19871933711115253
0.39072018496151406 13.76147987765428 284838.373283871 6.407517325673037 0.2011866349101712
0.40442077343713045 13.679855392353712 243926.2233387719 6.703121255447013 0.20382285074564285
0.41840041629350777 13.606432701546497 209375.57511340705 7.00002001570702 0.2063222960424273
0.43267593123803055 13.540291551152794 180061.94054766203 7.310266506568596 0.20888016473077908
0.44722866198615385 13.480973369314658 155186.2808287363 7.64149501603107 0.21161102247776167
0.4620673674612164 13.427653567013445 133993.579985949 7.9678118813114995 0.21411623444447264
0.47719405355672667 13.379789252252412 115897.35757696483 8.315196617014658 0.21677995182501786
0.4925993940288385 13.337221723352648 100446.20434717821 8.680146073002538 0.21954219292808302
0.5082863049816299 13.299118200064253 87201.43530714055 9.044969847347389 0.22214731526772136
0.5242488312362197 13.26515499109317 75820.33335669825 9.4336027489054 0.224922453087578
0.5404939854170768 13.235209521948878 66035.59262881482 9.835593427054015 0.22771126052550808
0.5570120922257212 13.208670123790736 57602.34863427411 10.243544584450277 0.23040478808691625
0.5738228127117013 13.185265139790713 50309.903755324915 10.677886414739833 0.23327256200971702
0.5908977961206969 13.164848118453481 44011.05609175253 11.1216029174901 0.236092751686783
0.6082384981416347 13.147185502073057 38558.97914942171 11.577381781103506 0.23889213774829474
0.6258735398289148 13.13196063088106 33818.88023261405 12.06241184360925 0.24187118417802214
0.6437585933299484 13.118903726650098 29704.22677011768 12.552706708177492 0.24474923222900616
0.6619150357056585 13.10793798388197 26122.692372816746 13.061858313611086 0.24767291103662592
0.6803342682410795 13.09878227687595 22823.63416375453 13.603465315291098 0.25078295703465797
0.6990160119987862 13.09143034337237 20276.771775476558 14.145547701995262 0.25373225226627283
0.7179462697187692 13.085474201996526 17894.44039760371 14.714509078171949 0.2567918930511767
0.7371230344862434 13.080939100924104 15811.134182724221 15.319538918502648 0.2600454952341566
0.7565446395145714 13.077667884256147 13986.384790353233 15.918955760130203 0.2630476584252292
0.7762178307235862 13.075563634854445 12384.774712785944 16.554839054378654 0.26622798937711006
0.7961260448411841 13.07445866579779 10977.857565751707 17.225261108507006 0.2695571436457583
0.8162644371678621 13.074265206524643 9740.901175100475 17.89468910709661 0.27269665086130107
0.8366319427935068 13.074832549219542 8651.839667978595 18.605614355164644 0.27603077335202986
0.8572180511563068 13.076143832137264 7692.269689979458 19.34756455294419 0.2794576322764506
0.878014799831646 13.078000406631828 6845.90906627565 20.096865158782865 0.282766650620318
0.8990254021683924 13.080375693199263 6097.977188359018 20.892509900690314 0.28628033127886565
0.9202254926473205 13.083229662159829 5437.055101625664 21.713669233623566 0.2898185919360919
0.9416167496313148 13.086385232596832 4852.099463683437 22.55345240823991 0.2933180928304541
0.9631938865746067 13.089849664411709 4334.344979372377 23.445129966640813 0.29703384530969656
0.9849299903511437 13.09345642953338 3875.2938116465716 24.353907520657486 0.3006716315524249
1.0068519368260107 13.097260160337715 3467.3278244943544 25.296147853552057 0.30435377698925975
1.0289210830332376 13.10113030323666 3105.3058412588985 26.296627707606316 0.3082635144528791
1.0511325068374382 13.104914008487402 2783.420887851037 27.30351625004031 0.31202027953426337
1.0734973358289244 13.108750832904802 2496.9126718769526 28.36214649666574 0.31593710287691484
1.095968033322285 13.11247792148832 2242.009877295078 29.479178349189525 0.320048906866549
1.1185595890675104 13.115909148181876 2014.4574484970835 30.60217685272651 0.3239959601435236
1.1412605360936716 13.119238259468583 1811.6654864805646 31.793897029413902 0.32818455257157736
1.1640339647793998 13.122206198563877 1630.490065435616 33.03018077787963 0.33244797774974566
1.1868937916470685 13.124901251333034 1468.641875952184 34.29683232249233 0.3366868392883983
1.2098240131467968 13.127220483714094 1323.9628957103357 35.64132845823928 0.34118620849765274
1.232783787152271 13.129060868700185 1194.4373210737187 37.01016575975852 0.3455879121292643
1.2558024305660782 13.130485582673511 1078.4264541818775 38.44169595294085 0.35012489660248775
1.2788437503819596 13.131412373220464 974.4161727598029 39.95179756252686 0.3548865341450588
1.3018755754823592 13.13170550907036 881.1763761359438 41.47958572095775 0.3595178493731545
1.3249251571214755 13.131455339355593 797.3669517123402 43.101097358510806 0.3644332766188054
1.347948892944939 13.130601272468997 722.192500595311 44.77413758726958 0.36939083603988987
1.3709189766249263 13.128936109511399 654.5420718154055 46.50863066987468 0.37443210118649417
1.3938778392157516 13.126951401750631 593.7768120925516 48.3465637346887 0.3797653438135363
1.4167174218723007 13.123709079737871 538.969390336292 50.20679095597095 0.3849581629123686
1.439497616949897 13.119865650846114 490.8585942369685 52.18158943292976 0.39047080735180867
1.4621515645061134 13.115207859685507 445.13325932679055 54.22042731759058 0.3960196247942048
1.4846892169524115 13.109611601266762 404.9861772988108 56.34302415655119 0.40169195652257794
1.5071048647480012 13.103335365550956 368.77595451542254 58.57821309947182 0.4076262788504332
1.5293471742642173 13.095886925406369 336.03209263173045 60.86530690766789 0.41352476960397533
1.5514313611986883 13.087586592448396 306.417073251671 63.294601759550666 0.4197900015634637
1.573300972821988 13.07825198284312 279.6510383168419 65.78145138462595 0.42602375178331375
1.5949536948311367 13.067927957849571 255.42752403037636 68.40585785556067 0.43256842575270077
1.6163886935372382 13.056552109050834 233.47056541901622 71.12887022817804 0.43923404184813436
1.6375553087042312 13.044064877269527 213.58031327629118 73.97152989449363 0.44609532914598155
1.658481327671219 13.030680036620153 195.54109740986726 76.94991577637323 0.4531969935484266
1.679075362695976 13.015835092083107 179.15419137272008 80.03659763778323 0.46039690376449793
1.6993669187759979 12.999923183810107 164.275330302435 83.29297948373298 0.4679494775958862
1.7193349271233775 12.98288140073778 150.75659469719668 86.65302349438636 0.4755688926367905
1.738960243201222 12.964593820905295 138.45803895394232 90.21211160861324 0.48361607538169876
1.758195124174464 12.945056691554818 127.2657437078674 93.87925584483139 0.49171264816429344
1.777052239587676 12.924286468932856 117.07821174907691 97.76981153925593 0.500284660324939
1.7954838334768581 12.9022182111876 107.79348344050815 101.78236504206534 0.5089132195741431
1.8134955992869557 12.87885833172645 99.33434517330957 106.03773571110695 0.5180378230733349
1.8310494850770094 12.854184097750917 91.61638045723946 110.43915628533145 0.527251277537515
1.848133420094873 12.828254282628762 84.56980580200198 115.0980532662146 0.5369623113902046
1.8647045430299558 12.800687944340098 78.13216926705398 119.93828363062035 0.5468675857316818
1.8807728231369025 12.771864748641121 72.2466393937357 125.04489975044787 0.5572443427796377
1.8963260248431617 12.741714049717219 66.86375829308557 130.38165033580623 0.5679331457300436
1.911307525703009 12.710061901897543 61.938471517172445 135.98765159970566 0.579033712233548
1.925729007280433 12.677030708919778 57.430354718415956 141.8872781594147 0.5905963820066653
1.9395321109768588 12.642492934544482 53.300990773264026 148.0528787095446 0.6024785421540114
1.9527679811996221 12.606656215211855 49.5175490664857 154.57892715969612 0.6149766146586688
1.9653344206194503 12.569101936138344 46.04182761650002 161.38753328884965 0.6277945862909401
1.977280061397946 12.530168796741968 42.85359106591859 168.58159262652694 0.6412342528562072
1.9885521320350596 12.489788067375255 39.926276286089745 176.16275911244324 0.6552546923877972
1.9991509439999189 12.44787043626708 37.23272032337087 184.11390667585556 0.6697357060102634
2.0090510258921754 12.404527814900993 34.7657960557089 192.52876111476974 0.6849372970486656
2.0182239731415765 12.359585472885588 32.490943736505166 201.39145174823796 0.7007436095841405
2.0266872057009553 12.313165596991555 30.397807244202998 210.725886917831 0.7171885075649149
2.0343791841359047 12.265165574560264 28.472963001446548 220.60996212186265 0.7344576547012004
2.0413292440231285 12.215742845698534 26.69853733283963 231.05531392819026 0.7525178170044382
2.0474935618368173 12.164726911479615 25.063216315512815 242.06721424272698 0.7712864788876131
2.0528997530241213 12.11236094714337 23.555453027528408 253.741295465285 0.7909933553072575
2.05749339784218 12.058403267360179 22.165620381636014 266.11992532965536 0.8116852884977032
2.061271866975069 12.003026449045409 20.885057449932084 279.2231678255027 0.8333379533632858
2.064225161217939 11.946084047708387 19.701611639495184 293.10419021523995 0.8560107468903974
2.0663548037653414 11.88772700188326 18.609415218898228 307.85143034366723 0.8798470538430188
2.0676248487861377 11.827876812067188 17.60137651504727 323.5274365778713 0.9049132999411467
2.0681029004370775 11.766793470236053 16.671380137707686 340.20104524840366 0.9312922806914923
