M[M_sun], R[km], Lambda[1], P_c[MeV/fm^3], rho_c[fm^-3]
0.23848912294887037 16.21570186450063 2784644.0411725277 3.4469561053153734 0.1694538074003404
0.24847932972837172 15.87250256477053 2285068.712419963 3.6326734814374206 0.17193387733329596
0.25876082573608655 15.569055659232976 1884128.465166385 3.817229079578523 0.1742206952330266
0.26932763962344053 15.299613656896723 1560216.569370988 4.0133775992817995 0.17662551266556886
0.2801761159658103 15.05976293661613 1297224.3286315817 4.217535164629819 0.17905756916241902
0.29131908729777284 14.845443984406192 1061825.4925376344 4.4244700299377095 0.1813901183479247
0.3027372251491121 14.653800614164231 906597.888516711 4.646412419562794 0.18389183085238317
0.3144422661597904 14.482179165842597 761840.2846181063 4.868953583936722 0.18625853867965866
0.32643930113882286 14.328210194275707 642211.619088143 5.102537531793515 0.18869726138446316
0.3387048146892457 14.189745205865155 543026.46001916 5.34979925712983 0.19125318871783248
0.35126431737451325 14.06551043689143 460454.9665591869 5.595732586510054 0.1936342648366773
0.36410353197835155 13.953567210913782 391494.3118711518 5.858714983801629 0.19618040653876206
0.37722556692333437 13.852774290661582 333707.2738064547 6.1292903253887525 0.19870538770697588
0.3906331269810002 13.762061477736305 285125.42123150855 6.405707705723075 0.20117049659708475
0.4043266694496813 13.680442294427307 244192.57478458955 6.701038056700894 0.20380427263835196
0.41829771557242673 13.606923421619719 209599.23239958595 6.997826705137196 0.20630421300008636
0.4325635272830929 13.540714158689553 180269.1955862305 7.307769991552289 0.2088595818788265
0.4471097563787522 13.481329385135231 155360.54825646506 7.638661801830136 0.21158766366434903
0.4619369385057959 13.428123333560075 134165.45494671003 7.964863949798663 0.21409362994980047
0.4770565770873384 13.380222013462218 116051.67577823823 8.311878412566925 0.21675450810814947
0.4924478060754806 13.337606355660547 100584.99754014675 8.676703636831526 0.21951761128619857
0.5081223433628401 13.29948572118424 87324.73623246407 9.041121214123605 0.22211983306646854
0.5240782881977942 13.26547473728453 75931.55476415626 9.429305887184114 0.22489177019011453
0.5403076867860981 13.23548683527773 66138.35279238994 9.831165644712724 0.22768202576650334
0.5568178191887262 13.20895543608663 57695.85534876832 10.238627695431305 0.2303723239650505
0.573615363802003 13.185596715934537 50394.27919860369 10.672431034660354 0.2332365424609656
0.5906761160626105 13.165174813381132 44090.6684124009 11.116009676430139 0.23605839809491655
0.608020219882668 13.147402953034252 38622.95042121674 11.57120349854624 0.23885419084145973
0.6256299148703383 13.132156657992047 33880.15617742915 12.055590711910527 0.24182928890264724
0.6435006837390393 13.119071202124797 29759.89694515554 12.545736412984667 0.24470920701034704
0.6616487133786457 13.108108774773992 26171.428547264946 13.054191539764862 0.24762888645931377
0.6800535648959796 13.098886874191166 22867.293848199537 13.59503452916565 0.2507345453033318
0.69871422890435 13.091428490923109 20315.674601938157 14.136951792379914 0.25368602699203857
0.7176387158918297 13.085579256391501 17930.78465265622 14.705086879957845 0.2567412243359591
0.7368058294408021 13.08109194303846 15844.217231551303 15.30921160625304 0.25998995918710593
0.7562105150396632 13.077743657532475 14015.59132494219 15.908447169405724 0.26299510035892365
0.7758722705876084 13.0756107882599 12410.451615461874 16.54335329996474 0.2661705440870723
0.7957648228546133 13.074463262115522 11001.708589156944 17.21356009822601 0.26950226783195347
0.8158863875661857 13.074243226458314 9762.381615994382 17.88193254045573 0.2726368246617711
0.8362428654993344 13.074818315117016 8671.538823171188 18.591705075260347 0.27596554111687605
0.8568115796499584 13.076077592500356 7710.049593660089 19.333405183504716 0.27939510248153554
0.8775929964707849 13.077937928966918 6861.664009868271 20.081460936293542 0.2826986233767885
0.8985999018132224 13.080363256678368 6112.462043582622 20.87574746011617 0.2862063059505587
0.9197771256811428 13.083126435751437 5450.108308909386 21.696610134508955 0.28974750414294115
0.9411565765196244 13.086340026707315 4864.114522362777 22.53492605811628 0.2932408907849898
0.9627159172807579 13.089781868330496 4345.094233317138 23.425003904952433 0.29694997702916015
0.9844450646758899 13.093375377477212 3884.8119058450015 24.33343279039924 0.3005916191267636
1.0063508544901345 13.097187818339473 3476.2035217245943 25.273944762941106 0.3042670103694043
1.0283956837060604 13.100928775276312 3113.203092081262 26.272541318868146 0.3081693881633478
1.0506072368813535 13.104892684720257 2790.7411944494684 27.27901420249441 0.3119296244711982
1.0729527275962372 13.108703639610106 2503.601992753665 28.3356086293602 0.3158389154895264
1.0954141391110097 13.112359184990218 2247.8748403321442 29.4521172776188 0.31995379410292085
1.1179883098281496 13.11584174191447 2019.8712524670589 30.572909443761873 0.3238930926667651
1.1406697809722983 13.119079304710146 1816.4383845844204 31.762229283758103 0.32807324852364544
1.1634382299112347 13.12209198322763 1634.87873383975 32.99786808093318 0.33233984299960145
1.1862837279839882 13.124863952941826 1472.815115835935 34.26191394486606 0.33656998460287596
1.2092023088655863 13.127198663500147 1327.662182715041 35.60357577260052 0.34105986877319133
1.2321439382599053 13.128991735066398 1197.828666971587 36.97162613835088 0.3454657675424696
1.2551492344421753 13.13049687880479 1081.5608208896754 38.400075134226 0.3499929866999433
1.278185074185239 13.131366977232679 977.2128780783418 39.90921521310553 0.3547574506185012
1.3012079181932952 13.131742717017472 883.7326612121147 41.433645254502146 0.3593785860985261
1.324241635813915 13.131481732088455 799.7816443702559 43.05150713408841 0.3642829495199437
1.3472504008759956 13.13062436605991 724.3298938087586 44.72335062620613 0.36924322487944256
1.3702362744953223 13.129117681434561 656.5085047566681 46.45385653951738 0.374272901408141
1.3931494695787858 13.12683074322606 595.5120783593119 48.290332426261564 0.3796083742729275
1.4159849295926477 13.123768681876305 540.6272628422563 50.14619042981195 0.3847889967126498
1.4387613577668008 13.119967406639066 491.0976810406878 52.116241856042464 0.39028838977322444
1.4614133872111856 13.115340922611018 446.4970914714651 54.15328284761794 0.395840190951461
1.4839467256615526 13.109865157605373 406.2653909598448 56.27066572859643 0.401498589134495
1.506339082977439 13.103430287107422 369.91590001149405 58.50370370561077 0.40743411665351476
1.5285866719231602 13.09615286540338 337.08751628027886 60.78505394518817 0.41331779455317735
1.5506616864184755 13.087857008187008 307.3941749101523 63.20810789064614 0.4195669310080964
1.5725359790485562 13.078664211908773 280.55730781128 65.6922775788329 0.42580137255510025
1.5941964713457801 13.06830654574063 256.2433818336763 68.30978860110953 0.4323288508408767
1.6156056135559294 13.057013748727458 234.24697844691897 71.02960377245891 0.4389944438126049
1.6367968120536003 13.044604505439064 214.2704955575032 73.8646201071881 0.44583728250946464
1.65769291973647 13.03104514609375 196.16631969228825 76.83922628036484 0.45293880223850047
1.67830537834355 13.01633003217555 179.7299820150745 79.91741019283394 0.4601188903698406
1.6985994072488921 13.000570957753661 164.8218661323433 83.16933401399638 0.46766909253281447
1.7185817951349491 12.983578710136516 151.25195622686405 86.519900745686 0.4752670163903729
1.738198706780175 12.965344225880596 138.91995050552654 90.07373071502658 0.4833105485454267
1.7574498311170041 12.945879985151054 127.68799664879556 93.7302710519058 0.49138370931113673
1.7763061789864398 12.925167459203951 117.46987314327028 97.61464620577017 0.49995099417632144
1.7947555836805829 12.903145349481749 108.15428373909072 101.61529737951679 0.5085539587633111
1.812768543874797 12.87986850055351 99.66474257583594 105.86342777630105 0.517672945826774
1.8303336200278986 12.855244009132939 91.9204172343225 110.25144740818318 0.5268583482177731
1.8474123715920558 12.82921795465117 84.85130240858918 114.90186305674544 0.5365608185475922
1.8640129603847282 12.801907966740673 78.39095434099352 119.72695758826039 0.5464351182110309
1.8801017727283036 12.773157581831892 72.48484993171661 124.82362976465303 0.5568011683724453
1.8956468481103765 12.742990191314009 67.08805383654082 130.14322906555435 0.567455619576976
1.9106527549816377 12.711466101535958 62.1480051423036 135.737581063787 0.5785435993429185
1.9250889474531045 12.67849783381279 57.62373418504082 141.61770934172972 0.5900680544611037
1.9389302822465633 12.644064066597297 53.47705375861162 147.7696695562112 0.601935362106751
1.9521639603766825 12.608194300179676 49.68119083416427 154.28082063646522 0.6144153953891611
1.9647757464867792 12.57085994569469 46.195166804816964 161.06609334094938 0.6271894392086287
1.9767496876936872 12.532100028221 42.99726193636444 168.24269067056017 0.6406074951679811
1.9880443038108373 12.4917060172237 40.05762066357202 175.7970894411256 0.6545784310862192
1.9986627741865521 12.449994948949252 37.3619497018505 183.72775066773391 0.6690345440556326
2.0085895178599156 12.406592357172649 34.87776863649072 192.12029815433115 0.684208817010394
2.017789722450062 12.361722936597344 32.59736393610525 200.950419987219 0.69995704417855
2.026270469557685 12.315438389490035 30.49744096832945 210.25864105000045 0.7163682328308871
2.0340281205520387 12.267588669527012 28.56211132370746 220.11417360958058 0.7336004292897527
2.0410116596818706 12.218236348716072 26.782773742585242 230.51948270300093 0.7515913571710604
2.0472120717642053 12.16739743961911 25.142695016375303 241.49775491495765 0.7703175602862424
2.0526607315232313 12.115134018714704 23.62940182617178 253.13523061757482 0.7899778940618455
2.0572570028816513 12.061146644854356 22.235182694235203 265.4740076852976 0.8106179314455477
2.061082108200411 12.005848167516854 20.947908731993834 278.52408498048493 0.8321827426159273
2.064095519528617 11.949083397301152 19.76046837942525 292.3579397429856 0.8547940905954247
2.0662558126401596 11.89084063774467 18.665415250163097 307.0537720779804 0.8785653303182211
2.0676074937637847 11.83117271120577 17.653290324555382 322.6737324919432 0.9035600740692286
2.068104413010343 11.770073472458526 16.718519417559474 339.28620410037666 0.929860202019837
