M[M_sun], R[km], Lambda[1], P_c[MeV/fm^3], rho_c[fm^-3]
0.23848912294887037 16.21570186450063 2784644.0411725277 3.4469561053153734 0.1694538074003404
0.24845736377105235 15.873401782494941 2286157.959798793 3.6322694372714723 0.17192848172730327
0.2587167194773644 15.570190855121552 1885631.9259103457 3.8164356407074904 0.1742109675244943
0.2692622198084636 15.301190000495556 1561964.7664107836 4.012099078205045 0.17660983775872835
0.2800856552007739 15.061592661577057 1299236.8312673357 4.215859393004385 0.17903868003160878
0.29119959978013454 14.84759122741619 1084564.7931696349 4.422224758388057 0.1813648098707061
0.30259377864244874 14.656213268642563 908646.0478409718 4.643521426176177 0.18385924386294944
0.3142673651439495 14.4845982112547 763829.7339712731 4.865642279863517 0.18622396715837078
0.32623566332352816 14.330596595282923 644013.0452007778 5.098485412625817 0.18865495541649102
0.3384702100373395 14.19227647395286 544730.4570607174 5.345313016505516 0.1912097538550554
0.3509970332881565 14.068020314083016 462034.07077448745 5.590405370871545 0.19358268782607546
0.36380734521132635 13.956008115040854 392938.0067650026 5.852446274221662 0.1961197141766717
0.3768911204128251 13.855265343933118 335046.9576056604 6.122565729361943 0.19864541730486865
0.3902612576434038 13.76439080625984 286334.99081374594 6.3979286810423 0.20110112272893738
0.4039213357366852 13.682734982439332 245303.89504098735 6.69208391999396 0.20372441904169022
0.41785315913810966 13.609045567017052 210598.61972819344 6.988399605279914 0.20622649001446952
0.4320799222746937 13.54291492196746 181186.98966242684 7.297040784927031 0.20877112349980861
0.446585406137256 13.483401126129941 156190.6936575882 7.626486855803615 0.21148728569347455
0.46137456740342386 13.429944064287012 134897.37352014307 7.95219636478762 0.21399649595715353
0.4764502729096561 13.382039054127002 116711.3089986899 8.297621220404027 0.21664518513952447
0.491796333792118 13.33929222079799 101185.56656575033 8.661912978825985 0.21941199461234726
0.5074257304646808 13.301082515189195 87864.66229024414 9.024587031336216 0.22200176628470675
0.5233353693228759 13.267006540948948 76422.82480612086 9.410848043441414 0.2247599669896186
0.539517770336027 13.236830917007138 66579.86866305285 9.812145673350884 0.227556445004808
0.5559866001307898 13.210222989534884 58088.11934222763 10.217508976480625 0.23023288606783174
0.5727257136047668 13.186730844399708 50755.449952155 10.649001994388918 0.2330818504970765
0.589732181982926 13.166156122341686 44412.96764583886 11.091988729738729 0.2359108618471425
0.6070246983652895 13.148403546781077 38915.30747312915 11.54467291096758 0.238691240421858
0.6245864328846246 13.132981737147015 34141.5108645996 12.026302909215238 0.24164940371449373
0.6424123936942568 13.119853228360764 29994.469742526046 12.51580817310098 0.24453735139845562
0.6605037076829342 13.108714111616358 26382.12197064496 13.021276521826808 0.24743988000353334
0.6788503009159338 13.099442080836177 23234.763567054073 13.558843605381135 0.25052672775789386
0.6974587943398279 13.091900631702194 20486.273275009327 14.100051887773288 0.25348759444842345
0.7163279460800162 13.085947840004204 18084.791965177876 14.664644570204333 0.2565237421912324
0.7354307130535179 13.081350739450263 15983.218220329112 15.26488953683114 0.259751613287098
0.7547708558325419 13.077953236692961 14142.236738523767 15.86334668399061 0.26276953307164325
0.7743790118842754 13.075734955587608 12525.044915312457 16.49406482117451 0.26592403081005195
0.7942130425262329 13.074512929441097 11030.49760201333 17.16334736591183 0.2692667783756645
0.814272137559233 13.074198869199712 9855.388095612347 17.82719647748459 0.272380121528633
0.8345728190923758 13.074793641601488 8755.578272234008 18.53203008590641 0.2756856752312859
0.8550814476172536 13.075992452042943 7786.295012798611 19.272656391742746 0.27912682715286
0.875802354730278 13.07774228294996 6930.187012068733 20.015379186505907 0.2824067969448622
0.8967392397508145 13.080096529614307 6174.59566938988 20.80384799070271 0.2858887876390165
0.9178610177626981 13.082875721433146 5506.713859958942 21.623437004295504 0.2894425808694518
0.9391739135264154 13.085950784969867 4915.201248639906 22.455469067525087 0.29290978173441345
0.9606686790450675 13.089405541111434 4391.4530990688545 23.33869683308647 0.2965903226751387
0.9823336171040781 13.093028429216886 3926.867261158397 24.245628836547795 0.30024849336922255
1.0041802468160397 13.096785811815455 3514.5114368456548 25.178740886149683 0.30389496673227867
1.0261754536917371 13.100631534177955 3147.9818879303516 26.169275446938187 0.30776583935967944
1.0483066184256566 13.104396031912163 2822.2163202025995 27.173964030011714 0.31154094960663486
1.0705972133416306 13.108209885443927 2531.9921539477873 28.221844783444514 0.3154180009269086
1.0929975543295902 13.11195023972164 2273.8072402558055 29.334293238025918 0.31953394611956726
1.115526787258168 13.115635076274382 2043.654980382547 30.44745832867224 0.323452163998245
1.1381524852715081 13.118806181398165 1838.063756203353 31.626507460200926 0.32759622093479196
1.160857867378259 13.121790137063861 1654.470887086269 32.859379459548975 0.33187638950031567
1.1836490276243674 13.124559342336749 1490.5663883984053 34.11227762891195 0.3360692252368283
1.2065016287948298 13.126882758102449 1343.8669790255246 35.4418156732844 0.34051853704988033
1.2293955158383796 13.128727084737102 1212.5975760857423 36.806490987224414 0.34494240057458286
1.2523538800190321 13.130350644068777 1095.0015152802455 38.22176213224679 0.34942785483950023
1.275329067947315 13.131309574105545 989.5650216710328 39.72407734343227 0.3541891800420682
1.2983176921981878 13.131745086647134 894.9411820822711 41.23684980883911 0.35878202319201996
1.3213047565297478 13.131623188692116 810.0266217846136 42.839107313757424 0.3636390837346807
1.3442660977765044 13.130852153805888 733.7013848503116 44.505821742223304 0.36861098206902143
1.367195707923828 13.129316506866857 665.0763672812614 46.219283471125564 0.37359112005895306
1.390073220779741 13.12716993823328 603.354564990948 48.0382141023351 0.37887780104209956
1.4128902004513164 13.124251723988579 547.7377540206867 49.886700095704505 0.3840646301688753
1.4356095186613789 13.120577241748885 497.6720783175845 51.83646609265837 0.3895073965102133
1.45823464447345 13.116034143358048 452.5047320836875 53.8658113283372 0.395071965073664
1.4807419958541106 13.110673311344861 411.7499244777298 55.96091750362067 0.4006708319965933
1.5031172350900186 13.104464265263791 374.9543285718748 58.18474622593419 0.40661151473928486
1.5253271180296502 13.097269836762532 341.71185563482686 60.441561507405574 0.4124319161686041
1.547380383846867 13.089172223662572 311.63295911169973 62.83796097123552 0.4186123098317496
1.5692343835450075 13.080044195348068 284.4394813546563 65.31066154910891 0.4248497088080032
1.5909047230371618 13.069966666446085 259.79850230091677 67.89872831632049 0.43130375980581703
1.612309151647085 13.058818382930527 237.5050480135625 70.60486521940179 0.43796925839433987
1.6334806627357163 13.046573866362404 217.2838438412686 73.40725040888681 0.4447333357589758
1.6543615430610972 13.033233893264724 198.94757451096848 76.36569125305705 0.4518342473041531
1.675009171851753 13.018863709035088 182.28477346946198 79.4076031711435 0.45892972836724366
1.6953071693212736 13.003254845676544 167.15996696771796 82.64046655494602 0.4664698044701115
1.7153047995951014 12.986478461705326 153.3973576324554 85.95059017925966 0.473976017379937
1.7349349105423757 12.968506158471142 140.90848397095007 89.46978108053322 0.48195632239974034
1.7542033820211254 12.949251975551363 129.52270239567895 93.09324610524543 0.4899772419041489
1.773098970834302 12.928843157796113 119.16252224566456 96.93376790218659 0.49845660956712995
1.7915724233327681 12.907064805523026 109.71565418279725 100.90109689376541 0.5070181484114239
1.8096301435757818 12.88403223990685 101.10218824643256 105.10325719192227 0.5160544364215185
1.8272365464077671 12.85969821943987 93.24731217220352 109.44917577756031 0.5251789601629405
1.8443698823987404 12.834014064584322 86.07853566504805 114.05871542846877 0.5348280684356623
1.8610241963048137 12.806957623569335 79.52395574764293 118.82394489144039 0.5445871506924564
1.8771686051399978 12.778572028809204 73.53843758830034 123.87817103055251 0.5549075400409534
1.8927893452538054 12.74877128379139 68.06112540657521 129.12467284260512 0.5654155866792642
1.9078702571834378 12.717529243006851 63.04698026858492 134.67680337563567 0.5764644809633566
1.9223730444319471 12.68496410886148 58.45955987288365 140.51317886321183 0.6040945928962491
1.9351215522142968 12.651497563967729 54.49903665016278 146.8433849496545 0.7697035898198747
1.945073241955605 12.616151845046263 51.2191633497601 153.60609340254902 0.9466275869341869
1.9522567103088175 12.577662702179612 48.47193316684618 161.10350862389183 1.1033616290057688
1.9571130141365423 12.535392544144313 46.09418480062173 169.2184064593782 1.2591390870881198
1.9599697964466756 12.48930963245313 43.992960796829884 178.01167658832165 1.40165188871733
1.961059020074191 12.439340522851204 42.11009443785134 187.45441245366143 1.5400224414995065
