M[M_sun], R[km], Lambda[1], P_c[MeV/fm^3], rho_c[fm^-3]
0.23848912294887037 16.21570186450063 2784644.0411725277 3.4469561053153734 0.1694538074003404
0.24848704727634235 15.872455541944769 2284830.498029063 3.6328365807664356 0.17193605536181664
0.2587777541063281 15.56859946079055 1883590.111347012 3.817549396632865 0.1742246223798508
0.26935707151054716 15.298731981293548 1559333.0348473177 4.013893804071865 0.17663184143256536
0.28021343235412943 15.058986005667654 1296419.8042345424 4.218211818835828 0.17906519634121632
0.2913668001480714 14.844515739817737 1081571.334601342 4.425376739523608 0.18140033868804445
0.30279539741783756 14.653013638892254 905898.3225278829 4.647580022609361 0.1839049919575996
0.314511412456469 14.481286156984881 761125.7408841761 4.870291037271384 0.18627250230106238
0.3265191357761947 14.327226706205158 641499.309561416 5.104174387399406 0.18871435090181743
0.33880069763798215 14.188757319767085 542319.4608562427 5.351611590473302 0.1912707353580313
0.35137158122711015 14.064558363500746 459833.38942292705 5.597884893406374 0.19365510303117567
0.36422405458179025 13.952561531241269 390917.91402047675 5.86124796438849 0.19620493033795622
0.37735937881260134 13.851880806336926 333170.65322565887 6.132007652943279 0.19872962101786212
0.39078372915649107 13.761085588290097 284635.93531133945 6.408851473982042 0.20119853293501055
0.40448961304242814 13.679454725881554 243738.66787457274 6.704657152503588 0.203836547979456
0.4184770270746809 13.606026745354844 209197.51492529773 7.0016371141678695 0.20633562842696937
0.43275604299222103 13.539978464965785 179909.93855643066 7.312107215481801 0.20889534070160276
0.44732145023985276 13.480564865289212 155038.31264672615 7.643584049273774 0.21162824579173245
0.46216568627671445 13.427217228929106 133856.54817086854 7.969985518229345 0.2141329017123229
0.4773002889407591 13.379601131100328 115797.80943041685 8.317643356280843 0.21679871321905494
0.49271117118340696 13.336917438208266 100341.75132049045 8.682684434575814 0.21956031878200385
0.5084050300601727 13.29884889597725 87106.80443474925 9.047807825130493 0.22216758061181918
0.5243761800403851 13.264898208254717 74989.11210815179 9.436771361381796 0.22494507941768146
0.5406287816800447 13.234925021302745 65960.24550818064 9.838858598426011 0.22773281905996431
0.55715716500853 13.20842291336094 57532.353745033855 10.247170563941673 0.23042872888355354
0.5739715366000263 13.185119160231451 50253.315263890836 10.68190965142788 0.2332991257262523
0.5910556101645128 13.164777302592931 43962.759715352535 11.12572783302674 0.23611808684815191
0.6084106685520565 13.147046704408684 38510.01884667057 11.581938317639958 0.2389201239185348
0.6260515633226446 13.131824598946979 33777.1954297679 12.067442672066514 0.2419020834412075
0.6439445041634445 13.11879581997481 29665.109533539675 12.557847551427136 0.2447787522664604
0.6621122065828808 13.10782037461973 25882.504108000227 13.067513042236673 0.24770538193540936
0.6805441068295209 13.098675726949924 22967.673018504072 13.609683785145227 0.25081866507983414
0.6992229496830373 13.091300031301357 20247.975363234284 14.151887956793356 0.25376634755459854
0.7181701308979406 13.085377752430968 17868.05834976634 14.721459055733872 0.256829267178302
0.7373607007356907 13.080911741117554 15788.44812062794 15.327156817296608 0.26008646116755946
0.7567946969469881 13.077717209405353 13965.269210626311 15.926707354767377 0.263086427546189
0.776473863334942 13.075536908941325 12364.675148886208 16.5633117729194 0.26627036515465513
0.7964006817788378 13.074604250946964 10960.957970824553 17.23389258529277 0.26959762385230296
0.8165510748878639 13.07445411751028 9725.872921935665 17.904099596082187 0.2727407845069422
0.8369182579963668 13.074859473858847 8637.593091406598 18.615875601397004 0.27607889690923815
0.8575184008715717 13.076177501517659 7679.418419974688 19.358010249397267 0.27950376196179766
0.8783245522271311 13.078059689174484 6834.313499972943 20.10822965850359 0.2828168378719387
0.8993447586394083 13.080466008903768 6087.642409391069 20.90487692692588 0.28633494583056057
0.9205499248725083 13.083243788680774 5427.737615895126 21.726255061699536 0.28987103894615285
0.9419574335317211 13.086423952072948 4843.669309713093 22.567121292158994 0.2933750530946576
0.9635462057890808 13.08987956544825 4326.232379877133 23.459979743299513 0.2970957265288838
0.9852864294667417 13.093409980644623 3867.923684337102 24.369014463676898 0.3007306674049155
1.0072181909138236 13.097306151417865 3461.0095709689986 25.312530715646936 0.30441779895775223
1.0292963835219888 13.101151406203225 3099.458165405611 26.314400940693556 0.30833296979970015
1.0515241965010564 13.10493898719187 2778.1106744510407 27.3215960693746 0.31208717301158956
1.0738883338614285 13.108788255057561 2492.135090256113 28.3817293580776 0.3160095574557807
1.0963792810839892 13.112528639050346 2237.5455231562482 29.499147169314945 0.3201190921754921
1.1189809345983446 13.116047923248994 2010.55629181679 30.623774684979015 0.32407187101455265
1.1416956210071756 13.119305014681968 1807.9031066033172 31.817267205057362 0.3282666927775228
1.1644773850855594 13.122257163536664 1619.5541936958452 33.05402676473618 0.3325277785733955
1.187355248419114 13.1250050218126 1465.6980064427519 34.32260236679316 0.33677307898873327
1.2102893544482485 13.127235898998379 1321.0445861275848 35.66919149549024 0.3412794524189628
1.2332662964145154 13.12914111948694 1191.9376410205016 37.03860940489711 0.34567805928576173
1.2562805994599098 13.130526352765887 1076.1543916015603 38.4724150198989 0.35022225531031265
1.2793272031857537 13.131440917523197 972.380429777389 39.98322613273557 0.35498180626443054
1.3023846308861151 13.131726776639793 879.2731527220825 41.5134943415379 0.35962063948184203
1.3254395458549764 13.131481467592563 795.6647116027784 43.13770156610564 0.36454423809151404
1.3484731538340133 13.130645645737989 720.6205344061073 44.81162495869934 0.36949979224209206
1.371452035541536 13.128999665183777 653.1163825425624 46.5490629864218 0.37454961680546645
1.3943820037272099 13.126660919181754 592.4021667869865 48.388071539466296 0.37988121273478087
1.4172547525230474 13.123642900501416 537.7257227447287 50.25152606839388 0.38508304085390205
1.4400283417847426 13.11979155201779 488.4978519709417 52.229831144046855 0.3906054739538147
1.4626958343700784 13.115079336181656 444.12134084958046 54.26999540536419 0.3961520883086284
1.4852278600916693 13.109435938105335 404.0573496266668 56.3964439667288 0.40183471320563346
1.507651140454605 13.103083062140657 367.89888688443557 58.63322081093928 0.4077681455619347
1.5299024358105104 13.09568733760266 335.24791224192387 60.92455783891692 0.4136775797199656
1.5519708395338834 13.087384071533808 305.73041958205374 63.358463614853385 0.41995470340545077
1.5738492629125884 13.078002646162679 279.0063454889485 65.8472919199471 0.42618794313187924
1.5955151626935669 13.067622999631206 254.82711527746324 68.4767932314805 0.4327453224771346
1.616951035719859 13.056283072240968 232.92820938503215 71.202166453443 0.4394109559069469
1.6381270864302835 13.043718204996054 213.0623326589817 74.0504739265184 0.4462858752358251
1.659041651096627 13.030269301443234 195.07214101571174 77.03165107256031 0.4533876470788044
1.6796421417075105 13.015397831813214 178.71503168483176 80.12461267271271 0.4606022052427874
1.6999307286569003 12.999458408208111 163.88041206076932 83.38428704836647 0.4681565315002728
1.7199020289084888 12.982361760093106 150.38795846880538 86.75133500561151 0.47579182906409556
1.7395104965907802 12.964060233101364 138.12620685472575 90.3143070016274 0.4838417093857864
1.7587513564980204 12.944534296140306 126.96114688449505 93.98928838470884 0.4919555855592213
1.7775988228080533 12.923662862658416 116.79313090481381 97.88440976383383 0.5005310913245336
1.7960325458882938 12.901533292161535 107.53244707049637 101.90576076396326 0.5091785686334763
1.8140576471077505 12.878317931156827 99.09330292534658 106.16648052507765 0.5183073234450933
1.8315776509257158 12.853385463340791 91.39001557096299 110.577807113081 0.5275415140796379
1.8486394457508029 12.82725222759055 84.3562858645294 115.24297075625287 0.5372588773359627
1.865221108046417 12.7998949524017 77.9451154338583 120.09439055190786 0.5471870502541408
1.8812756417801304 12.770964678077204 72.07000523860255 125.20835485096143 0.5575717216467375
1.8968008115053634 12.74074869295612 66.70468584266425 130.55778599146927 0.5682859220657203
1.9117841943765228 12.709020428816011 61.787262392871256 136.17239658687814 0.5793957936733298
1.9261803980203303 12.675989500198495 57.29512851851963 142.0864403086116 0.5909867196219637
1.9399716384408583 12.64130006849734 53.173233449199536 148.24332114331474 0.6028148402830414
1.9531858026047775 12.605291027277802 49.393325033522025 154.7732337043891 0.6153010464293464
1.963209209578722 12.570838688635396 46.43961991788508 162.5739867455309 1.3019246972418497
