status: Success
e[MeV/fm^3], P[MeV/fm^3], rho[fm^-3] 
4.352401510171787e-12 6.303951623613231e-26 4.00000001E-15
4.385881724042108e-12 6.303951489693178e-25 4.73000011E-15
4.408201721542268e-12 6.3039514896931784e-24 4.75999990E-15
4.547701563628207e-12 6.303951835653314e-23 4.91000012E-15
6.472802734647461e-12 7.552309618696132e-22 6.99000006E-15
9.151203807347077e-12 8.738171533730555e-21 9.89999996E-15
2.516581043393445e-11 1.0610709240595186e-19 2.71999999E-14
1.1829604478286538e-10 3.632581454081605e-18 1.27000000E-13
6.417002545596988e-10 1.1858621270745054e-16 6.93000019E-13
5.825522483502724e-09 6.0817559262413e-15 6.29500011E-12
1.463076556513704e-08 3.100807203113195e-14 1.58099991E-11
3.6755473256723625e-08 1.5173141217578792e-13 3.97200016E-11
9.229323670257585e-08 7.184029542763463e-13 9.97599989E-11
2.3190489444309905e-07 3.2868444083356306e-12 2.50600013E-10
5.825522014782542e-07 1.4467829278717761e-11 6.29399977E-10
1.4630766011537214e-06 6.088675262846003e-11 1.58100000E-09
3.6761054932889316e-06 2.441027814078792e-10 3.97200006E-09
4.62749577314836e-06 3.2824920066468985e-10 4.99999997E-09
9.234903147902422e-06 8.956684864913728e-10 9.97599958E-09
1.8425167148964853e-05 2.3923701170796056e-09 1.98999999E-08
3.676663526985449e-05 6.2790646465570835e-09 3.97199997E-08
7.337703148348822e-05 1.625342997153083e-08 7.92400030E-08
0.0001464192512306695 4.1669222382058286e-08 1.58099994E-07
0.00018436327822895197 5.4538940714708994e-08 1.98999999E-07
0.00029222469775918273 1.0167545066887486e-07 3.15499989E-07
0.00046319597302403755 1.890616389359159e-07 4.99999999E-07
0.0005831102128547625 2.577179732985736e-07 6.29400006E-07
0.0007343282715273694 3.143215241887514e-07 7.92399987E-07
0.0009246063487032633 4.281758984082486e-07 9.97599955E-07
0.001465308613179742 7.939227236660169e-07 1.58099999E-06
0.0023235128010829667 1.4705537259348458e-06 2.50600010E-06
0.003683359540743502 2.722594600566705e-06 3.97199983E-06
0.004638097788421942 3.533926982323669e-06 4.99999987E-06
0.005836682253472714 4.807283297825919e-06 6.29399983E-06
0.007354442965123871 6.541213516550845e-06 7.92399987E-06
0.009257223859642859 8.89418911966538e-06 9.97600000E-06
0.011662204524935355 1.2096328470175446e-05 1.25600000E-05
0.014680985473022363 1.56228899500813e-05 1.58099992E-05
0.018486547172780303 2.1246416578409632e-05 1.99000006E-05
0.023279768920950343 2.8885439877150674e-05 2.50600006E-05
0.02931733081712436 3.713156607224764e-05 3.15500001E-05
0.03692287588847584 5.048785869648918e-05 3.97199983E-05
0.04649257993632102 6.865745884469403e-05 4.99999987E-05
0.05853422460847915 9.331102742347864e-05 6.29400020E-05
0.07376762873343995 0.00012688925034902914 7.92400024E-05
0.0928512358030795 0.000162099069590439 9.97600000E-05
0.1028952365753518 0.00018050190557073937 1.10499997E-04
0.11695684761125688 0.0002053440752095012 1.25599996E-04
0.1473120538090769 0.00027918982386165164 1.58099996E-04
0.1855350764516097 0.0003630126175008956 1.99000002E-04
0.2336904906719104 0.0004892099353054549 2.50599987E-04
0.2398842997711083 0.00048715649450871987 2.57200008E-04
0.24886809767682191 0.0004924575032615113 2.66999996E-04
0.29172251765233687 0.0005212949812344528 3.12599994E-04
0.3688381442252 0.0005678544757755366 3.95100011E-04
0.444391373539853 0.0006136105348208876 4.75899986E-04
0.5428225916431655 0.0006759614511130431 5.81200002E-04
0.6673682433148784 0.0007602194782251576 7.14300026E-04
0.8208183285215115 0.0008731922299585852 8.78599996E-04
4.7041264004410435 0.007865334258869693 5.00000001E-03
9.417414885436974 0.01619759881346834 1.00000000E-02
14.136675568630121 0.029317088868230482 1.50000000E-02
18.8608894300251 0.04527331676444691 2.00000000E-02
23.589421766695647 0.06355987275363063 2.50000000E-02
28.32184280687501 0.08397296578231073 3.00000000E-02
33.057846654844504 0.10642825612656338 3.50000000E-02
37.797209217717175 0.13090642782769402 4.00000000E-02
42.53976320702813 0.15742800960206774 4.50000000E-02
47.28538262632846 0.18603960573936704 5.00000000E-02
52.03397261558138 0.21680569874461114 5.50000000E-02
56.7854618623592 0.24980348906375377 6.00000000E-02
61.53979824944172 0.2851195426183825 6.50000000E-02
66.29694427921439 0.32284754206484634 7.00000000E-02
71.0568749532675 0.36308675675766167 7.50000000E-02
94.91506497586711 0.7377913899354525 0.1
95.82431209607351 0.7569424438205345 0.10095047523761881
96.73374140851806 0.7764943600156045 0.10190095047523763
97.64335497527604 0.7964519380304864 0.10285142571285644
98.55315486437725 0.8168199388795756 0.10380190095047524
99.46314314962358 0.8376030846052487 0.10475237618809405
100.37332190951221 0.8588060575119272 0.10570285142571287
101.28369322745853 0.8804334992725273 0.10665332666333167
102.19425919053259 0.9024900106016247 0.10760380190095048
103.10502188967308 0.9249801509519671 0.10855427713856929
104.01598341886553 0.9479084375788318 0.1095047523761881
104.92714587479905 0.9712793455261846 0.11045522761380691
105.83851135625774 0.9950973070392592 0.11140570285142572
106.75008196425095 1.0193667115984653 0.11235617808904452
107.66185980065131 1.0440919052341258 0.11330665332666334
108.57384696849886 1.06927719069472 0.11425712856428215
109.48604557176975 1.0949268273065513 0.11520760380190095
110.39845771437216 1.1210450308782924 0.11615807903951977
111.31108550022132 1.147635973520508 0.11710855427713858
112.22393103268783 1.1747037837690755 0.11805902951475739
113.13699641441339 1.202252546735025 0.11900950475237619
114.05113220819963 1.2291925993854278 0.119959979989995
114.96556686970548 1.2562889804307815 0.12091045522761382
115.88020539262068 1.2837489620375209 0.12186093046523262
116.79505107637382 1.311607688901617 0.12281140570285143
117.71010658876787 1.3398866222306225 0.12376188094047025
118.62537435478991 1.3686012879790326 0.12471235617808905
119.54085668159487 1.3977639632748264 0.12566283141570786
120.45655581164574 1.4273849022203962 0.12661330665332668
121.3724739489373 1.4574729902201256 0.12756378189094547
122.2886132726981 1.4880361273964553 0.1285142571285643
123.20497594530374 1.5190814730918873 0.1294647323661831
124.12156411713714 1.550615609097818 0.1304152076038019
125.0383799299889 1.5826446532731637 0.13136568284142072
125.95542551719545 1.6151743419029003 0.13231615807903951
126.87270300632932 1.6482100917742173 0.13326663331665833
127.79021451952654 1.6817570469641936 0.13421710855427715
128.70796217289933 1.715820114822776 0.13516758379189595
129.62594807763173 1.7504039957082682 0.13611805902951477
130.5441743392664 1.7855132063727126 0.13706853426713356
131.46264305906698 1.821152099513796 0.13801900950475238
132.38135633111227 1.8573248787110117 0.1389694847423712
133.3003162450726 1.8940356137176764 0.13991995997999002
134.21952488435622 1.9312882502198931 0.1408704352176088
135.13898432651993 1.9690866212826847 0.14182091045522763
136.05869664271447 2.0074344547031444 0.14277138569284642
136.97866389754117 2.046335381303095 0.14372186093046524
137.8988881494348 2.0857929415783474 0.14467233616808406
138.81937144957976 2.1258105916385546 0.14562281140570285
139.74011584228415 2.1663917083072306 0.14657328664332167
140.66112336537162 2.207539594350834 0.14752376188094046
141.5823960481099 2.2492574830882006 0.14847423711855928
142.50393591373677 2.2915485420848825 0.1494247123561781
143.42574497604522 2.3344158769724572 0.1503751875937969
144.34782524409343 2.3778625358388865 0.1513256628314157
145.27017871609212 2.4218915111246417 0.1522761380690345
146.19280738424652 2.4665057438197664 0.15322661330665333
147.11571323181772 2.5117081258624125 0.15417708854427215
148.0388982346103 2.557501503272107 0.15512756378189096
148.9623643609763 2.603888679005479 0.15607803901950976
149.8861135694998 2.650872413872463 0.15702851425712858
150.81014781153988 2.6984554312146543 0.15797898949474737
151.73446903035529 2.746640417840382 0.1589294647323662
152.6590791608765 2.7954300264749747 0.159879939969985
153.58398012949223 2.844826878128856 0.1608304152076038
154.50917385512872 2.894833564104033 0.16178089044522262
155.4346622472236 2.9454526476116882 0.1627313656828414
156.36044720757988 2.9966866660437574 0.16368184092046023
157.286530630691 3.048538133550494 0.16463231615807905
158.21291440185286 3.1010095414002308 0.16558279139569787
159.13960039827523 3.154103361135469 0.16653326663331666
160.06659049060417 3.207822045640711 0.16748374187093545
160.99388653829578 3.2621680302163156 0.16843421710855427
161.9214903964126 3.3171437362752556 0.1693846923461731
162.84940390968868 3.3727515708840485 0.1703351675837919
163.77762891671398 3.428993929119713 0.1712856428214107
164.7061672466915 3.485873196087624 0.17223611805902952
165.63502072286164 3.543391747724968 0.17318659329664832
166.56419115909503 3.601551952348018 0.17413706853426714
167.49368036443 3.6603561732199807 0.17508754377188596
168.42349013770365 3.7198067680164684 0.17603801900950478
169.35362227234285 3.7799060918869998 0.17698849424712357
170.28407855378026 3.840656498129732 0.17793896948474236
171.21486076059995 3.902060339479874 0.17888944472236118
172.14597066511135 3.9641199699643153 0.17983991995998
173.0774100322425 4.026837745342107 0.18079039519759882
174.00918062014452 4.090216024931152 0.1817408704352176
174.94128418115903 4.15425717296074 0.1826913456728364
175.8737224608617 4.218963559223511 0.18364182091045522
176.80649719778643 4.284337560583026 0.18459229614807404
177.7396101255222 4.350381562186385 0.18554277138569286
178.67306297165257 4.417097958491354 0.18649324662331165
179.606857457765 4.484489154370863 0.18744372186093047
180.54099529841213 4.552557565683287 0.18839419709854927
181.47547820526577 4.621305621911432 0.18934467233616809
182.41030788107096 4.69073576458311 0.1902951475737869
183.34548602804506 4.760850451458452 0.19124562281140572
184.28101433919534 4.831652154342152 0.19219609804902452
185.21689450393026 4.903143362270356 0.1931465732866433
186.15312820898524 4.975326581656816 0.19409704852426213
187.0897171331183 5.04820433672316 0.19504752376188095
188.0266629520172 5.121779171129759 0.19599799899949977
188.96396733859652 5.196053648871413 0.19694847423711856
189.9016319600803 5.271030354086804 0.19789894947473738
190.8396584788276 5.346711892447161 0.19884942471235617
191.7780485562317 5.423100893100241 0.199799899949975
192.71680384762786 5.500200007156195 0.2007503751875938
193.65592600577017 5.578011910061974 0.20170085042521263
194.59541668137143 5.656539302217624 0.20265132566283142
195.07151801991665 5.696596390812573 0.20313285078184523
226.52950185438394 5.696681035005184 0.23495058030023178
227.48618497451477 5.764701727273888 0.23591795897948975
228.42642496058912 5.832150504111013 0.23686843421710857
229.3669373414875 5.900214804646794 0.23781890945472736
230.30772350176767 5.9688989518298 0.23876938469234618
231.248784830604 6.038207298274358 0.23971985992996497
232.19012272311096 6.1081442255233185 0.2406703351675838
233.13173858171356 6.17871414513894 0.2416208104052026
234.07363381272094 6.249921496862896 0.2425712856428214
235.01580983136833 6.3217707502657845 0.24352176088044022
235.9582680573003 6.394266402829658 0.24447223611805904
236.9010099166579 6.467412980653307 0.24542271135567784
237.84403684328421 6.541215038184362 0.24637318659329666
238.7873502746478 6.615677156850438 0.24732366183091545
239.73095165710143 6.690803946389821 0.24827413706853427
240.67484244148773 6.7666000434211355 0.2492246123061531
241.61902408707127 6.843070111598081 0.2501750875437719
242.56349805804095 6.9202188412443775 0.2511255627813907
243.5082658266405 6.998050949250199 0.2520760380190095
244.45332886814617 7.0765711772857 0.2530265132566283
245.3986886696333 7.155784294489138 0.2539769884942471
246.34434672069256 7.23569509380215 0.2549274637318659
247.2903045182594 7.316308393554181 0.25587793896948474
248.23656356758673 7.397629037209526 0.25682841420710356
249.1831253794782 7.479661891917374 0.2577788894447224
250.12999147014276 7.5624118483048335 0.2587293646823412
251.07716336516404 7.6458838214470575 0.25967983991996
252.02464259399343 7.730082748534045 0.2606303151575788
252.97243069610712 7.815013590428606 0.2615807903951976
253.92052921483833 7.9006813293418645 0.2625312656328164
254.86893970045608 7.987090969705861 0.2634817408704352
255.81766371219655 8.074247537589173 0.264432216108054
256.766702814025 8.162156079975944 0.2653826913456728
257.71605857680754 8.250821664271882 0.26633316658329165
258.6657325795594 8.340249378570661 0.26728364182091047
259.6157264064637 8.430444330264095 0.2682341170585293
260.5660416501825 8.521411646446609 0.2691845922961481
261.51667990752765 8.613156472628987 0.2701350675337669
262.4676427852194 8.705683973187092 0.2710855427713857
263.41893189448547 8.798999330515812 0.2720360180090045
264.3705488548861 8.893107744477504 0.2729864932466233
265.322495291171 8.988014431615511 0.2739369684842421
266.2747728361459 9.083724625956677 0.2748874437218609
267.2273831279728 9.18024357685033 0.27583791895947973
268.1803278137474 9.27757655028239 0.27678839419709855
269.13360854378726 9.375728826266709 0.2777388694347174
270.08722697991277 9.47470570140598 0.2786893446723362
271.0411847866832 9.574512485021216 0.279639819909955
271.995483636165 9.675154500840108 0.2805902951475738
272.95012520765755 9.776637086219182 0.2815407703851926
273.9051111876374 9.878965591619476 0.2824912456228114
274.860443267718 9.982145379627127 0.2834417208604302
275.81612314808683 10.086181824982589 0.284392196098049
276.7721525333268 10.191080313988948 0.2853426713356678
277.7285331357927 10.296846243958612 0.28629314657328664
278.6852666737548 10.403485022962002 0.28724362181090546
279.642354872978 10.511002069740812 0.2881940970485243
280.59979946557627 10.619402812209671 0.2891445722861431
281.55760218799105 10.728692687267142 0.2900950475237619
282.5157647855183 10.838877141214823 0.2910455227613807
283.4742890091774 10.949961628908284 0.2919959979989995
284.43317661499697 11.06195161209422 0.2929464732366183
285.3924293677241 11.17485256166384 0.2938969484742371
286.3520490355828 11.288669953518081 0.2948474237118559
287.3120373962423 11.403409272506678 0.2957978989494747
288.27239623074587 11.519076007753995 0.29674837418709354
289.23312732708854 11.635675654645581 0.29769884942471236
290.19423248033485 11.753213714816411 0.2986493246623312
291.1557134904238 11.871695693345202 0.29959979989995
292.1175721641988 11.991127100964945 0.3005502751375688
293.07981031389903 12.111513452103281 0.3015007503751876
294.0424297580746 12.232860264964074 0.3024512256128064
295.0054323208031 12.35517306026344 0.3034017008504252
295.96881983298385 12.478457363198686 0.304352176088044
296.93259412992575 12.602718700227229 0.3053026513256628
297.8967570543484 12.727962600147862 0.30625312656328163
298.8613104519646 12.854194593751288 0.30720360180090045
299.82625617724176 12.981420213065803 0.30815407703851927
300.79159608964636 13.109644991515268 0.3091045522761381
301.7573320525082 13.238874462170543 0.3100550275137569
302.7234659358422 13.36911415962976 0.31100550275137573
303.6899996150602 13.500369617589286 0.3119559779889945
304.65693497165205 13.63264637005426 0.3129064532266133
305.6242738932376 13.765949950427341 0.31385692846423213
306.59201826916814 13.900285889506108 0.3148074037018509
307.56016999688126 14.035659718708587 0.3157578789394697
308.52873097891717 14.172076967129556 0.31670835417708854
309.49770312225456 14.309543161552028 0.31765882941470736
310.4670883396155 14.448063826717885 0.3186093046523262
311.436888549806 14.587644485526198 0.319559779889945
312.40710567273214 14.728290656875004 0.3205102551275638
313.37774163903117 14.870007857861594 0.32146073036518263
314.3487983791265 15.012801601100477 0.3224112056028014
315.3202778307578 15.156677396483985 0.3233616808404202
316.29218193657084 15.30164074983685 0.324312156078039
317.2645126447657 15.447697163737018 0.3252626313156578
318.23727190486767 15.594852134044288 0.3262131065532766
319.21046167430217 15.743111154682936 0.32716358179089544
320.18408391430916 15.89247971411902 0.32811405702851426
321.15814058956215 16.042963294911544 0.3290645322661331
322.13263366933757 16.194567375609665 0.3300150075037519
323.1075651330596 16.347297430485924 0.3309654827413707
324.08293695357725 16.501158924771687 0.3319159579789895
325.0587511179732 16.656157322008028 0.3328664332166083
326.03500961187115 16.812298076904085 0.3338169084542271
327.0117144278743 16.96958664042927 0.3347673836918459
327.98886756195634 17.12802845586225 0.3357178589294647
328.9664710141251 17.287628960682014 0.3366683341670835
329.9445267895959 17.44839358649483 0.33761880940470235
330.9230368933886 17.610327757051436 0.33856928464232117
331.9020033410726 17.773436891096367 0.33951975987994
332.8814281474989 17.937726399674716 0.3404702351175588
333.8613133334792 18.10320168715583 0.3414207103551776
334.8416609211212 18.269868150496336 0.3423711855927964
335.82247293997165 18.43773118051854 0.3433216608304152
336.8037514202738 18.60679615977068 0.34427213606803403
337.7854983972863 18.777068464573404 0.3452226113056528
338.7677159100146 18.948553463216513 0.3461730865432716
339.75040599983345 19.121256516954475 0.34712356178089043
340.7335707126452 19.295182979322306 0.34807403701850925
341.7172120982839 19.47033819754955 0.34902451225612807
342.7013322088838 19.646727509676737 0.3499749874937469
343.68593310060606 19.82435624753259 0.3509254627313657
344.6710168336785 20.00322973489864 0.35187593796898453
345.65658546753684 20.183353286886586 0.35282641320660335
346.6426410717951 20.36473221346472 0.35377688844422206
347.6291857136269 20.547371814687608 0.3547273636818409
348.61622146539133 20.731277384439863 0.3556778389194597
349.60375040258646 20.916454207865172 0.3566283141570785
350.591774603979 21.10290756318824 0.35757878939469734
351.5802961492882 21.290642720503115 0.35852926463231616
352.56931712457754 21.479664943052853 0.359479739869935
353.55883961593065 21.66997948566018 0.3604302151075538
354.5488657137049 21.86159159618427 0.3613806903451726
355.53939751114996 22.054506515098126 0.36233116558279144
356.5304371042476 22.248729474849938 0.36328164082041026
357.5219865901952 22.44426570013121 0.36423211605802897
358.5140480710455 22.641120409387497 0.3651825912956478
359.5066236502983 22.83929881288941 0.3661330665332666
360.4997154349426 23.038806113500414 0.3670835417708854
361.4933255342908 23.239647507375764 0.36803401700850424
362.48745605883454 23.44182818315886 0.36898449224612306
363.48210912301374 23.645353322150413 0.3699349674837419
364.4772868438183 23.850228099023752 0.3708854427213607
365.4729913400707 24.056457681016695 0.3718359179589795
366.4692247331863 24.264047229178857 0.37278639319659834
367.46598914679606 24.473001896680046 0.37373686843421716
368.46328670769105 24.683326830906424 0.37468734367183587
369.46111954291734 24.89502717158308 0.3756378189094547
370.45948978471284 25.108108053143667 0.3765882941470735
371.45839956496786 25.322574601839392 0.37753876938469233
372.45785101826965 25.538431939014686 0.37848924462231115
373.4578462841101 25.755685179102215 0.37943971985992997
374.45838749960234 25.97433942997685 0.3803901950975488
375.45947680696 26.194399793555533 0.3813406703351676
376.46111634979866 26.415871365757482 0.38229114557278643
377.46330827319593 26.638759236919725 0.38324162081040525
378.46605472593865 26.863068491357183 0.38419209604802407
379.4693578560063 27.0888042068176 0.3851425712856428
380.4732198153537 27.31597145606281 0.3860930465232616
381.47764275807526 27.544575306967033 0.3870435217608804
382.48262883873645 27.77462082125612 0.38799399699849924
383.4881802151883 28.006113054643436 0.38894447223611806
384.4942990453174 28.239057059173547 0.3898949474737369
385.5009874910418 28.473457881098852 0.3908454227113557
386.50824771383975 28.7093205605496 0.3917958979489745
387.5160818792042 28.946650134650042 0.39274637318659333
388.5244921513069 29.185451634310596 0.39369684842421215
389.53348070066914 29.425730086928013 0.39464732366183086
390.54304969465 29.667490514305314 0.3955977988994497
391.5532013045822 29.910737934089298 0.3965482741370685
392.563937704249 30.155477360174757 0.3974987493746873
393.5752610665193 30.40171380113776 0.39844922461230614
394.5871735690129 30.649452262781722 0.39939969984992496
395.5996773877881 30.898697745522952 0.4003501750875438
396.61277470276565 31.14945524659737 0.4013006503251626
397.62646769413493 31.40172975944148 0.4022511255627814
398.6407585441454 31.655526273755186 0.40320160080040024
399.6556494361216 31.910849775475697 0.40415207603801906
400.6711425564455 32.1677052474123 0.40510255127563777
401.6872400893226 32.42609766820311 0.4060530265132566
402.70394422459316 32.68603201468994 0.4070035017508754
403.7212571514301 32.947513259024674 0.4079539769884942
404.73918105935127 33.21054637084296 0.40890445222611305
405.7577181418966 33.47513631758005 0.40985492746373187
406.77687059169256 33.74128806236894 0.4108054027013507
407.79664060459044 34.009006567385256 0.4117558779389695
408.817030375963 34.27829679016287 0.4127063531765883
409.83804210358676 34.549163687403734 0.41365682841420714
410.85967798588746 34.82161221185356 0.41460730365182596
411.88194022421953 35.09564731541195 0.4155577788894447
412.90483101860536 35.37127394665191 0.4165082541270635
413.92835257230587 35.648497052238326 0.4174587293646823
414.95250708976397 35.92732157741523 0.41840920460230113
415.9772967745542 36.2077524631423 0.41935967983991995
417.0027238349024 36.489794652186106 0.42031015507753877
418.0287904759232 36.77345308188046 0.4212606303151576
419.0554989091962 37.05873269015228 0.4222111055527764
420.0828513430489 37.34563841256488 0.42316158079039523
421.1108499890187 37.63417518265118 0.42411205602801405
422.13949705856265 37.92434793319893 0.42506253126563287
423.1687947661061 38.21616159503003 0.4260130065032516
424.198745325818 38.50962109777379 0.4269634817408704
425.2293509531865 38.804731370084994 0.4279139569784892
426.26061386564 39.10149733950038 0.42886443221610804
427.2925362805959 39.39992393152039 0.42981490745372686
428.3251204160274 39.70001607126096 0.4307653826913457
429.35836849420576 40.00177868378461 0.4317158579289645
430.392282734542 40.305216691117096 0.4326663331665833
431.42686535984956 40.61033501646227 0.43361680840420214
432.4621185934267 40.91713858097398 0.43456728364182096
433.4980446595061 41.225632305692955 0.4355177588794398
434.53464578335416 41.53582111088906 0.4364682341170585
435.5719241914933 41.84770991582161 0.4374187093546773
436.609882111287 42.16130363977925 0.4383691845922961
437.6485217725812 42.47660720208569 0.43931965982991494
438.68784540056276 42.793625518669444 0.44027013506753376
439.7278552290592 43.112363509305 0.4412206103051526
440.7685534906337 43.432826091271295 0.4421710855427714
441.80994241509126 43.755018180788 0.4431215607803902
442.8520242369959 44.078944695355005 0.44407203601800904
443.8948011898858 44.40461055090566 0.44502251125562786
444.9382755101815 44.73202066471333 0.44597298649324657
445.98244943341643 45.06117995316566 0.4469234617308654
447.02732519710474 45.39209333175785 0.4478739369684842
448.0729050385675 45.72476571649719 0.44882441220610303
449.11919119901677 46.059202025374134 0.44977488744372185
450.16618591667435 46.395407172755085 0.45072536268134067
451.21389143434067 46.733386076388626 0.4516758379189595
452.2623099891499 47.073143650703344 0.4526263131565783
453.31144383060365 47.414684814967245 0.45357678839419713
454.36129519648676 47.758014483200384 0.45452726363181595
455.41186633660215 48.10313757406294 0.45547773886943477
456.4631594931157 48.45005900402845 0.4564282141070535
457.51517691322715 48.79878368948977 0.4573786893446723
458.5679208443185 49.1493165490341 0.4583291645822911
459.6213935348806 49.50166250013757 0.45927963981990994
460.6755972330662 49.8558264602371 0.46023011505752875
461.7305341896126 50.21181334823996 0.4611805902951476
462.78620665532407 50.56962808247732 0.4621310655327664
463.8426168805888 50.92927558154781 0.4630815407703852
464.8997671220622 51.29076076651717 0.46403201600800403
465.957659627505 51.654088554817804 0.46498249124562285
467.01629665317097 52.01926386693157 0.4659329664832417
468.0756804559333 52.386291623945965 0.4668834417208604
469.1358132891668 52.75517674611365 0.4678339169584792
470.1966974125106 53.125924155403595 0.468784392196098
471.25833508132604 53.49853877274808 0.46973486743371684
472.32072855438264 53.8730255197662 0.47068534267133566
473.38388009154033 54.24938931903813 0.4716358179089545
474.4477919514734 54.627635093368326 0.4725862931465733
475.512466396769 55.00776776637679 0.4735367683841921
476.577905687084 55.38979226037395 0.47448724362181094
477.6441120871418 55.77371350109797 0.47543771885942976
478.7110878579871 56.15953641156966 0.4763881940970486
479.7788352654123 56.54726591723767 0.4773386693346673
480.847356575057 56.93690694375687 0.4782891445722861
481.91665404926556 57.32846441531302 0.4792396198099049
482.9867299576404 57.721943259634884 0.48019009504752375
484.05758656572385 58.11734840197704 0.48114057028514257
485.12922614139836 58.51468476931234 0.4820910455227614
486.2016509545977 58.91395728948186 0.4830415207603802
487.2748632739963 59.31517088907492 0.483991995997999
488.3488653696507 59.71833049623632 0.48494247123561784
489.42365951381225 60.12344103961334 0.48589294647323666
490.49924797738566 60.53050744801584 0.4868434217108554
491.57563303268324 60.93953464976204 0.4877938969484742
492.6528169516705 61.35052757354936 0.488744372186093
493.73080201298234 61.763491151102414 0.48969484742371183
494.8095904867253 62.178430309827775 0.49064532266133065
495.88918465186885 62.5953499817457 0.49159579789894947
496.96958678232807 63.01425509660703 0.4925462731365683
498.0507991560321 63.4351505850085 0.4934967483741871
499.13282405040474 63.85804137728877 0.49444722361180593
500.2156637441088 64.28293240585748 0.49539769884942475
501.29932051620546 64.70982860087446 0.49634817408704357
502.3837966455232 65.13873489440545 0.4972986493246623
503.4690944162693 65.56965621928362 0.4982491245622811
504.55521610560663 66.00259750559678 0.4991995997998999
505.6421639991521 66.43756368682659 0.5001500750375187
506.7299403747498 66.87455969381364 0.5011005502751376
507.81854752127475 67.31359046046333 0.5020510255127564
508.9079877187865 67.75466091757852 0.5030015007503752
509.9982632541085 68.19777599901892 0.503951975987994
511.089376412237 68.64294063659167 0.5049024512256128
512.181329479313 69.09015976317005 0.5058529264632317
513.27412474135 69.53943831081153 0.5068034017008505
514.3677644891787 69.99078121328432 0.5077538769384692
515.4622510055756 70.44419340155048 0.508704352176088
516.557586583968 70.8996798099771 0.5096548274137068
517.6537735122688 71.35724536956116 0.5106053026513256
518.750814079343 71.81689501332914 0.5115557778889445
519.848710577653 72.27863367391353 0.5125062531265633
520.94746529883 72.7424662832808 0.5134567283641821
522.0470805343282 73.2083977739029 0.5144072036018009
523.1475585752025 73.67643307606602 0.5153576788394197
524.2489017182219 74.14657712405824 0.5163081540770386
525.3511122577349 74.618834848819 0.5172586293146574
526.4541924830413 75.09321117936827 0.5182091045522761
527.5581446950337 75.56971104921342 0.5191595797898949
528.6629711874714 76.04833938874481 0.5201100550275137
529.768674255756 76.52910112823304 0.5210605302651325
530.8752561984479 77.01200119763439 0.5220110055027514
531.9827193132683 77.49704452738558 0.5229614807403702
533.0910658963993 77.98423604714753 0.523911955977989
534.2002982523081 78.47358068679932 0.5248624312156078
535.3104186758397 78.96508337424939 0.5258129064532266
536.4214294676644 79.45874903798233 0.5267633816908455
537.5333329291076 79.95458260665612 0.5277138569284643
538.646131361427 80.45258900745955 0.528664332166083
539.7598270680791 80.95277316828287 0.5296148074037018
540.8744223476389 81.45514001397794 0.5305652826413206
541.9899195088857 81.95969447357118 0.5315157578789395
543.1063208532983 82.46644147106917 0.5324662331165583
544.2236286787597 82.97538593034062 0.5334167083541771
545.3418452989952 83.48653277874837 0.5343671835917959
546.4609730169811 83.9998869391319 0.5353176588294147
547.581014135735 84.51545333402214 0.5362681340670336
548.7019709631707 85.03323688674755 0.5372186093046524
549.8238458078748 85.55324252044363 0.5381690845422711
550.9466409742627 86.0754751547147 0.5391195597798899
552.0703587738743 86.59993971203073 0.5400700350175087
553.1950015132815 87.126641112014 0.5410205102551275
554.3205715008042 87.65558427363374 0.5419709854927464
555.447071047797 88.18677411558338 0.5429214607303652
556.5745024624786 88.72021555596803 0.543871935967984
557.7028680614811 89.25591351377545 0.5448224112056028
558.8321701483168 89.7938729028416 0.5457728864432216
559.9624110396111 90.33409863937072 0.5467233616808405
561.0935930455694 90.87659563852776 0.5476738369184593
562.2257184777546 91.42136881369538 0.548624312156078
563.3587896523104 91.96842307883117 0.5495747873936968
564.4928088812559 92.51776334541944 0.5505252626313156
565.6277784801208 93.06939452570225 0.5514757378689344
566.7637007620875 93.62332152901342 0.5524262131065533
567.9005780457279 94.17954926589414 0.5533766883441721
569.0384126393867 94.73808264274999 0.5543271635817909
570.1772068668948 95.29892656979462 0.5552776388194097
571.3169630398216 95.86208595206642 0.5562281140570285
572.4576834786909 96.42756569544053 0.5571785892946474
573.5993705021097 96.99537070571489 0.5581290645322662
574.7420264220603 97.56550588483105 0.5590795397698849
575.8856535602988 98.13797613607551 0.5600300150075037
577.0302542388492 98.71278636210616 0.5609804902451225
578.1758307753728 99.28994146226535 0.5619309654827414
579.3223854836108 99.86944633468033 0.5628814407203602
580.4699206908638 100.45130587991889 0.563831915957979
581.618438715665 101.03552499398506 0.5647823911955978
582.767941879447 101.62210857377693 0.5657328664332166
583.9184325030859 102.21106151342417 0.5666833416708354
585.0699129101131 102.80238870799565 0.5676338169084543
586.222385419225 103.39609504896544 0.5685842921460731
587.3758523569641 103.99218542717904 0.5695347673836918
588.5303160458682 104.5906647358089 0.5704852426213106
589.6857788067726 105.19153786004472 0.5714357178589294
590.8422429661977 105.794809690752 0.5723861930965483
591.99971084845 106.40048511402529 0.5733366683341671
593.1581847782279 107.0085690149491 0.5742871435717859
594.317667079155 107.61906627672215 0.5752376188094047
595.4781600768904 108.23198178365692 0.5761880940470235
596.6396661009411 108.84732041793472 0.5771385692846424
597.802187474185 109.46508705867507 0.5780890445222612
598.9657265245934 110.08528658597515 0.5790395197598799
600.1302855786673 110.7079238767027 0.5799899949974987
601.2958669642107 111.33300380769879 0.5809404702351175
602.4624730075054 111.96053125399158 0.5818909454727363
603.6301060395269 112.59051108975245 0.5828414207103552
604.7987683867216 113.2229481874133 0.583791895947974
605.9684623761232 113.85784741729287 0.5847423711855928
607.1391903423903 114.49521365069802 0.5856928464232116
608.3109546086265 115.13505175399371 0.5866433216608304
609.4837575092173 115.77736659610503 0.5875937968984493
610.6576013724402 116.42216304132035 0.5885442721360681
611.8324885305963 117.06944595553091 0.5894947473736868
613.0084213115978 117.71922019896931 0.5904452226113056
614.1854020496005 118.37149063503796 0.5913956978489244
615.3634330760035 119.02626212384541 0.5923461730865432
616.5425167189971 119.6835395213235 0.5932966483241621
617.7226553141107 120.34332768741717 0.5942471235617809
618.9038511937379 121.00563147665082 0.5951975987993997
620.086106685743 121.67045574218287 0.5961480740370185
621.2694241318275 122.33780533929598 0.5970985492746373
622.4538058562948 123.00768511539798 0.5980490245122562
623.6392542010555 123.68009992449538 0.598999499749875
624.8257714934612 124.3550546110821 0.5999499749874937
626.013360070357 125.03255402355194 0.6009004502251125
627.2020222661826 125.71260300762935 0.6018509254627313
628.3917604129452 126.39520640487342 0.6028014007003502
629.5825768498556 127.08036905957647 0.603751875937969
630.7744739102891 127.76809581175269 0.6047023511755878
631.9674539332784 128.4583915012763 0.6056528264132066
633.1615192488291 129.1512609637955 0.6066033016508254
634.3566721958498 129.84670903700737 0.6075537768884441
635.5529151091268 130.54474055384821 0.608504252126063
636.750250328562 131.2453603491782 0.6094547273636818
637.9486801866072 131.94857325261717 0.6104052026013006
639.148207022224 132.65438409373485 0.6113556778389194
640.3488331739086 133.3627977025758 0.6123061530765382
641.5505609796298 134.07381890437102 0.6132566283141571
642.7533927731031 134.78745252331294 0.6142071035517759
643.9573308963716 135.50370338504638 0.6151575787893947
645.1623776863163 136.22257631009825 0.6161080540270135
646.3685354814654 136.94407611852785 0.6170585292646323
647.5758066202181 137.66820762919383 0.618009004502251
648.7841934420095 138.39497565916486 0.6189594797398699
649.9936982849747 139.1243850238459 0.6199099549774887
651.204323489018 139.85644053669694 0.6208604302151075
652.4160713941424 140.59114700975965 0.6218109054527263
653.6289443412493 141.3285092548041 0.6227613806903451
654.8429446645637 142.0685320772791 0.623711855927964
656.0580747123014 142.81122028983225 0.6246623311655828
657.2743368158831 143.5565786913187 0.6256128064032016
658.4917333203623 144.30461209071018 0.6265632816408204
659.7102665712983 145.0553252894822 0.6275137568784392
660.9299389036785 145.8087230873267 0.628464232116058
662.150752659385 146.5648102834557 0.6294147073536768
663.3727101777592 147.32359167378672 0.6303651825912956
664.5958138042937 148.08507205606656 0.6313156578289144
665.8200658768365 148.84925622330343 0.6322661330665332
667.0454687407932 149.61614896854712 0.633216608304152
668.2720247349744 150.3857550798832 0.6341670835417709
669.4997362024177 151.15807934918826 0.6351175587793897
670.7286054837994 151.93312656055616 0.6360680340170085
671.9586349268894 152.710901503611 0.6370185092546273
673.1898268655589 153.49140895780522 0.637968984492246
674.422183650952 154.274653709591 0.6389194597298649
675.6557076201507 155.06064053592036 0.6398699349674837
676.890401118004 155.84937421709503 0.6408204102051025
678.1262664875425 156.64085952985886 0.6417708854427213
679.363306071842 157.4351012493039 0.6427213606803401
680.6015222141992 158.23210415001165 0.643671835917959
681.8409172568267 159.0318730019601 0.6446223111555778
683.0814935469517 159.83441257861284 0.6455727863931966
684.3232534236009 160.63972764446885 0.6465232616308154
685.5661992347063 161.4478229695751 0.6474737368684342
686.8103333209846 162.25870331743454 0.6484242121060529
688.0556580291623 163.07237345191663 0.6493746873436718
689.3021756999904 163.8888381335239 0.6503251625812906
690.5498886801867 164.70810212374818 0.6512756378189094
691.7987993136846 165.53017017974275 0.6522261130565282
693.048909945529 166.35504705910307 0.653176588294147
694.3002229179165 167.1827375148357 0.6541270635317659
695.5527405778071 168.01324630151737 0.6550775387693847
696.8064652700218 168.84657817040227 0.6560280140070035
698.0613993390409 169.68273786908765 0.6569784892446223
699.3175451257473 170.52173014664402 0.6579289644822411
700.574904980232 171.36355974884066 0.6588794397198598
701.8334812461953 172.20823142049937 0.6598299149574787
703.093276268436 173.05574990459183 0.6607803901950975
704.3542923922083 173.90611994033907 0.6617308654327163
705.6165319627155 174.75934626862033 0.6626813406703351
706.8799973251798 175.6154336254334 0.663631815907954
708.144690825306 176.474386746532 0.6645822911455728
709.410614808228 177.33621036670752 0.6655327663831916
710.6777716197106 178.2009092173064 0.6664832416208104
711.9461636052596 179.06848802886202 0.6674337168584292
713.2157931105081 179.938951529959 0.668384192096048
714.4866624811475 180.81230444702737 0.6693346673336668
715.7587740627755 181.68855150565196 0.6702851425712856
717.0321302015757 182.56769742945664 0.6712356178089044
718.3067332429766 183.44974694005543 0.6721860930465232
719.5825855329805 184.334704756468 0.673136568284142
720.859689417489 185.22257559706065 0.6740870435217609
722.1380472424416 186.11336417874395 0.6750375187593797
723.4176613538126 187.00707521580694 0.6759879939969985
724.6985340976051 187.90371342068386 0.6769384692346173
725.9806678198472 188.80328350551054 0.6778889444722361
727.2640648660181 189.70579017759258 0.678839419709855
728.548727583992 190.61123814786208 0.6797898949474737
729.8346583179575 191.51963211844168 0.6807403701850925
731.1218594147759 192.43097679572202 0.6816908454227113
732.4103332204356 193.34527688094363 0.6826413206603301
733.7000820806101 194.26253707422302 0.6835917958979489
734.9911083433971 195.18276207656356 0.6845422711355678
736.2834143517815 196.10595658226111 0.6854927463731866
737.5770024548308 197.03212528792403 0.6864432216108054
738.8718749985106 197.96127288769037 0.6873936968484242
740.1680343270939 198.89340407214536 0.688344172086043
741.4654827877257 199.8285235324198 0.6892946473236617
742.7642227260145 200.76663595470995 0.6902451225612806
744.0642564902721 201.70774602752908 0.6911955977988994
745.3655864234797 202.65185843431573 0.6921460730365182
746.6682148738246 203.5989778587126 0.693096548274137
747.9721441869252 204.5491089816104 0.6940470235117558
749.277376708877 205.50225648254207 0.6949974987493747
750.5839147864504 206.45842503925542 0.6959479739869935
751.8917607630518 207.41761932677593 0.6968984492246123
753.2009169885563 208.37984402090308 0.6978489244622311
754.5113858076862 209.3451037928977 0.6987993996998499
755.8231695639871 210.31340331348667 0.6997498749374687
757.1362706054293 211.28474725091473 0.7007003501750875
758.4506912782698 212.2591402740752 0.7016508254127063
759.7664339278837 213.2365870468783 0.7026013006503251
761.0835009001203 214.2170922327698 0.7035517758879439
762.4018945412157 215.20066049474804 0.7045022511255628
763.7216171960742 216.18729649226862 0.7054527263631816
765.0426712101636 217.17700488369564 0.7064032016008004
766.3650589301792 218.16979032535653 0.7073536768384192
767.68878269919 219.16565747193545 0.708304152076038
769.0138448707315 220.16461097824867 0.7092546273136568
770.3402477817974 221.16665549348022 0.7102051025512756
771.6679937790129 222.17179566751747 0.7111555777888944
772.997085212798 223.1800361502534 0.7121060530265132
774.3275244201241 224.19138158303588 0.713056528264132
775.6593137565097 225.20583661648504 0.7140070035017508
776.9924555590138 226.22340588738632 0.7149574787393697
778.32695217561 227.24409403963466 0.7159079539769885
779.6628059528192 228.26790571255685 0.7168584292146073
781.0000192341957 229.29484554244164 0.7178089044522261
782.3385943645969 230.32491816433355 0.7187593796898449
783.6785336897879 231.3581282138133 0.7197098549274638
785.0198395528133 232.3944803205169 0.7206603301650825
786.3625143001674 233.43397911700674 0.7216108054027013
787.7065602758671 234.4766292313625 0.7225612806403201
789.0519798251183 235.52243528995552 0.7235117558779389
790.3987752910789 236.57140191754934 0.7244622311155577
791.7469490187768 237.62353373693009 0.7254127063531766
793.0965033513212 238.67883537091348 0.7263631815907954
794.447440637497 239.73731144016756 0.7273136568284142
795.7997632173627 240.79896656209564 0.728264132066033
797.153473434208 241.8638053520218 0.7292146073036518
798.5085736310308 242.93183242405132 0.7301650825412705
799.865066160808 244.00305239543195 0.7311155577788894
801.222953357461 245.07746987243365 0.7320660330165082
802.5822375678295 246.15508946665364 0.733016508254127
803.9429211354993 247.23591578580795 0.7339669834917458
805.3050064034159 248.31995343535948 0.7349174587293646
806.6684957173745 249.40720702029762 0.7358679339669835
808.0333914162491 250.49768114293352 0.7368184092046023
809.3996958465077 251.5913804028769 0.7377688844422211
810.7674113502105 252.68830940077373 0.7387193596798399
812.1365402713019 253.78847273392205 0.7396698349174587
813.5070849494135 254.8918749965511 0.7406203101550775
814.87904772917 255.9985207825489 0.7415707853926963
816.2524309559005 257.1084146866226 0.7425212606303151
817.6272369676569 258.221561297177 0.7434717358679339
819.0034681092216 259.33796520322744 0.7444222111055527
820.3811267210496 260.4576309918058 0.7453726863431716
821.7602151466501 261.58056324863537 0.7463231615807904
823.1407357274641 262.70676655726743 0.7472736368184092
824.5226908054194 263.83624549851334 0.748224112056028
825.9060827217876 264.96900465384226 0.7491745872936468
827.2909138176626 266.10504860069454 0.7501250625312657
828.6771864374011 267.2443819168641 0.7510755377688844
830.0649029182225 268.3870091769745 0.7520260130065032
831.4540656024384 269.5329349527 0.752976488244122
832.8446768334206 270.68216381936713 0.7539269634817408
834.2367389453858 271.83470034238564 0.7548774387193596
835.630254292454 272.99054909503786 0.7558279139569785
837.0252252013581 274.1497146391314 0.7567783891945973
838.4216540189627 275.3122015426784 0.7577288644322161
839.8195430843363 276.47801436666225 0.7586793396698349
841.2188947369278 277.6471576737364 0.7596298149074537
842.6197113176675 278.81963602212727 0.7605802901450726
844.0219951663121 279.99545397167117 0.7615307653826913
845.4257486224228 281.1746160778184 0.7624812406203101
846.830974026562 282.35712689669595 0.7634317158579289
848.2376737141334 283.54299097859746 0.7643821910955477
849.6458500281042 284.73221287599995 0.7653326663331665
851.0555053074985 285.9247971385672 0.7662831415707854
852.466641890041 287.120748314838 0.7672336168084042
853.8792621158743 288.32007095116546 0.768184092046023
855.2933683196044 289.5227695901241 0.7691345672836418
856.7089628443957 290.72884877695265 0.7700850425212606
858.1260480251078 291.93831304978426 0.7710355177588795
859.544626201784 293.151166951051 0.7719859929964982
860.964699712246 294.3674150172184 0.772936468234117
862.3862708926491 295.5870617848592 0.7738869434717358
863.809342081612 296.8101117882942 0.7748374187093546
865.2339156166227 298.03656956002146 0.7757878939469735
866.6599938346327 299.26643963171193 0.7767383691845923
868.0875790713178 300.4997265316292 0.7776888444222111
869.5166736675334 301.7364347902295 0.7786393196598299
870.947279955922 302.9765689315226 0.7795897948974487
872.3794002745784 304.2201334806317 0.7805402701350675
873.8130369593847 305.4671329590511 0.7814907453726863
875.2481923460156 306.7175718895834 0.7824412206103051
876.6848687705095 307.97145479081144 0.7833916958479239
878.1230685696535 309.22878618136656 0.7843421710855427
879.5627940798789 310.48957057746645 0.7852926463231615
881.0040476331138 311.7538124924637 0.7862431215607804
882.4468315662677 313.0215164406868 0.7871935967983992
883.8911482175218 314.2926869332431 0.788144072036018
885.3369999171267 315.56732847870046 0.7890945472736368
886.7843889990346 316.8454455852483 0.7900450225112556
888.2333178019884 318.12704275935323 0.7909954977488745
889.6837886592914 319.4121245071358 0.7919459729864932
891.13580390243 320.7006953302499 0.792896448224112
892.5893658636786 321.9927597279592 0.7938469234617308
894.0444768849201 323.28832220587094 0.7947973986993496
897.6846645299752 324.71265186444816 0.8042498998741827
900.8408843038644 325.1692118807159 0.8154508941535823
904.00427251253 325.6270640411291 0.8266549882481508
907.1748345580555 326.0862093884949 0.8378622344260177
910.3525759604464 326.5466489694831 0.8490726853608301
913.5375024021135 327.0083838347735 0.8602863943122472
916.7296196782296 327.47141503950127 0.8715034149075738
919.9289337681125 327.9357436425735 0.8827238014434056
923.1354507387963 328.40137070721244 0.8939476084872995
926.3491768429433 328.86829730091887 0.905174891269978
929.5701184523878 329.33652449611407 0.916405705393472
932.7982820868748 329.8060533688043 0.927640106991315
936.0336744292574 330.27688500016706 0.9388781527396073
939.2763022786386 330.7490204757005 0.9501198996862019
942.5261725947835 331.22246088571484 0.961365405423672
945.7832924840087 331.69720732500923 0.9726147280375778
949.0476692085837 332.17326089352355 0.9838679261131638
952.3193101524072 332.65062269591135 0.9951250586313953
955.5982228728881 333.1292938416769 1.0063861851482838
958.8844150754336 333.60927544535673 1.0176513657010329
962.1778946068167 334.09056862682223 1.0289206607658106
965.4786694674768 334.57317451082963 1.0401941313196137
968.7867478201068 335.0570942275706 1.0514718388602842
972.1021379555257 335.54232891250325 1.0627538452710183
975.4248483398417 336.02887970617024 1.074040213015396
978.7548875976865 336.516747755053 1.0853310050379488
982.09226451095 337.00593421076434 1.0966262847853132
985.4369879883403 337.4964402307657 1.1079261160757943
988.7890671350825 337.988266978014 1.1192305633572182
992.1485112018067 338.4814156212772 1.1305396915261583
995.5153295869577 338.9758873349674 1.141853565912741
998.8895318610859 339.4716832998044 1.1531722523770884
1002.2711277671038 339.96880470202797 1.164495817323719
1005.6601271901064 340.46725273402404 1.1758243275545486
1009.0565401871124 340.96702859457633 1.1871578504082374
1012.4603770028398 341.4681334882406 1.1984964537939102
1015.8716480276491 341.9705686260456 1.2098402060440927
1019.2903638097316 342.4743352253249 1.2211891759510047
1022.7165350913131 342.9794345098789 1.2325434328973646
1026.1501727695513 343.48586770978505 1.2439030467143672
1029.5912879191364 343.9936360618893 1.2552680877590299
1033.039891787737 344.5027408096402 1.2666386268909275
1036.4959957972478 345.0131832032567 1.2780147354806142
1039.959611544662 345.52496449936854 1.2893964854087356
1043.430750809118 346.0380859620243 1.3007839490851343
1046.9094255328664 346.55254886182615 1.3121771993757907
1050.3956478538273 347.06835447656425 1.3235763097234472
1053.8894300844659 347.5855040910795 1.3349813540671418
1057.3907847204632 348.1039989974868 1.3463924068694624
1060.899724443762 348.623840494944 1.3578095431227344
1064.4162621174316 349.145029890225 1.3692328383337837
1067.9404107929581 349.66756849735685 1.3806623685394324
1071.4721837196237 350.1914576379946 1.3920982103428838
1075.0115943212804 350.7166986411535 1.4035404408296643
1078.558656210031 351.24329284369475 1.4149891376038757
1082.1133832093562 351.7712415902648 1.4264443788800798
1085.675789334668 352.30054623319194 1.4379062434087806
1089.2458887785544 352.83120813284245 1.4493748104082145
1092.8236959406925 353.36322865745944 1.4608501596854855
1096.4092254430604 353.8966091836322 1.4723323716807122
1100.0024920592073 354.4313510956915 1.4838215272079363
1103.603510813781 354.9674557866793 1.4953177078153885
1107.2122969071456 355.504924657659 1.5068209955087803
1110.8288657519224 356.0437591181999 1.5183314728819255
1114.4532329772194 356.5839605864916 1.5298492231208107
1118.0854143935924 357.1255304891666 1.5413743298891056
1121.725426065877 357.66847026163686 1.55290687757926
1125.3732842361774 358.2127813481789 1.564446951022867
1129.0290053731005 358.75846520167937 1.5759946356898333
1132.6926061603845 359.3055232842541 1.587550017619289
1136.3641034936113 359.85395706683704 1.5991131834193826
1140.0435145113204 360.40376802980273 1.6106842203684757
1143.7308565274918 360.9549576625167 1.6222632161804578
1147.4261471434972 361.50752746359353 1.6338502593912132
1151.129404119855 362.06147894131396 1.6454454389050892
1154.8406454856072 362.6168136133291 1.6570488443753821
1158.559889489558 363.17353300694856 1.668660566036135
1162.2871546173521 363.73163865913165 1.680280694757682
1166.0224595570476 364.29113211660774 1.6919093219109045
1169.7658232614585 364.8520149361259 1.703546539601612
1173.5172649188041 365.41428868431507 1.715192440555899
1177.2768039496038 365.97795493790494 1.7268471181075147
1181.0444600094336 366.5430152839385 1.7385106661973846
1184.8202529885643 367.109471319526 1.7501831793846878
1188.6042030423605 367.67732465236446 1.7618647529351779
1192.3963305695415 368.2465769003645 1.7735554827578572
1196.1966561924478 368.8172296925208 1.7852554653166617
1200.005200815472 369.3892846679867 1.79696479784665
1203.8219855791494 369.9627434770078 1.8086835781776731
1207.647031871731 370.5376077805437 1.8204119047828131
1211.4803613490744 371.11387925087365 1.8321498768364566
1215.3219959249866 371.6915595710659 1.8438975941871676
1219.1719577664335 372.2706504354576 1.8556551573323476
1223.030269290462 372.8511535498448 1.867422667394956
1226.896953217393 373.4330706314026 1.8792002263333007
1230.7720324846655 374.01640340872933 1.8909879366061795
1234.655530350326 374.6011536221338 1.9027859015588429
1238.5474702796605 375.18732302378953 1.9145942249969505
1242.4478760664824 375.7749133775943 1.926413011632285
1246.3567717392607 376.36392645936814 1.9382423667359416
1250.2741816340229 376.95436405732494 1.9500823964019274
1254.200130330443 377.546227971594 1.9619332073071998
1258.1346427070057 378.13952001463 1.9737949069114968
1262.0777439273907 378.73424201148634 1.9856676034078868
1266.0294594326806 379.33039579969716 1.9975514056854888
1269.9898149320002 379.92798322935226 2.0094464232968168
1273.9588364498204 380.5270061634726 2.0213527666258466
1277.9365502834607 381.1274664778995 2.0332705467247383
1281.9229830117897 381.72936606146754 2.045199875356028
1285.918161523882 382.33270681626595 2.0571408650774687
1289.9221129873781 382.93749065743884 2.069093629136918
1293.9348648680416 383.54371951373594 2.0810582815260767
1297.956444932906 384.15139532716825 2.093034937010943
1301.9868812421164 384.76052005364863 2.1050237110739003
1306.02620214925 385.3710956625658 2.1170247199309453
1310.0744363119356 385.9831241372987 2.129038080561002
1314.1316126988836 386.5966074752107 2.1410639107215035
1318.1977605559155 387.2115476878603 2.1531023288351077
1322.2729094613308 387.82794680080264 2.165153454180549
1326.3570892773168 388.44580685420897 2.177217406711841
1330.4503301724317 389.0651299026025 2.189294307141596
1334.5526626363426 389.6859180152312 2.2013842769871617
1338.6641174336721 390.3081732759951 2.2134874384093632
1342.7847256626947 390.93189778373494 2.225603914411707
1346.9145187247896 391.5570936522188 2.2377338287317623
1351.0535283095571 392.18376301044765 2.2498773057918453
1355.2017864237696 392.81190800264466 2.262034470786323
1359.3593253897457 393.44153078830334 2.2742054496917934
1363.5261778124864 394.0726335427238 2.2863903691299776
1367.7023766155635 394.70521845655117 2.2985893565011395
1371.8879550248193 395.3392877363559 2.3108025399319527
1376.082946549377 395.9748436046374 2.3230300481928494
1380.2873850230644 396.6118882998179 2.3352720108493408
1384.5013045625806 397.25042407667246 2.347528558114945
1388.7247395795562 397.8904532060845 2.3597998208850557
1392.957724782446 398.5319779754695 2.3720859307516116
1397.2002951534191 399.17500068873477 2.384387019914433
1401.452485979447 399.8195236665618 2.3967032212889325
1405.7143328190193 400.46554924632034 2.4090346683907153
1409.9858714992793 401.1130797823337 2.4213814953280393
1414.2671381220637 401.76211764608377 2.433743836813648
1418.558169058078 402.4126652261138 2.446121828153468
1422.8590009254472 403.064724928324 2.4585156051673307
1427.1696706068117 403.71829917598313 2.4709253042484685
1431.4902151987003 404.3733904099291 2.4833510621878814
1435.8206720554408 405.0300010886569 2.495793016331443
1440.1610787466946 405.6881336883499 2.5082513044294945
1444.5114730375465 406.34779070316824 2.5207260645694043
1448.8718929033582 407.00897464516726 2.533217435230125
1453.2423764960186 407.67168804447414 2.545725555170187
1457.6229621447767 408.3359334494553 2.558250563428124
1462.0136883115817 409.0017134266472 2.5707925991754985
1466.41459360832 409.6690305610157 2.5833518017796626
1470.8257167445875 410.33788745589277 2.595928310622446
1475.2470965267428 411.0082867331861 2.608522265111654
1479.6787718092437 411.68023103331103 2.6211338045119685
1484.1207815021571 412.35372301535585 2.6337630679784194
1488.5731644980897 413.02876535704144 2.6464101943168283
1493.0359596741644 413.70536075486103 2.6590753219898877
1497.509205831299 414.38351192402524 2.6717585889291438
1501.9929416676257 415.0632215985143 2.68446013244625
1506.487205713889 415.74449253105155 2.6971800890283957
1510.992036304631 416.4273274931893 2.7099185942464445
1515.507471501488 417.1117292750709 2.72267578251594
1520.033549043575 417.7977006855643 2.735451786934687
1524.570306271184 418.4852445521799 2.748246739051093
1529.1177800436838 419.1743637208377 2.7610607685921007
1533.6760066562356 419.86506105587387 2.7738940032131696
1538.2450217328203 420.55733943981977 2.7867465681550505
1542.8248601338466 421.2512017732264 2.799618585957726
1547.415555810669 421.9466509744366 2.8125101759991065
1552.0171416629535 422.6436899792694 2.8254214540455718
1556.6296493989946 423.3423217408201 2.8383525318198384
1561.2531093336197 424.04254922885355 2.851303516361543
1565.8875501878993 424.74437542960703 2.864274509400813
1570.532998844318 425.4478033450696 2.877265606586865
1575.189480078972 426.1528359924199 2.8902768966490684
1579.8570162451815 426.8594764034019 2.9033084604068105
1584.5356268912958 427.56772762335504 2.91636036956134
1589.225328343981 428.2775927103225 2.9294326854000245
1593.9261331977223 428.98907473397736 2.94252545717771
1598.638049704838 429.70217677412313 2.955638720209596
1603.361081078939 430.41690191932076 2.9687724936816196
1608.0952246236436 431.1332532649558 2.9819267779069847
1612.840470694913 431.8512339111947 2.9951015510614565
1617.5968014171137 432.5708469603979 3.008296765140588
1622.3641891154234 433.2920955139708 3.0215123410236835
1627.142594326349 434.0149826688529 3.034748162203787
1631.9319632368047 434.739511513052 3.048004066698385
1636.732224456895 435.465685120005 3.061279836880665
1641.5432846040005 436.1935065421319 3.0745751855054806
1646.3650224778762 436.92297880196503 3.0878897373106886
1651.1972808086352 437.6541048813146 3.1012230028900927
1656.0398544514717 438.3868877067887 3.1145743413082263
1660.8924725453826 439.1213301302079 3.127942903529
1665.7547702088955 439.85743490107785 3.14132754260264
1670.6262400657515 440.5952046260931 3.1547266596791137
1675.5061404548267 441.3346417047498 3.168137912128787
1680.3932920742313 442.0757482167249 3.1815575662003233
1685.285480892052 442.81852568443105 3.194978594057331
1690.1751650525653 443.56276243293024 3.2083762928773436
1695.0666544810626 444.30734419915836 3.221761033593661
1699.975494413206 445.0535841823058 3.2351866982356263
1704.901790820069 445.80148763687686 3.2486535756350774
1709.8456510094334 446.5510598560783 3.2621619583600228
1714.8071836484637 447.30230617232843 3.275712142775784
1719.7864988245815 448.05523195770655 3.2893044292393454
1724.7837080618788 448.8098426244715 3.3029391221398074
1729.7989243744573 449.56614362555985 3.3166165300642
1734.8322623116105 450.32414045516026 3.3303369659406514
1739.883837986531 451.0838386492459 3.3441007471115802
1744.9537691442713 451.84524378606903 3.357908195555593
1750.0421751995586 452.6083614868959 3.371759637994696
1755.1491772934937 453.37319741643586 3.3856554060715087
1760.274898350311 454.1397572835943 3.3995958365222547
1765.4194631429184 454.9080468419975 3.413581271378571
1770.5829983483313 455.67807189075415 3.4276120581409413
1775.7656326189551 456.4498382750692 3.4416885499942764
1780.9674966592918 457.2233518869508 3.455811106050643
1786.1887233003151 457.99861866599394 3.469980091574547
1791.429447583294 458.7756446000989 3.4841958782486326
1796.6898068416858 459.55443572620845 3.4984588444258224
1801.9699408038882 460.3349981312706 3.512769375445706
1807.269991699121 461.1173379529107 3.5271278639747847
1812.5901043494666 461.9014613804465 3.54153471028406
1817.9304262973465 462.68737465578533 3.5559903226515637
1823.2911079354692 463.4750840743641 3.5704951177728104
1828.672302632995 464.2645959861612 3.5850495211507547
1834.0741668808198 465.0559167967535 3.599653967557832
1839.4968604614646 465.8490529684569 3.6143089015654444
1844.9405466045926 466.64401102147644 3.6290147780368924
1850.4053921754203 467.44079753508805 3.6437720627184675
1855.8915678799292 468.239419148977 3.65858123288794
1861.3992484736002 469.03988256459365 3.6734427780157
1866.9286129987108 469.84219454650326 3.688357200508086
1872.4798450422154 470.64636192405186 3.703325016531998
1878.0531330067859 471.45239159281215 3.71834675686266
1883.6486704225056 472.26029051640825 3.733422967878913
1889.266656273641 473.0700657282475 3.7485542125925395
1894.9072953637428 473.8817243334886 3.7637410718099855
1900.570798704061 474.6952735110656 3.7789841453599022
1906.2573839607153 475.5107205159159 3.794284053517737
1911.967275921846 476.32807268127624 3.809641438483766
1917.700707030146 477.14733742124577 3.825056966077556
1923.457917951247 477.9685222334313 3.840531327540245
1929.239158227537 478.7916347018952 3.856065241617926
1935.044686962933 479.6166825002535 3.871659456733948
1940.8747736229302 480.4436733950505 3.8873147535340142
1946.7296988786102 481.2726152494312 3.9030319475715007
1952.6097555786077 482.10351602704895 3.9188118923986077
1958.5152498108357 482.936383796412 3.9346554829441946
1964.4465020823598 483.77122673548035 3.95056365926871
1970.403848657348 484.60805313683727 3.9665374108206897
1976.3876430126227 485.44687141315904 3.982577781068125
1982.3982575116368 486.2876901033486 3.998685872830019
1988.4360852486093 487.130517879172 4.014862854140767
1994.5015421297458 487.9753635525813 4.03110996487622
2000.5950692195709 488.82223608378075 4.04742852421953
2006.717135391926 489.67114459008076 4.063819939100106
2012.8682402979944 490.5220983557797 4.080285713634842
2019.0489177562945 491.37510684299485 4.0968274599172005
2025.2597395898174 492.2301797037867 4.1134469102265045
2031.5013199768443 493.08732679363766 4.13014593086519
2037.774320420942 493.94655818639177 4.146926537972981
2044.0794554357356 494.8078841911077 4.163790915603508
2050.417499025858 495.67131537081394 4.180741436335947
2056.789292145709 496.53686256370185 4.1977806849897625
2063.1957512830722 497.4045369068776 4.214911485914294
2069.6378783518435 498.2743498632795 4.232136934430769
2076.1167721446973 499.14631325207574 4.24946043322813
2082.633641617671 500.02043928327265 4.2668857345758395
2089.189821344521 500.89674059699263 4.284416989415953
2095.78678955728 501.7752303084145 4.302058804663485
2102.4261892947325 502.6559220591998 4.319816310361809
2109.109853199709 503.5388300765431 4.337695238412906
2115.8398328137046 504.4239692412999 4.355702015559561
2122.618433207914 505.31135516659754 4.373843873291193
2129.448254142246 506.2010042891979 4.392128978430071
2136.3322391476568 507.092933975813 4.410566588828838
2143.273734327612 507.9871626472329 4.429167239855643
2150.2765591021334 508.88370992422506 4.447942968703582
2157.3450917374957 509.7825967991049 4.466907585524737
2164.4843732437357 510.6838458390229 4.48607700271621
2171.7002342727737 511.58748142738557 4.505469637015775
2178.999450950328 512.4935300523273 4.52510690316932
2186.3899373980053 513.4020206529261 4.545013823699523
2193.8809850750567 514.3129850370875 4.565219786801793
2201.4835623296844 515.2264583888083 4.585759494691896
2209.2106920182064 516.1424798876815 4.606674158862448
2217.077931252691 517.0610934705187 4.628013018279041
2225.1039859711254 517.9823487741965 4.649835283843005
2233.3115053598553 518.9063023118165 4.672212651385667
2241.728118845875 519.833018951937 4.695232581350912
2250.387804232835 520.7625737955617 4.719002624960865
2259.3327139053636 521.6950545809907 4.743656197777506
2268.615643953876 522.6305647981385 4.769360384492512
2278.303420364196 523.5692277688676 4.7963266407109595
2288.4816169101728 524.5111920630496 4.82482570110365
2299.2612461202666 525.4566387929975 4.8552087191320075
2310.7884406312096 526.405791599311 4.887937850461981
2323.2587852683837 527.3589305775905 4.92363152222724
2336.939099542477 528.3164121196762 4.963133227200296
2352.201573982318 529.2786978887686 5.007619323232985
2369.579237216912 530.2463983822806 5.0587741779512125
2389.8600762758306 531.2203407451123 5.119087344740068
2402.957237228616 532.2006983563681 5.156530658572898
2405.89065345141 533.1829797901371 5.161692857009666
2408.825843034852 534.1662396191857 5.166855185821918
2411.7628967319934 535.1504784968197 5.1720179035852745
2414.7019034938803 536.135697076556 5.177181263004038
2417.6429505225824 537.1218960121348 5.182345511086333
2420.5861233224905 538.1090759575135 5.18751088931346
2423.531505749902 539.0972375668632 5.192677633803449
2426.479180060876 540.0863814945805 5.197845975468888
2429.429226957528 541.0765083952724 5.203016140169439
2432.381725632654 542.0676189237681 5.208188348858874
2435.336753812797 543.0597137351161 5.2133628177269085
2438.294387799351 544.0527934845787 5.218539758334763
2441.2547025068 545.0468588276374 5.223719377741991
2444.2177714919485 546.0419104199938 5.228901878607418
2447.1836669048753 547.0379489175648 5.2340874590712305
2450.1524609260982 548.034974976489 5.239276316779763
2453.1242117692914 549.0329892531191 5.244468609904489
2456.0989259496196 550.0319924040258 5.249664352272333
2459.076605436179 551.0319850860024 5.254863545028224
2462.0572521987256 552.0329679560547 5.260066189317102
2465.040868207667 553.0349416714084 5.2652722862839
2468.0274554340754 554.0379068895088 5.270481837073575
2471.0170158496567 555.0418642680181 5.275694842831045
2474.0095514267946 556.0468144648146 5.280911304701269
2477.0050641385164 557.0527581379989 5.28613122382919
2480.0035559585103 558.0596959458856 5.291354601359765
2483.005028861112 559.0676285470079 5.296581438437933
2486.009484821313 560.0765566001178 5.301811736208643
2489.016925814771 561.0864807641877 5.307045495816865
2492.0273538177885 562.0974016984019 5.312282718407543
2495.040770807321 563.1093200621683 5.317523405125636
2498.0571787609874 564.1222365151103 5.322767557116105
2501.076579657063 565.136151717071 5.328015175523926
2504.098975474464 566.1510663281085 5.333266261494046
2507.124368192781 567.1669810085017 5.3385208161714415
2510.1527597922377 568.1838964187455 5.34377884070107
2513.184152253735 569.2018132195543 5.349040336227913
2516.218547558813 570.22073207186 5.354305303896938
2519.255947689673 571.2406536368109 5.359573744853115
2522.2963546291817 572.2615785757773 5.364845660241443
2525.339770360832 573.283507550342 5.370121051206864
2528.386196868802 574.3064412223115 5.375399918894386
2531.4356361379123 575.3303802537052 5.380682264448981
2534.4880901536335 576.3553253067644 5.385968089015628
2537.5435609021038 577.3812770439458 5.391257393739326
2540.60205037011 578.4082361279259 5.39655017976506
2543.6635605450856 579.4362032215971 5.401846448237809
2546.728093415136 580.4651789880728 5.407146200302579
2549.7956509690107 581.4951640906797 5.412449437104356
2552.8662351961134 582.5261591929692 5.417756159788137
2555.939848086511 583.5581649587037 5.423066369498922
2559.0164916309145 584.5911820518677 5.4283800673817035
2562.096167820703 585.6252111366641 5.433697254581497
2565.1788786479015 586.6602528775121 5.4390179322432965
2568.264626105191 587.6963079390474 5.444342101512109
2571.3534121859097 588.7333769861274 5.449669763532942
2574.4452388840523 589.7714606838246 5.45500091945081
2577.540108194262 590.8105596974312 5.460335570410714
2580.6380221118447 591.8506746924567 5.465673717557676
2583.7389826327603 592.8918063346277 5.471015362036712
2586.842991753619 593.9339552898911 5.476360504992833
2589.950051471693 594.9771222244094 5.481709147571068
2593.060163784897 596.0213078045641 5.487061290916425
2596.1733306918163 597.0665126969574 5.492416936173938
2599.2895541916846 598.1127375684015 5.497776084488626
2602.4088362843854 599.1599830859356 5.503138737005513
2605.5311789704665 600.2082499168133 5.508504894869637
2608.6565842511254 601.2575387285041 5.513874559226021
2611.7850541282132 602.3078501886991 5.519247731219697
2614.9165906042454 603.3591849653043 5.524624411995707
2618.051195682377 604.4115437264468 5.530004602699081
2621.1888713664353 605.4649271404708 5.535388304474857
2624.329619660892 606.5193358759338 5.540775518468082
2627.473442570873 607.5747706016185 5.5461662458237875
2630.620342102164 608.6312319865226 5.551560487687023
2633.7703202612042 609.68872069986 5.55695824520283
2636.9233790550925 610.7472374110647 5.562359519516264
2640.0795204915744 611.8067827897877 5.56776431177237
2643.2387465790525 612.8673575058996 5.573172623116194
2646.4010593265957 613.9289622294872 5.578584454692805
2649.5664607439066 614.991597630855 5.5839998076472375
2652.7349528413606 616.0552643805286 5.589418683124558
2655.906537629984 617.119963149248 5.594841082269826
2659.0812171214575 618.1856946079705 5.600267006228102
2662.2589933281197 619.2524594278794 5.605696456144458
2665.4398682629458 620.3202582803651 5.611129433163931
2668.623843939596 621.3890918370429 5.616565938431614
2671.810922372366 622.4589607697443 5.622005973092562
2675.00110557621 623.5298657505173 5.627449538291847
2678.194395566741 624.6018074516319 5.632896635174543
2681.390794360228 625.6747865455727 5.63834726488573
2684.5903039735786 626.7488037050412 5.643801428570457
2687.792926424386 627.8238596029624 5.649259127373837
2690.9986637308675 628.8999549124717 5.654720362440922
2694.207517911915 629.9770903069298 5.660185134916799
2697.4194909870675 631.0552664599115 5.665653445946557
2700.634584976524 632.1344840452077 5.671125296675273
2703.852801901138 633.2147437368344 5.6766006882480475
2707.074143782408 634.2960462090186 5.68207962180995
2710.298612642499 635.378392136208 5.687562098506078
2713.526210504234 636.4617821930685 5.693048119481532
2716.7569393910703 637.5462170544828 5.698537685881383
2719.9908013271515 638.6316973955533 5.704030798850754
2723.2277983372483 639.7182238915989 5.709527459534722
2726.4679324467975 640.8057972181567 5.715027669078387
2729.711205681894 641.8944180509855 5.720531428626858
2732.9576200692927 642.9840870660557 5.7260387393252445
2736.2071776363787 644.0748049395587 5.731549602318627
2739.459880411229 645.1665723479067 5.737064018752141
2742.715730422531 646.2593899677245 5.742581989770858
2745.974729699675 647.3532584758591 5.748103516519919
2749.2368802726746 648.4481785493747 5.753628600144423
2752.5021841722064 649.544150865551 5.759157241789482
2755.7706434296024 650.6411761018901 5.764689442600212
2759.0422600768543 651.7392549361083 5.770225203721732
2762.3170361466014 652.8383880461412 5.7757645262991595
2765.594973672145 653.9385761101431 5.781307411477616
2768.8760746874323 655.0398198064846 5.7868538604022195
2772.160341227077 656.1421198137587 5.792403874218098
2775.4477753263395 657.2454768107694 5.797957454070374
2778.738379021134 658.3498914765424 5.803514601104167
2782.032154348046 659.4553644903241 5.809075316464629
2785.3291033442947 660.5618965315746 5.814639601296872
2788.6292280477583 661.6694882799729 5.820207456746021
2791.932530496992 662.7781404154202 5.825778883957242
2795.2390127311737 663.8878536180295 5.831353884075642
2798.548676790157 664.998628568135 5.836932458246363
2801.8615247144444 666.1104659462886 5.8425146076145476
2805.1775585452006 667.2233664332608 5.848100333325345
2808.4967803242334 668.3373307100393 5.853689636523888
2811.8191920940135 669.4523594578296 5.859282518355325
2815.144795897666 670.568453358056 5.864878979964804
2818.4735937789696 671.6856130923603 5.8704790224974674
2821.8055877823563 672.8038393426027 5.876082647098469
2825.1407799529156 673.923132790861 5.881689854912956
2828.4791723364006 675.0434941194306 5.8873006470860965
2831.8207669791973 676.1649240108277 5.8929150247630275
2835.1655659283724 677.2874231477815 5.8985329890889195
2838.513571231622 678.4109922132433 5.904154541208912
2841.864784937323 679.5356318903815 5.909779682268184
2845.2192090944914 680.6613428625825 5.9154084134118925
2848.576845752794 681.7881258134486 5.921040735785185
2851.937696962574 682.9159814268039 5.9266766505332535
2855.301764774805 684.0449103866882 5.9323161588012425
2858.6690512411346 685.174913377359 5.937959261734332
2862.039558413863 686.3059910832941 5.943605960477703
2865.4132883459233 687.4381441891848 5.9492562561765
2868.790243090931 688.5713733799466 5.9549101499759125
2872.1704247031507 689.705679340708 5.960567643021121
2875.553835237486 690.8410627568168 5.966228736457284
2878.9404767495153 691.977524313841 5.971893431429596
2882.3303512954667 693.1150646975636 5.977561729083237
2885.7234609322154 694.2536845939873 5.983233630563383
2889.1198077172994 695.3933846893336 5.988909137015219
2892.519393708905 696.5341656700389 5.994588249583928
2895.9222209658874 697.6760282227623 6.000270969414708
2899.3282915477384 698.8189730343761 6.005957297652734
2902.7376075146176 699.9630007919734 6.011647235443201
2906.1501709273366 701.1081121828646 6.017340783931302
2909.565983847358 702.2543078945788 6.023037944262228
2912.9850483368127 703.4015886148617 6.028738717581186
2916.407366458467 704.549955031681 6.034443105033362
2919.832940275751 705.699407833214 6.040151107763945
2923.261771852759 706.8499477078657 6.045862726918154
2926.693863254233 708.0015753442526 6.051577963641188
2930.1292165455575 709.1542914312122 6.0572968190782355
2933.567833792794 710.3080966577994 6.063019294374513
2937.009717062654 711.4629917132867 6.068745390675237
2940.454868422486 712.6189772871649 6.074475109125596
2943.903289940318 713.7760540691442 6.080208450870817
2947.354983684811 714.9342227491495 6.085945417056095
2950.8099517253017 716.0934840173259 6.091686008826653
2954.268196131769 717.2538385640381 6.09743022732771
2957.7297189748506 718.4152870798647 6.103178073704476
2961.194522325837 719.5778302556067 6.108929549102172
2964.6626082566745 720.7414687822807 6.114684654666013
2968.1339788399673 721.9062033511199 6.120443391541221
2971.6086361489756 723.0720346535817 6.12620576087303
2975.086582257606 724.2389633813312 6.131971763806652
2978.567819240427 725.4069902262623 6.137741401487315
2982.0523491726703 726.5761158804809 6.14351467506026
2985.5401741302035 727.7463410363115 6.1492915856707
2989.0312961895615 728.9176663862991 6.155072134463875
2992.5257174279277 730.0900926232033 6.160856322585006
2996.023439923157 731.2636204400035 6.166644151179345
2999.524465753738 732.4382505298973 6.172435621392116
3003.0287969988262 733.6139835863004 6.178230734368561
3006.536435738229 734.790820302847 6.184029491253915
3010.0473840524082 735.9687613733872 6.189831893193419
3013.5616440224862 737.14780749199 6.195637941332322
3017.0792177302355 738.3279593529469 6.201447636815862
3020.6001072580743 739.5092176507585 6.207260980789275
3024.124314689102 740.6915830801504 6.213077974397828
3027.6518421070523 741.8750563360646 6.218898618786764
3031.182691596307 743.0596381136613 6.224722915101319
3034.7168652419314 744.2453291083164 6.230550864486761
3038.254365129618 745.432130015628 6.236382468088334
3041.7951933457275 746.6200415314078 6.242217727051293
3045.3393519772776 747.8090643516904 6.248056642520901
3048.886843111932 748.9991991727212 6.253899215642407
3052.4376688380194 750.1904466909731 6.259745447561079
3055.9918312445197 751.382807603129 6.26559533942218
3059.5493324210565 752.5762826060919 6.271448892370953
3063.11017445793 753.7708723969878 6.277306107552683
3066.6743594460763 754.966577673155 6.283166986112624
3070.2418894771054 756.1633991321487 6.289031529196054
3073.8127666432624 757.3613374717505 6.294899737948234
3077.386993037458 758.5603933899497 6.300771613514433
3080.9645707532572 759.7605675849617 6.306647157039924
3084.5455018848843 760.9618607552155 6.31252636966999
3088.129788527205 762.1642735993581 6.318409252549891
3091.717432775755 763.3678068162584 6.324295806824908
3095.308436726723 764.5724611050011 6.3301860336403335
3098.902802476933 765.7782371648852 6.33607993414142
3102.5005321238946 766.9851356954355 6.3419775094734705
3106.101627765754 768.1931573963877 6.34787876078176
3109.706091501315 769.4023029676989 6.353783689211576
3113.313925430037 770.612573109544 6.359692295908198
3116.9251316520367 771.8239685223156 6.365604582016917
3120.539712268084 773.0364899066255 6.3715205486830255
3124.1576693795982 774.250137963301 6.3774401970518
3127.779005088669 775.4649133933884 6.3833635282685455
3131.4037214980285 776.6808168981562 6.389290543478559
3135.03182071106 777.897849179082 6.395221243827115
3138.663304831818 779.1160109378701 6.401155630459529
3142.2981759650015 780.3353028764398 6.407093704521092
3145.9364362159604 781.5557256969266 6.413035467157099
3149.5780876907115 782.777280101687 6.41898091951286
3153.2231324959175 783.9999667932929 6.424930062733671
3156.8715727388985 785.2237864745362 6.4308828979648345
3160.52341052763 786.4487398484256 6.436839426351657
3164.178647970747 787.6748276181886 6.4427996490394515
3167.8372871775337 788.902050487271 6.448763567173522
3171.499330257922 790.1304091593365 6.454731181899167
3175.1647793225175 791.3599043382642 6.460702494361707
3178.8336364825727 792.5905367281576 6.466677505706464
3182.5059038499876 793.8223070333313 6.472656217078738
3186.1815835373272 795.0552159583201 6.478638629623853
3189.8606776578076 796.2892642078818 6.484624744487126
3193.5431883252977 797.5244524869826 6.490614562813871
3197.2291176543213 798.7607815008165 6.496608085749401
3200.9184677600724 799.9982519547899 6.502605314439062
3204.61124075837 801.2368645545266 6.508606250028149
3208.30743876572 802.4766200058754 6.514610893662004
3212.0070638992574 803.7175190148934 6.520619246485945
3215.7101182767924 804.9595622878633 6.5266313096453015
3219.41660401678 806.2027505312822 6.532647084285408
3223.1265232383234 807.4470844518661 6.538666571551577
3226.8398780612033 808.6925647565499 6.544689772589162
3230.5566706058326 809.9391921524862 6.550716688543488
3234.276902993289 811.1869673470428 6.556747320559882
3238.000577345308 812.435891047811 6.562781669783694
3241.727695784273 813.6859639625957 6.56881973736025
3245.4582604332245 814.9371867994205 6.574861524434889
3249.192273415868 816.1895602665295 6.580907032152965
3252.929736856546 817.4430850723824 6.586956261659803
3256.6706528802683 818.6977619256583 6.593009214100753
3260.4150236127016 819.9535915352526 6.599065890621164
3264.1628511801596 821.2105746102816 6.605126292366377
3267.9141377096166 822.4687118600785 6.611190420481744
3271.668885328698 823.7280039941909 6.6172582761126115
3275.427096165684 824.9884517223915 6.623329860404324
3279.1887723495142 826.2500557546651 6.629405174502236
3282.9539160097843 827.5128168012169 6.63548421955171
3286.722529276739 828.7767355724696 6.641566996698092
3290.4946142812855 830.041812779066 6.6476535070867495
3294.27017315497 831.3080491318633 6.653743751863017
3298.049208030018 832.5754453419402 6.659837732172275
3301.8317210392893 833.8440021205914 6.665935449159876
3305.6177143163113 835.1137201793294 6.6720369039711835
3309.4071899952596 836.3846002298867 6.678142097751556
3313.2001502109647 837.6566429842126 6.684251031646361
3316.9965970989247 838.9298491544754 6.690363706800975
3320.796532795272 840.2042194530576 6.696480124360747
3324.5999594368045 841.4797545925665 6.702600285471051
3328.406879160985 842.7564552858223 6.708724191277267
3332.217294105909 844.0343222458631 6.714851842924751
3336.031206410354 845.3133561859507 6.7209832415589
3339.848618213729 846.5935578195581 6.727118388325066
3343.669531656107 847.8749278603773 6.733257284368631
3347.493948878223 849.1574670223272 6.739399930834982
3351.321872021453 850.4411760195294 6.745546328869479
3355.153303227837 851.7260555663379 6.75169647961751
3358.988244640076 853.0121063773171 6.75785038422447
3362.82669840151 854.2993291672495 6.764008043835725
3366.668666656144 855.5877246511405 6.7701694595966595
3370.5141515486434 856.8772935442091 6.776334632652675
3374.3631552243137 858.1680365618942 6.782503564149142
3378.21567982913 859.4599544198525 6.788676255231458
3382.0717275097068 860.7530478339555 6.794852707044996
3385.931300413337 862.0473175203003 6.801032920735175
3389.7944006879416 863.342764195195 6.807216897447361
3393.6610304821197 864.6393885751685 6.813404638326969
3397.531191945106 865.9371913769688 6.819596144519376
3401.404887226808 867.2361733175599 6.825791417169992
3405.2821184777736 868.5363351141242 6.8319904574242045
3409.1628878492143 869.8376774840648 6.838193266427417
3413.0471974929947 871.1402011449989 6.844399845325032
3416.9350495616354 872.4439068147647 6.850610195262451
3420.8264462083107 873.7487952114146 6.856824317385077
3424.72138958685 875.054867053226 6.863042212838317
3428.619881851729 876.3621230586887 6.869263882767563
3432.521925158102 877.6705639465114 6.8754893283182446
3436.42752166175 878.9801904356223 6.881718550635747
3440.3366735191316 880.2910032451667 6.887951550865499
3444.249382887349 881.6030030945084 6.894188330152903
3448.1656519241624 882.9161907032286 6.900428889643379
3452.0854827879843 884.2305667911278 6.906673230482331
3456.008877637881 885.5461320782242 6.9129213538151735
3459.935838633588 886.8628872847535 6.919173260787337
3463.866367935475 888.1808331311667 6.925428952544226
3467.8004677045824 889.4999703381409 6.931688430231267
3471.738140102602 890.8202996265627 6.93795169499388
3475.67938729187 892.1418217175403 6.944218747977484
3479.624211435393 893.4645373324028 6.950489590327501
3483.5726146968286 894.7884471926913 6.956764223189365
3487.524599240478 896.113552020171 6.963042647708489
3491.480167231314 897.4398525368202 6.96932486503031
3495.4393208349534 898.7673494648369 6.975610876300251
3499.402062217673 900.0960435266405 6.981900682663744
3503.3683935464023 901.4259354448646 6.988194285266224
3507.3383169887234 902.7570259423609 6.994491685253113
3511.311834712883 904.0893157422 7.000792883769856
3515.288948887774 905.422805567672 7.007097881961883
3519.2696616829435 906.7574961422847 7.013406680974631
3523.253975268607 908.0933881897611 7.019719281953548
3527.2418918156095 909.4304824340455 7.026035686044048
3531.2334134954804 910.768779599299 7.032355894391596
3535.2285424803804 912.1082804099005 7.03867990814162
3539.227280943141 913.4489855904463 7.045007728439567
3543.2296310572447 914.7908958657548 7.051339356430887
3547.2355949968182 916.1340119608582 7.057674793261013
3551.2451749366633 917.4783346010055 7.064014040075402
3555.2583730522206 918.8238645116706 7.070357098019502
3559.2751915195854 920.1706024185378 7.076703968238752
3563.295632515525 921.5185490475145 7.083054651878616
3567.319698217439 922.8677051247248 7.089409150084534
3571.3473908034016 924.2180713765098 7.095767464001969
3575.378712452128 925.5696485294297 7.102129594776368
3579.4136653430037 926.9224373102621 7.1084955435532
3583.452251656045 928.2764384460048 7.114865311477899
3587.494473571959 929.6316526638724 7.121238899695957
3591.5403332720625 930.9880806912945 7.127616309352795
3595.589832938367 932.3457232559218 7.133997541593899
3599.6429747535176 933.704581085626 7.14038259756472
3603.6997609008304 935.0646549084902 7.14677147841074
3607.760193564255 936.4259454528221 7.1531641852774
3611.8242749284136 937.7884534471413 7.1595607193101785
3615.892007178571 939.1521796201894 7.165961081654532
3619.9633925006747 940.5171247009278 7.172365273455962
3624.038433081273 941.8832894185314 7.178773295859888
3628.1171311076264 943.2506745023943 7.185185150011816
3632.199488767619 944.6192806821322 7.191600837057207
3636.2855082497963 945.9891086875741 7.198020358141533
3640.3751917433697 947.360159248771 7.204443714410283
3644.468541438181 948.7324330959883 7.210870907008913
3648.5655595247526 950.1059309597119 7.217301937082914
3652.6662481942503 951.4806535706481 7.223736805777765
3656.770609638488 952.8566016597143 7.230175514238933
3660.8786460499477 954.2337759580531 7.236618063611907
3664.9903596217623 955.6121771970223 7.24306445504217
3669.1057525477186 956.9918061081946 7.249514689675205
3673.2248270222567 958.3726634233692 7.255968768656497
3677.3475852404767 959.7547498745521 7.262426693131533
3681.474029398129 961.138066193979 7.268888464245802
3685.604161691614 962.5226131140945 7.275354083144777
3689.737984318007 963.9083913675638 7.281823550973974
3693.875499475017 965.2954016872751 7.288296868878866
3698.016709361017 966.6836448063299 7.29477403800495
3702.161616175028 968.0731214580468 7.3012550594977075
3706.310222116744 969.4638323759656 7.307739934502655
3710.4625293864965 970.8557782938418 7.314228664165273
3714.618540185277 972.2489599456528 7.320721249631063
3718.778256714733 973.6433780655904 7.327217692045522
3722.94168117717 975.0390333880631 7.333717992554152
3727.1088157755376 976.435926647704 7.340222152302448
3731.2796627134576 977.8340585793565 7.34673017243592
3735.4542241951963 979.233429918088 7.353242054100072
3739.632502425671 980.6340413991807 7.3597577984404
3743.8144996104625 982.0358937581364 7.366277406602412
3748.0002179558 983.4389877306735 7.372800879731616
3752.1896596685733 984.843324052733 7.379328218973518
3756.382826956327 986.248903460465 7.3858594254736305
3760.579722027258 987.655726690249 7.392394500377464
3764.7803470902186 989.063794478673 7.39893344483053
3768.9847043547106 990.4731075625476 7.4054762599783315
3773.1927960309063 991.8836666789033 7.412022946966396
3777.4046243296198 993.2954725649818 7.4185735069402385
3781.6201914623175 994.7085259582507 7.425127941045358
3785.8394996411407 996.1228275963916 7.431686250427295
3790.0625510788577 997.5383782173031 7.438248436231549
3794.2893479889144 998.9551785591058 7.44481449960365
3798.5198925854106 1000.3732293601342 7.451384441689127
3802.754187083077 1001.7925313589434 7.457958263633483
3806.992233697333 1003.2130852943086 7.464535966582259
3811.234034644227 1004.6348919052173 7.471117551680966
3815.4795921404752 1006.0579519308803 7.4777030200751415
3819.728908403442 1007.4822661107231 7.484292372910297
3823.9819856511517 1008.9078351843913 7.49088561133197
3828.2388261022907 1010.3346598917498 7.497482736485701
3832.4994319761836 1011.7627409728779 7.504083749517007
3836.763805492818 1013.1920791680742 7.510688651571415
3841.031948872844 1014.6226752178598 7.517297443794475
3845.3038643375567 1016.0545298629655 7.523910127331711
3849.579554108905 1017.4876438443482 7.530526703328653
3853.8590204095 1018.9220179031777 7.537147172930845
3858.142265462609 1020.3576527808447 7.543771537283824
3862.4292914921443 1021.7945492189572 7.550399797533126
3866.7201007226886 1023.2327079593413 7.557031954824301
3871.0146953794547 1024.6721297440404 7.5636680103028695
3875.3130776883445 1026.1128153153181 7.570307965114398
3879.615249875884 1027.5547654156503 7.576951820404411
3883.9212141692715 1028.9979807877405 7.583599577318461
3888.23097279635 1030.4424621745031 7.5902512370020885
3892.5445279856276 1031.8882103190722 7.596906800600842
3896.8618819662674 1033.335225964802 7.603566269260284
3901.1830369680747 1034.7835098552607 7.6102296441259405
3905.5079952215187 1036.2330627342385 7.6168969263433715
3909.8367589577347 1037.6838853457436 7.6235681170581415
3914.169330408487 1039.1359784339986 7.630243217415785
3918.5057118062155 1040.5893427434494 7.636922228561858
3922.845905384011 1042.0439790187534 7.643605151641924
3927.1899133756065 1043.499888004793 7.6502919878015225
3931.537738015425 1044.9570704466644 7.656982738186242
3935.889381538495 1046.4155270896842 7.663677403941613
3940.244846180534 1047.875258679384 7.670375986213199
3944.6041341779123 1049.336265961518 7.677078486146572
3948.967247767635 1050.7985496820518 7.683784904887272
3953.334189187394 1052.2621105871783 7.690495243580893
3957.704960675503 1053.7269494233 7.697209503372971
3962.079564470951 1055.1930669370408 7.703927685409081
3966.458002813382 1056.6604638752474 7.710649790834797
3970.8402779430835 1058.1291409849755 7.717375820795676
3975.2263921010094 1059.5990990135037 7.724105776437296
3979.616347528762 1061.0703387083302 7.730839658905214
3984.0101464685936 1062.5428608171696 7.737577469345004
3988.407791163428 1064.016666087953 7.744319208902243
3992.8092838568364 1065.4917552688314 7.751064878722512
3997.214626793031 1066.9681291081754 7.757814479951363
4001.6238222169036 1068.4457883545715 7.764568013734395
4006.0368723739757 1069.9247337568215 7.771325481217155
4010.4537795104507 1071.404966063953 7.778086883545254
4014.874545873165 1072.8864860252047 7.784852221864252
4019.2991737096095 1074.3692943900367 7.791621497319716
4023.7276652679593 1075.8533919081262 7.79839471105726
4028.1600227970116 1077.3387793293687 7.805171864222445
4032.596248546223 1078.8254574038779 7.8119529579608455
4037.0363447657264 1080.3134268819867 7.818737993418062
4041.480313706291 1081.8026885142422 7.825526971739671
4045.928157619347 1083.2932430514163 7.832319894071266
4050.3798787569776 1084.7850912444917 7.839116761558427
4054.835479371921 1086.2782338446748 7.845917575346744
4059.294961717573 1087.772671603386 7.852722336581802
4063.7583280479903 1089.2684052722657 7.8595310464092085
4068.225580617863 1090.7654356031735 7.866343705974532
4072.6967216825665 1092.2637633481852 7.873160316423388
4077.171753498108 1093.763389259596 7.879980878901357
4081.650678321158 1095.2643140899188 7.88680539455404
4086.133498409029 1096.7665385918847 7.893633864527013
4090.620216019721 1098.2700635184412 7.900466289965902
4095.110833411861 1099.774889622757 7.9073026720162956
4099.605352844734 1101.281017658218 7.914143011823783
4104.103776578287 1102.7884483784244 7.920987310533972
4108.606106873126 1104.2971825372001 7.927835569292468
4113.112345990495 1105.8072208885822 7.934687789244863
4117.62249619231 1107.3185641868313 7.941543971536766
4122.136559741138 1108.8312131864234 7.948404117313788
4126.654538900194 1110.3451686420476 7.955268227721525
4131.176435933365 1111.8604313086207 7.9621363039056
4135.702253105156 1113.3770019412696 7.969008347011589
4140.2319926807795 1114.8948812953458 7.975884358185135
4144.765656926054 1116.414070126413 7.982764338571823
4149.303248107482 1117.934569190256 7.989648289317276
4153.844768492223 1119.4563792428764 7.9965362115671095
4158.390220348073 1120.979501040497 8.003428106466936
4162.939605943486 1122.5039353395534 8.010323975162349
4167.492927547591 1124.0296828967073 8.017223818798996
4172.050187430147 1125.5567444688284 8.02412763852247
4176.611387861585 1127.08512081301 8.031035435478397
4181.176531112982 1128.6148126865671 8.037947210812396
4185.745619456074 1130.1458208470262 8.044862965670081
4190.31865516325 1131.6781460521358 8.05178270119708
4194.895640507562 1133.2117890598606 8.058706418539018
4199.4765777627035 1134.7467506283836 8.065634118841505
4204.061469203035 1136.283031516107 8.072565803250175
4208.65031710355 1137.820632481649 8.079501472910636
4213.243123739937 1139.3595542838525 8.086441128968538
4217.839891388501 1140.899797681768 8.093384772569486
4222.440622326223 1142.441363434672 8.100332404859124
4227.045318830731 1143.9842523020552 8.107284026983068
4231.653983180314 1145.5284650436301 8.114239640086963
4236.266617653907 1147.0740024193221 8.121199245316424
4240.883224531117 1148.6208651892848 8.128162843817108
4245.503806092175 1150.169054113873 8.135130436734613
4250.128364618 1151.7185699536751 8.142102025214598
4254.756902390151 1153.2694134694923 8.149077610402689
4259.3894216908375 1154.8215854223392 8.156057193444521
4264.025924802934 1156.3750865734569 8.163040775485733
4268.666414009967 1157.9299176842997 8.170028357671967
4273.310891596118 1159.4860795165405 8.177019941148863
4277.959359846226 1161.0435728320742 8.184015527062067
4282.611821045772 1162.6023983930033 8.191015116557203
4287.268277480902 1164.1625569616597 8.19801871077992
4291.928731438419 1165.72404930059 8.205026310875859
4296.593185205779 1167.2868761725556 8.212037917990672
4301.261641071102 1168.8510383405408 8.21905353327001
4305.934101323131 1170.4165365677427 8.226073157859494
4310.610568251311 1171.9833716175801 8.233096792904801
4315.2910441457 1173.5515442536935 8.240124439551556
4319.975531297035 1175.1210552399325 8.247156098945418
4324.664031996709 1176.6919053403706 8.254191772232053
4329.35654853675 1178.2640953193018 8.261231460557086
4334.053083209855 1179.8376259412298 8.268275165066173
4338.753638309392 1181.4124979708859 8.275322886904997
4343.458216129345 1182.9887121732122 8.282374627219177
4348.166818964379 1184.5662693133727 8.289430387154377
4352.879449109825 1186.1451701567482 8.296490167856273
4357.596108861628 1187.7254154689383 8.303553970470492
4362.316800516442 1189.3070060157613 8.310621796142728
4367.041526371524 1190.889942563253 8.317693646018606
4371.770288724821 1192.4742258776662 8.324769521243804
4376.503089874931 1194.0598567254706 8.33184942296399
4381.239932121085 1195.6468358733598 8.338933352324814
4385.980817763186 1197.2351640882391 8.346021310471931
4390.7257491018 1198.8248421372373 8.35311329855103
4395.4747284381265 1200.4158707876966 8.36020931770776
4400.227758074039 1202.0082508071803 8.367309369087792
4404.984840312058 1203.6019829634686 8.374413453836798
4409.745977455353 1205.1970680245593 8.381521573100434
4414.511171807768 1206.7935067586707 8.38863372802439
4419.2804256737745 1208.3912999342356 8.395749919754314
4424.053741358519 1209.9904483199098 8.402870149435891
4428.831121167795 1211.590952684562 8.409994418214781
4433.612567408053 1213.192813797282 8.417122727236665
4438.398082386408 1214.796032427378 8.424255077647226
4443.187668410608 1216.400609344373 8.43139147059212
4447.981327789078 1218.0065453180146 8.43853190721704
4452.779062830892 1219.6138411182615 8.445676388667664
4457.580875845759 1221.2224975152928 8.45282491608965
4462.386769144075 1222.8325152795098 8.459977490628695
4467.1967450368775 1224.4438951815273 8.467134113430483
4472.010805835848 1226.0566379921745 8.474294785640682
4476.82895385334 1227.6707444825104 8.48145950840498
4481.651191402348 1229.2862154238042 8.48862828286906
4486.477520796535 1230.9030515875413 8.495801110178606
4491.307944350208 1232.5212537454315 8.502977991479307
4496.142464378328 1234.1408226693961 8.510158927916834
4500.98108319653 1235.7617591315818 8.517343920636893
4505.823803121072 1237.3840639043474 8.524532970785158
4510.670626468893 1239.007737760274 8.531726079507317
4515.521555557593 1240.6327814721553 8.538923247949082
4520.376592705391 1242.2591958130097 8.546124477256114
4525.235740231194 1243.886981556069 8.553329768574121
4530.099000454557 1245.5161394747854 8.560539123048798
4534.9663756956725 1247.1466703428282 8.567752541825824
4539.837868275414 1248.7785749340871 8.574970026050911
4544.713480515299 1250.4118540226666 8.58219157686975
4549.5932147374815 1252.0465083828901 8.589417195428023
4554.477073264818 1253.682538789302 8.59664688287146
4559.365058420758 1255.3199460166607 8.603880640345722
4564.257172529451 1256.9587308399434 8.611118468996525
4569.153417915691 1258.5988940343505 8.618360369969567
4574.05379690492 1260.2404363752937 8.625606344410555
4578.958311823239 1261.883358638409 8.632856393465184
4583.866964997408 1263.5276615995429 8.640110518279164
4588.779758754836 1265.1733460347673 8.647368719998193
4593.696695423589 1266.8204127203717 8.65463099976798
4598.617777332382 1268.4688624328535 8.66189735873422
4603.543006810602 1270.1186959489448 8.669167798042636
4608.4723861882785 1271.7699140455836 8.676442318838935
4613.405917796089 1273.4225174999278 8.683720922268806
4618.343603965389 1275.0765070893576 8.691003609477987
4623.28544702816 1276.7318835914696 8.698290381612164
4628.231449317056 1278.3886477840767 8.705581239817057
4633.1816131654 1280.0468004452118 8.712876185238391
4638.135940907131 1281.7063423531217 8.720175219021861
4643.094434876875 1283.3672742862802 8.727478342313187
4648.057097409902 1285.0295970233706 8.734785556258084
4653.023930842137 1286.6933113432985 8.742096862002267
4657.994937510175 1288.3584180251873 8.749412260691473
4662.970119751227 1290.0249178483773 8.756731753471385
4667.949479903199 1291.692811592426 8.764055341487738
4672.9330203046475 1293.362100037115 8.771383025886271
4677.920743294752 1295.0327839624342 8.77871480781267
4682.912651213384 1296.7048641485994 8.786050688412681
4687.908746401051 1298.3783413760455 8.793390668832023
4692.90903119891 1300.0532164254164 8.800734750216405
4697.9135079488 1301.7294900775848 8.808082933711574
4702.922178993185 1303.4071631136355 8.815435220463241
4707.935046675199 1305.0862363148683 8.82279161161713
4712.952113338633 1306.7667104628133 8.830152108318984
4717.973381327917 1308.448586339203 8.837516711714505
4722.998852988159 1310.1318647260011 8.844885422949446
4728.0285306651085 1311.816546405382 8.852258243169528
4733.06241670516 1313.5026321597406 8.859635173520475
4738.100513455389 1315.1901227716903 8.867016215148027
4743.142823263511 1316.8790190240622 8.874401369197923
4748.1893484778875 1318.5693216999082 8.881790636815882
4753.240091447552 1320.2610315824872 8.889184019147644
4758.295054522186 1321.9541494552939 8.896581517338948
4763.354240052125 1323.648676102025 8.903983132535524
4768.4176503883555 1325.3446123066076 8.911388865883108
4773.48528788253 1327.041958853178 8.918798718527452
4778.557154886956 1328.740716526097 8.926212691614285
4783.633253754567 1330.4408861099357 8.933630786289331
4788.713586839006 1332.1424683894932 8.941053003698372
4793.79815649451 1333.8454641497788 8.948479344987103
4798.8869650760125 1335.5498741760257 8.95590981130129
4803.9800149391 1337.25569925368 8.963344403786683
4809.077308439992 1338.9629401684092 8.970783123589014
4814.178847935571 1340.6715977060983 8.978225971854021
4819.284635783398 1342.3816726528507 8.985672949727482
4824.394674341643 1344.0931657949861 8.993124058355098
4829.508965969172 1345.806077919046 9.000579298882649
4834.62751302549 1347.5204098117865 9.008038672455871
4839.750317870765 1349.2361622601807 9.015502180220528
4844.877382865796 1350.9533360514263 9.022969823322342
4850.0087103720825 1352.671931972933 9.030441602907109
4855.14430275172 1354.3919508123297 9.037917520120532
4860.284162367505 1356.1133933574695 9.04539757610839
4865.428291582869 1357.8362603964115 9.052881772016432
4870.5766927619115 1359.560552717444 9.060370108990416
4875.7293682693735 1361.2862711090695 9.067862588176094
4880.886320470656 1363.0134163600076 9.075359210719228
4886.047551731822 1364.7419892591968 9.082859977765573
4891.2130644195695 1366.4719905957957 9.090364890460876
4896.382860901277 1368.203421159176 9.097873949950914
4901.55694354496 1369.936281738936 9.105387157381434
4906.735314719295 1371.6705731248799 9.112904513898194
4911.917976793619 1373.406296107043 9.120426020646974
4917.10493213791 1375.1434514756718 9.127951678773519
4922.296183122815 1376.8820400212269 9.1354814894236
4927.491732119629 1378.6220625343988 9.14301545374298
4932.6915815003085 1380.363519806087 9.150553572877428
4937.895733637453 1382.1064126274098 9.158095847972707
4943.104190904327 1383.8507417897101 9.165642280174586
4948.316955674835 1385.5965080845365 9.173192870628808
4953.534030323579 1387.3437123036706 9.180747620481194
4958.75541722575 1389.092355239103 9.188306530877464
4963.981118757247 1390.8424376830405 9.195869602963407
4969.211137294612 1392.5939604279183 9.203436837884805
4974.445475215027 1394.3469242663775 9.211008236787414
4979.684134896327 1396.1013299912888 9.218583800817
4984.92711871705 1397.8571783957314 9.226163531119372
4990.174429056302 1399.6144702730082 9.233747428840251
4995.4260682939375 1401.3732064166372 9.241335495125458
5000.68203881041 1403.1333876203594 9.248927731120764
5005.942342986822 1404.895014678129 9.256524137971917
5011.206983204979 1406.6580883841198 9.264124716824723
5016.475961847294 1408.4226095327217 9.27172946882495
5021.749281296859 1410.18857891855 9.279338395118376
5027.026943937414 1411.9559973364283 9.286951496850786
5032.3089521533575 1413.7248655814046 9.294568775167962
5037.595308329733 1415.495184448745 9.302190231215674
5042.886014852257 1417.2669547339299 9.309815866139719
5048.18107410729 1419.0401772326634 9.31744568108588
5053.480488481838 1420.8148527408637 9.325079677199927
5058.784260363585 1422.5909820546628 9.332717855627667
5064.092392140855 1424.368565970424 9.340360217514874
5069.4048862026175 1426.1476052847174 9.34800676400733
5074.721744938526 1427.9281007943325 9.355657496250837
5080.042970738853 1429.710053296281 9.363312415391164
5085.3685659945695 1431.4934635877923 9.370971522574129
5090.698533097252 1433.2783324663103 9.378634818945493
5096.032874439183 1435.064660729502 9.386302305651082
5101.371592413236 1436.852449175243 9.393973983836634
5106.714689413019 1438.6416986016413 9.401649854648003
5112.0621678327225 1440.4324098070138 9.409329919230936
5117.414030067225 1442.224583589895 9.417014178731238
5122.770278512085 1444.0182207490386 9.424702634294729
5128.130915563459 1445.8133220834238 9.432395287067179
5133.4959436182 1447.6098883922336 9.440092138194384
5138.865365073824 1449.4079204748848 9.447793188822187
5144.239182328445 1451.2074191310014 9.455498440096324
5149.617397780884 1453.0083851604295 9.46320789316262
5155.000013830615 1454.810819363232 9.47092154916689
5160.387032877735 1456.614722539692 9.478639409254907
5165.778457323022 1458.4200954903074 9.486361474572481
5171.174289567917 1460.2269390158003 9.494087746265446
5176.574532014479 1462.0352539171047 9.501818225479562
5181.979187065461 1463.845040995376 9.509552913360663
5187.388257124252 1465.6563010519826 9.517291811054546
5192.801744594883 1467.469034888521 9.525034919707004
5198.219651882061 1469.2832433067979 9.532782240463847
5203.641981391157 1471.0989271088395 9.540533774470902
5209.068735528167 1472.9160870968908 9.548289522873958
5214.499916699769 1474.7347240734189 9.556049486818837
