e[MeV/fm^3], P[MeV/fm^3], rho[fm^-3], v2[1], mu_q[MeV], mu_e[MeV]
71.58195607221194 0.019376260638347076 0.07551183166112621 0.01806185032450322 316.57195128971085 89.92341642585284
74.10016491175249 0.06485977178396946 0.07815115873557246 0.01806185032450326 316.72146406873105 91.024765790619
76.70639143836377 0.11193304521937247 0.08088273688183939 0.018061850324503265 316.876202692721 92.16461006582368
79.40371208999426 0.16065164710631397 0.08370979050524349 0.018061850324503224 317.0363498180116 93.34429474471072
82.19531083378259 0.21107308578268988 0.08663565671212049 0.018061850324503186 317.2020944852288 94.56521234887349
85.08448292446792 0.26325687964638034 0.08966378924900394 0.018061850324503227 317.3736323424404 95.82880407201151
88.0746387941701 0.317264627411876 0.09279776257949199 0.018061850324503234 317.55116587610246 97.13656148114251
91.1693080781302 0.37316008082260077 0.09604127610361388 0.0180618503245032 317.7349046500787 98.49002827727713
94.37214378115249 0.4310092199045644 0.09939815852466523 0.018088487354544512 317.9250655530129 99.89080211763012
97.6869757993967 0.49106090179612444 0.10287237236868205 0.019255301458732603 318.1222990017657 101.33984570908403
101.11986451800226 0.5612123980307122 0.10646801866188291 0.021662464342603646 318.3451487000273 102.80997251328064
104.67528624500615 0.6427510757917515 0.11018934177159138 0.024237271178381786 318.59574432277356 104.30486344182296
108.35791622476958 0.736980624741799 0.11404073441636543 0.026920267095794273 318.8759904930379 105.82396075340817
112.1727714362078 0.844944139362974 0.11802674285124978 0.029903169158792375 319.1863342944128 107.33131489870814
116.12536221854529 0.9697012467608513 0.12215207223425231 0.033128604049492305 319.53184301002517 108.83594926945497
120.22058430169312 1.1120115025052542 0.12642159218040233 0.03642699727296762 319.9131521806471 110.36057643612367
124.4640269233187 1.2739597956119093 0.130840342509936 0.04005797794488111 320.3330553238233 111.91312631407268
128.8618971317408 1.458760515403257 0.13541353919739 0.044167339746025575 320.79588975142224 113.49907969978847
133.4208715816421 1.6702641954106736 0.1401465805286361 0.04845346643322773 321.30651694759945 115.12367962053304
138.14674713038173 1.9093441223752088 0.14504505347311691 0.052773525840877133 321.864973007233 116.79378000164584
143.046301157445 2.1790046101745664 0.1501147402788089 0.057528169039875315 322.47450701812625 118.51374226197309
148.1273960447996 2.4844335534151987 0.15536162529769304 0.06284216502195894 323.1410092423423 120.28727240461446
153.3980665613772 2.830586859448035 0.16079190204979565 0.06832610081857435 323.8695330774141 122.11815106148126
158.86527298295658 3.219172163942335 0.1664119805341341 0.07388078486914754 324.6608118435546 124.01003694966207
164.53733520637863 3.6547355939838426 0.17222849479519628 0.08003547718389081 325.5190968335605 125.96563778643767
170.4244790514288 4.145740845861174 0.17824831075389239 0.0868529844855449 326.4526563846883 127.98699818273994
176.53631225317216 4.698462512306701 0.18447853431221173 0.09382020158110449 327.46672096984696 130.0757416868159
182.8813754413206 5.316058719226849 0.19092651974116215 0.10090610940848843 328.5630444196908 132.23321948878043
189.47003531795517 6.005327445562022 0.19759987836188778 0.10878861147005087 329.74707517392477 134.4600859855788
196.31596471295904 6.779778757210621 0.2045064875302128 0.11740966184855067 331.0300349266862 136.75533593637135
203.43050851080594 7.646768440999467 0.2116544999352168 0.12608946577877583 332.4166501261103 139.11816799894396
210.8244028704521 8.611548461528256 0.2190523532228215 0.1349022716417198 333.9096258088783 141.54800776113123
218.51074020607123 9.683761637930058 0.2267087799557421 0.144675685399567 335.51527196244086 144.04316211894482
226.5082297443755 10.883905458890382 0.2346328179215674 0.1554544529925348 337.2475539070624 146.5980221258686
243.5654445239437 13.710488889338672 0.2513312917221602 0.03259363729435427 339.10915812779723 161.14605943958202
247.22654333267442 13.830002391428483 0.26631883057402356 0.03269468642135975 341.1031533419793 150.227742907172
297.39692007760596 15.505043609727025 0.45373901225435176 0.04734796804427868 343.23564238728784 138.62471213280625
336.838074387509 17.805380246082468 0.6024117461128885 0.06369125499402553 345.52172126130665 128.10768061788062
374.6555667080721 20.408670950040676 0.7457430835745285 0.08125457401185532 347.9601724040327 117.48072671158194
407.5369213520035 23.435407464788057 0.8718611933988044 0.1081496075871064 350.553435966267 107.19888158819947
436.1298148582006 26.928008273436802 0.981625145815298 0.132124748597646 353.30588629997703 97.4771781264546
463.638730630179 30.826628435081904 1.0875931465636768 0.15277063424143045 356.23075742095136 87.8079111308796
490.15799017129734 35.16045166894932 1.1901748505758618 0.17438164997661243 359.3222217150829 78.26487401825736
516.0804911023275 39.958575477111886 1.290564935157852 0.1963887535985417 362.5812187590644 68.84946012289218
541.7301820735097 45.28252045373665 1.3897102351199828 0.21585743481242725 366.0093102394057 59.60057802157934
567.8005436538702 51.129768423692774 1.4901646907533923 0.2317338367641476 369.6146067251103 50.36305717639461
594.4875832526403 57.51748844682851 1.5926333112348192 0.24583741687538274 373.38857293297076 41.14189290180848
622.051758194134 64.47830274836052 1.6982205913422 0.2577178611690931 377.3304189270836 31.91720426119973
650.8163145398516 72.0471316608973 1.8089238082007424 0.26427547083653014 381.43924800134255 22.662582322457194
681.7793211428334 80.2680597807082 1.934904406687352 0.2746284976247477 385.715199445606 13.327571463611683
713.3394571192612 89.22876555384067 2.0570004225565306 0.30955622100797053 390.1519632333736 4.205619649461005
742.2660632359256 98.86273755361321 2.130673731041687 0.3330502890477305 394.74706680995223 0.0
773.2245585400661 109.1735220761903 2.2086147694304032 0.3330522627224999 399.4973996827608 0.0
806.2881596044297 120.18544335550376 2.2908954725459862 0.3330532372017092 404.39704715862416 0.0
841.6276897294481 131.9554089295255 2.377764244826927 0.33305454848158056 409.443966892103 0.0
879.466156452176 144.557711813916 2.4695399691778634 0.3330560778660787 414.635064288593 0.0
919.7215059614063 157.9650328178102 2.566030046523003 0.3330578219753404 419.965155467323 0.0
962.6261475962312 172.2548025097598 2.6675241724131045 0.33305987216703237 425.42575827814784 0.0
1008.3433889688444 187.48143190513127 2.7742597570032212 0.33306207705101376 431.0191767573046 0.0
1056.9259878479104 203.6625096300786 2.886264780873117 0.33306453476731157 436.7425864142945 0.0
1108.6692714443216 220.89643373666624 3.003906559961658 0.3330671849038205 442.58863755631796 0.0
1163.4852142870263 239.15389924008036 3.126955198358165 0.33306997180873577 448.5493841174104 0.0
1221.7738574097268 258.56818532671315 3.2560068080418496 0.33307298513316885 454.6305491184618 0.0
1283.6467651477226 279.17647662042253 3.391160846068918 0.33307603658947604 460.8299726039833 0.0
1349.1041317369286 300.9788593567094 3.5323014202656142 0.3330793271617958 467.1378280933174 0.0
1418.615789002754 324.1318826905209 3.680009944484781 0.3330827555153788 473.54898535308183 0.0
1492.1673356958909 348.6307588224214 3.834268406421015 0.3330860984832422 480.071280830431 0.0
1569.9977994564624 374.5551404922106 3.9953489297395297 0.3330897066521601 486.70328412661297 0.0
1652.5061179027446 402.03797466586065 4.163634698256655 0.33309342753975546 493.4322960810193 0.0
1739.6456264598582 431.0637333308202 4.338987793604812 0.333097055346649 500.25755711425035 0.0
1831.7893833851763 461.75672078955785 4.521920741550582 0.33310074822027946 507.1877539542807 0.0
1929.2199253127621 494.21109382538685 4.712734342346942 0.333104534350146 514.2221043128914 0.0
2032.0806903930225 528.4746842277214 4.911399197466367 0.3331084102334003 521.3446486630854 0.0
2140.765479952833 564.6787199922054 5.118386528516254 0.33311227795585685 528.5600614898749 0.0
2255.5864578655696 602.9272230274667 5.334093855234903 0.3331161117253685 535.8768235754889 0.0
2376.876119100774 643.331002911451 5.5588549404829335 0.3331199624942598 543.2946808831524 0.0
2504.6446695579048 685.8935101209559 5.792400839674972 0.33312381109972744 550.7940656725807 0.0
2639.4100283541293 730.7873262265673 6.0353880893938445 0.3331276548852369 558.3858568647358 0.0
2781.6706626543964 778.1785583345894 6.288404219485679 0.33313149046085044 566.0774961051789 0.0
2931.81902102657 828.1979999839767 6.551821588147941 0.33313531083573444 573.8691457199808 0.0
3089.7786644148155 880.820242991108 6.82518792014039 0.3331390981945872 581.7373188974098 0.0
3256.288143363406 936.2913830501924 7.109458641101176 0.3331428552862068 589.6997099959373 0.0
3431.8941285501405 994.7935995824732 7.405219504974051 0.33314657921497925 597.7620710944946 0.0
3617.0572322110343 1056.480406298768 7.712885215334402 0.33315026616461907 605.9248908074412 0.0
3811.581267353978 1121.2865052012553 8.031778779567079 0.3331539062058182 614.160475058444 0.0
4016.5283236066534 1189.5657985838652 8.363268506443545 0.33315755714887807 622.493868083454 0.0
4232.741759716134 1261.5993474880922 8.70818618205846 0.33316116670859763 630.9286144231583 0.0
4460.531793490974 1337.4905535053256 9.066743560295242 0.3331647893448473 639.4654611461091 0.0
