M[M_sun], R[km], Lambda[1], P_c[MeV/fm^3], rho_c[fm^-3]
0.24162668629717493 15.618656898711224 2160425.4255784233 3.5677272577965504 0.1711233750220791
0.2536433720662311 15.27731157541998 1723224.2978497494 3.784808292428193 0.17388803203487282
0.26603798794711414 14.981322383858698 1383064.4097922938 4.011377702917822 0.1766663737359466
0.2788121398320958 14.723603053043721 1093987.0717496115 4.247691933108449 0.17945709340783236
0.2919662863923031 14.498466609275873 905952.4904855505 4.494375965338417 0.1822667536188342
0.30550093934465233 14.30129033784594 738667.9409959774 4.751584101587211 0.1850910351202194
0.3194169915985276 14.128191495323385 605168.9326719472 5.020000773251491 0.18793660387113664
0.3337141883203525 13.97598606257102 497709.1180020723 5.299847055484189 0.19080002465143828
0.34839352771099896 13.842039237827874 411017.23416083085 5.591855011769034 0.1936876639555895
0.3634538333718637 13.724076225613016 340683.4938076712 5.896187563707323 0.19659450435620926
0.3789083277296974 13.620047498470763 283345.183599254 6.213710572105555 0.1995282641369712
0.394738452249337 13.528512384396207 236419.78357696004 6.544684360816113 0.20248517350240974
0.41096273070849687 13.447922139273576 197900.43300827747 6.889805504537915 0.20546884538918264
0.4275690990139854 13.377109039227214 166102.7686963197 7.249781618956664 0.20848240009011484
0.44456308687524015 13.314978819385818 139827.06503940508 7.624875909979299 0.21152145224980118
0.4619438212694279 13.26060489568873 117993.55799172819 8.016028888732794 0.21459203291198142
0.4797065707026394 13.213200704955161 99828.52472759574 8.423949330353679 0.21769585193794844
0.4978618862922174 13.172030355926703 84657.20344895912 8.849083915533512 0.2208304618328605
0.5163988282817601 13.136442281423895 71949.60614784127 9.29229427319231 0.22399910610235588
0.5353155765867841 13.105877666012665 61287.49334496942 9.754470495475795 0.22720478316669984
0.5546205624051025 13.079854395224478 52309.35687476144 10.236421968628013 0.2304488436382122
0.5743015205833658 13.057865779541403 44739.58033813057 10.73862784396344 0.2337280866423283
0.5943571416733348 13.039540170646314 38336.629994806615 11.262316794230038 0.23704849991513402
0.614791516711265 13.024543369538929 32909.08102571614 11.808433737251622 0.2404117954229766
0.6355917998481289 13.01245622202701 28300.48179054834 12.377957422198868 0.24381960565660446
0.6567627684929808 13.003040315755667 24376.35545977574 12.971587868199618 0.24727000664576407
0.678293689147351 12.995999828673055 21033.195621536106 13.590629701758694 0.2507675372300239
0.7001792471434689 12.991056217159672 18040.310298131524 14.236290791902677 0.25431495381674446
0.7224112291374629 12.988007223413492 15733.66918822008 14.909760492224327 0.25791424038772137
0.7449975289363896 12.986641156819458 13637.566579967699 15.61208195199804 0.2615654303413061
0.7679145961055929 12.986763535721405 11838.582074057887 16.34449415767211 0.2652701489276123
0.7911585212134431 12.988128775276857 10291.829296150263 17.10862564562475 0.2690332175447133
0.8147302409060782 12.990663394257062 8958.567265171081 17.905931020536837 0.2728570679023424
0.8386110321256716 12.994117260575784 7809.525765243589 18.737790139829492 0.2767429134355349
0.8627889758785414 12.998400152869753 6816.393226523287 19.60551793399367 0.280690973408701
0.8872609289629795 13.003337083894152 5956.656204542861 20.511213679630938 0.28470773467150734
0.912022008489647 13.008827958818857 5212.739588434187 21.456670910330583 0.28879620939150996
0.9370392083090423 13.0147249483479 4566.619616398357 22.443392119888674 0.2929564693029922
0.962315492446239 13.02092008630434 4005.5081325722585 23.473365235856928 0.2971920161548759
0.9878397460702241 13.027312607845097 3517.6908945963164 24.549029639610065 0.30150909396641834
1.0135799325227615 13.033768868177747 3093.178771734554 25.672349054410965 0.30590949617920243
1.0395405098520063 13.040233884308671 2722.2745776020665 26.84524081856615 0.310394160661609
1.0656900347563252 13.046550147380078 2399.0909741345818 28.070821609294732 0.31497197773669033
1.0920183677881639 13.05268522943386 2116.382387216569 29.351170613575817 0.3196435625618161
1.1185152478136453 13.058519574501426 1869.2111584210381 30.688993643428567 0.3244132616522988
1.1451446306338595 13.063988665966965 1652.5079647854484 32.08774127287453 0.3292894782126059
1.1719057050556052 13.068990793607341 1462.6635988948635 33.54929754223811 0.33426954218341853
1.1987586291899814 13.073451287016491 1295.8627450174497 35.07823044095172 0.339367196812669
1.2257029440294003 13.07732142101225 1149.4521003895977 36.67659532427247 0.34457940282744826
1.2526966005534723 13.080490637418485 1020.4995951363381 38.34938698383682 0.34992025221587447
1.279736037486924 13.08293450538097 907.0117733116192 40.09888494430032 0.3553865702348103
1.306779439686881 13.084519908897489 807.0656265747886 41.93055443722882 0.36099288301923715
1.3338127699118634 13.085233986765392 718.8126467466531 43.847821579425805 0.3667408078408271
1.3608213131113953 13.085035252863705 640.8760762216292 45.8554619692094 0.3726385887758827
1.3877507803497606 13.083780147889353 572.0260115091867 47.958762696291245 0.3786959340204668
1.4146063217309903 13.081493713758803 511.0224145961179 50.162424556522666 0.3849182181159057
1.4413280263529236 13.078044927839551 457.0508814172113 52.471769144075324 0.3913129482201396
1.4679211930710807 13.073454704374509 409.17385348004024 54.89315815585666 0.397891541753134
1.4943295678530877 13.067590947521579 366.671068144592 57.43277794110808 0.4046630538372
1.5205402393830236 13.060453467553172 328.9597931528332 60.09725264314761 0.4116372491974586
1.546522870919833 13.051972867172802 295.40378743967585 62.893683607165 0.41882466058057294
1.5722385885279837 13.042098064070442 265.5675870611432 65.82969256057791 0.42623665194175786
1.5976623441035402 13.03077871964441 239.00939417729737 68.91346894885808 0.433885486958176
1.6227493566621358 13.0179642778093 215.3142540206514 72.15382185734121 0.441784403495195
1.6475002658613627 13.003634763910075 194.1745579541328 75.56023700349513 0.44994769472766954
1.6718501605775287 12.987707613954498 175.3015974687448 79.14271512232209 0.45838986131940374
1.6957877595813764 12.970167391426811 158.42684483198917 82.91130595285378 0.46712359380065344
1.7192529772830794 12.950928137042585 143.34225815904014 86.87880559680578 0.4761707117652084
1.7422556832866762 12.930034290697858 129.83069815259134 91.05686909988114 0.48554588245457264
1.764735801745273 12.907397095123027 117.72769071864751 95.45941055704823 0.4952703466422745
1.7866636238752776 12.882970215255456 106.8640229923079 100.10026343028036 0.505362298384762
1.8080028029472817 12.85672635672157 97.12248089749265 104.99585732420158 0.5158470839859359
1.828715289404425 12.828602795720558 88.36711093866944 110.16272238651456 0.5267472250497751
1.8487968911635106 12.798647387721038 80.49770669226521 115.61838172284507 0.5380857260998868
1.8681857019565091 12.766755140636755 73.41238740321492 121.3832211597274 0.5498926034273072
1.8868580456570496 12.7329160820273 67.03634538504485 127.47855509836805 0.5621972857457433
1.904782985494902 12.69711283143359 61.28161503298312 133.92691288434875 0.5750294174428129
1.9219284093291928 12.659312477579087 56.09631812524982 140.75374530876886 0.5884245088082052
1.9382443624851877 12.619436264913439 51.413131300817184 147.98682147900627 0.6024211956774277
1.953756111292609 12.577644115136659 47.18177181330155 155.65475191409575 0.6170556676466654
1.9683659446238089 12.533695189880405 43.35848761869955 163.79103279440542 0.6323750506312447
1.982086488937004 12.48771103514803 39.895675294551154 172.42927983411798 0.6484204300839046
1.9948812931716684 12.439650868078834 36.76140814392253 181.6090161274676 0.6652458199944993
2.0067146716269275 12.389493678564824 33.91784079929348 191.37208303358884 0.6829051588440481
2.0175745231029296 12.33725000168771 31.341210288294892 201.7644783266106 0.7014576324829674
2.027415740397587 12.282881393783647 29.003301703902462 212.83625723012923 0.7209663429555645
2.0362313257461033 12.226432842163561 26.880039563996657 224.64257160484127 0.7415006114244246
2.0439826936922474 12.16785714412754 24.951577818743438 237.24483140114768 0.7631384776744629
2.0506491528094464 12.107171221497444 23.198306206821083 250.70963049480417 0.7859617607378167
2.0562228411218513 12.04442035379825 21.602103553929723 265.11007626365085 0.8100587706446577
2.0606830270038436 11.97961131158813 20.149232964539657 280.52806691826294 0.8355298564468705
2.064002555031364 11.912747219278865 18.82883309656042 297.0528789212886 0.8624806690781637
2.0661646953779735 11.84385247583562 17.6249397729277 314.7849661068025 0.891032124076394
2.067167443528761 11.77297894611872 16.530502771922258 333.83379779332284 0.9213105002971728
