M[M_sun], R[km], Lambda[1], P_c[MeV/fm^3], rho_c[fm^-3]
0.24162668629717493 15.618656898711224 2160425.4255784233 3.5677272577965504 0.1711233750220791
0.2536398897776933 15.27738907749048 1723148.0119728623 3.78476133221182 0.1738874466984301
0.2660329721824603 14.98140380856845 1383198.835339414 4.011278984348971 0.17666518078030174
0.2788047487190284 14.723741455410703 1116650.9507992673 4.24753811759714 0.17945530937969623
0.2919554462488511 14.498624431027931 906108.7453708046 4.494163017903453 0.18226438239972337
0.30548645465265534 14.3014834854521 738860.5480981143 4.751304793135194 0.18508801805586944
0.3193986556981723 14.128410582827533 605244.886938193 5.019653047652325 0.18793299608383554
0.33369395066884916 13.976166762116373 497847.6811633708 5.299421759809074 0.19079574262968302
0.34836945182220225 13.84228240786085 411167.9832490269 5.591351085524935 0.19368278833055252
0.3634268338105481 13.72424593880005 340814.8002245581 5.8955936875683825 0.19658892654583474
0.37887331286888576 13.620292385287165 283436.9156411386 6.213019561346599 0.19952196295088062
0.3947006204984568 13.528716251580034 233399.83496914638 6.543896934241389 0.2024782688351106
0.4109208311606344 13.448115360209277 197983.27538436765 6.88890646369734 0.20546118878011643
0.4275224217531935 13.377300141207757 166189.57237111355 7.248762529818031 0.2084739694268411
0.44451230795039504 13.315141371607714 139899.12700449818 7.623739590448957 0.21151240641568858
0.461887385499813 13.260771749904013 118063.6738750646 8.0147555223778 0.21458218239375307
0.47964627091172346 13.213333560267124 99882.10747338184 8.422528990625656 0.21768517296879222
0.4977960028595055 13.172159343439171 84703.52540701501 8.847521840469835 0.22081915174197617
0.5163268472568143 13.13656608396523 71993.95993835901 9.290565188440059 0.22398693323790417
0.5352389520718952 13.10598000609051 61323.98552974774 9.752562680971998 0.2271917212587418
0.5545379596963615 13.079957056549018 52348.97197228548 10.234322992308723 0.23043486527473903
0.5742109064985026 13.057949203459579 44767.68842596311 10.736346826386113 0.23371344180291104
0.5942641720104985 13.039662302344643 38365.48660355516 11.259819439259832 0.2370328963960873
0.6146908509318872 13.024591266166784 32932.73741621102 11.805705296330721 0.24039520194987438
0.6354851307650288 13.01249719980035 28089.800542694593 12.374982226841178 0.24380198930412325
0.6566490434408649 13.0030969754157 24395.515700366155 12.968379580667886 0.2472516693898529
0.6781722716666161 12.996034696106324 21049.741426962544 13.587142773741899 0.25074812294903026
0.7000521059780018 12.991087005823674 18191.93242621346 14.23250653305237 0.25429442402779073
0.7222772975646092 12.98802455275298 15747.56485663342 14.905659011551881 0.2578925543133413
0.7448574838384494 12.986654381519626 13650.119893406863 15.607682090353338 0.26154294116712196
0.7677684506635682 12.986753008068046 11849.224898989278 16.339736345992424 0.2652464324296894
0.7910036205046248 12.988118485781508 10300.806530471442 17.103486013271745 0.26900822525300616
0.8145699684944995 12.990638603038972 8967.624106205096 17.900384114604304 0.2728307482303153
0.8384438268324175 12.994095099580015 7816.8318168525275 18.731860559945833 0.27671567008401654
0.8626144089363282 12.998357423917192 6823.089035832924 19.599128601189207 0.28066230850194873
0.8870796037979922 13.003295796465249 5963.131855319896 20.50433385258977 0.28467758620267886
0.9118291978677912 13.008792712410273 5217.78971474695 21.449267743082157 0.2887645111732131
0.9368417733418167 13.014674328965809 4571.379775230323 22.435496446180945 0.29292367516952517
0.9621108981995945 13.020869456975 4010.133114700512 23.464877998403196 0.2971575469617723
0.9876256472195866 13.027271105868246 3521.3274824257483 24.53991090376799 0.3014728695577849
1.0133636547703204 13.033728253112375 3096.476560811749 25.662634110698367 0.30587200434042294
1.0393130604943768 13.040171289391957 2725.3641984898873 26.83481093520414 0.3103547584403717
1.0654584704546834 13.046512322678813 2401.6587210313614 28.059627981996538 0.31493056764195215
1.09177852594034 13.052628284650266 2118.793928222932 29.339252905740878 0.3196006661311202
1.1182672011364156 13.058476787026493 1871.3118392554054 30.676209614698074 0.32436816516256756
1.1448898213271372 13.063936327219494 1654.5368815964073 32.0741085884459 0.3292425647127455
1.1716437683354326 13.068948285566702 1464.4006891598574 33.53470472543046 0.3342203628861944
1.198490037371351 13.073412308179446 1297.4445688815752 35.062584594077464 0.33931546023865455
1.2254275418649487 13.077291070444693 1150.7178005100898 36.65994183833387 0.34452568125971456
1.2524134142526069 13.080457936889584 1021.8617201303529 38.33153431850881 0.34986369888580865
1.279449918828872 13.082905746715456 908.1538420539481 40.079879624832195 0.35532777412564287
1.3064858730736872 13.08450947348682 808.0641065521867 41.91031793103056 0.36093170499518257
1.3335154747217464 13.085230955022144 719.7735581913116 43.826127085466396 0.36667632058521366
1.3605143075436081 13.085049114117432 641.7285523128091 45.83235493063257 0.3725713966465552
1.387442935774858 13.083799237424955 572.7523347281519 47.9341444524747 0.3786258625516229
1.4142917516953892 13.081527287419865 511.6844701947432 50.13602526580989 0.38484424439406656
1.4410181595649536 13.07811050821809 457.64559168806215 52.44363070057145 0.3912356905968417
1.4675996087296084 13.073516895346195 409.714842410658 54.86315601365904 0.3978107813821056
1.4940053096027865 13.06767010163348 367.1892869285758 57.40077746829316 0.40457855495825834
1.520213370518718 13.060550740235282 329.40568916787447 60.06310821897718 0.41154875774793526
1.546193200474437 13.052089317152461 295.80996083601667 62.85723762923393 0.4187319026691546
1.5719073900708576 13.042235753310917 265.95556093755755 65.79077435187716 0.4261393321699847
1.5973242683156128 13.030926068663733 239.33555653064985 68.87189355350678 0.4337832865731053
1.6224209011662682 13.01814382584707 215.515002679425 72.10938871235876 0.44167697835477004
1.6471673563643918 13.003838039614132 194.44912577781707 75.51272847242127 0.44983467305811703
1.671521026357745 12.987941196120236 175.55368095806173 79.09211909768433 0.458271777624698
1.6954563991431246 12.97042741321992 158.66135768543236 82.85717670203758 0.46699920493992775
1.7189196770293942 12.951209949249582 143.54557631866425 86.82084087603666 0.47603945019185157
1.7419343391595834 12.930372078522417 130.02251961289062 90.99504477698467 0.48540834609284317
1.7644146524229745 12.9077531420646 117.89901690682638 95.39313134070272 0.4951249152421826
1.7863417733077938 12.883347743728102 107.01697038657349 100.02947161806674 0.5052095327252208
1.8076848856726655 12.85712979035819 97.26478118511214 104.92018598798929 0.5156863957448758
1.8284138277412894 12.829072986207391 88.49736465582491 110.08146017680549 0.5265768197392544
1.8484903271186508 12.799125212705581 80.61389186944386 115.53138346259156 0.5379060177149947
1.8678858471990347 12.767271577570591 73.51680557436237 121.2900174869985 0.5497028749049667
1.8865661136769367 12.733474154321547 67.13100563042022 127.37862298441952 0.561996722790421
1.9044999421076603 12.697704724073906 61.37059726902188 133.820047138862 0.5748184312797026
1.9216540924483658 12.659947592606413 56.17660918909285 140.63896547787095 0.5882008740490523
1.9379882943873246 12.620139418305056 51.48835876526695 147.86344056035574 0.60218386634182
1.953486359257009 12.578299962670904 47.25355905883746 155.52242148641585 0.6168048882397494
1.9681252127173876 12.534457441223232 43.41917203873107 163.64857378950296 0.6321083631915633
1.9818599006069022 12.48852262177721 39.95237332050632 172.27613988567703 0.648137673913084
1.9946639439820473 12.440502952116002 36.810930106737935 181.44426278250967 0.6649457194922239
2.0065167549561442 12.390395432589761 33.96690464694897 191.19464698164845 0.6825861799254496
2.0173894536788293 12.338200872202538 31.384552231036427 201.57318003017957 0.7011180968768232
2.027246856093761 12.283881716645178 29.043710425419242 212.63027619275897 0.7206059914541393
2.0360797050673476 12.227484870522563 26.91781084293486 224.4200024420376 0.7411158953278982
2.0438495110051402 12.168961077875906 24.985753082899755 237.00459034310953 0.7627288446015883
2.050535414926846 12.108327032639234 23.228408757162164 250.44946165336677 0.7855231748794322
2.0561282589928096 12.045623600576379 21.630970078741008 264.82856355842057 0.8095903171476111
2.0606079711687 11.980868673914374 20.176111944458373 280.2232294285943 0.8350292179709167
2.0639484799944205 11.914059744138042 18.852945461792892 296.72258401339565 0.8619455321447673
2.0661352098244654 11.845218269873207 17.648183787927323 314.4261730619198 0.8904577669806975
2.0671584025324945 11.774401310374111 16.550773987758852 333.44414154318196 0.9206950693755969
