M[M_sun], R[km], Lambda[1], P_c[MeV/fm^3], rho_c[fm^-3]
0.24162668629717493 15.618656898711224 2160425.4255784233 3.5677272577965504 0.1711233750220791
0.25364504326816817 15.27724104472212 1723214.0006268064 3.7848400736908223 0.1738884281729797
0.2660418717784004 14.981242218153392 1382956.6972915237 4.011444513663428 0.17666718110437823
0.2788180910222509 14.723458858440626 1116388.9287070173 4.247796033842687 0.1794583008194731
0.2919740281961905 14.498359493932458 905834.5705170219 4.494520087944412 0.18226835845750108
0.30551089217198757 14.301156908217642 738641.4975625412 4.751773139924846 0.18509307709505096
0.3194284412828883 14.128062444213352 594802.6625590147 5.020236120031656 0.18793904568481637
0.3337285564896394 13.975856754910502 497627.2531486402 5.300134907004782 0.1908029228386186
0.3484109408011431 13.841943584393693 410954.89243826846 5.592196086935489 0.19369096395165153
0.36347394994691423 13.723933678826327 340628.4886172184 5.896589525549436 0.19659827966689458
0.37893050632734865 13.619918466352718 283269.05657994014 6.214178285218503 0.19953252911739802
0.39476440767074966 13.528373072144786 236372.14125479368 6.545217339804431 0.20248984700811795
0.4109908700907326 13.447793039621939 197837.55257045804 6.8904140389089275 0.2054740279232477
0.4275994626263251 13.377005221792677 166045.60832773123 7.250471419453296 0.20848810663284276
0.4445971562494449 13.3148647958426 139775.09304001436 7.6256450702589005 0.21152757526019522
0.46197920181973934 13.260502172617512 117948.22667511686 8.01689082527469 0.21459870068797876
0.4797474287402026 13.213123642458255 99791.31554432274 8.424910764796909 0.21770308058090082
0.49790619768055117 13.171933192233961 84618.96998683337 8.850141303080779 0.22083811777048967
0.5164475243407761 13.13634599964239 71924.16018708066 9.293464726300154 0.22400734616520435
0.5353675016505919 13.105802752971707 61262.043357778035 9.755761950580723 0.2272136251519552
0.5546765667691187 13.079767320584468 52290.52600614713 10.237841434319037 0.23045828798540358
0.5743616996317578 13.057810008932105 44718.441238471896 10.740171966857538 0.2337380003896178
0.594420413580524 13.039495935105268 38318.317072174184 11.264007386475598 0.23705906276607774
0.6148564905212421 13.024505536046819 32891.45841032963 11.810280786646214 0.2404230285650296
0.6356668230839634 13.012427216970314 28284.094551986087 12.379971539678357 0.243831531395654
0.6568395268971465 13.00299819010655 24362.374808365108 12.973759804579172 0.24728242054346516
0.6783734607797637 12.995966982541072 21021.47467592214 13.592990300272776 0.2507806804101081
0.7002650039827724 12.991054480294242 18166.20263197524 14.238852710453786 0.2543288523499187
0.7225016577350597 12.988004383063585 15724.043601717498 14.912537202040884 0.2579289218992102
0.7450916511946906 12.986649463247938 13629.458736980198 15.615060696593469 0.26158065570779854
0.7680158452817373 12.986750352022877 11832.68137640095 16.347715277189945 0.265286205400524
0.7912632941221195 12.988147278501136 10218.051220179175 17.112105307187228 0.26905013796057936
0.8148400098552009 12.990670228916164 8953.195653725654 17.909686463167713 0.27287488720909886
0.8387246742779999 12.994134221068302 7804.563729543773 18.741804706289063 0.27676135829122417
0.8629093143264017 12.998408858514628 6811.531801208457 19.609843825715753 0.2807103809566609
0.8873922801707861 13.003365884669318 5953.223318083994 20.515871718313875 0.28472814691925624
0.9121504080563319 13.008864116277232 5209.051163598313 21.461683343547367 0.2888176711790088
0.937172945964229 13.014761276105466 4563.36658626322 22.448738067101928 0.29297867332419525
0.9624602861078342 13.02096446578761 4002.9446910408783 23.479111787983523 0.297215354610529
0.9879826539150623 13.027349201418936 3515.170153176669 24.555203846797315 0.3015336211605395
1.0137278085690933 13.033806046368655 3090.598212928719 25.678927016391174 0.305934881801328
1.039694720836895 13.040266852099407 2720.196060434183 26.852302956044056 0.3104208401453247
1.065847049640465 13.046598929618147 2397.190184679258 28.0784009818987 0.3150000171317162
1.0921825153557643 13.052730176028641 2114.71935076442 29.359240357743168 0.31967260868597036
1.1186835153839982 13.058557955544034 1867.5832236628885 30.697650108335417 0.3244437978931826
1.1453164680481343 13.064013545161961 1651.3414142808317 32.096956204594115 0.32932113981036015
1.1720823032342562 13.069023995413236 1461.357875531306 33.559179036031296 0.33430284383632625
1.198940604397008 13.07348114760202 1294.833959862722 35.08882513802368 0.3394022306036571
1.2258887008705894 13.07734478901314 1148.5038885532563 36.68787247843612 0.34461578118111424
1.252886617592673 13.08051025209644 1019.6524506969904 38.36141869465038 0.3499582104743209
1.2799319397119444 13.08294654931279 906.2574297182776 40.11175500870939 0.35542638591448117
1.3069836694882415 13.084550872357186 806.4114434939125 41.944258401004696 0.3610343121778731
1.334016994730136 13.085242713139689 718.2309196152603 43.8625130944948 0.36678447862150426
1.3610264477460163 13.085033317403138 640.294490979872 45.8711102506295 0.372684091852594
1.3879595918053238 13.083765620695699 571.5299251496014 47.975434585779496 0.3787433875997534
1.414811107196343 13.081460532653852 510.61522526094024 50.18030287625715 0.3849683151380333
1.4415429633803647 13.078015479038555 456.64813455913855 52.490825511419025 0.3913652698650616
1.4681373362744405 13.07341310974248 408.8030344032017 54.913476954623796 0.3979462363051589
1.4945495669392088 13.067538488840391 366.34843744768995 57.45445039052571 0.40472028104413227
1.5207614686703703 13.060386421764745 328.6753702897927 60.12037740987112 0.41169718121203985
1.5467454671205656 13.051893060962348 295.1336120662918 62.91836747836287 0.41888748299522627
1.5724629041073948 13.042005298468355 265.3239449405024 65.8560511848872 0.4263025649266478
1.5978766148338788 13.03066408472397 238.78704511261722 68.94162765284018 0.4339547065137749
1.6229750911912144 13.017842335602142 215.12697261805957 72.1839165460024 0.4418571628318737
1.6477275778723721 13.00349365030488 193.9851125847978 75.59241515450282 0.45002424578634886
1.6720756458223907 12.987550519738903 175.1466310732244 79.17696885161881 0.45846977487796486
1.696012575607555 12.969989919140096 158.27412969509848 82.94796947783966 0.4672078464742895
1.719491361961096 12.950772209412035 143.19750150553344 86.91806766196552 0.47625962102549163
1.7424740181528087 12.929819504712881 129.71572290486174 91.09874604736572 0.48563904324837553
1.7649557356537346 12.907161553206349 117.61248955077787 95.50430582582507 0.49536885688659726
1.7868814846748988 12.882719754701917 106.76239335390726 100.1482161126589 0.5054657781929667
1.8082180221708812 12.85644852616245 97.03025094004639 105.04711609233304 0.5159559320875057
1.8289313462429773 12.828311979670854 88.28350837325615 110.21755848231187 0.5268618727392602
1.8490041052265591 12.79832154210817 80.417300843262 115.67731530445538 0.5382074625430782
1.8683783971266303 12.7663709097342 73.34388138942082 121.44635945738354 0.5500211298637302
1.8870526312281444 12.732542065237691 66.96876536712433 127.54613232394819 0.5623327244025604
1.9049746095515032 12.696712058237843 61.22409083027197 133.99930866635427 0.5751723491951826
1.9221139530045375 12.658880746280165 56.04183095050752 140.8315039527794 0.5885760122168555
1.938423745701979 12.61897830407226 51.36275521109393 148.07040866811977 0.6025819797944095
1.9539165218523227 12.577119525359631 47.13779702839011 155.74440379195786 0.6172255669294936
1.9685302690308033 12.533178865487956 43.31802312241932 163.88729267857101 0.6325548648948414
1.9822402083847022 12.48716416006323 39.85782890035225 172.53303409661902 0.6486120009853564
1.9950234872426669 12.439070599233922 36.72521865658072 181.7206409045048 0.6654491460736377
2.0068593178963163 12.388893861210173 33.88635690313426 191.4923032438271 0.6831212801578181
2.0176991376667015 12.336605095930654 31.31128180453395 201.8940936425835 0.7016876868833227
2.0275303607973103 12.282210677161613 28.975468947293816 212.9758238615307 0.7212105064271951
2.0363340291312593 12.225723596833543 26.85572215010261 224.7933814489462 0.7417612898302332
2.0440727378712253 12.167114248480296 24.92906838435081 237.40761920568406 0.7634160458351399
2.0507267218970218 12.10638918370591 23.175687039852395 250.8856420432453 0.7862580306918958
2.05629359260626 12.043624707683389 21.582574639266124 265.30078337478875 0.8103760289978768
2.0607337472754352 11.978758911555632 20.13225694839496 280.73437643544 0.8358682520731605
2.0640323477063705 11.911846395840941 18.812359378793605 297.2767100951097 0.8628433156860732
2.066186093321689 11.842928691909897 17.610046836590314 315.02811642794626 0.8914213599165577
2.0671717021845164 11.772022070732257 16.51561758164209 334.0978710612163 0.9217275829297867
