M[M_sun], R[km], Lambda[1], P_c[MeV/fm^3], rho_c[fm^-3]
0.24162668629717493 15.618656898711224 2160425.4255784233 3.5677272577965504 0.1711233750220791
0.25364027162104663 15.277391812859628 1723302.727496356 3.7847684925972227 0.17388753594917986
0.2660337994844517 14.981403795243667 1383113.6696359555 4.011294036616215 0.17666536267806815
0.27880557550648166 14.723727316722103 1116634.4386193757 4.2475615706873295 0.17945558140019938
0.2919572820184979 14.498601256788149 906076.4901568764 4.494195486932636 0.182264743949899
0.3054887615790972 14.301459532377754 738810.5257669202 4.751347380216376 0.18508847807762488
0.319400335411941 14.128406753303429 605205.5395588905 5.019706066164673 0.18793354617136443
0.3336970630413139 13.976158106701465 497842.387300002 5.299486605157029 0.19079639551473904
0.34837229634703654 13.842272593005076 411154.3546355692 5.59142791927389 0.1936835317182099
0.3634307435601927 13.724225473794622 340789.11161235394 5.8956842353840235 0.1965897769900812
0.37887849707228066 13.620265095589941 283426.5932623982 6.2131249184899815 0.19952292368117003
0.3947070322169774 13.528685937203301 236522.49927747864 6.544016990989118 0.20247932157059947
0.4109268669287829 13.448109859090264 197969.3047122198 6.889043537058067 0.205462356154377
0.4275307143532099 13.377283671719173 166171.7035200196 7.24891790546978 0.20847525480978865
0.4445203018485838 13.315119255008526 139879.3416018874 7.623912838640606 0.21151378558269232
0.4618957196178407 13.260752836470978 118048.75437802046 8.01494966406837 0.21458368423668644
0.4796540844090306 13.213331501402001 99873.04469436184 8.422745538976848 0.21768680110966415
0.49780528145822867 13.172149067226727 84699.70093611405 8.847759996780859 0.22082087609542433
0.5163379194550727 13.136552193731571 71988.37984448497 9.290828805628163 0.22398878911934303
0.535249407851452 13.1059790114116 61319.47521344561 9.752853545555944 0.2271937126716471
0.5545513267846027 13.079950452309108 52343.32548430707 10.234642999324784 0.23043699639663084
0.5742257847976031 13.05796014170891 44765.88044934597 10.736694585278226 0.23371567452272063
0.5942763651687796 13.039605256782366 38024.22803359544 11.260200178094465 0.23703527525921603
0.6147070144049709 13.024570900684173 32928.92055587297 11.806121263203405 0.24039773172248569
0.6355015930791351 13.012486536251432 28318.538543109473 12.375435810052483 0.2438046750039746
0.6566666609084206 13.00306291812553 24392.338190381375 12.968868697366386 0.24725446498032977
0.6781899680627271 12.996022240500398 21047.010839159866 13.587674367035984 0.2507510827180694
0.7000714790102314 12.991092418860925 18189.94501872138 14.233083451797333 0.2542975538401387
0.7222981827216571 12.988010468854704 15744.053658110373 14.90628428758642 0.2578958603834355
0.7448782911938527 12.986649056761275 13647.770070712813 15.608352851501799 0.2615463696531794
0.7677904808441898 12.986759009028802 11847.794838791102 16.34046167229474 0.26525004799938834
0.7910270898542882 12.988124652775978 10299.871622482031 17.10426954307998 0.26901203529313816
0.8145947540384731 12.990640881112142 8966.649949320086 17.901229727409333 0.2728347606026109
0.8384685504650178 12.99410713768339 7815.5282535846 18.732764505872087 0.2767198232478335
0.8626410924469717 12.998362148266978 6822.021160914639 19.600102628882112 0.2806666783499197
0.8871079692660857 13.003314731258062 5962.270858324015 20.50538264749064 0.2846821821845527
0.911859736052457 13.00880412141734 5216.962008046614 21.45039631137363 0.28876934337581855
0.9368714104562827 13.014687008119205 4544.184894767705 22.43670008790522 0.2929286744119981
0.9621375774309807 13.020887847337894 4009.2110872314747 23.46617181167648 0.2971628015219045
0.987657423373449 13.027281103581952 3520.819844239372 24.541300975048543 0.3014783916510847
1.0133978825828978 13.033734095881659 3095.8738304085473 25.66411506087121 0.3058777196123549
1.0393478920369381 13.040186193896936 2724.895726315019 26.836400860635784 0.3103607648923553
1.065494564819527 13.046514493524754 2401.4189121648487 28.061334320797346 0.3149368801311493
1.0918143934808164 13.052634443674961 2118.3828377131385 29.341069612468317 0.31960720515987534
1.1183056066794081 13.058477913191723 1871.07048008394 30.678158368139314 0.32437503951660757
1.1449291826709544 13.063949603053546 1654.1089705290617 32.076198526284216 0.3292497925307962
1.1716830338699376 13.068954283230743 1464.0863689453392 33.53692917677672 0.3342278595165818
1.1985317474337207 13.073413241470844 1297.207572339496 35.064969547078945 0.3393233466316682
1.2254699652392538 13.077292297084368 1150.61912799014 36.66248037493973 0.344533870185848
1.2524585861761826 13.080460212902123 1021.6061416896707 38.334255629865304 0.3498723194036153
1.2794936259503482 13.08290704923084 908.0090467679487 40.082776620176055 0.35533673646141317
1.306530902912935 13.084510347708223 807.9582017747637 41.91340257872024 0.36094103035247055
1.333560926174067 13.085227446884858 719.5899966733405 43.82943394941308 0.3666861502950473
1.3605642416760448 13.085043192392224 641.5287823357756 45.83587708522951 0.3725816385936746
1.3874895269442669 13.083798438860228 572.6536090015865 47.93789693316658 0.3786365433229991
1.4143395456505015 13.081524106184839 511.5829925146274 50.140049194503895 0.38485551988571326
1.4410660355559146 13.078105067428996 457.542643406047 52.44791969276205 0.3912474665624506
1.4676490618021536 13.073507781959377 409.6328735223104 54.86772904902021 0.39782309117085546
1.4940546636867043 13.06765887314387 367.1188187909622 57.405655063311244 0.40459143449642465
1.5202636691015636 13.060537999968737 329.34605981372846 60.068312564489766 0.4115622457504252
1.5462440196266827 13.052070940487441 295.74791505871565 62.862792741686626 0.41874604087199774
1.5719577976045755 13.042215446180181 265.8728989368902 65.79670623982526 0.4261541655860273
1.5973735348724116 13.03090432214628 239.26839376176892 68.8782304010754 0.4337988637734223
1.6224667528568628 13.018116736116191 215.58292557614413 72.11616108158385 0.4416933517786027
1.6472182096050196 13.003806137308548 194.40900747368113 75.5199695266337 0.4498518993544876
1.6715676895835496 12.987904979484764 175.51282460000522 79.09985079531172 0.4582898593348883
1.6955070470268077 12.970386129989498 158.62640713005837 82.86542673690262 0.46701816349601966
1.71897983890339 12.95120031169629 143.51344209762712 86.82967541481679 0.4760594560755128
1.741985151219495 12.930323624444272 129.99540134747076 91.00446749813655 0.48542930817902713
1.7644641603488 12.907696008199256 117.8705512884282 95.40323294873762 0.49514708042579064
1.7863913228702597 12.883291944773822 106.9944365482002 100.04026090664775 0.5052328155418986
1.8077336499225465 12.85706984975221 97.23915672907117 104.93171886608063 0.5157108858356767
1.8284609616707417 12.82900462256907 88.47558111407004 110.09384638060878 0.5266027955709953
1.8485373930915001 12.799053690484653 80.59673672868907 115.54464240941279 0.5379334061238166
1.867931612498146 12.767190740723807 73.50166006020653 121.30422204284272 0.5497317901752765
1.8866105630884658 12.733389051227741 67.11425268021739 127.39385283886571 0.5620272889867733
1.9045429067169748 12.697614889607532 61.35835970309858 133.83633355845484 0.5748505857288673
1.9216964085595003 12.659850409108152 56.1654742865518 140.6564578399201 0.5882349558223332
1.9380286901072692 12.62003708278302 51.47723003189989 147.88224353314766 0.6022200347954915
1.9535238898060376 12.578191781101708 47.23632070059755 155.5425881574515 0.6168431061000742
1.9681618056198058 12.534342065918386 43.40882719046796 163.6702895959578 0.6321490246065529
1.9818948089079287 12.488398409710067 39.94361923740642 172.2994773683678 0.6481807640232049
1.9946963707875713 12.440374917864338 36.802673383653755 181.46936980710325 0.6649914522856497
2.006545715593281 12.390256369601056 33.95765946485367 191.22168645291987 0.6826347891072438
2.017417663743246 12.33805470320221 31.377976768389438 201.60233164238286 0.7011698381129147
2.0272728829340716 12.283730217521418 29.038099277202782 212.66166494838765 0.720660904204182
2.0361029913893023 12.227324391050773 26.912580766713837 224.45391859784098 0.7411745202106335
2.043870178919212 12.16879351307236 24.98075836403213 237.04119900366382 0.7627912657307622
2.050552554420479 12.108153052391204 23.223270341127762 250.48910645696157 0.7855900070570253
2.056142541120453 12.045439638423574 21.626177159500255 264.8714602249602 0.8096616996929767
2.060619353744674 11.980679780548027 20.172415597252822 280.26970386593166 0.8351055827345784
2.0639575225499116 11.913858737499536 18.849278012733226 296.7729127714516 0.8620270737507809
2.0661390409130895 11.845009564846487 17.64453379219348 314.48084345738533 0.8905452835309986
2.067158531915749 11.774185698883066 16.54747355547485 333.50351383316956 0.9207888431650073
