M[M_sun], R[km], Lambda[1], P_c[MeV/fm^3], rho_c[fm^-3]
0.24162668629717493 15.618656898711224 2160425.4255784233 3.5677272577965504 0.1711233750220791
0.2536436627939536 15.277303541367623 1723288.2852030292 3.7848135999098518 0.17388809819007128
0.266038054366585 14.98131590977446 1382875.1505195461 4.011388860279672 0.17666650856607993
0.2788139324890002 14.723533131871145 1116489.9419907716 4.247709317796851 0.17945729504401967
0.29196714480198416 14.498474748186261 905924.9378832107 4.494400033515374 0.18226702162357056
0.3055042258348703 14.301206785280176 738672.7766413459 4.75161567044887 0.18509137612417542
0.3194196938377831 14.12814513844672 605117.6231425762 5.020040075314563 0.18793701164521023
0.33371603763346613 13.976035038045206 497722.5259610085 5.299895125427496 0.19080050863600492
0.34839668166579324 13.842063116873792 411027.6143326304 5.591911969582862 0.19368821503810685
0.36345811464128874 13.724040240591105 340673.45544563857 5.896254688982675 0.19659513481100058
0.37891175723198367 13.620032506702136 283316.96225229854 6.213788677108532 0.1995289763605538
0.3947432198040265 13.528490006793168 236419.7528341911 6.544773364425465 0.2024859539438258
0.4109675161226059 13.447894233358559 197877.13460227186 6.889907124899664 0.2054697108308266
0.42757548046275135 13.37709060309935 166098.48157862778 7.249896809607175 0.20848335303284568
0.4445687918467613 13.314954613658402 139818.2439693304 7.625004352517595 0.21152247473499428
0.46194890376515146 13.26060890315942 117986.21764236767 8.016172823417111 0.21459314636313082
0.47971329136380503 13.213178100756082 99830.05306452244 8.424109879495054 0.217697059043048
0.4978696478444717 13.172018331552929 84652.09070033926 8.849260487141231 0.22083174028674366
0.5164065467767681 13.136432306200069 71941.52992115564 9.292489724629332 0.2240004820926575
0.5353248121129413 13.105860855978525 61281.831197529034 9.754686151868514 0.227206259664518
0.5546302148756599 13.079841304330207 52306.31746048486 10.236659235619326 0.2304504237438162
0.5743115735836082 13.057856648026627 44736.470490491454 10.738885690618384 0.23372974209772393
0.594366279412668 13.039547850196987 37998.29731098095 11.262599098019532 0.23705026375431942
0.6148033537517167 13.024513454278303 32906.48914839099 11.808742165780881 0.24041367118303614
0.6356046889793602 13.012452502279634 28297.982695113904 12.378293747105989 0.24382159706133583
0.6567750312357724 13.003038395360578 24374.42404420632 12.97195054503472 0.24727207955783087
0.6783063031232685 12.995996514450658 21031.04545353372 13.591023880369189 0.25076973191092033
0.700193186135968 12.991068021717982 18175.15795817783 14.236718585666301 0.25431727461879056
0.7224253309689648 12.988001062311366 15732.526336700452 14.910224150301309 0.25791669192275163
0.7450129461555327 12.986653519928899 13636.315933464643 15.61257934436331 0.26156797268114396
0.7679326703362317 12.986749448348306 11837.993430050785 16.345032019705997 0.2652728300349508
0.7911751388471246 12.988131705390916 10290.531538474008 17.10920667655739 0.26903604290138516
0.8147491766356209 12.990663035835725 8957.64088270573 17.906558098546114 0.2728600433426582
0.838630829136133 12.994126077499702 7808.766951040917 18.738460483653448 0.2767459933185608
0.8628104277236655 12.998394297194915 6815.811969204735 19.60624025922791 0.28069421402648037
0.8872833023922342 13.003341686657812 5956.393335349708 20.511991462556935 0.28471114303688616
0.9120411058715937 13.008840141854801 5211.9261350881525 21.45750786526667 0.28879979299017505
0.9370625129609881 13.014723225135254 4566.04262962846 22.444284760518453 0.2929601768239758
0.9623381179129081 13.020931239532578 4005.184380779491 23.474324763469873 0.29719591308161547
0.9878622107433872 13.027321605881305 3517.1258786240537 24.550060570265426 0.30151318936450633
1.013603989990159 13.033778714734117 3092.435530995493 25.67344739769408 0.30591373489746093
1.0395664432319898 13.040237264305585 2721.989585303638 26.84642000102091 0.3103986154005882
1.0657159427189726 13.046559194330802 2398.807476789219 28.07208715018522 0.3149766595227436
1.092046598573544 13.052691121759791 2116.348607544777 29.35251802783315 0.31964841242582587
1.1185432206111752 13.058528326933807 1868.947090769741 30.690439016613315 0.3244183602998658
1.145172015656828 13.063992039381677 1652.4322426456094 32.089279887855994 0.32929476474213476
1.1719345674949992 13.06900123101858 1462.4110109045662 33.550947445364876 0.3342751025270679
1.1987892486322662 13.073454512591537 1295.675584295795 35.07999941870202 0.3393730463425183
1.2257339398847409 13.077328660352658 1149.3332921054534 36.67847824353457 0.34458547683351815
1.2527284594593497 13.080493453391943 1020.4030014059163 38.35140550675454 0.34992664645397353
1.2797694168807103 13.08293558597911 906.8969480765459 40.101033809339675 0.3553932181053526
1.3068123472948066 13.084524165817868 806.8984131447712 41.932842526156435 0.3609998002587093
1.3338484372162378 13.085235651514108 718.7534664472763 43.85027454318861 0.3667480993177096
1.3608554651305838 13.085033856333279 640.7680484421852 45.858074668418396 0.3726461861502741
1.3877847697639454 13.083778921153465 571.9331525376612 47.96154628953759 0.3787038570254094
1.4146415457921753 13.081491711342855 508.9728691937074 50.1654095638552 0.38492658243540606
1.4413632410253008 13.078041825357179 456.9711070407475 52.47495082726695 0.39132168393011013
1.4679571547717636 13.073446944890327 409.1163496307311 54.8965506017023 0.3979006736072324
1.4943657900460785 13.067586035606556 366.6188971439209 57.43639637738513 0.40467260850255454
1.5205772688680652 13.060443756686038 328.9125180958629 60.10111354076508 0.41164725541179464
1.5465601860238638 13.051961398537179 295.35800469422634 62.897804792503855 0.41883514932490906
1.5722767093626906 13.042084830747227 265.53358509091265 65.83409333915897 0.4262476566303453
1.5976999406287282 13.030759340034484 238.98442450202302 68.91817024160872 0.4338970436475445
1.6227872136357164 13.017944524460953 215.28749225421257 72.15884635089229 0.44179655111439914
1.647539327869311 13.003610225107689 194.1509823997698 75.5656093161129 0.44996047533207245
1.671887994307738 12.987679770915301 175.27578435536856 79.14843393846604 0.45840320325204004
1.6958252447797248 12.970138682212966 158.40145436866962 82.91742706210721 0.4671376600918903
1.7192906989787022 12.9508998075074 143.32162966884744 86.88536050532258 0.4761855554079226
1.7422917099528668 12.930000042006776 129.8099059705372 91.06386053623135 0.4855614358269966
1.7647724615243874 12.907357493626197 117.70615832623433 95.46690586400562 0.49528679301935974
1.7867003750054564 12.882928022091674 106.8507044696666 100.10826913396703 0.5053795743460002
1.8080390945128568 12.856678555142839 97.1062261278793 105.00441493349835 0.5158652560872151
1.8287516207317516 12.828551918425681 88.35350346875525 110.17187717729196 0.5267663652820452
1.8488314430598125 12.798594631600784 80.48474046462124 115.62822051780925 0.5381060496551757
1.868219465396969 12.766692946041754 73.4011324199202 121.39376185832575 0.5499140604269183
1.8868907477910126 12.732852986708203 67.02442619993664 127.48985687279598 0.5622199683168418
1.9048150240801895 12.697046696466938 61.27193858055295 133.9389989452551 0.5750532790797306
1.921959270659355 12.659238590023225 56.088040082110425 140.76672658476386 0.5884498012703732
1.9382742254281156 12.61936090671094 51.40510145909222 148.0007756977122 0.6024480373113743
1.9537742212415028 12.577527241926774 47.17331415444621 155.6697184923297 0.6170840308105943
1.9683929221382561 12.533609564552659 43.34992510207604 163.80710241715406 0.6324050688200871
1.9821119174652742 12.487619919608699 39.89076611643075 172.446600440724 0.6484524106902068
1.994904477115351 12.439553722716518 36.754583825656404 181.62765049928333 0.6652797627611419
2.006743552044354 12.389404026522762 33.911093559919166 191.39215216251236 0.682941237357807
2.017595062087675 12.337142723378873 31.33619973702896 201.78611567972118 0.7014960366503898
2.0274346047251695 12.282768245248459 28.998746305535704 212.85955564280098 0.721007102134634
2.0362486266076116 12.226314351513164 26.87625388895086 224.66774669002896 0.7415441271585053
2.0439984107604756 12.16773226929731 24.948202508933733 237.27200578976192 0.763184812503332
2.050662592844948 12.107040021051676 23.193221264158126 250.739059474856 0.7860113713460897
2.056239424371693 12.04430703187629 21.597530512332455 265.1419200772826 0.8101117606006275
2.0606918772103007 11.979469232562481 20.146270139389262 280.5625055815684 0.8355863438702201
2.0640025961174113 11.91258592146492 18.82570710970208 297.0902420871102 0.8625412041015684
2.0661685263453644 11.843698819391943 17.6224779681103 314.8255537524099 0.891097096914036
2.06716596719261 11.772819976617846 16.527007636175416 333.8778775743442 0.921380120790228
