M[M_sun], R[km], Lambda[1], P_c[MeV/fm^3], rho_c[fm^-3]
0.24162668629717493 15.618656898711224 2160425.4255784233 3.5677272577965504 0.1711233750220791
0.253647621031903 15.27719578214129 1723005.5908567496 3.7848779674301323 0.17388890050015965
0.2660461899680657 14.981130893241081 1382866.1876325079 4.011524175131562 0.17666814376620765
0.2788263139339564 14.723259483190546 1116236.2941328068 4.247920159413561 0.17945974048904198
0.2919829949016974 14.498231164756973 905679.1524529574 4.494691936114438 0.1822702720267582
0.3055235075354529 14.300956910206873 738439.6851342613 4.751998547293437 0.18509551192482818
0.31944309626620965 14.127889902318724 604898.1654531121 5.02051674841849 0.18794195731264238
0.33374566049803944 13.975669303324228 497506.87906847196 5.3004781464132495 0.1908063786899247
0.3484050540631674 13.84194033468257 410981.48484205944 5.5297945898472864 0.19391882077119502
0.3494608960839621 13.80975669342157 400984.5665217167 6.118781747113071 0.8810157381624738
