M[M_sun], R[km], Lambda[1], P_c[MeV/fm^3], rho_c[fm^-3]
0.24162668629717493 15.618656898711224 2160425.4255784233 3.5677272577965504 0.1711233750220791
0.2536459075221521 15.2772289423721 1723082.2999335718 3.7848580249302413 0.1738886519265191
0.26604376493137954 14.981202110407894 1382975.7060101375 4.0114822512097215 0.17666763714035402
0.27882165225858274 14.723380697391544 1116325.4711523084 4.2478548348875895 0.17945898282298267
0.29197875846036936 14.498270021075598 905746.3662416614 4.494601495959966 0.1822692649546481
0.305516182002966 14.30108221415787 738531.0385152654 4.751879919654239 0.18509423051992058
0.3194364955866933 14.127953487848899 604982.8724860771 5.020369058552214 0.18794042497327673
0.33373628481071727 13.975805514911059 497557.6379191647 5.300297504883582 0.19080455992945944
0.34842057788711706 13.841862379792772 410904.2876005481 5.592388750663732 0.19369282802622223
0.3634820249947717 13.723927202735176 340573.20147888956 5.896816584365735 0.19660041225134803
0.3789424475291088 13.619870876449324 283219.05813466565 6.214442487608391 0.1995349383250734
0.39477934780420404 13.528281829069108 236335.66659839876 6.545518411980196 0.20249248700437084
0.41100691848500265 13.447714463321384 197798.91336186565 6.89075779407071 0.2054769554864567
0.4276186553048155 13.376929741585656 166021.09178625248 7.25086108425588 0.208491330229892
0.4446165727132163 13.314800104361986 139746.46950372463 7.626079568190242 0.21153103414310997
0.46200071428074224 13.260437002687627 117921.89657844958 8.017377736357487 0.21460246733885488
0.47977113406635935 13.213045211566998 99766.60306243596 8.42545388696542 0.21770716410033716
0.4979318504497189 13.171891633364845 84604.2148394233 8.85073863415486 0.22084244270268594
0.5164751487881146 13.136302132421458 71907.01825184863 9.294125934720691 0.22401200111370648
0.5353949616514935 13.105776945524893 61242.53546828987 9.75649152080197 0.22721862017587388
0.5547080523141487 13.079750373208062 52277.63968663832 10.238636316677175 0.23046353320468693
0.574394934474225 13.057776203319477 44705.13042913945 10.741044287207904 0.2337436009564782
0.5944552221566605 13.039464336260721 37972.13286752177 11.264962459115582 0.23706503007721563
0.614898189072858 13.024456172518734 32883.20373058738 11.811324255345912 0.24042937459571284
0.6357075911850669 13.012409401689494 28275.615679635408 12.381109400378858 0.2438382687532943
0.6568823636492896 13.002984134970465 24355.683999252153 12.974986831934952 0.24728943372866455
0.6784191929611949 12.99596197339536 21014.772707917597 13.594323921938468 0.25078810565824405
0.7003126354444857 12.991046955304178 18160.689240310898 14.24030007923796 0.2543367043962117
0.722553070437878 12.987984507467669 15718.697032433969 14.914105930423078 0.2579372163575035
0.7451452447396798 12.98663779071518 13624.918571136035 15.616743577249498 0.2615892574774133
0.7680713281192577 12.986750574948672 11828.006466942414 16.349535104868465 0.2652952767850729
0.7913212933975238 12.988152091961796 10282.42212042064 17.114071218032514 0.26905969751930675
0.8149004458171727 12.990686690646028 8949.563333066397 17.91180819915588 0.27288495469465135
0.8387881352438127 12.994149807118136 7801.729808192539 18.744072855597206 0.27677177926372315
0.8629756169105498 12.998422269265983 6809.124791859012 19.612287886757528 0.2807213459171667
0.8874612415949417 13.003382361975216 5950.756264672249 20.518503457992328 0.28473967961058494
0.9122224162492684 13.008887058615757 5207.109488742892 21.464515334690805 0.28882979694497724
0.9372492004766548 13.014775550508896 4562.092251504748 22.45175851090087 0.2929912185281562
0.962535906002392 13.020991818403633 4001.2658546090074 23.48235859841913 0.29722854087242934
0.9880637010633588 13.02737340688508 3513.6437854887836 24.558692311218266 0.3015474791736321
1.0138113590715967 13.03382980146124 3089.5844652317714 25.68264362907443 0.3059492249254519
1.0397803865038018 13.040288355013221 2719.1230132726255 26.856293165373454 0.31043591443765595
1.06593691890428 13.046614351325704 2396.3492612196865 28.0826834720199 0.315015859924844
1.0922751026457747 13.052741417963324 2113.8158854144162 29.363799947775597 0.3196890204104845
1.1187786064796175 13.058580710596077 1866.7441861406403 30.702541250287666 0.32446105171335726
1.1454152944008886 13.06403450916338 1650.5508933803778 32.10216293143305 0.32933902961093675
1.172183386512971 13.069036550012909 1460.8267943843823 33.56476243955386 0.3343216604818703
1.1990431239093637 13.073499051066559 1294.2800145907663 35.09481157956495 0.3394220261429061
1.225994474294566 13.077362227033191 1147.9693667879465 36.69424458179576 0.344636336600172
1.2529937851106767 13.080519525201252 1019.2417548667976 38.36820232706774 0.3499795714824797
1.2800418287654203 13.082949983031199 905.8653503714872 40.11902729687422 0.3554488839445487
1.3070958051665071 13.08455318764656 806.0090030121452 41.952001945470506 0.36105772208593506
1.3341300491678436 13.085238837424765 717.8378402974334 43.87081474064696 0.3668091554071637
1.3611425562343147 13.085027886913657 639.9791436565538 45.879952599139585 0.3727098042009191
1.3880832533500638 13.083776343662239 571.1926263058494 47.98485541675166 0.3787702023258106
1.4149305032850181 13.081443612505678 510.29956287426484 50.19040552639586 0.384996623877057
1.441663972996555 13.077997632236697 456.38455768859603 52.50159393845825 0.39139483593113034
1.4682607381627049 13.073387642959014 408.5887121316428 54.9249588555675 0.3979771435175245
1.4946734607760839 13.067507690993345 366.1503707929842 57.46669732666617 0.40475261970301163
1.5208862025233 13.060350904769855 328.5131650384167 60.13344515284556 0.4117310486309787
1.546872207921783 13.051848873127915 294.99511706959163 62.93231639074883 0.41892298408623624
1.5725900823395929 13.041952105574982 265.18424411870143 65.87094663918242 0.42633981284377614
1.5980040124317207 13.030602723795006 238.64550393179803 68.95754049314222 0.4339938233614367
1.6231129812293876 13.017782464660351 214.99931996362176 72.20092359723452 0.4418982804450327
1.6478550218491226 13.003415354950523 193.87798180571718 75.61059978463153 0.45006750659048
1.6696602598411014 12.987814045022459 176.74585861011587 79.43347372988039 1.0037637510252961
