M[M_sun], R[km], Lambda[1], P_c[MeV/fm^3], rho_c[fm^-3]
0.24162668629717493 15.618656898711224 2160425.4255784233 3.5677272577965504 0.1711233750220791
0.25363582919019556 15.277486558011729 1723456.0415638925 3.7846706320710317 0.17388631616493036
0.2660221986667312 14.981655638486226 1383419.2085597448 4.011088321746685 0.17666287673527448
0.2787889714951718 14.724003108228747 1116965.240095238 4.2472410495269735 0.17945186383775433
0.29193354873444805 14.498984792981128 906399.0214371212 4.493751756734275 0.18225980291115584
0.3054590970621507 14.301843007073671 739196.0704112268 4.750765383531841 0.18508219140267454
0.3193642501408295 14.128781988703437 605519.3846304762 5.0189815242585905 0.18792602876944134
0.3336511321059268 13.976639828675935 498137.00880831893 5.298600453759975 0.19078747344056177
0.3483199263211366 13.84266281628986 411408.05595742824 5.590377954520723 0.19367337302038765
0.3633697456915819 13.724672748563583 341027.9543979492 5.8944468814000395 0.1965781554996116
0.3788108959866231 13.620656400367768 283656.17673410795 6.211685214173334 0.19950979531131904
0.3946294871620538 13.529093668091342 236725.4246053698 6.542376439712539 0.20246493615218009
0.41084045820521203 13.448476752147778 195652.470986934 6.887170485364163 0.20544640446015608
0.42743266814346603 13.377672099987805 166348.60496703 7.246794792157961 0.2084576908374673
0.44441282989991254 13.315490933706426 140035.99861135348 7.621545539683118 0.2114949403608225
0.461781093621702 13.261085341571434 118184.27942493603 8.012296911045468 0.2145631630473956
0.47952781721431276 13.213634033831744 99989.39469967819 8.419786664538899 0.21766455451032138
0.49766627505688965 13.172459463150973 84801.9889828205 8.844505917243886 0.22079731516921544
0.5161864459979428 13.13681348061237 72087.78125915126 9.287226890123213 0.22396343140963493
0.5350897536803075 13.106207806355691 61406.33349041853 9.74887939432441 0.22716650352867518
0.5543778562912293 13.080163921088888 52412.54954331143 10.230270730961253 0.23040787879495717
0.5740400119516038 13.058117709625984 44829.36456187651 10.73194320051034 0.233685169160716
0.5940830464331018 13.039793492773928 38417.02552584876 11.2549982666463 0.23700277362235256
0.6144954999494104 13.024723582154076 32977.33597800275 11.800438123232881 0.24036316874935523
0.6352779629216326 13.012603044914002 28363.226596212164 12.369238825523334 0.24376798219874285
0.6564261371181297 13.003157761203212 24435.03898338829 12.962186323920603 0.24721627127394988
0.6779418185161437 12.996083212842088 21083.82803654344 13.580411775689445 0.2507106465552165
0.6998094505434161 12.991134048978248 18221.572673097493 14.225201738731888 0.2542547951620915
0.7220161788620082 12.988069340502388 15772.693044813077 14.897742050883032 0.2578506943579642
0.7445855358183714 12.98666041252362 13672.255269913478 15.599189325269263 0.26149953178548585
0.7674838655542447 12.986747483630957 11870.581874065258 16.330552850882118 0.26520065500986467
0.7907071476003255 12.988100219953646 10319.375810125108 17.09356574454702 0.2689599863454827
0.8142590219055051 12.990584084187219 8983.967378152382 17.889677977976774 0.2727799483775431
0.8381174231362338 12.994050656715393 7831.997715102536 18.72041602312449 0.27666308835888487
0.8622754026895992 12.99829624066593 6835.978577156985 19.58679697485777 0.28060698427174935
0.8867259754463023 13.003220307218122 5974.553506348468 20.491055846416455 0.28461939992084
0.9114628912799194 13.008705292706066 5228.168830851393 21.43498000926201 0.28870333523453706
0.9364606951593877 13.014582710538638 4580.924547109968 22.420258472061388 0.2928603853002193
0.9617153179662363 13.020775928351894 4017.946104745968 23.448498721019256 0.2970910258495586
0.9872160847820523 13.027159723184738 3528.7934821572007 24.5223133098513 0.301402962671124
1.012935439894469 13.033626441216144 3102.8467674491267 25.643886277959815 0.30579965284325616
1.038874170078795 13.040067254301755 2731.1900457227325 26.814683874017195 0.3102787220274782
1.0650072592742943 13.046403009277913 2406.908096596912 28.03802758177255 0.3148506583689497
1.091312609332396 13.052521461727267 2123.458354228093 29.316255670847962 0.3195178902058799
1.1177868587673336 13.058368268914093 1875.5046987442277 30.651541242956927 0.32428114588278
1.1444011199215762 13.063842140532675 1658.2320944867547 32.04765347244966 0.32915107263033705
1.1711374575003661 13.068856073637406 1467.700170577945 33.50654727756182 0.33412546938372273
1.1979717175833862 13.073327492647087 1300.5423858725103 35.032396009260644 0.33921563477280914
1.2248979089110825 13.077219433008496 1153.528920788293 36.62780965171269 0.34442202779963016
1.2518786932661001 13.080416533621744 1024.2287449864978 38.29708921817929 0.3497545843590815
1.2788959978889518 13.08286533421124 910.3958291702972 40.043211326365785 0.35521433466027486
1.3059203348639261 13.084481589165831 810.0088435844472 41.87127502203884 0.36081367236632583
1.3329396046018014 13.085228276370048 721.5228974602182 43.78427231283347 0.36655190655525416
1.359930989760542 13.08505599590384 643.3451229824108 45.787775912934634 0.37244176691869146
1.3868477533540282 13.083840567204124 574.1643598945291 47.88665098861869 0.378490680822265
1.4136798098827648 13.081572691122707 512.984712083134 50.08509718032301 0.3847015382861413
1.4404073886049038 13.078203311598001 458.8139299297794 52.38934875942757 0.39108665272414644
1.4669758004595181 13.07362207262232 410.7860383960162 54.80528013837397 0.3976549899345875
1.4933793839568967 13.067827537738868 368.1281270099321 57.339048147273346 0.40441555554090053
1.5195819053650303 13.060745586699815 330.2789471903731 59.997244768974575 0.4113780607072634
1.545556789923428 13.052315255630099 296.5945849326424 62.78693628346071 0.41855298015495696
1.5712673778481432 13.042500758419026 266.63509712374565 65.71570615549341 0.4259516149038673
1.5966857422569944 13.031243000051152 239.9656369629128 68.79170204484684 0.4335861602921596
1.6217742440642315 13.018484938847504 216.18307098036112 72.02368736560474 0.4414697798948524
1.6465125106532477 13.004230971341414 194.96893955752518 75.42109787442223 0.4496166860369681
1.6708777116409212 12.988384887964852 176.02727880810076 78.9941038282061 0.45804222768029035
1.694808717540207 12.970915867751525 159.08433461032783 82.75278193899834 0.46675930607851046
1.718299125980267 12.951800712795047 143.93397377120993 86.70905218206263 0.4757863038010843
1.7413005714991243 12.930975566764847 130.37429803293338 90.87581559332624 0.4851431050458881
1.7637861049342545 12.908416594394255 118.22193447753011 95.26531471327125 0.4948444570215319
1.7857205037968555 12.884071172262272 107.3187263709785 99.89295630313615 0.50491493859815
1.807059259208055 12.857896097791082 97.53750295100582 104.77420514220492 0.5153763059418309
1.827810570550224 12.829925123187405 88.73772040423026 109.92474607075744 0.5262481654304126
1.8478888698712792 12.800024334128087 80.83779862759792 115.36363065703274 0.5375594983057531
1.86730763457089 12.76826949640026 73.7260468725048 121.11030468408066 0.5493370454956211
1.8860021954716408 12.734537938676512 67.31721573280954 127.18594264627163 0.5616100148891816
1.9039397531748046 12.698816357583343 61.54363615197048 133.61362331685 0.5744102941866173
1.921109002674107 12.661124842564258 56.33315871940861 140.4176708132457 0.5877697078882546
1.9374782629818763 12.621449557495122 51.63116951766667 147.62557131372733 0.6017263130111973
1.9529984545404482 12.579686138935848 47.382197081990185 155.26730641299537 0.6163214196382387
1.967661251034831 12.535944487485718 43.54162193618367 163.3738688628022 0.6315939963386681
1.9814193937566003 12.49008836961903 40.062068198888674 171.98092799564304 0.6475925974359366
1.994262572873868 12.442191813074826 36.90937723445388 181.1266748295076 0.6643672286322243
2.0061287187952286 12.39213658621919 34.05878917201639 190.85262384993933 0.6819713208396255
2.017025553446278 12.340018778573318 31.47185269379296 201.20445048220174 0.7004636383013333
2.0269170191870574 12.285801111622288 29.12229775612476 212.2324526177581 0.7199087884856538
2.035780199940134 12.229492294654081 26.98955523502374 223.99103156921862 0.7403744089618824
2.043589865414574 12.171085407305661 25.051060359737296 236.54095274640974 0.7619373278159789
2.050312217133073 12.110552790479915 23.28910761011085 249.94806512782048 0.7846779336724812
2.0559390297175884 12.047937798713644 21.68661190845223 264.28605670576155 0.8086875542258026
2.060456915971508 11.983280423658947 20.227881987368253 279.6354939454392 0.8340634767196357
2.063838886032939 11.916580147669787 18.900773625815223 296.0858042869327 0.8609133034472908
2.0660720420644507 11.84785017692184 17.69110970317564 313.73483366340497 0.8893510685796696
2.067139627306883 11.77713766789878 16.589693565500866 332.6933695811999 0.9195092850328873
