M[M_sun], R[km], Lambda[1], P_c[MeV/fm^3], rho_c[fm^-3]
0.24162668629717493 15.618656898711224 2160425.4255784233 3.5677272577965504 0.1711233750220791
0.25364137374976864 15.277380146528264 1723294.5092400878 3.7847886894773306 0.1738877876935471
0.2660364074281407 14.98134415518197 1383052.7656312622 4.011336493883297 0.17666587574908427
0.27880934311939337 14.723629585105027 1116600.1397270416 4.2476277241132685 0.17945634868024918
0.2919621602791346 14.498541288436625 906018.216676539 4.494287071788568 0.18226576376852552
0.30549507080170607 14.301372034926255 738796.895652783 4.751467505482927 0.18508977565976614
0.3194094316449242 14.128273427840002 605194.8053935302 5.019855616033499 0.18793509780897444
0.33370561445823005 13.976123828747044 497809.77491259784 5.29966951597676 0.19079823712318977
0.3483837114860037 13.84216726918373 411097.75546545093 5.591644647026497 0.19368562861883612
0.36344297735214526 13.724133648233881 335804.6933578564 5.895939648094629 0.1965921758803103
0.378894665735498 13.620130935062976 283377.8170073839 6.213422105980599 0.1995256336732474
0.3947232732504724 13.52859735950468 236482.9105188634 6.544355644005497 0.2024822911000553
0.4109451489560797 13.448026656989581 197930.4432252067 6.889430191857307 0.20546564906890072
0.42754897467188946 13.37719784400731 166132.52957336788 7.249356189116272 0.2084788806180736
0.44454263838669467 13.315035602503958 139854.99727474328 7.62440153912192 0.21151767595275697
0.4619198256623162 13.260678659849084 118024.15944236438 8.015497303599641 0.21458792067120838
0.47968067245436447 13.21326935035422 99851.75865169957 8.423356386450234 0.2176913938287149
0.49783411840970765 13.172088064720961 84678.98111653312 8.84843179938064 0.2208257402332859
0.5163709757163408 13.136466394556154 71970.20470614814 9.29157243271544 0.22399402430039722
0.5352832478017163 13.105928343509287 61304.75719343974 9.753674037285911 0.22719933019234204
0.5545856901780859 13.079904783004633 52321.31432724449 10.235545702032313 0.23044300804451753
0.5742637370674073 13.057907062019009 44751.72553892606 10.737675576459992 0.2337219727899806
0.5943184796297108 13.039575213062275 38348.20171459859 11.261274206828016 0.2370419858101792
0.614750347349845 13.024563804867105 32919.4953024011 11.807294671976518 0.24040486800561553
0.6355470131063593 13.012468019573241 28308.887488080134 12.376715336944113 0.24381225117764463
0.6567152035670644 13.003068564603945 24384.822216686043 12.970248466742428 0.24726235117628217
0.678242587737686 12.99600053774091 21039.90621893091 13.589173966779564 0.2507594320876748
0.7001265361136388 12.991082002690606 18183.50697872741 14.234710919457973 0.2543063829316262
0.7223552816033448 12.988014637847295 15739.359482696502 14.908048177013603 0.2579051867317402
0.7449390569698103 12.986647223229761 13546.28023761827 15.61024506008933 0.26155604136832733
0.7678542069575066 12.986756703809437 11761.419096289485 16.342507817227556 0.2652602475186876
0.7910941823640333 12.988114130003959 10226.80086967811 17.10647988953518 0.2690227834594637
0.8146632946004345 12.990651481957439 8962.4508055531 17.903615220966064 0.2728460795989667
0.8385405811025264 12.994114656186943 7762.451938434289 18.73531456750032 0.2767315394615779
0.8627169960888237 12.998380189723907 6819.33876578057 19.602850405397838 0.2806790058902138
0.8871868195343866 13.003324328322464 5959.69821973214 20.508341358572984 0.28469514771527094
0.911941180392943 13.008812684612284 5214.984963487998 21.45358008173052 0.2887829753585083
0.9369564276404755 13.014701948224618 4568.473826673289 22.44009565773092 0.2929427776759098
0.9622294352425688 13.020905132746712 4007.5665289413755 23.469821778801492 0.29717762512291007
0.9877487847910709 13.027298595377385 3519.3302179688512 24.545222512391963 0.30149397005730894
1.0134873385227479 13.0337533665227 3094.168069526729 25.668292992191496 0.305893843053944
1.0394459828883278 13.040210720010691 2723.5940662958687 26.840886243991392 0.31037770986299185
1.0655940353379265 13.046547340847429 2400.0320864247933 28.066148143127723 0.3149546885531597
1.0919178399184397 13.052669022822805 2117.397399524488 29.346194817209263 0.319625652750051
1.1184120063213112 13.058501332770373 1870.1025248745987 30.68365612216994 0.3243944332001962
1.1450376293602 13.063961898489413 1653.4221805575185 32.08205944477661 0.32926995601089903
1.1717969603128993 13.06897345480861 1463.3360412259458 33.5432047733447 0.334249008924057
1.198645956223761 13.073436523599277 1296.4905673241058 35.07169798134522 0.33934559573970413
1.2255878341462314 13.077302924206533 1150.0031459149227 36.66964212762246 0.34455697289138704
1.2525793707207145 13.080471659720075 1021.0602582122415 38.34193306679281 0.3498966398407401
1.2796174719526485 13.08291628744939 907.524306433819 40.09094973445114 0.35536202134651923
1.3066570848648267 13.084513303365396 807.4681267162546 41.92210514063469 0.3609673395155703
1.3336872196944298 13.085239049893794 719.1624898929861 43.83876348662265 0.3667138825045155
1.3606947832680478 13.08503703089098 641.2150535989048 45.84581405637535 0.3726105339559312
1.3876212334798559 13.083788108921253 572.3150417702589 47.948483763547365 0.37866667685976607
1.4144747042696038 13.081508977235837 511.28438262420906 50.15140191871781 0.3848873314700567
1.4412030731295273 13.078084755435897 457.29354413809807 52.46002029579553 0.3912806902846764
1.467787031653485 13.073480462521998 409.3928195617545 54.880631086659584 0.39785782113579976
1.4941938697581858 13.06762488117468 366.8748380216867 57.41941642823491 0.40462777208166856
1.5204041905067827 13.060494498662326 329.15033719130355 60.08299587444218 0.41160030020332805
1.5463846205745198 13.052023691349385 295.57143241414457 62.878465766374056 0.418785929965888
1.5721003744331292 13.042155412031732 265.7166275049454 65.81344237084156 0.4261960163418881
1.5975237123877926 13.030843802806224 239.15079690567623 68.89610916969504 0.4338428132541688
1.6226098847428378 13.018044119411398 215.44883592318286 72.13526872985018 0.4417395479638831
1.6473615849942596 13.003719781286422 194.2890528183688 75.54039963784457 0.449900502104899
1.671710501210987 12.9878068963127 175.404266811558 79.121598373584 0.45834059618618905
1.695650363882565 12.970277492198223 158.52173688752924 82.88870385090826 0.4670716542362106
1.7191155238973514 12.951053037265366 143.4297082878256 86.8546018245089 0.47611590212943855
1.742119000991108 12.930168929944463 129.91456566751972 91.03105358137356 0.485488452428244
1.7646038992878343 12.907549895811297 117.79432032678412 95.43173467474358 0.49520961957677384
1.7865298949646193 12.88312839677488 106.93007375538701 100.07070308824233 0.5052985084490831
1.8078705897668277 12.856896990542413 97.18325591479818 104.96425927875836 0.5157799854702052
1.8285850084640056 12.828787592759982 88.41655272716051 110.12879470962213 0.5266760877538543
1.8486694746614178 12.798848317132071 80.54559479050208 115.58205344842165 0.5380106844208518
1.8680602095478338 12.766968853585043 73.45681464998665 121.34430142617026 0.549813377112276
1.8867361718980316 12.733148725679929 67.07464870642842 127.43682545977586 0.5621135346940555
1.9046660157083177 12.697359550191528 61.31964968250232 133.8822876482038 0.5749413133706499
1.921813358140125 12.659576454365896 56.13086136834528 140.70581497100397 0.5883311222832529
1.9381417015886886 12.619747734560088 51.44385771336253 147.93529910056554 0.6023220898190988
1.9536367705139048 12.57790363342816 47.21142331154155 155.59949197754622 0.6169509445353064
1.968266344027327 12.53401388637997 43.38239875382912 163.73156502573306 0.6322637588064518
1.981993737389707 12.488049410118808 39.91934867388903 172.36532912921882 0.6483023520995338
1.9947919664464935 12.440007318905167 36.78178929563431 181.54021521861975 0.6651204981850543
2.006632525946345 12.38986875738934 33.939339938217465 191.2979852847765 0.6827719524323393
2.017496909936616 12.337647062424669 31.358796386890216 201.68459105563286 0.7013158404572114
2.0273456041029387 12.283303308921914 29.019340434481443 212.7502377335869 0.7208158569927468
2.036169507706254 12.22687159009957 26.89744567137674 224.54962399217348 0.7413399492631595
2.0439271289509304 12.16831809058162 24.965946155685156 237.14450299119292 0.7629674085191652
2.0506009277496635 12.107651319652756 23.209417312328174 250.60097896608914 0.7857785988198753
2.056182885125678 12.044923266876891 21.613176530046704 264.9925101133098 0.8098631337400408
2.060652229609114 11.98013661483585 20.160772881959637 280.4008510234607 0.8353210780103343
2.0639802503816553 11.913293763185145 18.838887392390625 296.9149377605345 0.8622571796812911
2.066151449933024 11.844421581799168 17.634483718494657 314.63512180634444 0.8907922528234663
2.0671622849812086 11.77357109778281 16.53813372522361 333.671062401766 0.9210534727454202
