M[M_sun], R[km], Lambda[1], P_c[MeV/fm^3], rho_c[fm^-3]
0.24162668629717493 15.618656898711224 2160425.4255784233 3.5677272577965504 0.1711233750220791
0.2536436139524972 15.277287205826294 1723260.1882739677 3.78481227310032 0.17388808165203054
0.2660390879066623 14.981267151914887 1383013.683262643 4.011386071065126 0.17666647486006823
0.27881372940163 14.723547027248726 1116430.5508158938 4.247704971817813 0.17945724463721208
0.2919671146574825 14.498491597163255 905944.0593467943 4.4943940167342 0.18226695462531575
0.30550346702226355 14.301222403640557 725460.8155900444 4.751607778572876 0.1850912908768528
0.31941886053589236 14.128158239803367 605123.3572680438 5.0200302502147505 0.18793690970600754
0.33371494987089373 13.97599962654341 497710.3839269255 5.299883108442064 0.1908003876449014
0.3483959681922661 13.84206914039305 411031.2998267477 5.5918977307131055 0.19368807727312498
0.3634566725488691 13.724049944789725 340674.333122636 5.896237908340341 0.19659497720365662
0.3789104503843458 13.620039459334023 283323.82685886195 6.21376915163181 0.1995287983117163
0.39474192463152563 13.528490116043697 236420.48176728512 6.544751114391462 0.2024857588410859
0.4109656314636183 13.44791306070492 197883.89653432483 6.889881720783902 0.20546949447871635
0.42757373298025875 13.377081077253251 166097.4073221653 7.249868013030476 0.20848311480614656
0.4445668814226356 13.314965855394592 139810.35872064123 7.624972243075006 0.21152221912318497
0.4619488112479462 13.260586111358007 117997.26909216192 8.016136841058563 0.21459286801049696
0.47971189012563187 13.21317950976994 99826.99693075458 8.424069743647964 0.21769675727758678
0.4978672688621027 13.172018947866333 84653.29950295412 8.849216345796169 0.22083142068454525
0.5164046445508951 13.136427423039496 71944.47649270302 9.292440863462414 0.22400013810699626
0.5353223511674848 13.10587028513474 61284.87913021747 9.754632239603565 0.22720589055261473
0.5546283023748686 13.079821068746233 52305.75287034572 10.236599920851033 0.2304500287305981
0.5743090852539413 13.057884270619695 44736.80495839982 10.738821231071007 0.2337293282474627
0.5943632500046296 13.039552238426941 38333.246349620116 11.262528524345178 0.23704982280872494
0.6148003926933451 13.024514715800498 32905.87928113279 11.808665061083829 0.24041320225783172
0.6356014047488372 13.012438157404173 28297.37886934538 12.378209668482302 0.24382109922556608
0.6567718670449835 13.00304093280083 24375.023220633062 12.971859878585455 0.2472715613455864
0.6783025397034959 12.995991902932225 21031.29519551081 13.590925338654635 0.2507691832570546
0.7001898475411599 12.991070584138654 18175.730718196988 14.236611640347583 0.2543166944352171
0.7224219645972515 12.988009946815044 15732.255690281087 14.910108239093901 0.257916079056505
0.745008513529909 12.986642376128671 13636.469486672344 15.612454999760782 0.26156733711401686
0.7679279609613032 12.986752343083749 11837.875790757518 16.344897557886547 0.265272159776505
0.7911715324743892 12.988131609251347 10290.873217062992 17.10906142271867 0.2690353365811545
0.814744091517491 12.990667350985786 8958.07626894948 17.90640133314874 0.2728592995020569
0.8386253368553899 12.994129322731485 7809.153543314166 18.738292901999813 0.2767452233675714
0.8628039110024343 12.998397454611796 6816.02014776723 19.606059682441717 0.28069340389232456
0.8872781425503983 13.00333721978826 5956.583880622612 20.511797021571972 0.28471029096634154
0.9120378427394241 13.008833649637133 5212.214625460075 21.457298631507076 0.28879889711180784
0.9370553155056713 13.014725599045557 4566.153239593751 22.444061605551198 0.292959249965287
0.96233237145703 13.020930780616666 4005.243196738274 23.474084886991427 0.29719493887196224
0.987856740032231 13.027329177868076 3517.3497009761654 24.549802843263116 0.3015121655374749
1.013597552140341 13.033782349937683 3092.471001508128 25.673172817760985 0.305912675240618
1.0395594015648038 13.04023699922592 2722.0752402365256 26.846125211534527 0.3103975017389913
1.0657096579154026 13.046557556773102 2398.9093890820945 28.071770771328712 0.31497548909978135
1.092039575324116 13.052692111419562 2116.2816734382995 29.352181180865703 0.31964719998356816
1.1185368246469438 13.058527151827652 1869.0457454595664 30.690077680149592 0.324417085662076
1.145165915072898 13.063982574247659 1652.5190631890102 32.088895241172786 0.3292934431340174
1.1719287884592084 13.068997189119038 1462.5554879803128 33.55053497687171 0.33427371246571863
1.1987820860425928 13.073451809277293 1295.739443415792 35.079557181770305 0.3393715839848758
1.2257256750646186 13.077324353779847 1149.347734316081 36.67800752144014 0.34458395835690775
1.2527217086615416 13.080491426924056 1020.4072746301202 38.35090088394136 0.3499250479195257
1.2797600108679892 13.082936821317233 906.9080552614508 40.10049660119209 0.35539155616281365
1.3068040458543835 13.08451712969876 806.9477201256514 41.93227051222135 0.36099807097392383
1.3338407347242394 13.085239378514636 718.78837768855 43.84966131068625 0.3667462764735721
1.36084723539427 13.085034268980335 640.794413253008 45.857421502201056 0.37264428683164
1.387777113766074 13.083778155172135 571.9693638054772 47.96085039993535 0.37870187629896335
1.4146321732540719 13.081491753645281 510.9470678391115 50.16466332078064 0.38492449138007345
1.4413550538839142 13.078041012104178 456.9988363325929 52.47415541528579 0.39131950002682503
1.467949104133184 13.073450361944358 409.11938799140603 54.895702499077 0.39789839066749305
1.4943591214820375 13.067584671739679 366.6388346132917 57.43549177712582 0.40467021985947904
1.5205680887050181 13.060444393863953 328.9316038479754 60.100148325090736 0.41164475388083605
1.546550776155753 13.051962565300302 295.369423783062 62.89677450475667 0.418832527160681
1.5722667063580809 13.042088190739445 265.5411395361754 65.83299315288532 0.42624490547913274
1.5976905621735618 13.030763930020095 238.99161077770657 68.91699492649182 0.4338941544950419
1.6227779209880748 13.017949576184826 215.2981738406596 72.15759023517569 0.4417935142281445
1.6475293506823052 13.003615218151413 194.15289387508122 75.56426624511599 0.44995728019799935
1.671878310582558 12.987686866517981 175.28306947243797 79.14700424110008 0.4583998677844421
1.6958156074621178 12.970146099623028 158.40730074114333 82.91589679068318 0.46713414353261473
1.7192809355152576 12.950906445953935 143.32573121869262 86.88372178312848 0.4761818445084196
1.7422826034466676 12.93000850813285 129.81472528973663 91.0621126811343 0.485557547492768
1.7647633638161826 12.90736724941257 117.71110324559258 95.46503203989457 0.49528268143085546
1.7866906263847546 12.882939799295087 106.85383014133501 100.1062677093 0.5053752553583981
1.8080319019582238 12.856690190285947 97.11473061821661 105.00227553079998 0.5158607130611007
1.828742242105027 12.82856463821541 88.3579688589141 110.16958847730173 0.5267615802191776
1.8488227864713531 12.7986086112755 80.48466293379609 115.62576081419793 0.5381009687562932
1.8682099824178573 12.766708163614558 73.40072756377937 121.39112667613485 0.5499086961616642
1.8868829251953327 12.732868076209353 67.03080740970915 127.48703141853004 0.5622142976526747
1.904806934366135 12.697062874870955 61.27364658499418 133.93597741613956 0.57504731364308
1.9219514273202192 12.659257091896595 56.09119106053878 140.7634812476912 0.5884434781196164
1.93826709607596 12.619379005743086 51.40691915662979 147.99728712010486 0.6024413268587789
1.9537672224801688 12.57754801911832 47.17460962474629 155.6659768197122 0.6170769399664374
1.9683865361738297 12.533629872750318 43.35282231510375 163.80308497747046 0.6323975642093708
1.982105605700887 12.487642699897425 39.89207799155677 172.44227024763885 0.6484444154621285
1.994898371930292 12.43957853047509 36.756138358391574 181.6229918569193 0.66527127697948
2.0067310855776066 12.389413458477698 33.91477038512489 191.38713482166148 0.6829322176239854
2.0175901389341746 12.337169076768436 31.33760152299087 201.78070627219583 0.7014864354856264
2.0274291765728063 12.282796989267114 28.99961717905704 212.85373095887488 0.7209969121985851
2.036245139454018 12.226343344988432 26.877314180919836 224.66145282388968 0.7415332480610478
2.0439946459672846 12.167763206573577 24.949829374347686 237.26521208237597 0.7631732286081584
2.050658801208981 12.107072832954545 23.194202009257015 250.7317021009425 0.7859989684767242
2.0562362704248516 12.044340789499424 21.598887805359038 265.1339589744172 0.8100985128629292
2.060688749932606 11.979508277694409 20.14773042117533 280.55389574358514 0.8355722217320054
2.064000680330833 11.912623535519478 18.82658274342935 297.0809010961774 0.8625260700225281
2.0661674536235837 11.843737254675077 17.623836193489023 314.81540660997643 0.8910808533347893
2.0671667808824146 11.772858466536983 16.52779474350169 333.8668573628335 0.9213627152464351
