M[M_sun], R[km], Lambda[1], P_c[MeV/fm^3], rho_c[fm^-3]
0.24162668629717493 15.618656898711224 2160425.4255784233 3.5677272577965504 0.1711233750220791
0.2536442269882085 15.277283528418856 1723218.387357813 3.784823907946187 0.17388822667477144
0.26604040333145473 14.981252684800328 1383032.8594076792 4.0114105298464136 0.1766667704300055
0.2788155409592079 14.723499992051233 1116416.957740444 4.247743082026733 0.1794576866582047
0.29197056385153236 14.498396694556874 905867.0124537086 4.4944467784256 0.18226754213899485
0.3055061332590865 14.301216984958637 725431.3028420393 4.751676983265777 0.18509203841961527
0.3194218813619524 14.12814328767075 605084.5722597075 5.020116407701503 0.18793780362318632
0.3337220686287386 13.975928445161962 497667.18867496634 5.299988487027851 0.19080144863240558
0.34840222866232595 13.842017288840545 411000.4823568413 5.5920225935152335 0.19368928535508415
0.36346577179469114 13.7239968141189 340624.609092147 5.8963850605890284 0.19659635928871702
0.3789191773194387 13.619982327088094 283299.319111119 6.213940374089284 0.1995303596543632
0.39475178538901123 13.528427803504414 236408.95474734996 6.544946229298046 0.2024874697352293
0.41097748883011515 13.447844792986103 197861.0913512142 6.890104494832377 0.20547139171599668
0.42758491194045867 13.377038646214626 166076.99648536753 7.2501205367134 0.20848520386985914
0.44458013764615606 13.31493485135102 139799.9968309775 7.625253818455305 0.21152446064426453
0.46196183499695614 13.260564088096292 117981.15512961426 8.016452379492451 0.21459530895538495
0.4797271844993888 13.213137934857224 99805.83125842901 8.424421705662617 0.21769940353990308
0.49788386682179653 13.171977713756124 84638.34031614971 8.84960343366344 0.2208342233660942
0.516421843002068 13.136407773288362 71935.28325773518 9.292869341477992 0.2240031546189384
0.5353415651793956 13.105837178131942 61274.409895153665 9.755105012964759 0.22720912740929897
0.5546478560213003 13.079810553330214 52297.51405283417 10.237120071287418 0.2304534927295931
0.5743304956577158 13.05783943763713 44728.91566094862 10.739386498535579 0.2337329574396832
0.5943882190782077 13.039519619978055 38327.16368166879 11.263147409647976 0.23705368961529635
0.6148254933659116 13.024498957242068 32900.567565657824 11.809341220307626 0.24041731443405917
0.6356303857168609 13.012428468570727 28291.500923020852 12.378946985803813 0.24382546493613788
0.6568004879550392 13.003012781130113 24369.755470869994 12.972654968126514 0.24727610575136127
0.6783325774530378 12.995989317601673 21027.198535419702 13.59178949086502 0.2507739946250418
0.7002194630070525 12.99105738218023 18171.491427028785 14.237549488675254 0.2543217823081664
0.7224550682400043 12.988007841307502 15729.264597361465 14.911124714694907 0.25792145354617085
0.7450434886630983 12.986644276768631 13633.428704089456 15.613545432910884 0.2615729106849673
0.7679638852644614 12.986751728848237 11835.793277435298 16.346076715313565 0.26527803758053575
0.7912097385795965 12.988139852296992 10288.547027658498 17.110335222375472 0.2690415306375408
0.814783824485485 12.990671851898975 8956.067548179064 17.907776085341343 0.2728658226029113
0.8386667168774257 12.994132337239543 7807.184411583182 18.739762509163867 0.27675197545209507
0.8628484463059592 12.998404038639263 6814.346970453099 19.607643252991107 0.280700508374674
0.8873281824951587 13.003353783970462 5955.119595644182 20.513502177192834 0.2847177632226607
0.9120852969608558 13.008842000867213 5210.908667381422 21.459133515800406 0.28880675355499325
0.9371072057179537 13.014731682739988 4565.067495965419 22.44601857507969 0.29296737810257883
0.9623890198624727 13.020960583979695 4004.37655851777 23.476188500217514 0.2972034822703178
0.9879098296135255 13.027331387903466 3516.4181361140627 24.552063001675407 0.30152114407389935
1.013651684304167 13.03379407465033 3091.7369750859552 25.675580772624716 0.3059219680021831
1.0396161639100028 13.04024358554351 2721.216989543287 26.848710400399927 0.31040726811701097
1.0657669934562877 13.046575748788957 2398.224401829476 28.07454529531978 0.3149857532704798
1.0921001597352105 13.052706087466413 2115.6951295226127 29.355135206629594 0.3196578326625371
1.1185974781739607 13.05854072265068 1868.5110420325905 30.693246475459656 0.32442826379286505
1.1452288593451263 13.063994184947134 1652.033670509198 32.092268463806626 0.32930503319473825
1.1719922018243445 13.069006365100927 1461.9765546231217 33.55415219392337 0.33428590286013343
1.1988488997182722 13.073464200894993 1295.4406652117193 35.0834354655394 0.33938440841789513
1.2257946442683227 13.077329532571946 1149.0134545165522 36.68213561753866 0.34459727495590603
1.2527897093774039 13.080492991833063 1020.1158472874018 38.35531136077458 0.349938979065435
1.2798328761046396 13.082933009879689 906.6828799060656 40.105207776557215 0.35540613096549134
1.3068768305187908 13.08452674835467 806.7019305916878 41.93728693301214 0.36101323637395877
1.3339145159261743 13.08523357647059 718.5606462005288 43.855039218487 0.36676226239680504
1.3609223581414382 13.085032530384579 640.5835604486333 45.8631496286328 0.37266094344519635
1.3878532028355108 13.083777864037623 571.7675523000348 47.966953211138424 0.3787192468696776
1.4147100044730512 13.081482521474355 510.7796933102308 50.171207734955175 0.38494282954979986
1.441433335983344 13.078029094013706 456.8596524087347 52.48113104349191 0.39133865248833694
1.468027582082408 13.073432739676377 408.9879567569572 54.90314022812054 0.3979184116964319
1.494437152857059 13.06756592619626 366.5088951835633 57.443424995659825 0.4046911679272279
1.5206491138275156 13.060422620074357 328.8205020959967 60.10861314761071 0.41166669199907785
1.5466329058380115 13.051935487781464 295.2791746932124 62.9058100179451 0.41885552326010067
1.5723483554846203 13.04205282738643 265.44768923235137 65.84264168679644 0.4262690328259332
1.5977731302052027 13.03072531456201 238.90931152561748 68.92730235336728 0.43391949214936504
1.6228607220454734 13.017901009779962 215.22065797764137 72.1686062990255 0.44182014754897886
1.6476123665213591 13.00356416786227 194.08591430402808 75.5760449255895 0.44998530139971094
1.6719607012870359 12.987630324242307 175.22494880970703 79.15954265302123 0.45842911975600537
1.6958976942280133 12.970079901919888 158.34891699238 82.92931726309205 0.4671649837391235
1.7193784094943343 12.950869600414553 143.26645888991956 86.89809339938046 0.47621438914826064
1.742359195432561 12.92992420562655 129.7702539726461 91.07744142336973 0.4855916483019347
1.7648438900540397 12.90728178435285 117.67109233550603 95.48146557167303 0.49531874026900674
1.7867704143378433 12.882846268155827 106.81554801741046 100.12382033964982 0.5054131331731937
1.808108892342002 12.856589127144886 97.0821963111416 105.02103827681653 0.5159005557915951
1.82881884804092 12.828454674517031 88.32498940744142 110.18966061648598 0.5268035457228671
1.8488979804005485 12.798489584605196 80.45859499798618 115.64733272767029 0.538145528885632
1.8682755826831432 12.766550479800365 73.38240605052638 121.41423761184463 0.5499557415575561
1.8869542498214278 12.732731478057907 67.00399729675152 127.51181112678842 0.5622640303294285
1.9048779304992114 12.696915748640489 61.25466720675671 133.96247679031003 0.5750996316356752
1.9220193312172469 12.65909878843628 56.07044951849515 140.79194353110123 0.5884989334713584
1.9383330510313854 12.61921275306639 51.38824975744186 148.02788275331673 0.6025001790814897
1.9538300066203405 12.577368372098325 47.15939734239524 155.6987922334453 0.6171391284603308
1.9684465795923585 12.533441837045107 43.33858783864102 163.8383190259037 0.6324633817046594
1.9821613790087407 12.487441190685574 39.87730681394889 172.48024733804237 0.6485145360072294
1.9948512745507039 12.439668583410208 36.763307680226596 181.71072315755347 0.8093904679274498
1.9993073650969622 12.396763434172168 34.98042469200688 193.3524419119349 1.6162509931668205
