M[M_sun], R[km], Lambda[1], P_c[MeV/fm^3], rho_c[fm^-3]
0.24162668629717493 15.618656898711224 2160425.4255784233 3.5677272577965504 0.1711233750220791
0.2536442969861182 15.277286773819444 1723232.7495569065 3.784825335514699 0.17388824446872425
0.2660405812101965 14.981252953980212 1382913.3862169096 4.011413530889298 0.17666680669583765
0.278816642954413 14.723468462731358 1116422.680706409 4.24774775808318 0.17945774089341282
0.29197101874595077 14.498400759113453 905904.8485072419 4.494453252208419 0.18226761422606902
0.305506161819534 14.301227676740139 738682.1088551066 4.751685474600819 0.18509213014223969
0.3194234527911422 14.128114283039592 605096.2749404643 5.020126979147924 0.18793791330602314
0.33372149357082903 13.97592199070499 497659.7563343501 5.30000141691535 0.19080157881491813
0.34840299612039916 13.842010813713747 410996.44761598145 5.592037914136615 0.19368943358631058
0.36346653845235366 13.723955815590898 340637.5352595127 5.896403116157769 0.1965965288704396
0.378919358459231 13.620024143012792 283295.6821682885 6.21396138311709 0.1995305512314003
0.39475242826175366 13.528448736894388 236402.6488439313 6.544970169982165 0.20248767966268677
0.41097775211031184 13.447874012419089 197861.46576988514 6.890131829364481 0.20547162450834255
0.42758667908566667 13.377035222492932 166078.79253204697 7.250151521613245 0.2084854601999948
0.44458188665191656 13.314908241083698 139791.9617511549 7.625288368093135 0.211524735681597
0.46196344905991404 13.260555677002369 117977.14389367435 8.016491096519779 0.2145956084628927
0.47972841631404345 13.213141530100282 99804.98769484033 8.424464892007645 0.2176997282408443
0.497886025723596 13.171999025730985 84640.77642464412 8.849650930099045 0.22083456726058165
0.5164248231212633 13.13639012553821 71935.69614236316 9.29292191667482 0.22400352475160176
0.5353444294307933 13.105828070612912 61273.84381041647 9.755163023418444 0.22720952457957164
0.5546510939201772 13.079815529022653 52302.689943931466 10.237183895156704 0.23045391777166477
0.5743336433467725 13.057833694407933 44326.44952599052 10.739455858509736 0.23373340275220233
0.5943924184339915 13.039531656887386 38323.87949104864 11.263223348843622 0.23705416408476498
0.6148285437229837 13.02451924296546 32899.55511770321 11.809424187365465 0.2404178190121983
0.6356334376727129 13.012427645950648 28290.041428608114 12.379037457355276 0.24382600062490736
0.6568042395417119 13.003010650471806 24369.490191534456 12.97275252871008 0.24727666336765033
0.6783365026500774 12.995973864332722 21026.702394678778 13.591895525923004 0.2507745849998362
0.700224739776845 12.991051329058116 18170.84620987378 14.237664566786872 0.2543224066125383
0.7224593392582919 12.987995873230007 15728.597182278754 14.91124944097309 0.2579221130210196
0.7450475789198328 12.986642065806413 13633.159102450312 15.613679234349908 0.26157359458916957
0.7679688071574496 12.986750583367463 11835.510049433442 16.346221403947254 0.26527875881708557
0.7912137625326455 12.988139684531728 10287.885330908792 17.1104915244138 0.2690422906814249
0.8147893723506339 12.990666842064932 8955.793611844749 17.907944775143008 0.2728666230239583
0.838671514662505 12.994132738407245 7806.788107167801 18.739942838505204 0.2767528039721136
0.8628527415030052 12.998410361028617 6814.034161963356 19.60783756670362 0.2807013801377548
0.8873337508988353 13.00336789479287 5955.039648574691 20.513711410565623 0.2847186801157424
0.9120906593539668 13.008844760874949 5210.811391453884 21.459358668171625 0.2888077175922456
0.9371099927203813 13.014745066602678 4564.827593983611 22.446258708519053 0.29296837548017474
0.962395077193874 13.020950824379936 4004.2891464883096 23.47644662837827 0.29720453060547597
0.9879162888226111 13.027332941803268 3516.314584631519 24.552340339623026 0.3015222458059067
1.0136585248488124 13.033793193635619 3091.6551924273726 25.67587624678525 0.3059231082938737
1.039624798916483 13.040245687258718 2721.227512439159 26.849027623188793 0.31040846652758514
1.0657748471151092 13.046577345779133 2397.997663933091 28.074885751742922 0.3149870127668308
1.092106856742298 13.052705716939304 2115.6425772562166 29.355497690004235 0.3196591373801199
1.1186054405596701 13.058541421477457 1868.434738267994 30.693635313694514 0.32442963544493464
1.145236611387551 13.063995741685998 1651.9754399691856 32.092682387764576 0.32930645539668785
1.1720002875593396 13.069007166306662 1461.9365034510752 33.55459605913753 0.33428739873166957
1.1988572556610644 13.073469251231462 1295.4074905829893 35.08391136708868 0.3393859820953014
1.225802590223006 13.077333250120857 1148.9575019218232 36.68264217433527 0.34459890902971857
1.252798423301918 13.080496670600548 1020.0734069541911 38.355850628662886 0.3499406771683175
1.279843057007706 13.082937974888248 906.6295431965486 40.10578588521553 0.3554079194405465
1.3068852846201542 13.084524211841531 806.6780096697692 41.937902499562455 0.3610150973248983
1.333922363225053 13.08523777612897 718.5296067351185 43.8556991448321 0.3667642240391914
1.3609313105956546 13.085032293486384 640.5634749467423 45.863852531942186 0.37266298739253784
1.387862761826633 13.083772506976482 571.7527510704502 47.96770209388145 0.3787213784317089
1.4147188557655954 13.08148216836734 510.7742868839442 50.17201080934093 0.3849450798527294
1.4414427675422135 13.078030420099507 456.8245143560735 52.481987034598355 0.39134100271920313
1.4680379661001326 13.073428852576438 408.97637611755516 54.90405292639429 0.3979208685160396
1.4944469702728624 13.067564439714753 366.4906735026258 57.444398498589365 0.40469373851131485
1.520659380144825 13.060416573725966 328.8036545076029 60.109651887217154 0.4116693840806017
1.5466426521784447 13.051930248359882 295.2611264636287 62.906918791017546 0.4188583451757214
1.5723605183868834 13.042047926481084 265.4364378202372 65.84382568817449 0.4262719935671322
1.5977832708591706 13.030720473323006 238.89437175851367 68.92856721261636 0.4339226014187111
1.6228703138320932 13.017897481195732 215.20996848093577 72.16995812088754 0.44182341582209833
1.6476219684452678 13.003557476204175 194.07819858785172 75.57749033464235 0.4499887399935939
1.6719711146644254 12.987623436430193 175.20966616384894 79.16108129511483 0.45843270939040653
1.6959081444815878 12.97007051720672 158.34919850872853 82.93096415101074 0.46716876828276416
1.7193896002944016 12.950859319886366 143.26411105908844 86.89985701138089 0.476218382861728
1.7423690219222938 12.929910721689318 129.7656697008277 91.07932249352274 0.4855958329906281
1.764853484759852 12.907272846584798 117.66691112699485 95.48348222215719 0.49532316525046516
1.7867802462850355 12.882832640954774 106.81656875940679 100.12597432645563 0.5054177813832726
1.8081184875979952 12.856576291818408 97.07616854044595 105.02334077011132 0.5159054451409328
1.828828291818167 12.82844061687289 88.32119490813432 110.19212380025755 0.5268086955849075
1.8489084108368785 12.798474569960556 80.4572017345415 115.64997996706252 0.5381509971687243
1.868283578150417 12.766535066185913 73.37957496875865 121.41707372355631 0.5499615148416821
1.8869629749970125 12.73271416660384 67.00108049524482 127.51484310660405 0.5622701015113308
1.904886661371353 12.69689809156995 61.250819371473824 133.96572874056696 0.575106051995204
1.9220277990757848 12.659080231116164 56.068949173911314 140.79543637680672 0.5885057388630548
1.9383409439043995 12.619192885119416 51.385636377684456 148.0316374126535 0.6025074013555299
1.9538387381546647 12.577346703624391 47.15754813451371 155.70281931381638 0.6171467601807505
1.9684516683853333 12.53341706279278 43.33236156175663 163.8426429327877 0.632471458798653
1.9821686363969109 12.48741637125875 39.875178959799214 172.4849078867483 0.6485231412008411
1.9949589834985029 12.439340251297976 36.742217096187275 181.66886374199728 0.6653548332541993
2.0067940373830737 12.389178756913385 33.89873223754668 191.4365388316793 0.6830210318053064
2.017641800872075 12.336904239979464 31.324916390369506 201.83397100196171 0.7015809751268285
2.0274770989298005 12.282518773113367 28.988265035164968 212.91108496423658 0.7210972495995842
2.0362867803266775 12.226053453817286 26.867361658582986 224.72342695306136 0.7416403718187159
2.044031142832231 12.167458260294845 24.939573606138172 237.3321082517224 0.7632872927220808
2.050691236417757 12.106750670598723 23.185734171685432 250.80402897529288 0.7861207069841731
2.056263221752704 12.044004830166442 21.591892069951314 265.21235082385857 0.81022896145487
2.0607093560695944 11.979155068198486 20.139933996545732 280.63867590107765 0.8357112809227019
2.0640152673765066 11.912258694632378 18.82011967282199 297.17288120766614 0.8626750942842388
2.066176650610803 11.84335737632461 17.61685439410347 314.9153252575865 0.8912408034371276
2.0671688953889613 11.772464090795909 16.52229219816229 333.97537354453743 0.921534107887225
