M[M_sun], R[km], Lambda[1], P_c[MeV/fm^3], rho_c[fm^-3]
0.24162668629717493 15.618656898711224 2160425.4255784233 3.5677272577965504 0.1711233750220791
0.25363898964895404 15.277445432278276 1723276.306642963 3.784748349893915 0.17388728488010027
0.2660317881790146 14.981435506704097 1383207.1445020898 4.011251693558112 0.17666485098720014
0.27880286320612363 14.723731970197585 1116647.3656370353 4.247495595694297 0.17945481618970238
0.29195253302192886 14.498707378231165 906145.6048609117 4.4941041497549135 0.1822637268892268
0.30548311470634293 14.30149521394993 738931.065195591 4.75122758067613 0.18508718401394936
0.3193935385534618 14.128448540017098 605320.6960706958 5.019556922826409 0.18793199875166589
0.3336864623610469 13.97626544193228 497898.58387304127 5.299304192838423 0.19079455892536742
0.348362347948405 13.842341800457463 411209.4476841292 5.59121178360427 0.19368144054614944
0.3634178845416511 13.724327870769876 340841.4029468806 5.89542952219183 0.19658738466987705
0.37886418905792923 13.620349908913639 283471.89369836694 6.212828546952081 0.19952022112959894
0.3946904507607906 13.52876098633584 236545.3587899116 6.54367926987734 0.20247636021268806
0.41090922350785997 13.448194444935108 198008.02511145172 6.888657948834284 0.20545907232325744
0.4275093442968275 13.37734824367493 166218.1447160433 7.248480833721871 0.2084716390272301
0.44449816424386024 13.315188615403468 138286.52463447646 7.62342549236724 0.2115099059929937
0.4618706643546953 13.260825711233233 118083.58395732858 8.014403545639327 0.21457945956912
0.47962725371689713 13.213420975333866 99909.21173292173 8.422136392135501 0.21768222117698888
0.4977782499344921 13.17219278431111 84719.30764492051 8.847090068348082 0.22081602552733265
0.5163072997870753 13.136601234305637 72013.558777149 9.290087257844577 0.22398356857671647
0.5352172809869781 13.106016961981757 61336.0483043088 9.752035353295447 0.22718811089433733
0.5545143389318009 13.079979981639067 52358.19613611227 10.233742832236212 0.2304310016349773
0.5741863844101743 13.057972026054083 44776.05886507391 10.735716354985112 0.233709393981221
0.5942378029728338 13.039663416427686 38370.616167347194 11.259129178871593 0.2370285836366904
0.6146634170822218 13.02462619924309 32940.71286761564 11.804951171658724 0.2403906156136394
0.6354549277418081 13.012518875161655 28326.25923956482 12.374159908445183 0.24379712029588207
0.6566178137886265 13.003087372371718 24402.200333630393 12.967492844603292 0.24724660117013092
0.6781405488960687 12.996024237989817 21054.793698428268 13.586179033458647 0.2507427571013346
0.7000172291646249 12.991104821880912 18196.2521503962 14.231460624284006 0.25428874992167677
0.7222398222966684 12.988033940333732 15751.178779180698 14.904525438349468 0.2578865606845165
0.7448182537637801 12.98665999546739 13652.622449746035 15.60646605960609 0.2615367256245671
0.7677271914910915 12.986755231430248 11851.867236907843 16.338421397576752 0.26523987774163776
0.7909618194761648 12.988122949690062 10234.948065394705 17.102065551854263 0.26900131803014155
0.8145250355423992 12.990635138611424 8970.144271529236 17.898851107760574 0.272823474222457
0.8383945997828673 12.994090100706519 7818.476189690912 18.730221805547636 0.27670814085547113
0.8625659215189807 12.998351169158003 6824.922323597187 19.597362801890238 0.2806543864741256
0.8870290629053688 13.003293033564688 5964.618201551395 20.502432515096377 0.28466925424697576
0.9117787427197079 13.008779871293129 5219.316335634802 21.44722179272984 0.28875575100628514
0.9367866715208379 13.01466640210842 4572.527116658276 22.433314402970563 0.2929146122042962
0.962053265869103 13.020852275520884 4010.994897314028 23.462532493733693 0.29714802117039213
0.987567567956139 13.027247349525991 3522.388840685571 24.537390904894163 0.30146285879855883
1.0133030572028014 13.033718456792984 3097.2911881332343 25.659949368616108 0.3058616434036754
1.0392493750572802 13.0401626892047 2726.117718847668 26.831928646791678 0.31034386967376176
1.0653935907128689 13.046494762914854 2402.397250332509 28.056534664568233 0.3149191241157073
1.0917104688134738 13.052622061319443 2119.3160455741354 29.335959517991558 0.31958881195737304
1.118198862914145 13.058455203054498 1871.9524722492024 30.672676860246007 0.3243557031423211
1.144818596711693 13.063915065384522 1654.974317430104 32.070319904082275 0.32922946196838154
1.1715719665489934 13.068937376417903 1464.7919366669155 33.530672203405246 0.334206772871199
1.1984213980369696 13.07340700497923 1297.8806836062188 35.05826112727597 0.33930116370603647
1.2253529868049624 13.077273472961787 1151.2468764385317 36.65533996689247 0.34451083633479895
1.2523385996337284 13.08044540753486 1022.1421324168174 38.326601129961624 0.34984807162595366
1.2793704596187012 13.082900118195091 908.4907521025244 40.07462797224063 0.35531152726698834
1.30640446995487 13.084506932966125 808.3463804183654 41.90472612046231 0.3609148001046792
1.3334331932911638 13.085227492393365 719.9954569896291 43.82013246662709 0.3666585014778347
1.3604329225796252 13.085046679158472 641.9811546090219 45.82597005699574 0.37255283030133884
1.3873572851372682 13.08380608524166 572.9733673791868 47.92734207107478 0.37860650077830227
1.4142068233002583 13.081534539500886 511.87240561373847 50.128730840556955 0.3848238046106455
1.4409297889709307 13.078124575030811 457.8192057027572 52.435855803925854 0.3912143436436549
1.4675115254143698 13.073534566395624 409.85819144284477 54.85486624394492 0.3977884668129178
1.4939157002602177 13.067691567158965 367.30285982592875 57.391935638468645 0.4045552076561017
1.520123106180459 13.060578692011438 329.5397269542228 60.05367410737379 0.4115243075417586
1.5461025015621175 13.052122242816946 295.92069146986654 62.84716770543715 0.4187062739124974
1.5718155248862444 13.042274389701724 266.0375028822891 65.7800214749802 0.4261124432776011
1.5972327752895845 13.03097151304918 239.4320653519058 68.86040663963465 0.43375504951098987
1.6223239013045558 13.018199238864995 215.70589011394821 72.09711236797699 0.44164729807848896
1.647075137457077 13.003893439065095 194.52772426379647 75.4996025895128 0.4498034468937391
1.6714299499404883 12.98800396329761 175.62289896089678 79.07807840638807 0.458238894585926
1.6953645072394623 12.97049806976708 158.7188210500279 82.84222194855674 0.46696483895998414
1.7188290314460097 12.951295966999709 143.6044269476932 86.80482666610862 0.4760031858855058
1.74184466146252 12.930458077142202 130.07600409152977 90.97796444235382 0.48537034863533474
1.7643246474103804 12.907849771993245 117.9424699620386 95.37482048606735 0.49508473713849743
1.7862528925716694 12.88345535069019 107.06656133047316 100.00991430413235 0.5051673288902205
1.8075972115814845 12.857245051687466 97.30010971499577 104.8992808837107 0.5156420037121214
1.8283267686700366 12.8291974163858 88.5328587244125 110.05900839728713 0.5265297348005341
1.848406062025983 12.799258451661807 80.64498215330995 115.50734981433745 0.5378563724910761
1.8678047022398003 12.767413977616092 73.54776145224459 121.26426990833187 0.5496504622702364
1.886485531038158 12.733627831796833 67.15785267732849 127.3510170477263 0.5619413178957493
1.9044215393228636 12.697869510272517 61.39501109307779 133.79052617424577 0.574760147729372
1.9215606309474371 12.660062415236192 56.203217939210376 140.60725876306995 0.5881390973111658
1.9379143357641353 12.620329200164806 51.50796603668598 147.82935840111887 0.6021183076128347
1.9534182130139908 12.578509560203873 47.26672123271763 155.48586766683255 0.6167356150925501
1.9680587346702967 12.53467027404601 43.43459410402342 163.6092122423749 0.632034661291257
1.9817968792679193 12.488744070378443 39.968348340873895 172.23383914095146 0.648059570213016
1.9946047448012179 12.440738473449539 36.826886037038136 181.3987548637951 0.6648628261872823
2.0064611530216654 12.390643262501923 33.98038854593246 191.14563665977633 0.6824980734820296
2.017344824274559 12.338481542593179 31.399443541460347 201.52034165160208 0.7010243139669244
2.0272000585737846 12.284158263307003 29.05502287086249 212.57337082252823 0.7205064199840416
2.036025718430514 12.227738673046167 26.927533637116976 224.35852885640764 0.7410096367716583
2.043812556655617 12.16926588384768 24.995492826031114 236.93823693682512 0.7626157059485457
2.0505028443887956 12.108645928746247 23.237473818660927 250.37760569079538 0.7854020419687798
2.0561019811337364 12.045956713903838 21.63814059279816 264.75081410715484 0.809460937543557
2.0605877007278197 11.98121517447953 20.183977139119182 280.1389958867236 0.8348908090974395
2.063934988274938 11.914422399063085 18.859800457534476 296.63136521826584 0.8617977413519716
2.066124585980209 11.845593311408242 17.653820044987043 314.32708593638955 0.8902991479816612
2.067154405786807 11.774794287664585 16.555924765608804 333.3365332467171 0.9205251106670208
