M[M_sun], R[km], Lambda[1], P_c[MeV/fm^3], rho_c[fm^-3]
0.24162668629717493 15.618656898711224 2160425.4255784233 3.5677272577965504 0.1711233750220791
0.2536439423975639 15.277299510617656 1723211.8973332194 3.7848193898321245 0.17388817035865925
0.26603992331902326 14.98125245832146 1382969.0855091484 4.01140103185113 0.17666665565233783
0.2788148613814206 14.723528177042935 1116453.919418685 4.247728282799956 0.17945751500947604
0.2919691340681039 14.498431186693498 888713.1586503586 4.494426289605452 0.1822673139912273
0.30550432338334815 14.301248118311886 738659.712957241 4.751650109140368 0.18509174812777082
0.3194211506444929 14.128141039862594 605100.8946138785 5.0200829502899404 0.18793745648962798
0.3337197958619004 13.97595667547795 497695.97633002774 5.299947565464046 0.1908010366201592
0.34839979552707073 13.84203678919188 411011.60580049857 5.591974105608511 0.19368881622124803
0.36346200355956765 13.724009469316512 340653.35665003455 5.896327916963858 0.19659582258369654
0.3789156687567592 13.62000677791939 283310.04674947134 6.213873883201116 0.19952975333752335
0.3947475104100953 13.528456452777696 236417.98296031987 6.544870460161869 0.20248680534226413
0.4109721549337724 13.44787673090977 197870.2102381899 6.890017984696186 0.2054706549593743
0.4275798198985991 13.377069025446305 166083.4966783073 7.2500224737478804 0.20848439262007679
0.4445749779435215 13.314957578790557 139803.66356394746 7.6251444736782386 0.21152359018953062
0.4619563525673941 13.260576988890012 117981.04280354122 8.01632984562784 0.21459436105687782
0.4797207573390045 13.213157125108518 99814.69223785413 8.424285027176719 0.21769837590876215
0.4978773000308169 13.171993489949841 84646.06044100675 8.849453114495999 0.2208331349910955
0.5164152595111307 13.136414730862537 71939.62901875371 9.292702948942795 0.22400198320511727
0.5353341634061157 13.105854389216324 61276.97988733585 9.754921418838213 0.2272078704267266
0.5546408896549077 13.079815956401822 52302.981496087385 10.236918078788483 0.23045214753834772
0.5743228835050788 13.057841793147169 44732.42041395673 10.739166985313606 0.23373154809680144
0.5943793081603117 13.039526516864175 38330.67337340265 11.262907074466732 0.23705218799673478
0.6148154451507724 13.02450775146613 32903.019058923244 11.809078643332333 0.24041571752794935
0.6356195534631025 13.01245254576589 28293.239107011912 12.37866065861772 0.24382376957162272
0.6567897944297155 13.003036230786405 24371.53932051799 12.972346205592661 0.2472743409913318
0.6783203451631193 12.995979985816573 21029.1384922079 13.591453908382324 0.2507721261916861
0.700208696030605 12.991059795207745 18173.334960338972 14.237185286841461 0.25431980649544317
0.7224421437872316 12.987997948639094 15730.132256678531 14.910729978490082 0.25791936642705904
0.7450292886459723 12.986644224110954 13634.706359234093 15.613121975782269 0.261570746253016
0.7679505647819193 12.986760902225951 11837.06133926843 16.345618802626696 0.2652757550006402
0.7911942074779816 12.988138810367992 10289.488322233528 17.109840555878254 0.26903912524187296
0.814767547247972 12.990672913018471 8956.77549135275 17.90724221440694 0.27286328942350113
0.8386505829039342 12.994131212400324 7807.791392763206 18.739191801750575 0.27674935334682293
0.8628309745862432 12.998393809962835 6814.9591312250695 19.607028288331737 0.28069774941608533
0.8873104265011378 13.003363180780141 5955.723050748076 20.512839995370648 0.28471486143924296
0.9120659327309862 13.008842141513451 5211.371982216122 21.458420954206243 0.28880370257259563
0.9370841750018958 13.014735938005025 4565.358638756532 22.44525860202894 0.29296422160718905
0.9623640674756807 13.020945354570948 4004.5458870296684 23.475371578351464 0.2972001645078886
0.9878890577435797 13.027328955535777 3516.739440288119 24.551185285684685 0.3015176573249395
1.0136312258800682 13.033799304782049 3092.1037626645675 25.674645660085908 0.3059183592228033
1.03959441211269 13.040237358166342 2721.557251212334 26.84770645908858 0.310403475407516
1.0657449739847755 13.046569549428689 2398.4820370017633 28.073467825663585 0.3149817672417018
1.0920759040746686 13.052700160335672 2115.921367469366 29.35398802744025 0.3196537035218271
1.1185734006099695 13.058536556982844 1868.6752253320226 30.692015890246214 0.32442392282378474
1.1452045258201096 13.06398811326445 1652.2121593123768 32.09095848901768 0.32930053225039074
1.1719665019567544 13.069002640251473 1462.1281426947542 33.55274746334391 0.3342811687732469
1.1988227166552705 13.073465495224198 1295.5077557248646 35.081929348950915 0.33937942809864613
1.2257687540475368 13.077331620650423 1149.1491237524394 36.68053248565952 0.34459210350062336
1.2527630110350039 13.080497044228908 1020.2390299047888 38.35360470753771 0.3499336049780031
1.2798047506446486 13.08293665774756 906.7637628014849 40.10337820359786 0.35540047087797594
1.306848302894356 13.084523492800749 806.7985185710392 41.93533881669226 0.3610073469231855
1.3338846702748828 13.08523379622508 718.6410155855637 43.852950716678514 0.3667560542893366
1.3608916448044324 13.08503463830999 640.6631353595546 45.86092511753159 0.37265447486909103
1.3878234651056047 13.083776103415959 571.8455805416226 47.964583188989465 0.3787125010215819
1.4146805661970998 13.081486034559973 510.8479904913877 50.1686662130866 0.3849357079254426
1.441403335146212 13.07803463361452 456.91952852352676 52.478422056584904 0.39133121462526
1.4679974498694996 13.073436887291525 409.0450039316711 54.90025178080326 0.39791063651572967
1.4944060891046391 13.06757667636732 366.56328223348845 57.44034412090562 0.4046830327204641
1.520618228028899 13.060428359113134 328.8611732296002 60.105325819741864 0.4116581722944631
1.5466011267043611 13.051944168536808 295.3116147292829 62.902301056955984 0.41884659267540864
1.5723168499068378 13.042065856756997 265.4797727352852 65.83889465302902 0.4262596629067297
1.5977410368264795 13.030740441084081 238.94045984272856 68.92329943145438 0.43390965219096056
1.6228290588450769 13.017921699695616 215.25417555655156 72.16432816988497 0.44180980440032575
1.6475795526601396 13.003585601050181 194.11087478708316 75.57147062510083 0.4499744192472516
1.6719291023320937 12.987652302243363 175.24700335904902 79.15467330182523 0.45841775961537407
1.6958665728121383 12.970106098233652 158.3735154779774 82.92410535194931 0.46715300678249705
1.71934659536804 12.95089645719431 143.2878414155135 86.89251209816418 0.4762017502470582
1.7423325344680087 12.929957506339221 129.78692905802131 91.0714884089274 0.48557840503602634
1.7648123953871908 12.907314071040622 117.68823887275352 95.4750834951467 0.49530473656805957
1.7867392197693526 12.88288120696974 106.82826724918235 100.11700364394252 0.5053984230395914
1.8080782485331792 12.856629980647615 97.0903027216219 105.01375161316565 0.515885082546059
1.8287889261099475 12.828498512303677 88.33778688776812 110.18186542790137 0.5267872480571174
1.8488687703100528 12.798536551693987 80.46852915689672 115.6389550741573 0.5381282235443802
1.8682557383989251 12.766630992967809 73.38639709596667 121.40526225056182 0.5499374710110874
1.8869259480705178 12.732784759111516 67.01466059199954 127.50218766545328 0.5622447161193159
1.9048500017136378 12.696973052212478 61.25979411122314 133.9521854633964 0.5750793133609191
1.921993082440997 12.659160664720101 56.07946346190635 140.78088986731564 0.5884773967308082
1.9383075301837558 12.619289304940361 51.3961138714038 148.01600055662206 0.6024773230849714
1.953805501220283 12.577437006167926 47.16603338579693 155.68604793613417 0.6171149767412042
1.9684230146157426 12.533514317652692 43.34239184135724 163.82463539644795 0.6324378205711172
1.9821397926818176 12.48751843021115 39.88237532098611 172.4654983811696 0.6484873036709814
1.9949292041762603 12.439449330945688 36.74746587488848 181.64798190426924 0.6653167966972345
2.006768415413434 12.38929280897553 33.90520536509971 191.4140490537764 0.682980601661846
2.017617246755932 12.337025416754043 31.330233496068047 201.80972369214973 0.701537938543712
2.027455503817576 12.282644489737036 28.99372299246615 212.88497607403247 0.7210515736582174
2.0362678242261048 12.226185550117911 26.872073923894554 224.69521481325665 0.7415916064634277
2.0440158094035215 12.167596244202498 24.94409661830847 237.30165541583585 0.7632353678394491
2.0506763645803 12.106897695335732 23.189699098403924 250.77111542228963 0.7860653260109278
2.0562522812626054 12.044157537554755 21.59584681062164 265.1766646997698 0.8101695776710662
2.0607011647812494 11.979314626700626 20.14351248423185 280.6000815592985 0.8356479772194297
2.0640087365029256 11.912424867025827 18.82279230031317 297.1310091400203 0.8626072540319688
2.066171658033212 11.843530738914794 17.619747636869057 314.86983921854886 0.8911679892350436
2.0671692791048755 11.772645783213658 16.52484336289587 333.92597352077365 0.9214560844957362
