M[M_sun], R[km], Lambda[1], P_c[MeV/fm^3], rho_c[fm^-3]
0.24162668629717493 15.618656898711224 2160425.4255784233 3.5677272577965504 0.1711233750220791
0.25364134195191557 15.277380260628014 1723235.3633721147 3.7847880721156413 0.17388777999843147
0.2660362324824784 14.981398162863165 1383095.817621324 4.011335196079583 0.1766658600658923
0.278808358054849 14.723651493586406 1116503.7709706812 4.247625701974958 0.17945632522649207
0.29196243150166273 14.498517618798274 906021.0597888266 4.494284272267853 0.18226573259521264
0.3054945405742687 14.301354711237202 738753.3537585653 4.7514638335401465 0.1850897359957761
0.31940844191139156 14.128302486279106 605203.5131060124 5.019851044635688 0.18793505037895777
0.33370468883708465 13.976090712606545 497804.7847265263 5.299663924791804 0.19079818082923472
0.34838340711834664 13.84216964208763 411087.5558747495 5.591638022110561 0.19368556452095198
0.3634431101228 13.724124930033094 335803.96977713855 5.895931840634035 0.19659210255098816
0.37889423240697734 13.620131099017284 283380.89265939227 6.213413021517641 0.19952555083388365
0.39472308249343835 13.528590558507458 236478.68734386936 6.544345291988063 0.2024822003268473
0.41094459808995837 13.448029167581323 197931.52249552615 6.889418372472781 0.2054655484100623
0.42754949677722875 13.377192326986618 166141.9992223799 7.249342791481792 0.20847876978287705
0.4445421004986638 13.315038133623679 139855.3218894749 7.624386600281763 0.21151755702998368
0.4619191320442317 13.260708695438764 118027.5040001487 8.01548056302807 0.2145877911693531
0.47967994427571053 13.213271243428137 99853.13361761994 8.423337713641597 0.21769125343529808
0.49783329083688177 13.172091417532082 84679.9894794939 8.848411263196457 0.220825591542538
0.5163676982659559 13.136495529422374 71967.9567236046 9.291549700873594 0.22399386426681345
0.535282551333341 13.105922147243458 61305.55087973626 9.753648955700642 0.22719915847053282
0.5545846836584248 13.07990098408112 52324.57955350443 10.235518107256762 0.2304428242740771
0.5742628464800655 13.057906451801303 44751.752105650296 10.737645588399376 0.2337217802573423
0.594316928883927 13.039578234081317 38347.477857120255 11.261241374588222 0.23704178067375084
0.6147485775846526 13.024548563560316 32919.38577253806 11.807258801654626 0.24040464985421012
0.6355463280761732 13.012462333065315 28310.006183837788 12.376676222542304 0.24381201957836912
0.6567133820037211 13.003069290978702 24384.61134529929 12.970206287876694 0.2472621100991819
0.6782409613199368 12.996008635592595 21040.12331118147 13.589128124619034 0.25075917685080684
0.7001247433224481 12.9910739404537 18183.47021414186 14.234661168274648 0.25430611302902856
0.7223532800421684 12.988002059034192 15739.014709179843 14.907994255294128 0.25790490162728336
0.7449371246588228 12.986655307048634 13642.710492666853 15.610187215534374 0.2615557457053322
0.7678519819453697 12.986745542425464 11843.317852011385 16.342445266668445 0.26525993571983864
0.791091658770472 12.988125605634638 10295.711708525647 17.106412319135515 0.2690224548874914
0.8146622854825394 12.990654239449455 8962.52983797807 17.903542296086304 0.2728457335756266
0.8385383971923414 12.994106974365009 7812.382392422198 18.73523661155483 0.2767311812943439
0.8627139303762528 12.998373932209953 6819.434966929894 19.602766405004676 0.28067862903342594
0.8871845181617661 13.003320502825716 5959.931648286152 20.508250909562246 0.28469475135368155
0.9119399969513189 13.00880777101219 5215.067619418593 21.45348275226086 0.28878255862190455
0.9369538358353682 13.014701331740682 4568.549147528572 22.439991853180825 0.29294234653090606
0.9622268897830231 13.020903317415813 4007.6578477032203 23.46971019682465 0.2971771719553479
0.9877473950234033 13.027299910612818 3519.157790631063 24.54510262794686 0.30149349381332036
1.0134829890698447 13.03376305607043 3094.3300429327237 25.668165269253812 0.3058933501465294
1.0394428209429551 13.040201741368582 2723.650449174153 26.84074912153852 0.31037719183905643
1.0655920644710737 13.046543555406597 2400.084932296352 28.066000979501524 0.31495414413091477
1.0919147238941407 13.052662018957305 2117.3783958514887 29.346038133880164 0.31962508878627033
1.1184086236532063 13.058500880801281 1870.144215123385 30.683488049027712 0.32439384031129614
1.1450348209315913 13.06396348758035 1653.4476688383309 32.0818805302592 0.32926934127823954
1.171792459648639 13.068976637115346 1463.3848119860145 33.54301291942557 0.3342483623565686
1.1986426282923397 13.073432315927514 1296.5280530156904 35.07149228282706 0.3393449155504696
1.2255855766730885 13.077306645527237 1150.03551188502 36.66942318128455 0.3445562666043931
1.2525750456849245 13.080471405221253 1021.0610742326152 38.34169835432988 0.34989589632311163
1.2796133687724873 13.08292318740887 907.5132225691505 40.09069986755752 0.3553612483418255
1.3066536937757822 13.08451696983402 807.4903372155028 41.92183908678857 0.3609665351944865
1.333685982559824 13.085231847893807 719.2187254530727 43.838478263907206 0.36671303467509886
1.36069125016878 13.085036876798672 641.2346522539482 45.84551026226134 0.372609650563915
1.3876172897267711 13.083790072607666 572.3387547890911 47.94816010086976 0.378665755611305
1.4144699763024307 13.081508063578372 511.28848156790053 50.15105483965343 0.38488635891626943
1.4411985525481676 13.078085157113078 457.2935014446414 52.459650351157265 0.39127967455530593
1.467782906908478 13.073480131897165 409.41293770727106 54.88023663893996 0.3978567593534784
1.4941896616195984 13.067624088222193 366.8839952372847 57.41899570731393 0.4046266611466403
1.5203995646516195 13.060494868039983 329.15239781548206 60.08254696571763 0.4115991367751929
1.546381137769821 13.052024829978608 295.5865094952919 62.87798659770569 0.4187847104435314
1.5720964894334173 13.042156060392351 265.7298129902178 65.8129306981818 0.42619473684141435
1.5975191740097694 13.030846033907007 239.16042603562022 68.89556256125373 0.4338414695846086
1.6226060632290469 13.018046521105886 215.45395153154726 72.1346845486307 0.4417381356004422
1.6473575177351134 13.003722185352887 194.29338243329568 75.53977502236248 0.4498990161594695
1.6717070638933222 12.987809165565352 175.41451855966204 79.12093347664403 0.458339044989235
1.695645265402925 12.97028188364684 158.52693099094822 82.88799218803533 0.46707001883700133
1.7191104336245184 12.951056127575596 143.42840113524716 86.85383973375568 0.47611417636883824
1.7421145101562294 12.930174669732361 129.9189988057987 91.0302407454691 0.4854866441675508
1.7645995340058305 12.907553988534653 117.79646668417742 95.43086326670947 0.49520770751297105
1.7865258996291606 12.883132874759209 106.93008402692678 100.06977234942278 0.5052964999550894
1.8078663308573228 12.856901286720044 97.18393924264576 104.9632643847305 0.5157778728106517
1.8285915706728055 12.828817689647337 88.42558010373607 110.12772619070587 0.5266738469003999
1.848665031006112 12.798854513245734 80.54848786736663 115.58090962919549 0.5380083216850322
1.868056557356836 12.76697560234936 73.45830178158683 121.3430760186649 0.5498108826316569
1.8867323684382566 12.733156783292351 67.07797717983672 127.43551158706634 0.5621108977620111
1.9046622027095126 12.697367155154284 61.321967707907255 133.88088261244351 0.5749385393937994
1.9218104085616161 12.659584544801957 56.13261317262857 140.70430588081845 0.5883281820016936
1.938138200995424 12.619756801010588 51.44463195475938 147.93367692298904 0.602318969479822
1.9536336688938354 12.577912522149296 47.21273955189277 155.59775213146222 0.6169476473528162
1.9682624453215252 12.534024257335009 43.383267194387976 163.72969150691355 0.6322602507660587
1.9819901064563437 12.48805892622151 39.92178709244868 172.3633156775058 0.6482986344810919
1.9947891134959168 12.440018677843305 36.78177060286406 181.53804907239928 0.6651165525196784
2.006630129180563 12.38988169008087 33.941284151899566 191.29565238419542 0.6827677585489859
2.0174941692025783 12.33765999196318 31.359216652694894 201.68207589146667 0.7013113762889169
2.027343830805633 12.283315442028856 29.021100011137236 212.74752951757264 0.7208111191308572
2.0361673858750673 12.226885221513134 26.896562610565322 224.5466976710068 0.7413348910473571
2.043924768154184 12.168333831065743 24.966525428668064 237.14134431485527 0.7629620226858487
2.050599136685889 12.107666407834136 23.209639867437183 250.59755827242134 0.7857728323035612
2.056181759397279 12.044938819668735 21.614441908791793 264.98880878273394 0.8098569745109198
2.0606507980385644 11.980152994321868 20.160463037863387 280.39684092394765 0.8353144887901282
2.0639791712602067 11.913311289075207 18.83892534296112 296.9105950212384 0.8622501436654946
2.0661514365645797 11.84443904746529 17.635054000063757 314.63040435973437 0.8907847011192939
2.0671626087742 11.773589824323697 16.538659846566482 333.66593914990517 0.9210453809783484
