M[M_sun], R[km], Lambda[1], P_c[MeV/fm^3], rho_c[fm^-3]
0.24162668629717493 15.618656898711224 2160425.4255784233 3.5677272577965504 0.1711233750220791
0.25364410123937864 15.277284450682105 1723328.8481200954 3.784821187604235 0.17388819276702133
0.2660402006040919 14.981276845792417 1382936.7365634511 4.011404811132053 0.1766667013227174
0.2788146441038657 14.723522695873681 1116407.1161191661 4.247734171453958 0.17945758330898845
0.29196971759631324 14.49841109689791 905900.1596552487 4.494434442160748 0.18226740477182263
0.3055047565408505 14.30124972084375 738700.8039443461 4.751660802420183 0.18509186363560126
0.31942186572930126 14.12810901504669 605100.8263263897 5.020096263069194 0.18793759461485102
0.3337188945222027 13.975994829730222 497677.2189701884 5.29996384823853 0.19080120056068026
0.348400762567288 13.842028597493336 411006.6748711486 5.591993399037891 0.19368900289048474
0.3634642313674229 13.723982292468188 335714.49320810393 5.896350654509345 0.19659603613953555
0.3789166557486336 13.62000295332888 283303.4443629691 6.213900340026252 0.1995299945919125
0.39474869315395783 13.528466114946532 236416.02964748937 6.544900608803266 0.20248706970512034
0.41097426251819896 13.44787217514342 197873.40334522972 6.8900524071804385 0.20547094811569502
0.42758199154584203 13.377057789075224 166081.16515575137 7.2500614930989205 0.20848471541716812
0.4445770896477992 13.314923286782696 139798.0115786049 7.625187982055796 0.21152393654419177
0.4619585109588698 13.260567848617077 117984.14178669466 8.016378601932765 0.21459473822631417
0.4797232949842788 13.213156292707458 99811.51697412576 8.424339411611813 0.217698784803686
0.4978807229041687 13.171981157173706 84641.54973813436 8.849512926541767 0.22083356805586257
0.5164179991832414 13.136420249362498 71937.75832704485 9.292769156558142 0.22400244931085686
0.5353377637381518 13.105835795967748 61276.540747659215 9.754994470937849 0.22720837058006946
0.5546445990658775 13.079827286170529 52300.079307153996 10.236998451565537 0.23045268278968936
0.574326782589585 13.05783542337399 44730.29277991507 10.739254329550754 0.2337321088738598
0.5943826628007538 13.039543592678086 38328.27377844146 11.263002703713623 0.2370527854899999
0.6148197242795737 13.024502284883132 32901.32846289973 11.809183122533272 0.24041635293581076
0.6356257813547445 13.012439998600142 28292.366480687022 12.378774587962948 0.24382444415572968
0.6567938340875299 13.00301714530871 24371.56912796222 12.97246906189977 0.24727504318760365
0.6783265902360275 12.99597037307239 21028.245745319706 13.591587436263913 0.2507728696391565
0.7002134139277519 12.99106663339783 18172.547206048774 14.237330202268229 0.254320592668706
0.7224477207572246 12.987993941502966 15729.817028832791 14.910887043435846 0.2579201968886334
0.7450360631033693 12.986637318111086 13537.516231241872 15.613290468681395 0.26157160747695063
0.7679558487246243 12.986751540499663 11836.610672991656 16.34580100525865 0.2652766632350625
0.7912000131029375 12.98813839529605 10288.938332009735 17.110037382701115 0.2690400823440614
0.814775156569245 12.990659422739666 8956.549258562965 17.907454640507083 0.27286429737015716
0.8386555277438905 12.994138565842457 7807.411685872466 18.739418884927197 0.27675039667652357
0.8628381485370912 12.998406207507484 6814.864558829373 19.607272981260287 0.28069884719893595
0.8873175007610201 13.003354615121323 5955.500334759709 20.513103475778436 0.2847160160512432
0.9120734169248456 13.008842384236265 5211.2565111583535 21.458704480469613 0.28880491654994983
0.9370933113627298 13.01474501106717 4565.28058492953 22.445560993071464 0.29296547756742436
0.9623769462746855 13.020946528413777 4004.6739585182668 23.47569662901732 0.2972014846352246
0.9878971110661714 13.027329073323337 3516.569581408308 24.55153452598872 0.3015190446908753
1.013638833632385 13.033794677523062 3091.879330313658 25.675017738154125 0.30591979514372675
1.0396030775035838 13.040246041535507 2721.509687920541 26.84810592370959 0.31040498451292275
1.0657538950299223 13.046570760743569 2398.3759088388983 28.073896546753012 0.3149833532674338
1.0920849142649816 13.052701717409393 2115.8058416165086 29.354444485520773 0.3196553464906503
1.1185834900694382 13.058534019056452 1868.6167569563008 30.69250553502914 0.3244256500774847
1.1452136331450966 13.063995717785655 1652.1132525534717 32.09147972238998 0.32930232315691854
1.1719776250954874 13.06900281724516 1462.0856521679898 33.55330639937702 0.33428305244530715
1.1988322571600596 13.073468934821518 1295.382276241646 35.08252862573899 0.33938140974451997
1.2257785148556568 13.077327824486257 1149.0957191356913 36.681170364132214 0.3445941611978348
1.252773825609223 13.08049189544369 1020.1934701653579 38.35428377639306 0.3499357433007286
1.2798161165329425 13.08293847525122 906.7339283656967 40.104106181240724 0.3554027229976013
1.3068594821613484 13.08452108613628 806.7502224722261 41.93611396181096 0.36100969030431324
1.3338969061587123 13.085234671795611 718.6117829469407 43.853781720013544 0.3667585244610116
1.3609042187974296 13.085035458135806 640.6359331401072 45.86181023783993 0.3726570486787132
1.3878355128056772 13.083776170424233 571.8260037546711 47.965526206910866 0.37871518515499897
1.4146919666606304 13.081486685175642 510.8205448047729 50.16967746920306 0.3849385415765237
1.4414152445390833 13.078034102368086 456.8892149978344 52.47949994554257 0.3913341741044877
1.4680084020096822 13.073436231746948 409.0178292649447 54.90140107541344 0.3979137302101241
1.4944183484646478 13.067571070968473 366.5369321235139 57.4415699805859 0.4046862696654093
1.5206303280793647 13.060428037530885 328.83859372086454 60.10663382512966 0.4116615622269503
1.546613755224822 13.051940584234071 295.2934041276966 62.90369724797682 0.4188501460925588
1.5723298033705921 13.042060234290702 265.46980689499236 65.84038557080272 0.42626339113015804
1.597753981207522 13.030733577618651 238.92065802127487 68.92489216447171 0.43391356743761816
1.6228401343437018 13.017915284930694 215.2389964390307 72.16603040493845 0.441813919860524
1.6475927405407491 13.00357570854999 194.09930028669203 75.57329070351399 0.4499787491706637
1.6719419322473124 12.987641531005927 175.2397355547238 79.15661077772971 0.45842227972449306
1.6958785014779112 12.970096685319659 158.36495886593588 82.92617912855953 0.4671577723151075
1.7193592450452828 12.950886876291753 143.27960379230814 86.89473285077848 0.47620677915909854
1.742345131968433 12.929945026742693 129.77937135522487 91.07385706191546 0.48558367441705497
1.7648252047223747 12.907301304257652 117.68094858844279 95.47762286670121 0.49531030851626423
1.7867510770350954 12.882864134244391 106.82211266586022 100.11971594517004 0.5054042760679704
1.8080904611026014 12.85661373153275 97.08480169037337 105.01665090877499 0.5158912392063627
1.828800777348604 12.828480010205807 88.33227541 110.18496705909033 0.5267937327428754
1.8488811069742805 12.798516552691225 80.46646241802223 115.64228846036015 0.5381351091700121
1.8682572110966817 12.766580912079437 73.38905084769301 121.4088334566743 0.5499447406780313
1.8869381551504523 12.732762423792435 67.01010596205442 127.50601674168425 0.5622524010447587
1.9048602493657343 12.696951057523343 61.25683569241414 133.95628027416132 0.5750873977887965
1.922003495484674 12.659135336775565 56.07606457949461 140.7852880009823 0.5884859659677165
1.9383173605455113 12.619252284988624 51.39314372241506 148.0207283513579 0.6024864172333682
1.9538152985080848 12.57740918213376 47.16351211286648 155.6911187479677 0.6171245864372241
1.9684324432127334 12.533482841564055 43.34149615574659 163.83007995433894 0.632447991050505
1.9821486539562296 12.487487367250434 39.880006462395166 172.47136681607992 0.6484981390944019
1.9949388024579993 12.43941612831304 36.745859658136546 181.65429548977028 0.6653282969807676
2.0067761261178307 12.389258547960063 33.904666472564834 191.42084878941802 0.6829928256281595
2.017624631132064 12.336988781462331 31.32929524038138 201.8170548052159 0.7015509505462498
2.0274567439085107 12.282663693112143 28.994965110593263 212.91842929190585 0.8166404455407775
2.0319097586032933 12.232492162146709 27.408150530986426 226.1653514103649 1.446028652533616
