M[M_sun], R[km], Lambda[1], P_c[MeV/fm^3], rho_c[fm^-3]
0.24162668629717493 15.618656898711224 2160425.4255784233 3.5677272577965504 0.1711233750220791
0.25364515545996674 15.277256467616755 1723106.0675482615 3.784847456890403 0.1738885202010007
0.26604270232353694 14.98123114126194 1382856.1015651452 4.011460034780241 0.176667368667915
0.2788197259915845 14.723429533384303 1116400.7050487767 4.247820218142693 0.1794585813209082
0.29197634967823577 14.49832008680082 905816.7574284739 4.494553570209938 0.18226873129029852
0.3055128067224251 14.301144190021468 738553.1868785255 4.751817057227928 0.1850935514857417
0.3194306133345226 14.128046149448476 604973.6714471478 5.020290796053907 0.18793961296965025
0.3337318281164298 13.975844984125729 497572.3269337679 5.300201781442787 0.19080359615324455
0.3484148057417942 13.84185855170495 410934.1986761003 5.592275326938499 0.1936917306204788
0.3634805297804881 13.723847644119282 340606.9394068986 5.896682911621849 0.19659915676864928
0.378935204851098 13.61990940700012 283241.63057709695 6.214286947721902 0.19953351998859087
0.3947698115934966 13.528354659355902 236358.69480749028 6.545341166098799 0.20249093279743843
0.41099748785484136 13.447762867329173 197813.3077897384 6.8905554198025 0.20547523198226555
0.4276089446663687 13.376957858440276 166036.49468372733 7.250631681954404 0.20848943244344265
0.44460600974893644 13.31484591372347 139769.9301409563 7.625823771584008 0.21152899783764767
0.46198788224985216 13.260472626669495 117946.0079072412 8.01709108286006 0.21460024984230291
0.47975690346102867 13.213079003983854 99778.45902456404 8.425134140588355 0.21770476005457887
0.4979177207217908 13.171931754420598 84616.6483945684 8.850386973593166 0.22083989652996627
0.5164592862612912 13.136323972908812 71916.93460112381 9.29373666784995 0.2240092606506685
0.5353802188336906 13.105782825603374 61255.64973415581 9.75606200744262 0.2272156795000611
0.5546903541015368 13.079765806152537 52283.899615662325 10.238168352213169 0.23046044523046608
0.5743759903251948 13.057785456311954 44713.0572611988 10.740530732724299 0.23374030377761418
0.5944349821565573 13.039485085532808 38314.71460709714 11.264400185858396 0.23706151698372968
0.6148761475434515 13.024467744379992 32889.542398491714 11.810709940581818 0.2404256385369856
0.6356834712063847 13.012403527701254 28280.248140856376 12.38043951403121 0.24383430230652234
0.656857472037047 13.003000495849822 24360.490845040047 12.974264450299732 0.24728530489146416
0.6783925742603056 12.995968646227377 21018.531854575915 13.593538784668212 0.25078373422427414
0.7002845682715566 12.991039709991476 18164.456866716515 14.23944797514064 0.2543320816898968
0.7225228684018503 12.987984310896223 15721.745159246162 14.913182377670708 0.25793233318596587
0.745113728555309 12.986643663911526 13627.506388280774 15.615752819025746 0.2615841933785694
0.7680375234549793 12.986753118006414 11830.538423616461 16.348463720921863 0.26528993620481145
0.7912868893334526 12.988145705843317 10284.80165137084 17.11291382946056 0.26905406953060595
0.814865433710494 12.990679381312345 8951.753508858768 17.910559070364545 0.27287902766785344
0.8387521223514359 12.994141884564353 7803.506352141721 18.742737527681964 0.2767656441228698
0.862935591825524 12.998424702228407 6810.461545421912 19.61084899261835 0.28071489050662723
0.887420490038606 13.003380756813899 5952.122129332852 20.51695406983071 0.28473288995142426
0.9121798356591583 13.008866116777341 5208.37990188356 21.462848050206585 0.2888226581156397
0.9372043074886736 13.01476307467906 4563.070719420051 22.44998027655998 0.2929838327550772
0.9624913645613092 13.020978830018633 4002.211836630206 23.480447092333694 0.2972207776782526
0.9880159583093439 13.02735751242179 3514.96641231092 24.556638532866465 0.30153932048721477
1.0137619976232333 13.033815417222504 3090.370017367065 25.680455529905917 0.3059407806293565
1.0397293728225607 13.040278349463874 2719.776634758907 26.853943987478193 0.310427039666583
1.065884788102257 13.046605724869043 2396.772403245759 28.080162214942835 0.3150065326985893
1.0922204864677172 13.052734676763482 2114.458299362572 29.361115549265648 0.31967935822407784
1.1187225679009236 13.058565387313285 1867.2472319676851 30.699661651348364 0.32445089374150554
1.145357534990954 13.064021823526303 1650.901459447325 32.099097532699545 0.3293284972028181
1.1721235609180523 13.069032667029811 1461.098362822012 33.56147527268127 0.3343105823905886
1.198983265806264 13.073490615306227 1294.5416959661447 35.091287123966666 0.3394103717237247
1.2259319763132954 13.077352023968736 1148.2871083772063 36.69049306782152 0.34462423479681303
1.2529312586814187 13.080517704296483 1019.468810204824 38.364208525074226 0.3499669953828742
1.279976594168309 13.082950815786488 906.083654925395 40.114745797497 0.3554356384158321
1.307030940415876 13.084549866064528 806.2511117468487 41.94744299280986 0.3610439396813636
1.3340618069787264 13.085239751938843 718.0413170350678 43.86592720313323 0.36679462711802463
1.3610728952087983 13.085031422154207 640.1769425321038 45.87474672084642 0.37269466621400765
1.3880144404765442 13.083778563355851 571.3754387038027 47.979308954004146 0.378754415302394
1.414858912648042 13.081453122865799 510.4412467474067 50.18445763775055 0.384979957237602
1.4415931023618085 13.078007189756875 456.5604091121625 52.495254069062064 0.3913774290251122
1.4681885130683179 13.073403149609675 408.7133870551159 54.918198922845555 0.3979589469943844
1.494599692248525 13.067525408684645 366.2571307437817 57.45948697280912 0.40473358039627333
1.5208128668310488 13.060370501567515 328.60575321720785 60.12575154105108 0.4117111092447889
1.54679798267607 13.051875186527436 295.0760122846835 62.92410398112607 0.4189020828508308
1.5725155747373942 13.041985310340625 265.2607486000248 65.86217694205483 0.4263178831365396
1.5979289864905013 13.030639359106598 238.7295238280576 68.94817179720816 0.43397079328982874
1.6230372797362573 13.017823334629018 215.05907965957533 72.19091066973101 0.44187407238720666
1.6477794384046107 13.003460863526351 193.93656263987234 75.5998935402958 0.45004203668892523
1.6721288774784455 12.987514344593322 175.10694964762988 79.1849296656441 0.45848834736600824
1.696064470996534 12.969953581398801 158.24059349721037 82.95649041426627 0.46722742756138086
1.719544379520969 12.9507266970012 143.16730037540458 86.92719259790158 0.47628028451583293
1.7425261725957375 12.929772855073333 129.67970205359933 91.10847878048871 0.4856606949970839
1.765006390561048 12.90710919452621 117.58391021684365 95.5147401454451 0.49539175211371395
1.7869171840389182 12.882628107823225 106.73994120287354 100.15936110517667 0.5054898286033083
1.808267942776695 12.856384239114043 97.00951578662112 105.05902956756611 0.5159812303771347
1.8289713572546704 12.82822755709507 88.26902522436978 110.23030349779098 0.5268885191763539
1.849052057997962 12.798247633511364 80.40464338286799 115.69101279001045 0.5382357568215961
1.8683864856614385 12.766347796605434 73.3414018446839 121.1307751954224 0.6419826960891575
1.8738372533085177 12.736389661921569 70.3046781175392 129.4688932516332 1.7163365373992734
