M[M_sun], R[km], Lambda[1], P_c[MeV/fm^3], rho_c[fm^-3]
0.24162668629717493 15.618656898711224 2160425.4255784233 3.5677272577965504 0.1711233750220791
0.25364509368103033 15.277277206947796 1723152.73449588 3.784844688564835 0.17388848569515797
0.26604246124630787 14.981223272584424 1382963.179910975 4.011454215143204 0.17666729834103592
0.2788194181685338 14.723438705329402 1116387.3009220979 4.247811150240725 0.1794584761469104
0.2919751225842592 14.49832042127534 905788.7058999313 4.494541016026091 0.18226859149654773
0.30551302320776125 14.301125267230388 738605.1951328368 4.75180059041053 0.18509337361268638
0.31943026993274 14.128046962534258 605032.6688412767 5.020270295232729 0.18793940026571793
0.3337323573466272 13.97583972401298 497618.26417240873 5.300176706795029 0.190803343693148
0.3484134171326874 13.841922670443092 410943.4671502093 5.592245615785571 0.19369144315690098
0.36347868367972747 13.723853654351029 340613.88087367266 5.8966478963523405 0.19659882789782804
0.37893298909723644 13.619913523912569 283251.9216982226 6.214246204496339 0.19953314845943176
0.39476802736955263 13.528357157056028 236363.06534755163 6.545294737146021 0.20249052567824502
0.4109949996170517 13.447799216136525 197824.59237378242 6.890502408671955 0.20547478051723259
0.4276055055815011 13.376964344666986 166049.34782195813 7.250571591070696 0.20848893532696172
0.4446032642324352 13.314831122054034 139762.67140185583 7.625756766964788 0.21152846443779483
0.46198453097286607 13.26048303931241 117949.05499160413 8.017015995597653 0.21459966898162272
0.47975385263547843 13.213097555135306 99795.16328686451 8.425050385013606 0.2177041303297449
0.4979138094069693 13.171910953047673 84619.2544003125 8.850294858470466 0.22083922957712016
0.5164552321612809 13.136334707485187 71919.47025497782 9.293634702223732 0.2240085428063031
0.5353752187737842 13.105791538397071 61255.918902713725 9.755949499779609 0.22721490921304635
0.5546855425122958 13.079748223744643 52287.005679654365 10.238045772808366 0.2304596363612652
0.5743699140671865 13.057800940733962 44714.007254066884 10.740396211674524 0.23373944011080522
0.594430973298682 13.039481091578867 38315.35797947636 11.264252903665493 0.23706059676192318
0.6148696065229438 13.024474052640695 32889.530952199704 11.810549026941892 0.24042465991357637
0.6356780367009928 13.012422757379504 28281.466398910376 12.380264044334465 0.24383326333742752
0.6568506943620892 13.002993632819065 24361.435261174323 12.97407523034596 0.2472842233878017
0.678386038926155 12.995957423971195 21020.16126330158 13.593333126991146 0.25078258917742724
0.7002765385236916 12.991060103742043 18165.583390463453 14.239224776738132 0.25433087082767
0.7225140513711928 12.987997112417027 15722.50210456861 14.912940464657968 0.25793105410067774
0.7451049392435577 12.986657798420062 13628.121218750986 15.615493302833617 0.2615828669039391
0.7680293167716546 12.986755848156644 11831.08080000018 16.34818308645842 0.26528853731239677
0.7912774619210035 12.98814586700452 10285.651369584122 17.112610667888315 0.26905259535853926
0.8148541994873746 12.990678525568413 8952.095930774363 17.910231879425552 0.2728774751702432
0.8387414660403282 12.994141861485629 7804.149125166484 18.74238775874844 0.27676403711559555
0.8629244919127977 12.998424197254524 6810.951144301369 19.61047209687517 0.2807131996131233
0.8874100670150437 13.003369758244116 5952.589544018959 20.516548232772685 0.28473111151051
0.9121689166469724 13.008863168994306 5208.759118614272 21.462411333053634 0.28882078821925833
0.9371927040900451 13.014774989331382 4562.958893795295 22.449514498762273 0.29298189817927917
0.9624792012432242 13.02097676195496 4002.4053906583367 23.4799464073814 0.29721874424789335
0.9880028098417429 13.02735857554599 3514.7358181779528 24.55610058339775 0.30153718346935215
1.0137488224532027 13.033817538644081 3090.4946865723846 25.67988239857705 0.3059385688051795
1.0397160961866108 13.040278018582713 2720.0079053832496 26.853328665968636 0.31042471509272057
1.0658694228741235 13.046602445046204 2396.813901886934 28.07950182210293 0.31500408961831367
1.0922048637842816 13.052741076433124 2114.52895207777 29.360412426058453 0.3196768274122518
1.11870805794431 13.058562417496697 1867.359857417067 30.698907401094093 0.32444823307485937
1.1453418556360522 13.064022577840792 1651.1144880720801 32.09829461758158 0.3293257384655567
1.1721088148536871 13.069030684370992 1461.2375423341884 33.560614272169474 0.33430768073009093
1.1989682836292255 13.073486808867383 1294.706553507588 35.090363973091556 0.3394073191140475
1.2259165135902093 13.077348511283597 1148.3970376684158 36.6895104460524 0.3446210650110924
1.2529149560513042 13.080506308533598 1019.5524262359816 38.36316244362421 0.3499637013726723
1.2799596981770245 13.082949538684085 906.140537216883 40.11362436327984 0.3554321690730112
1.3070130426648245 13.08454948035147 806.2901937780422 41.94624888886575 0.3610403297242346
1.3340459077259041 13.085238532902041 718.1034639087973 43.86464703777503 0.36679082180452727
1.3610563311600543 13.085029388355903 640.2347730103943 45.873383177087305 0.37269070121397957
1.3879966572762026 13.083779243463034 571.4096219999836 47.977856206106786 0.3787502803129209
1.4148410314300381 13.081455507496264 510.49664049677915 50.18289975111664 0.38497559186757113
1.441574047264918 13.078010246633712 456.5808005580695 52.49359351742988 0.39137286977248514
1.4681699164883377 13.07340426733181 408.7496889530484 54.91642835131342 0.3979541809342502
1.4945805233800757 13.067531261593468 366.28824773912385 57.45759843061225 0.40472859360437835
1.5207936288908905 13.060377240184797 328.63193529049414 60.12373642820151 0.4117058867154494
1.5467780977958587 13.051882173469597 295.09133679505544 62.92195298972747 0.41889660840671
1.5724957885452988 13.041991129383131 265.2868160794164 65.85987999169853 0.4263121393294141
1.597908992710772 13.030650208935231 238.7526432794622 68.94571796378526 0.433964761291369
1.6230179415057213 13.01783406701848 215.08164143932495 72.18828810691376 0.44186773186868095
1.6477599201355937 13.003471638172952 193.94990185874357 75.59708939284772 0.4500353656885998
1.6721083619310235 12.987529158773993 175.12271781568376 79.18194462125919 0.45848138329160937
1.696045260141988 12.969966838114177 158.25331727319883 82.95329533930972 0.4672200852884363
1.7195248375707701 12.950742278415957 143.18163064851944 86.9237710393864 0.47627253636923483
1.742505818064814 12.929793053840129 129.6884641996942 91.10482931442577 0.48565257627841407
1.7649875803387403 12.907127732631423 117.59281066460464 95.5108276027153 0.49538316712133645
1.7868971730864018 12.882650691973964 106.75023062782613 100.1551820786306 0.5054808104453238
1.808249291385146 12.856408012555525 97.02014788650158 105.05456237968207 0.5159717442942994
1.8289529487845504 12.828254725589641 88.27224655718561 110.22552450322402 0.5268785275699641
1.8490340410610506 12.798274810343486 80.41275000026623 115.68587664221072 0.5382251473125902
1.8684055088457008 12.766321707172935 73.3333228268329 121.45553169221739 0.5500398011726029
1.8870806232500315 12.73248847143157 66.95833504161408 127.55593208370131 0.5623523378458226
1.9050013474821346 12.696654311778538 61.21224339014323 134.00982592248104 0.5751931135243559
1.9221405355336323 12.65881891087303 56.035785612995824 140.84280039610246 0.5885980219842691
1.9384499704559712 12.61891312461575 51.35639965035747 148.0825519690309 0.602605338037879
1.9539412833209953 12.577051078656458 47.13207261720418 155.75742826328323 0.617250249606423
1.9685513753747015 12.53310186888248 43.310947260509714 163.90127727290826 0.6325809882332835
1.9822628356087149 12.48708453968939 39.852081559246976 172.54810762349447 0.6486398326046267
1.99504456803364 12.438982224004256 36.719654104115946 181.73685802176348 0.6654786857775875
2.0068770685557498 12.388805578829453 33.880693091448904 191.50976929845072 0.6831526790936888
2.0177169288880097 12.336512446012684 31.30728346159187 201.91292484682182 0.7017211104133005
2.027547366929335 12.282111272880966 28.972411482474964 212.99610104313174 0.7212459801432609
2.0363501679645046 12.2256201920007 26.852832242179602 224.81529236159508 0.7417991633643716
2.044086205463905 12.167005624482561 24.926300673377778 237.43127062654165 0.7634563736803586
2.0507380304208165 12.106275849274295 23.173813277617022 250.91120490846583 0.7863010432574098
2.056302484531011 12.043507231943206 21.579908446231705 265.3284473201818 0.8104219794732282
2.0607406456597746 11.978635815660086 20.129697141264902 280.7643521540845 0.8359174192285248
