M[M_sun], R[km], Lambda[1], P_c[MeV/fm^3], rho_c[fm^-3]
0.24162668629717493 15.618656898711224 2160425.4255784233 3.5677272577965504 0.1711233750220791
0.2536452628942234 15.277267290160978 1723196.9550869092 3.7848455664817706 0.17388849663796907
0.26604243614059897 14.981206502360896 1382934.4932951 4.011456060719521 0.17666732064373653
0.2788196414870973 14.723439613403778 1116416.9055623512 4.247814025935429 0.17945850950063538
0.29197539082132035 14.498321497825367 905829.5107034954 4.494544997320568 0.18226863582918573
0.3055141432844883 14.301101539128135 738571.8408036911 4.751805812512403 0.18509343002135314
0.3194306000257143 14.128038950644761 605025.3020944933 5.020276796631255 0.18793946772023695
0.33373079783515325 13.975832931071642 497598.11653581803 5.300184658682553 0.1908034237554608
0.3484137965551498 13.841868949433064 410919.25748426426 5.592255038038505 0.19369153431979008
0.36347935758947486 13.723856040876486 340611.75873945723 5.896659000688171 0.1965989321921001
0.37893317621217837 13.619918476103809 283248.6085056633 6.214259125325473 0.19953326628183576
0.39476883047383515 13.528341905637879 236369.8165880222 6.54530946107575 0.20249065478721767
0.41099582692585657 13.447772532637302 197822.73743612884 6.890519219990527 0.20547492368947615
0.42760632975964047 13.376962435129087 166046.92163495993 7.250590647571929 0.20848909297651266
0.4446039011519106 13.314830833170385 139762.83310023238 7.625778015999153 0.21152863359377147
0.4619857345566609 13.260494157557607 117947.08414574446 8.017039807856403 0.21459985318869554
0.4797552425000397 13.213074231677956 99781.84779789066 8.42507694622712 0.21770433003293863
0.4979151283752742 13.17190647070762 84618.40879091236 8.85032407072043 0.22083944108629133
0.516456698046362 13.136328130349916 71917.74270261316 9.293667038330742 0.22400877045451237
0.5353772497691901 13.10577987701494 61254.547155436056 9.755985179045965 0.22721515349218996
0.5546871662793345 13.079765182674203 52287.782617638884 10.23808464609027 0.230459892875812
0.5743717984944249 13.057795845023339 44712.19346427192 10.74043887196598 0.23373971400309088
0.5944329236073127 13.039501405134246 38314.85291152851 11.264299610849411 0.2370608885892535
0.6148722385045197 13.024467351177657 32890.20985511504 11.810600057012815 0.24042497026154938
0.6356813634298515 13.012407678763601 28281.200377454108 12.380319690508516 0.2438335928225532
0.6568528142457108 13.002997855097355 24360.107734378184 12.97413523708253 0.247284566361701
0.6783874968969135 12.995969985359006 21019.446173911812 13.593398346552647 0.2507829523024723
0.7002794284921007 12.991045904966771 18164.94809156862 14.239295558912884 0.25433125482442254
0.7225172747563761 12.98799922488921 15722.842099356585 14.913017181712805 0.25793145973266535
0.7451077951315889 12.986653895754813 13628.01229282129 15.615575602305034 0.2615832875642456
0.7680318054525892 12.986756881291084 11831.306663626407 16.3482720830678 0.2652889809381734
0.7912798521335835 12.988155530065537 10285.257438296676 17.112706808411094 0.26905306285734565
0.8148574249317488 12.99068416362114 8952.111414287663 17.910335640262847 0.27287796750799687
0.8387443393863083 12.994145405689155 7803.931431852184 18.742498679633663 0.27676454673967116
0.8629281197055116 12.99842921460971 6810.827239180046 19.610591620346067 0.2807137358395577
0.8874133327706913 13.003372080228713 5952.341170321982 20.51667693425074 0.2847316755003423
0.9121722077105054 13.008871013483029 5208.558288953934 21.462549827370477 0.28882138121181694
0.9371974880080312 13.014754627108971 4562.841285665782 22.44966220892579 0.29298251168320505
0.962483222614642 13.020968818358432 4002.374039882772 23.480105187456207 0.2972193891009553
0.9880069114689128 13.027358864457117 3515.0136023555146 24.55627118095659 0.30153786117246695
1.0137533182516043 13.033812535621001 3090.4832521505755 25.680064153159794 0.3059392702311183
1.039721557767563 13.040277116715092 2719.902999834132 26.853523800074303 0.31042545227423407
1.0658764910788225 13.046594869331225 2396.8806916147796 28.079711249408234 0.31500486438098196
1.092211166422082 13.052732709778768 2114.585481053923 29.360635404189154 0.31967762999661303
1.118711691721534 13.058567021770587 1867.3132540961087 30.69914659282616 0.3244490768391935
1.1453458449076084 13.064017407328409 1651.0653457322226 32.09854924209998 0.3293266133303224
1.172112559813593 13.069026644015926 1461.180954041737 33.56088731693337 0.33430860091909737
1.198973195531436 13.073487955158717 1294.6651349538843 35.09065672719069 0.3394082871724875
1.2259211385126536 13.07734996474339 1148.3697465278506 36.689822059766556 0.3446220702286975
1.2529199913694842 13.080505781519697 1019.6289697006976 38.36349418188478 0.3499647459846522
1.2799650620278402 13.082949225038455 906.1479008859751 40.1139799976414 0.35543326928691604
1.3070181685069735 13.084550861349312 806.2717230550362 41.94662756847709 0.3610414745300694
1.334051607358191 13.08523865213526 718.0953868972435 43.86505300942551 0.3667920285622256
1.3610623988439712 13.085031936118082 640.2057088769096 45.873815589934964 0.3726919586118017
1.3880024518001743 13.083780366559065 571.4039424179102 47.97831690761613 0.3787515916181342
1.414847088466176 13.081452328618466 510.47876260543995 50.1833937944806 0.38497697623152166
1.4415802470176768 13.078009715591673 456.57967583801565 52.49412011817374 0.39137431562082753
1.4681751868450914 13.073403780379136 408.74480922239474 54.916989841828254 0.3979556923657343
1.494586236403681 13.067529324915334 366.2799450239297 57.45819733224865 0.40473017503466424
1.520799735987325 13.060374583676817 328.6244734150177 60.124375468190735 0.4117075429031381
1.5467849900453132 13.05187981332945 295.09518000833907 62.922635119791366 0.41889834448195434
1.5725020099828688 13.041988715139704 265.2820465547863 65.86060840853646 0.42631396082538703
1.5979156288805043 13.030646191111535 238.74923398959476 68.94649613164928 0.4339666741788998
1.6230237690007037 13.017831025244858 215.0753367001307 72.18911978250766 0.44186974259440154
1.64776650950243 13.003469360446742 193.95221750070763 75.59797865281782 0.4500374812169947
1.6721146024310403 12.987524758012711 175.1176192899165 79.18289124753058 0.4584835917598704
1.6960502393398809 12.96996317946272 158.2446227819181 82.95430857071575 0.46722241369125633
1.7195308703150698 12.950737370741958 143.17741235190152 86.92485609348171 0.476274993482904
1.7425118728917897 12.929787454645131 129.6846190230012 91.10598664279215 0.48565515090803196
1.7649933789314025 12.907121621768301 117.58980181141325 95.51206835813383 0.4953858896157719
1.786904338919502 12.882642655818161 106.74225098317031 100.15650734158038 0.5054836703052744
1.8082555976233692 12.856400020882877 97.01764129047913 105.05597902450924 0.5159747525425593
1.8289584332236832 12.828247932664981 88.26806215731723 110.22704002830234 0.5268816961297614
1.8490397810724666 12.798265645432464 80.40999558565473 115.68750542773769 0.5382285118214383
1.8684120376279167 12.76631224005977 73.3334739931594 121.4572767023966 0.5500433533738528
1.8870859192809755 12.732478406032973 66.95769703452898 127.55779648202359 0.5623560692914533
1.9050071840376326 12.696642607777672 61.212756088218335 134.01182682665313 0.5751970639304668
1.9221458128224165 12.658806997145353 56.034310132387176 140.84494954324194 0.5886022093401763
1.938454315912607 12.618901468140994 51.35406870874561 148.08486223393783 0.6026097819473702
1.953946103504449 12.577037731436526 47.13065602313453 155.75990617416696 0.6172549454955901
1.9685559423772847 12.533084151162809 43.310126533716385 163.9039378511166 0.6325859582154876
1.9822672662877292 12.487069165067366 39.851124804210436 172.55097537620898 0.6486451275964603
1.995049042097619 12.438966642181896 36.71925734385837 181.73994334804695 0.6654843057421933
2.0068802552209686 12.388788515593117 33.87897566203235 191.51309224152828 0.683158652788312
2.0177194221991748 12.3364947832815 31.305305242564284 201.91650751718916 0.7017274692998013
2.0275500473421744 12.282093413305567 28.971320091206664 212.99995881894853 0.7212527290912489
2.0363522211082516 12.22560066785989 26.85048349472836 224.81946096505794 0.7418063688946975
2.0440887535870296 12.166985331637377 24.92533505185677 237.43577037303317 0.7634640461614803
2.05074000656888 12.106254503507296 23.172226094734736 250.91606832048979 0.7863092265274187
2.05630425523679 12.043484134669402 21.579586593329342 265.3337104781576 0.810430721704584
2.0607419148072323 11.978612012007959 20.12927893967415 280.7700551449334 0.8359267734608765
2.0640384206830342 11.911691717914858 18.809263166748977 297.3154194538861 0.862906031783277
2.066186682959932 11.84276460632101 17.60847702507601 315.0701673961659 0.8914886752458885
2.0671723528450117 11.771856278683211 16.5128407555464 334.143541086914 0.9217997150872803
