M[M_sun], R[km], Lambda[1], P_c[MeV/fm^3], rho_c[fm^-3]
0.24162668629717493 15.618656898711224 2160425.4255784233 3.5677272577965504 0.1711233750220791
0.2536441453436783 15.277273268840817 1723299.191136374 3.784821352273993 0.17388819481955042
0.2660400275516974 14.981250459599112 1383004.719747308 4.011405157301353 0.1766667055059691
0.278814681700717 14.723528785502669 1116462.1635094257 4.2477347108348535 0.17945758956499402
0.2919698393608986 14.498422855890334 905897.6328799558 4.494435188907645 0.18226741308702263
0.30550477619406113 14.301250306635602 738684.5523287797 4.751661781889318 0.18509187421573725
0.3194213879254434 14.12814428662682 605100.5717210389 5.02009748247624 0.18793760726666975
0.33372016128095894 13.975923249482255 497660.4707049001 5.29996533968794 0.19080121557710106
0.34840085477406946 13.84202887984542 411007.70691011247 5.591995166254103 0.19368901998878774
0.3634637597551798 13.723989392907974 340648.6183508034 5.89635273719624 0.1965960557005716
0.37891678963368897 13.620005356618128 283303.4671927862 6.2139027633881545 0.19953001669005513
0.3947492004852252 13.528461877047834 236412.10346925593 6.5449033703247474 0.2024870939199331
0.4109741319748676 13.44786966870438 197867.891717124 6.8900555601736055 0.20547097496790795
0.42758216955551914 13.377055680677291 166080.8177323679 7.250065067152035 0.2084847449843936
0.4445770146754218 13.31492921336296 139801.34853711887 7.625191967291157 0.21152396826922773
0.46195868934889306 13.260600066447378 117983.55071271514 8.016383067863767 0.21459477277390104
0.4797234680084609 13.213188815470012 99808.51312591943 8.42434439306421 0.2176988222572441
0.4978810164342569 13.171981750906811 84645.9286044588 8.849518405148656 0.22083360772331728
0.5164183587134069 13.13640681717696 71935.51446719277 9.29277522098224 0.2240024920047806
0.5353380142941447 13.105835515842658 61276.42814624604 9.755001162298777 0.2272084163926683
0.5546448522499684 13.07981164908804 52299.127013181525 10.237005813481652 0.2304527318171788
0.5743267595691153 13.057835945483227 44729.587214431514 10.739262330034752 0.23373216023944532
0.5943825831986939 13.039543525573825 38328.7031062498 11.263011463083663 0.2370528402187024
0.6148202513605617 13.024505622778094 32902.709756126635 11.809192692537179 0.24041641113740173
0.6356239138685068 13.012435865098574 28292.27441553418 12.378785023576945 0.24382450594577454
0.6567944785152338 13.003032506549502 24371.273778461175 12.972480315201793 0.24727510750686338
0.6783263622338399 12.995991708227656 21028.343080956358 13.591599667056736 0.2507729377369341
0.7002143922062383 12.991064828944342 18172.495918719775 14.23734347613345 0.25432066468007264
0.7224476609653316 12.988009355012887 15729.90123689103 14.910901430168883 0.25792027295671405
0.7450365285531915 12.986649022729107 13634.333424223078 15.613305902188632 0.26157168636280215
0.767956376845976 12.986757798369968 11836.361010965134 16.345817694546565 0.2652767464269769
0.7912005492589543 12.988138033298267 10288.929115702678 17.11005541153245 0.26904017001216307
0.8147757592637798 12.990665711782365 8956.356461825346 17.90747409819819 0.27286438969551013
0.8386571477572908 12.994137974154752 7807.481971552676 18.739439685174503 0.27675049224289755
0.8628380222976633 12.998404719870164 6814.571237450496 19.607295394523472 0.28069894775311255
0.8873180848027116 13.003364592925568 5955.472327864518 20.513127609935484 0.2847161218108614
0.9120729047642505 13.008846235059103 5211.20890412542 21.458730450785904 0.28880502774732353
0.9370947968055588 13.014737419683895 4565.280540770139 22.4455886913627 0.29296559261035715
0.9623776776832996 13.020943202138255 4004.6079949850973 23.475726402884884 0.2972016055557475
0.9878977236860385 13.027329086814019 3516.6329603136005 24.551566515579847 0.3015191717703347
1.013639845890318 13.033787722917028 3091.844927764859 25.6750518196396 0.3059199266707429
1.0396045470956765 13.040242240778872 2721.502954110531 26.848142513751412 0.310405122743512
1.0657543537202494 13.046568353383433 2398.358606181834 28.07393581663295 0.31498349854379554
1.0920865028672357 13.052697097573274 2115.820845600255 29.35448629605739 0.3196554969829103
1.1185846491876195 13.058537524434168 1868.6410785289513 30.692550385408204 0.32442580829010303
1.145215043824929 13.063990003311883 1652.062392822069 32.091527466226815 0.3293024872000393
1.171978166647783 13.069005641986264 1462.0712687623916 33.553357596712594 0.3342832249856067
1.198833558381013 13.073458074817568 1295.421373452043 35.08258351821956 0.33938159125907186
1.2257794781661093 13.077334406254801 1149.0883071791047 36.68122879246166 0.3445943496785811
1.2527742399800743 13.080492610895005 1020.1044383319731 38.35434597769269 0.34993593916665805
1.279816746691953 13.08293918982423 906.7174585732897 40.10417286250774 0.35540292928716466
1.3068602110413934 13.084523020914622 806.7586262588308 41.93618496354342 0.3610099049533072
1.3338981979672087 13.085237902633732 718.5998005464418 43.85385783827408 0.36675875072384734
1.3609049008658198 13.085033437141584 640.6300767067133 45.86189131313276 0.37265728443465146
1.387836535428823 13.08377800037957 571.8075306109463 47.96561258553878 0.37871543101645766
1.4146930696322666 13.081486067256563 510.833066798179 50.16977009835394 0.3849388011336124
1.4414162702862572 13.078031789226936 456.8858052421265 52.479598678167626 0.39133444518728416
1.4680104354759065 13.073435794827509 409.0216763450022 54.901506348698184 0.39791401358687367
1.4944194667989374 13.067571462916764 366.5401478791982 57.44168226712872 0.40468656616374676
1.520631615398483 13.060426709017715 328.84486510148827 60.10675363611254 0.4116618727387777
1.5466149092697563 13.051940111985907 295.29226387353344 62.90382513665271 0.41885047157940647
1.5723309693873941 13.042060773326737 265.46674551938185 65.84052213633372 0.42626373262907985
1.597755110035667 13.030732915372527 238.92593326505065 68.92503805615922 0.43391392606768087
1.6228415260562592 13.017914800341254 215.24161321166042 72.16618632688805 0.4418142968299539
1.6475937694373666 13.003574651546561 194.09861852349258 75.57345741978683 0.4499791457847259
1.6719438523335588 12.98763983401911 175.23944791361484 79.15678824748315 0.4584226937593975
1.6958798221273867 12.97009498810505 158.36323217308487 82.9263690833203 0.46715820883059456
1.7193605145090256 12.950885693230285 143.28056377486874 86.89493626840013 0.4762072397999282
1.7423463861040387 12.929945488715475 129.7816925850514 91.07407402706832 0.4855841570846581
1.764825879917937 12.907300071915959 117.680909378897 95.4778554695262 0.49531081889879996
1.7867518090999457 12.882863012446522 106.82413807178712 100.11996438820228 0.5054048121972556
1.8080916225923809 12.856612808175461 97.08312215808614 105.01691648033847 0.5158918031481343
1.8288018699669601 12.828478446241334 88.3318133985395 110.18525116443566 0.5267943267315783
1.8488821782989775 12.798515444080817 80.46486716800526 115.64259379430757 0.5381357398845849
1.8682592350233689 12.766577750612228 73.38953661199652 121.40916057476582 0.5499454065705902
1.8869388126948834 12.73275994425605 67.00992703479643 127.50636748051934 0.5622531049748022
1.9048612679429935 12.69694904865133 61.257308172642716 133.95665535411652 0.5750881383130894
1.922004485956513 12.659133770911433 56.07577820830986 140.78569086515947 0.5884867509003352
1.9383186489473543 12.619249467782966 51.39282400597086 148.0211614123386 0.6024872502477107
1.9538156869024992 12.577407727850924 47.16104867207432 155.69158322916255 0.6171254666755835
1.9684321471072799 12.533480986274535 43.3409868192495 163.83057867052855 0.6324489226564919
1.98214979424781 12.487484951934627 39.881679037140565 172.4719043592843 0.6484991316091551
1.9949400959053127 12.439412339940242 36.74626579926725 181.6548738086523 0.66532935039663
2.0067760319242094 12.389255767349388 33.90434570480579 191.42147163955647 0.6829939453333235
2.0176247935500684 12.336985311086067 31.32825484707171 201.81772632945513 0.7015521424355341
2.027462363322381 12.28260343995534 28.991569638250972 212.89359310239485 0.721066648633797
2.0362749028888247 12.2261413785088 26.870354464175364 224.70452599094256 0.7416077010557254
2.0440202549761053 12.167551221637291 24.943240933830925 237.31170610464142 0.7632525051871346
2.0506807728478207 12.106848959853096 23.188381880420064 250.7819782358762 0.7860836039886517
2.0562545745308167 12.044108062931093 21.593353851382645 265.1884425589687 0.8101891767130524
2.0607041744276864 11.9792615379193 20.14277687266755 280.6128192319667 0.8356688699672729
2.0640110497638324 11.91237004965266 18.821667834801993 297.14482857419625 0.8626296439915154
2.066173422822922 11.843473681728048 17.619369752510263 314.8848513846235 0.8911920207602634
2.0671682192280985 11.772587059543836 16.524057246856675 333.94227743166385 0.9214818352206401
