M[M_sun], R[km], Lambda[1], P_c[MeV/fm^3], rho_c[fm^-3]
0.24162668629717493 15.618656898711224 2160425.4255784233 3.5677272577965504 0.1711233750220791
0.2536449788499329 15.277262204167807 1723147.9397447663 3.7848517501705947 0.17388857371466715
0.266042971727493 14.981221439825765 1382860.8203971533 4.011469060223543 0.17666747773507085
0.27882059085504046 14.72341505791119 1116360.3836816654 4.247834281208655 0.17945874443128076
0.2919769904564417 14.498277213597925 905746.0521236811 4.494573040042819 0.18226894809140637
0.3055145562648222 14.301103408239532 725332.0472458599 4.75184259505592 0.18509382734302368
0.31943311565456256 14.128010937832677 605000.966350358 5.020322590119397 0.1879399428453511
0.3337340439774855 13.975781604083245 497579.5924662312 5.300240668956994 0.19080398768598655
0.34841720442296337 13.841890846728706 410921.92057366285 5.592321405121522 0.19369217643957523
0.3634831933464601 13.7238282844186 340595.91073614336 5.896737215873962 0.19659966680567714
0.37893819257009853 13.61987325329856 283233.1672081155 6.214350135384517 0.199534096183991
0.3947728032025136 13.5283453125726 236340.68790095887 6.545413171693942 0.20249156418923303
0.41100132299337405 13.447769504485912 197812.0565600266 6.890637633642087 0.20547593214982318
0.42761226505979477 13.37694021305716 166030.4395273766 7.250724875741665 0.20849020341176114
0.4446111610722246 13.314827076398021 139761.09443333783 7.625927687858022 0.21152982507800674
0.4619927853354652 13.260462948275412 117931.92117989459 8.017207534495268 0.21460115068984834
0.47976259929707527 13.213064170606104 99775.6620529331 8.425264035918742 0.21770573668587304
0.49792316335907666 13.171897000854848 84613.18931533468 8.850529833770668 0.22084093089869086
0.5164661799679217 13.136310030686023 71911.96165206248 9.29389480522653 0.22401037394765833
0.5353863987984907 13.105777341041613 61249.77298154558 9.756236494544613 0.22721687413112276
0.5546978378615559 13.079757540419525 52282.8514680853 10.238358459671103 0.23046169969950048
0.5743832477839208 13.057785785205935 44709.02478538916 10.740739360619383 0.23374164323332544
0.5944444186380706 13.039472749587471 38311.297271834716 11.26462860518751 0.23706294415183155
0.6148854860283043 13.024475994137443 32887.05289310494 11.810959501140596 0.24042715628156558
0.6356930167778754 13.012415978225231 28278.620695846494 12.380711649842842 0.24383591364285628
0.656867861749504 13.003010498998407 24358.765257931198 12.97455791164693 0.24728698219618525
0.6784032590696362 12.995971917919219 21016.56457926449 13.593857739642145 0.25078551008011585
0.7002954224579627 12.991055594655705 18163.283870488594 14.239794134448454 0.25433395962103594
0.7225348997937885 12.988001410819733 15720.307273092778 14.913557561957456 0.2579343169267167
0.7451265392253145 12.986643733496317 13626.540658895696 15.616155304552354 0.2615862506176022
0.7680513910329074 12.986751454887857 11829.339072706594 16.348898959407606 0.2652921057595013
0.7913016670688472 12.988141641984264 10284.288798553067 17.11338400596029 0.26905635583970905
0.8148785520945544 12.990681489622924 8892.666227915668 17.911066514828082 0.2728814354555489
0.8387668786031203 12.994152257943734 7803.05762298032 18.74327998912827 0.2767681364525385
0.86295100907169 12.998429305787111 6809.923365834085 19.61143352605936 0.2807175129395311
0.8874370563202627 13.003384403021096 5951.573729865312 20.51758348951167 0.2847356481660593
0.9121984901032935 13.008867685573982 5207.875500865844 21.46352536312335 0.28882555817340827
0.9372210769530805 13.014775727905995 4562.620736391948 22.450702660843532 0.29298683312812784
0.9625102648216923 13.020982313609322 4001.8910154133696 23.481223615721074 0.29722393137045633
0.9880349100283996 13.02737377487656 3514.2083616257373 24.5574728515775 0.30154263483938404
1.013782183996566 13.033824223695747 3090.054291270572 25.6813444138336 0.3059442110036228
1.0397499991795724 13.040284071812906 2719.4455746597337 26.85489830634113 0.31043064491140343
1.0659057130984695 13.046606659868417 2396.65970929586 28.081186437363275 0.31501032174268856
1.0922421569188403 13.052741830653837 2114.304004420132 29.362206044492883 0.31968328333732837
1.118745063883082 13.058572601683275 1867.065960761078 30.700831442474186 0.32445502025550244
1.1453796945558055 13.064027330218993 1650.780218889169 32.100342800949896 0.32933277582187226
1.1721484401090612 13.069033887420316 1461.0688122770484 33.562810629170116 0.334315082679637
1.199007859725064 13.073486066568353 1294.442396575804 35.092718873450316 0.33941510613111897
1.2259574432675364 13.077351295431209 1148.171457804749 36.69201705449688 0.34462915094191965
1.2529572247463094 13.080508087663572 1019.4405814338348 38.36583093552393 0.3499721041978454
1.2800035951054827 13.082946933102141 906.0006028502906 40.11648507786519 0.35544101916823523
1.307057282798599 13.084549293231293 806.1276452439295 41.94929498172983 0.36104953852444377
1.3340907802395572 13.085237999823603 718.0002105346205 43.86791267115035 0.3668005289557799
1.3611015609193724 13.085029592396715 640.1024238120668 45.87686150661955 0.372700815723764
1.3880427538934323 13.083776762113175 571.3130757375063 47.98156209328842 0.37876082846412623
1.4148888143542873 13.08145003635428 510.40478204887086 50.18687384529112 0.3849867277174022
1.441620563922302 13.078006566998639 456.4673753729137 52.497829508078404 0.39138450021571747
1.468217976273895 13.07339666098818 408.6687797160318 54.920945000897795 0.39796633894262967
1.4946300970232809 13.06751798801284 366.21711573173855 57.46241602167217 0.40474131469903585
1.5208429323066295 13.060362237678765 328.5660618271349 60.12887689948013 0.4117192091763117
1.5468277151184366 13.051866464940485 295.04678103494797 62.92744008588395 0.4189105735026717
1.5668271511724015 13.040046706883013 270.7654036667741 66.17069001931424 0.8638089435919474
1.5713506466593616 13.014579821227088 261.1527607675576 70.50796411402948 1.406101791467013
