M[M_sun], R[km], Lambda[1], P_c[MeV/fm^3], rho_c[fm^-3]
0.24162668629717493 15.618656898711224 2160425.4255784233 3.5677272577965504 0.1711233750220791
0.25364360698878197 15.277313532936482 1723158.2310392554 3.784812408818882 0.17388808334369693
0.26603908181773717 14.981283507246292 1383012.0139940411 4.011386356372174 0.17666647830783552
0.2788144223120632 14.723533288324637 1116432.0349195872 4.247705416365245 0.1794572497932924
0.29196714523795403 14.498491086853742 905943.22575394 4.49439463218679 0.1822669614785232
0.30550347992710164 14.301217755869523 725449.2766637017 4.75160858582751 0.18509129959674353
0.3194182275640802 14.128167798315944 605140.251906628 5.02003125521733 0.1879369201332972
0.3337151778477676 13.97602788111161 497712.5765445293 5.299884337650849 0.19080040002099424
0.3483960411727227 13.842068524256277 411030.9228770029 5.591899187196551 0.19368809136500298
0.363456915642329 13.724055256883846 340670.6645086266 5.896239624819472 0.19659499332519187
0.3789111462312271 13.620026969542442 279412.75473430264 6.21377114887754 0.19952881652419252
0.3947413305718036 13.52851575940578 236414.67622019676 6.544753390329613 0.20248577879798885
0.4109657019573784 13.447913341895012 197887.08267870007 6.889884319350036 0.205469516609196
0.42757384424759903 13.377106646278067 166097.7070821687 7.249870958608068 0.20848313917415512
0.44456693047179474 13.314983271080198 139819.00877312376 7.624975527522301 0.21152224526949734
0.4619490350389751 13.260602937986286 117996.17420476412 8.016140521662386 0.21459289648294316
0.47971227272767186 13.213175514875415 99827.83520275638 8.4240738491077 0.21769678814490465
0.4978675148861538 13.172014451881875 84654.59616091829 8.849220860973913 0.22083145337636131
0.5164048180054372 13.136427866749992 71947.01792306635 9.292445861425469 0.22400017329296776
0.5353224547170488 13.105865576587195 61284.02833788584 9.754637754237663 0.22720592830871883
0.5546264230791199 13.07984743582759 52306.81380793577 10.236605988100909 0.23045006913611543
0.5743092274306965 13.05785713841933 44736.37146199564 10.738827824574258 0.23372937057979598
0.5943636511847051 13.039553692685846 38332.36955523693 11.262535743255075 0.23704986791260463
0.6148007103772704 13.024531982703671 32906.2518419137 11.808672948043958 0.2404132502237084
0.6356028560510335 13.012446862516779 28299.144837828644 12.37821826879662 0.24382115014866532
0.6567721421800453 13.003039384266316 24374.5389541966 12.971869152760075 0.24727161435296546
0.6783033524563052 12.99598687505992 21031.04954350791 13.590935418379885 0.2507692393782643
0.7001898493956364 12.991057991039218 18175.024357772625 14.236622579666347 0.25431675378155527
0.7224226113245448 12.98800824509916 15732.470564430096 14.910120095521366 0.2579161417459063
0.7450089011554947 12.986646233064056 13636.366052423436 15.612467718828839 0.2615674021254559
0.7679281540628438 12.986754927879936 11837.25278236987 16.34491131183065 0.26527222833646674
0.7911719799780541 12.988131669369348 10290.84569158946 17.10907628056316 0.26903540882982097
0.8147449704394114 12.99066282128649 8958.400637295992 17.90641736849407 0.2728593755886239
0.838626794019625 12.994128127606734 7809.169849978757 18.738310043724457 0.2767453021249268
0.8628053994259822 12.998398457828742 6816.110547182837 19.606078153419265 0.28069348675995176
0.8872795296239437 13.003333003410976 5956.680305305385 20.51181691069758 0.2847103781235738
0.9120361398429244 13.008839327767307 5212.062903798011 21.457320033763054 0.2887989887500701
0.9370558604573433 13.014731578890023 4566.267891696737 22.444084431786372 0.2929593447724726
0.9623336119373282 13.020924860238512 4005.2460694866604 23.474109423643796 0.2971950385225981
0.9878573189165234 13.027323647045169 3517.2846215662057 24.549829205817147 0.30151227026338717
1.0135981869384885 13.033782748705688 3092.4886103434937 25.673200904174646 0.3059127836314975
1.0395596132727927 13.040238869921707 2722.0055208830076 26.84615536515036 0.31039761565392215
1.0657107930962901 13.046556891608372 2398.8692896988623 28.071803133285485 0.3149756088207315
1.0920401967052578 13.052696976994321 2116.1537339183874 29.352215636471783 0.3196473240025942
1.1185368148462018 13.058528980837673 1869.0578794416015 30.69011464074448 0.32441721604296947
1.1451666532898073 13.063981642794536 1652.4834739188332 32.088934586130556 0.32929357831941697
1.171928297868059 13.068999302757527 1462.5075875302728 33.55057716767388 0.334273854653072
1.1987820800730213 13.073453909619664 1295.7196833404319 35.07960241753328 0.33937173356728056
1.2257270701171592 13.077323256123048 1149.343439381477 36.678055670900214 0.34458411367961256
1.2527218571450935 13.080487682531864 1020.438074183603 38.35095250104422 0.349925211431192
1.2797621659539244 13.082930042302028 906.9361780500093 40.10055155138984 0.3553917261603678
1.3068051509548508 13.084516789238082 806.9486863585628 41.93232902263926 0.36099824785978146
1.333840862574078 13.085239672193305 718.7657472217869 43.84972403727348 0.36674646292942914
1.3608474446907484 13.085037574460165 640.7369924384335 45.857488313532826 0.37264448110991716
1.3877779966867725 13.083778211556632 571.9656346813309 47.960921581360644 0.3787020789042776
1.414632872484102 13.08149471879083 510.9071871182697 50.16473965276369 0.38492470527070194
1.4413559199085468 13.078041630637433 456.9983238636581 52.474236776659964 0.391319723414675
1.4679491202304271 13.073451152445116 409.1116148939243 54.895789250072625 0.3978986241855714
1.494358596102188 13.067587472352669 366.63801342080393 57.435584307150876 0.40467046418972474
1.520568952737088 13.06044437218464 328.935195707117 60.10024705534322 0.4116450097581386
1.5465518398171578 13.051963401845084 295.370729588173 62.896879891097235 0.4188327953772963
1.5722676251029037 13.042086955855805 265.5427578270833 65.83310568900004 0.426245186889541
1.5976915135525334 13.030763472107736 238.9842806318767 68.91711514737683 0.43389445002129334
1.6227785336252865 13.017948970448163 215.29850624379787 72.15771872098061 0.4417938248657472
1.647530605247139 13.003615510399241 194.1581449896348 75.56440362538737 0.4499576070224093
1.6718798124885625 12.98768645649825 175.28109089909887 79.1471504821949 0.4584002089632432
1.6958173931618221 12.970145306459122 158.41072111636186 82.91605331927367 0.4671345032348598
1.7192823393898817 12.950905554253493 143.3258974778494 86.88388940490273 0.4761822240892668
1.7422839613473713 12.930006770600915 129.8166237409588 91.06229146586642 0.48555794522298873
1.7647642984513972 12.907366770393065 117.71261042628583 95.46522370970423 0.49528310199721565
1.7866918579827644 12.882938263776012 106.852276007324 100.10647243107383 0.5053756971391045
1.8080307952751056 12.856690461099259 97.11101824869479 105.00249436602145 0.5158611777581522
1.8287431578540652 12.828563723437023 88.35769159181632 110.1698225837865 0.5267620696735632
1.8488237072576148 12.798606627647606 80.48912444613538 115.62601241222318 0.5381014884709935
1.8682111939218964 12.766707159974224 73.40198143559478 121.39139622343184 0.5499092448611828
1.8868833998060566 12.732867116961064 67.03040246209929 127.4873204282825 0.5622148776929419
1.9048094590898967 12.69705956147451 61.27621667292797 133.93628648189824 0.5750479238348517
1.921952312808087 12.659256203636069 56.09057417188925 140.76381320619112 0.5884441249010116
1.938267717063321 12.619377642056495 51.40673672799025 147.997643959045 0.6024420132562341
1.9537684125942638 12.577544915878722 47.17663276551704 155.666359547079 0.617077665273109
1.968387226401457 12.533627745230937 43.35063948820932 163.8034959123186 0.6323983318390822
1.9821062006586578 12.48764088067117 39.8910331027912 172.4427131731807 0.648445233275713
1.99489878629001 12.439575673499569 36.75447375214912 181.6234683786381 0.6652721449703982
2.006738377578329 12.389427228005408 33.91320935876182 191.38764803365072 0.6829331402313336
2.0175904573661403 12.337166804755912 31.337333613077686 201.78125958757764 0.701487417565849
2.0274297371967207 12.282794348654663 28.99817141122399 212.8543267516987 0.7209979545024852
2.0362457717329496 12.22634030613205 26.877076534397826 224.6620966079949 0.7415343608572
2.0439950585657862 12.1677603078762 24.94973695533775 237.2659069937738 0.7631744134959273
2.0506596331987716 12.107068957538708 23.194604279776925 250.7324546680931 0.7860002371348307
2.056236948088848 12.044337537879144 21.599195676836263 265.13477329516826 0.8100998679399699
2.0606891831501275 11.979501441063324 20.146606357869338 280.5547764214623 0.8355736662486999
2.0640009710555653 11.9126196829221 18.826506654272137 297.08185656139443 0.862527618047381
2.0661675491783273 11.843733315376037 17.623281091791736 314.8164445338563 0.8910825148467771
2.0671663020670854 11.772854796539516 16.527287237335727 333.8679845901283 0.9213644956119049
