M[M_sun], R[km], Lambda[1], P_c[MeV/fm^3], rho_c[fm^-3]
0.24162668629717493 15.618656898711224 2160425.4255784233 3.5677272577965504 0.1711233750220791
0.25364903476142625 15.277153685395785 1723006.6490535748 3.7849070081197596 0.17388926247834616
0.26604920072009763 14.981079980560049 1382755.4175726112 4.011585226192716 0.17666888153225183
0.2788302326035942 14.723223856495052 1093628.8579454247 4.248015288085292 0.1794608438382782
0.2919897154343641 14.498086200592954 905570.4463432654 4.494823640493446 0.18227173858558543
0.3055326276068791 14.300848171476675 738394.2171740801 4.752171301492912 0.18509737799988885
0.31945463070213675 14.127751350690293 604819.1927328275 5.0207318269299055 0.187944188835211
0.33375647352620064 13.975574864827735 497432.97609496635 5.300741214179838 0.1908090273458259
0.34844693449784675 13.84163996157374 410766.3914805859 5.592914511630254 0.19369791490820518
0.3635173726517716 13.72357337781848 340435.2312282786 5.897436213321402 0.1966062319376271
0.3789777297864152 13.619617891526262 283098.30959746597 6.215163487160516 0.19954151297284883
0.3948177938098305 13.52808718134812 236237.97535701658 6.546340036452198 0.20249969154103
0.41105035834737264 13.447545484582106 197702.90084121705 6.891695910614964 0.2054849448806129
0.4276672216045818 13.37671703645474 165948.98558502592 7.251924501108778 0.20850012760498562
0.4446704731024295 13.314627160997567 139673.4670499544 7.627265348854745 0.21154047371965387
0.4620582392554325 13.260278821593792 117864.11445310852 8.018706571256006 0.21461274695111182
0.47983483018158735 13.212901693300799 99709.58257698329 8.426936144230746 0.21771830860281477
0.49800158456460564 13.171761330122628 84553.42843137239 8.852368850674411 0.22085424616682542
0.5165503640950551 13.136164699446889 71858.99174224157 9.295930502454631 0.22402470538305508
0.5354770192832939 13.105636419748116 61201.12356092092 9.758482682489168 0.22723225272276773
0.5547938900335065 13.079632983012699 52235.31898001891 10.240805749829516 0.23047784872255964
0.5744879774323337 13.05767752683889 44673.175306453115 10.743425093098164 0.23375888646777504
0.5945555726078996 13.039379103907223 38278.66435033821 11.267569146501408 0.2370813167071737
0.6150035393467319 13.024383401068874 32857.56336262629 11.81417223268609 0.2404466950496864
0.6358187045568852 13.012336679161903 28252.754085905748 12.384215037827191 0.24385665746307342
0.6570008380374781 13.002938705525185 24336.06592236499 12.978335867295197 0.24730857544144713
0.6785449459955474 12.995912552957071 20997.394667913206 13.597963932663232 0.25080837226274233
0.7004457878782032 12.991006776784984 18145.2173064907 14.244250594644154 0.2543581361350952
0.7226918228553764 12.987969923826554 15705.864889334887 14.918387735131281 0.25795985587303427
0.7452915206564719 12.986641034369695 13612.225374068661 15.621336997482045 0.261612735994706
0.7682239860589608 12.98675778549045 11815.948935274902 16.35450237376857 0.2653200373747059
0.791482150012763 12.988158776816709 10272.188759603194 17.119437281208526 0.26908579086743023
0.8150695431536433 12.990705900423523 8941.078531075596 17.91759965674237 0.27291243474679017
0.8389649148067938 12.99418135787333 7793.516979581074 18.750264014005037 0.2768002244332157
0.8631588585324291 12.998464217996741 6802.140228845456 19.61895928586651 0.28075127627753743
0.887651740337833 13.003426049110844 5944.712358805415 20.52568722808902 0.2847711600050098
0.9124216757190082 13.00892581816533 5201.610430972376 21.472245807152927 0.2888628965894158
0.9374538318036186 13.014820548878026 4556.854812369537 22.460003473263907 0.2930254634078425
0.9627509577844475 13.021042255353642 3974.4419874952064 23.49122157392603 0.2972645360494095
0.9882858061206561 13.027427497872464 3509.943051235148 24.568215045095947 0.30158530847467413
1.0140414050510234 13.033897446152023 3086.035830607065 25.692789246616165 0.3059883788174811
1.0400176738083124 13.040342868364352 2716.0487229548776 26.867185768067603 0.3104770647292084
1.0661815492336237 13.04667630826308 2393.4582969915473 28.094374082755863 0.3150591085774235
1.092525676995744 13.052801422801192 2111.427580447574 29.376247115812696 0.31973382257281796
1.119037131268621 13.058631481645856 1864.5069423901843 30.7158936695027 0.3245081532373535
1.1456783503446395 13.064088149958105 1648.4106355593606 32.11637700290104 0.329387867760471
1.1724557744742912 13.069082533776067 1458.8977486990805 33.580004993987515 0.3343730294618848
1.1993236142057548 13.073532900237547 1292.6789334790715 35.11106667456672 0.33947552696198263
1.226281381899493 13.077397610147852 1146.4027618219625 36.711640638440265 0.3446924535860555
1.2532879775825556 13.080550602392108 1017.9103572004627 38.386722051987824 0.350037888320831
1.280335059195099 13.082954505799728 904.6982564298329 40.13888132316453 0.35551030566908925
1.3073904258020765 13.084550068045155 804.9140599784407 42.18569762501447 0.3613329289378553
1.3086167310289012 13.073468480150188 794.3904779852089 45.82102270320294 4.054965105637411
