M[M_sun], R[km], Lambda[1], P_c[MeV/fm^3], rho_c[fm^-3]
0.24162668629717493 15.618656898711224 2160425.4255784233 3.5677272577965504 0.1711233750220791
0.2536449855051083 15.277300877593012 1723132.0702957078 3.7848569071717284 0.17388863799419846
0.26604349605515526 14.98119970359778 1382857.7970777613 4.011479901422282 0.17666760874455956
0.2788218395662687 14.723379902497133 1093872.065763616 4.247851173537259 0.17945894035683638
0.2919784919671885 14.498254282017637 905755.5960206233 4.494596426931844 0.1822692085098435
0.30551586512112155 14.301085623798748 738533.7337767001 4.751873270787077 0.1850941586994657
0.3194352303268048 14.127981608884278 604957.3421385508 5.020360780828666 0.1879403390887
0.33373648305961334 13.97576819505963 497565.90193035954 5.300287380321968 0.19080445799192366
0.3484199764947241 13.841867458210528 410907.43547945074 5.592376753944333 0.19369271195466187
0.3634857534414872 13.723819683722077 340561.70168471703 5.896802445904135 0.19660027945992467
0.3789416950130545 13.619847102515738 283214.6321370605 6.214426036249915 0.19953478830849283
0.39477768173239297 13.528291081785149 236330.48416429694 6.545499664764572 0.20249232261661604
0.41100594856302297 13.447742131270532 197804.02063225152 6.890736389003584 0.20547677319192278
0.4276172336598626 13.376923105243282 166019.2123478684 7.250836820403772 0.2084911295012618
0.444616042322966 13.31479961092954 139750.40064700396 7.626052512578158 0.21153081876304108
0.4619990830138123 13.260436426826535 117928.836433598 8.017347416964924 0.21460223279384125
0.47976958485004784 13.213046523953807 99763.98212620185 8.42542006728139 0.2177069098235923
0.4979303409571798 13.171887340288224 84607.84706735115 8.85070143884672 0.2208421733927627
0.5164734699057424 13.136306210591954 71909.26063799192 9.29408476171301 0.22401171125316557
0.5353950640341189 13.105778539431089 61246.28959844658 9.756446090829082 0.22721830913823202
0.5547061034241852 13.07975327127019 52278.31777095498 10.23858681963596 0.2304632065867511
0.5743925051057275 13.05778030206988 44707.08747203132 10.740989967986746 0.23374325221025236
0.5944537016834863 13.039469588166304 38309.95186687011 11.264902986768147 0.23706465849291264
0.6148965416444703 13.024454248268002 32607.387507351286 11.811259278406755 0.24042897942751115
0.6357045231550389 13.012412084395393 28276.03160053468 12.38103854545005 0.24383784921600318
0.6568807423510782 13.002994945173194 24356.4885727817 12.974910424402136 0.24728899701453935
0.678416128531555 12.995954924031306 21015.435753088474 13.59424087651317 0.2507876432835652
0.700310449116012 12.991035047017407 18160.728536806528 14.240209950474247 0.2543362154432698
0.7225492645104564 12.987990879444212 15718.911271148221 14.914008244247176 0.2579366998538684
0.7451419894688632 12.986651144596843 13625.311642981234 15.616638782477162 0.26158872183605025
0.7680679140634041 12.986761572077134 11828.312033666285 16.349421781960935 0.2652947118988012
0.7913173995848922 12.988155968100465 10282.619521125316 17.11394879802346 0.2690591022322576
0.8148967449374718 12.990688926216185 8950.078407070947 17.91167607534802 0.27288432777663035
0.8387869726567088 12.994148093930027 7802.244659442015 18.743931614097832 0.2767711303321138
0.8629708883103014 12.998419328735057 6809.1346592645605 19.612135690531357 0.280720663108685
0.887456638720539 13.003384543873107 5950.865065861998 20.51833957422981 0.284738961446527
0.912218658825733 13.008874869626556 5207.341116767827 21.464338980389073 0.2888290418469271
0.9372445779316462 13.014781800529981 4562.191736053295 22.451570420828062 0.292990437309076
0.9625318820577101 13.020988450108199 4001.3846220532437 23.482156411418483 0.29722771973094414
0.9880587875243707 13.02736593539823 3513.7770059887507 24.558475075224596 0.30154661619815604
1.0138060831351103 13.033826717609752 3089.712398074551 25.682412185165838 0.30594833173883507
1.0397756845767059 13.0402881891913 2719.241685137495 26.856044683142645 0.310434975716532
1.0659324510477164 13.046611254981052 2396.4170115364655 28.08241678784445 0.3150148733441158
1.0922687250430143 13.05274000145946 2113.8170099256913 29.363516007068675 0.3196879983982801
1.118091704048721 13.058215748623738 1872.575750445638 30.59972999077723 0.40410987013804406
1.1263317682409937 13.045892145733404 1784.605333894735 32.65272357891298 1.0178263465235728
