M[M_sun], R[km], Lambda[1], P_c[MeV/fm^3], rho_c[fm^-3]
0.24162668629717493 15.618656898711224 2160425.4255784233 3.5677272577965504 0.1711233750220791
0.2536443000468679 15.277290262171036 1723210.6562260948 3.7848251712683427 0.17388824242147266
0.2660405665599432 14.981253047822541 1383040.7342189904 4.011413185609574 0.17666680252333597
0.2788158927611806 14.723493892621741 1116433.7968871982 4.247747220087569 0.17945773465347448
0.2919709771675135 14.498393507154377 905822.8974297262 4.494452507378348 0.18226760593221333
0.3055060857191733 14.301211057709802 738631.3160091963 4.751684497644489 0.1850921195892468
0.31942435001751335 14.12809103873437 594868.4722542465 5.020125762867602 0.18793790068664537
0.33372135510169615 13.975960644757066 497680.2088432768 5.299999929288151 0.19080156383698066
0.3484029078210947 13.842011558718383 410996.91187044594 5.592036151447058 0.19368941653180421
0.36346639965072686 13.723988780465758 340627.9590240055 5.896401038802774 0.1965965093594819
0.3789191608075019 13.619995362281147 283307.9271137085 6.2139589659559995 0.19953052918980158
0.3947514392685076 13.528458563463014 236402.51375694663 6.5449674155233755 0.20248765550980427
0.41097692865517715 13.447893272994941 197860.03072876073 6.890128684431061 0.20547159772476983
0.42758567580208956 13.377048823392396 166073.48464841448 7.2501479566915155 0.20848543070831094
0.4445814208265001 13.31491365981133 139788.48689846357 7.625284393035025 0.21152470403757848
0.4619632538199179 13.260556200276358 117976.45546962545 8.016486641987834 0.21459557400348678
0.4797289378164693 13.213143383664981 99802.41706646598 8.424459923263766 0.2176996908828365
0.49788580012752087 13.172005006171181 84641.08851586997 8.849645465462807 0.22083452769428044
0.5164245295473605 13.13639108577466 71935.78086532661 9.292915867707547 0.22400348216649504
0.5353440093458048 13.105832749009334 61273.702763684974 9.755156349103816 0.22720947888368076
0.5546499721390532 13.079824486487315 52297.53567327089 10.237176551985897 0.23045386886901176
0.5743333803804985 13.057848040154024 44728.005378318274 10.73944787838835 0.23373335151735108
0.5943911009359805 13.039516976463936 38324.141086404445 11.263214611756739 0.23705410949528802
0.6148280614728749 13.024497140132947 32898.69436464335 11.809414641695017 0.24041776095859538
0.6356329188665251 13.012428805318162 28290.220134965653 12.379027048262685 0.24382593899189775
0.6568039421486216 13.003033610658532 24370.09582973295 12.97274130399581 0.2472765992117865
0.6783360927041368 12.995986260156736 21027.070071937516 13.591883326185977 0.2507745170749689
0.7002251362000168 12.99105634591197 18171.724800327356 14.237651326609496 0.25432233478392985
0.722459366357659 12.98799100088104 15728.595698410318 14.911235090734358 0.257922037145898
0.7450466743266074 12.986644758660464 13632.683403255143 15.613663839976446 0.26157351590334393
0.7679698104191272 12.986748073209796 11835.956880246302 16.34620475695667 0.2652786758360127
0.7912138268998713 12.988138027600511 10287.930063779233 17.11047354125219 0.26904220323539957
0.8147873581698553 12.99067303750702 8955.731123533686 17.90792536671691 0.27286653093236424
0.8386709608399119 12.99413316402709 7806.860324488948 18.739922090900826 0.2767527086476066
0.8628517633734718 12.998401656918185 6814.003003275395 19.60781521013753 0.2807012798379423
0.8873330135985101 13.003361580816833 5954.795148605894 20.513687337428372 0.2847185746235224
0.9120901680378403 13.00885654483696 5210.846284182617 21.45933276348464 0.2888076066758776
0.9371101103207606 13.014749498924575 4564.940192965752 22.446231080195332 0.29296826072784715
0.9623943609258779 13.020950649980858 4004.3088131425193 23.476416929683037 0.2972044099902503
0.9879155430836786 13.02733275563167 3516.3276950519003 24.55230843075704 0.30152211904713
1.0136569312789232 13.033799094460385 3091.669200107088 25.675842251268083 0.30592297709862576
1.0396220689322135 13.040250625965552 2721.251889778723 26.84899112539484 0.3104083286454917
1.0657742718853889 13.046574587166138 2398.0006426807995 28.074846580815063 0.3149868678565358
1.0921054511594026 13.052702232548507 2115.585664922798 29.35545598477684 0.3196589872669084
1.118604296663101 13.058544261496055 1868.4662461788887 30.693590576220686 0.32442947763059676
1.145234665982075 13.063998647255014 1651.9405354096366 32.09263476406458 0.3293062917663454
1.1719989838730367 13.069009574225362 1461.9461341133774 33.55454499055833 0.33428722662529226
1.1988556654415987 13.073469882358703 1295.4100851951866 35.08385661258085 0.339385801036988
1.2258024725566414 13.077337480701438 1148.9349550058648 36.682583892799634 0.3445987210225064
1.252797680525999 13.08049619542419 1020.0746150895701 38.35578858356419 0.3499404817942498
1.2798419715151543 13.082933630398196 906.6472851728327 40.10571937130334 0.35540771366872304
1.3068842695272278 13.084523896809534 806.6746092429336 41.937831675943684 0.36101488321436903
1.333922013116333 13.085238030577646 718.5162860971701 43.855623217407356 0.36676399834361834
1.360932104410895 13.085030594290854 640.5805964487105 45.86377165981312 0.37266275222737216
1.3878616433124495 13.083774013236 571.7476767066792 47.96761593159826 0.3787211331860371
1.4147184914616389 13.081482588136767 510.7768497701734 50.171918412045954 0.38494482094532645
1.4414416090611584 13.078028158293325 456.82645606712447 52.481888548977906 0.3913407323145887
1.4680368922593237 13.073429758481058 408.9752986840462 54.90394791633763 0.39792058584785267
1.4944458096697686 13.067563793933184 366.48732611117515 57.44428649265823 0.4046934427539468
1.5206582870929166 13.060417142400913 328.80062917981996 60.10953237548381 0.41166907434433364
1.5466414190260298 13.051931120734267 295.25301766724397 62.906791221585486 0.4188580205013746
1.5723592000087954 13.04204847134222 265.4386190909706 65.84368946334929 0.4262716529201872
1.597782073542765 13.030720746947672 238.89390646832155 68.92842168468553 0.4339222436828329
1.6228693602246143 13.017896302601992 215.2128103105926 72.16980258746655 0.44182303979200643
1.6476208975241202 13.00356045410676 194.07978087580628 75.57732403353675 0.44998834436720475
1.6719698032814534 12.98762351259078 175.21710372958577 79.16090426707235 0.45843229638600874
1.6959065987308357 12.970072277771063 158.3517258953402 82.93077466872545 0.46716833285302445
1.7193869102227195 12.950861741012018 143.2639414018471 86.89965409938117 0.47621792336588326
1.742368990662979 12.929911906250116 129.77552532762616 91.07910606735068 0.48559535152205885
1.764852336444763 12.90727227465556 117.666891941743 95.48325019675076 0.4953226561349147
1.7867792161731486 12.882834435806956 106.81685930056163 100.12572649977916 0.5054172465840564
1.8081166982776349 12.856579078531276 97.07575072797859 105.02307585697218 0.5159048825973266
1.828827250476882 12.828442490968111 88.32197603266683 110.19184039881694 0.5268081030678822
1.8489083100355408 12.798474534601871 80.45536512199877 115.64967538902074 0.5381503680155918
1.8682830643193915 12.766537386331576 73.37936416694619 121.41674741472461 0.5499608505964797
1.8869619142108394 12.732716016705153 67.00150989919163 127.51449447550247 0.5622694037537835
1.9048857787235869 12.696900030571625 61.24936407760717 133.96535458722565 0.5751053133003347
1.9220266913373687 12.659081773849888 56.0688067531194 140.79503450710024 0.5885049558680433
1.9383403877360945 12.61919470749343 51.38669638276347 148.0312054198164 0.6025065703958148
1.9538358590884388 12.577350549759256 47.15757672514997 155.70235597740418 0.6171458821118687
1.968452393294843 12.533419317122023 43.33426235513821 163.8421454447987 0.632470529486955
1.9821674889901135 12.48741849292192 39.8744516960741 172.48437166617757 0.6485221511281863
1.9949580128231201 12.439342824233574 36.74299908503473 181.6682868448797 0.6653537824281005
2.0067934378786916 12.38918261317745 33.89961976506658 191.43591751144334 0.6830199148504666
2.0176406494920034 12.336907487988636 31.324669873793752 201.8333011256832 0.7015797861625119
2.0274761221205244 12.28252240714401 28.988194504292828 212.91036365728087 0.7210959877162196
2.036285872282237 12.22605759766685 26.867548923898486 224.7226475385357 0.741639024582153
2.044030513104982 12.167461485759038 24.939909209232553 237.33126693225265 0.7632858581951
2.050690218877231 12.106754919404791 23.185879178655316 250.8031196720807 0.786119176973212
2.0562639936430895 12.044008777344468 21.59200969074026 265.21136492086254 0.8102273208550049
2.060709176534974 11.97915997570093 20.14001570627655 280.63760965065995 0.8357095320238492
2.0640151147929475 11.912262815914142 18.8195468583208 297.1717244008456 0.8626732200499116
2.066175207931903 11.843362882635427 17.616653190613007 314.91406860437735 0.8912387917825044
2.0671677854570856 11.772469329909502 16.521476733027107 333.97400875601556 0.9215319523127733
