M[M_sun], R[km], Lambda[1], P_c[MeV/fm^3], rho_c[fm^-3]
0.24162668629717493 15.618656898711224 2160425.4255784233 3.5677272577965504 0.1711233750220791
0.2536383525072302 15.277425013678522 1723138.7667033137 3.7847331413525858 0.17388709531296945
0.266029970475785 14.981494663975832 1383271.5059500358 4.011219723078669 0.17666446464282373
0.2787996239430355 14.723814876103875 1116665.5543477614 4.247445782602068 0.17945423843289926
0.2919483038879124 14.498754807342356 906175.640483278 4.494035187885147 0.18226295898280173
0.3054774917790886 14.301609449037866 738924.4569812955 4.75113712957786 0.18508620696945952
0.31938772620834704 14.128535413439026 605316.8797698849 5.019444317235069 0.18793083042519398
0.3336793659814019 13.976399876385125 497963.79954325105 5.299166469487244 0.19079317227974543
0.3483540648674419 13.842407022406224 411242.15438487614 5.591048599682075 0.19367986169681187
0.3634094491927433 13.724365379659925 340872.9501980965 5.895237213132518 0.19658557846249505
0.37885474773606437 13.62041254247153 283516.1858269469 6.212604787081903 0.19951818070900731
0.39467889552646457 13.528836016242384 236601.53780798937 6.543424292560919 0.20247412440608054
0.4108971790731071 13.448210564638458 198035.69309626636 6.888366833855919 0.20545659306594002
0.42712536895616127 13.378424922585388 166845.01600731577 7.21993412036255 0.23408088925089665
0.4415847643432396 13.319691955634271 143605.95025589602 7.651432958445182 0.2860495675635109
0.45491217273183787 13.26519692126521 125177.2758781486 8.081795897694313 0.32807348578501405
0.46741958653762616 13.212293791921876 110009.93634145212 8.546035832776463 0.36865097079145215
0.47933756399474736 13.159479027166691 96175.72627028271 9.044647149163762 0.4076278713800975
0.4908640926787998 13.106039718877804 86220.43645041919 9.578022742880806 0.4449421589843173
0.5021267334788797 13.051339631717912 76627.51206105019 10.146540934148861 0.4806042459788529
0.5133054382459321 12.995494549131111 68152.1088388102 10.750630908516031 0.5146756826324362
0.5244845477784055 12.93833908738069 60617.27464842561 11.390818553224396 0.5472500740663483
0.5357710624383438 12.880110432910762 53878.557448814565 12.067756744212716 0.578437060997223
0.5472448866051611 12.820943101370851 47826.52522822857 12.782243941380795 0.6083473288167114
0.5589915320220046 12.761170781970772 42395.37163854696 13.535232022862383 0.6370636955477
0.5710587559832906 12.701081074319054 37516.17079081266 14.327826668042785 0.6645108522343661
0.5834946118978287 12.640868880207428 33138.88076932728 15.15929253683618 0.6909339460487004
0.5963610458140203 12.581042190519966 29210.64596419108 16.030347667969004 0.7165728460613882
0.6096605721453905 12.52170213518127 25706.163018966425 16.94477197432662 0.7417528691415247
0.623436974396414 12.463296562424114 22584.5838994505 17.904497033155717 0.7665693248734444
0.6377043885230022 12.405921706814322 19807.659509897057 18.905453901563103 0.7907082113489704
0.6524782316391063 12.349877466856254 17347.301762106163 19.95473078957466 0.8146296021043808
0.667772911283942 12.295383754289382 15174.540166233588 21.052314009508972 0.8382874614372554
0.6835807216426897 12.242547170720982 13258.489317075097 22.198414752234797 0.8616621072764554
0.699923915910649 12.191693155120554 11574.627953965817 23.397588326254333 0.884957842113408
0.7167620306704984 12.142262079353896 10095.760638966762 24.649470189999576 0.9081156576336262
0.7341217802766584 12.095024176907945 8801.773323384026 25.957089071472353 0.9312410085284676
0.7519800084881295 12.049441368529877 7669.419120500056 27.32484656434742 0.9544656483165193
0.7703497994873861 12.006515587715638 6682.586002905725 28.75043440173247 0.9776675260834878
0.789176826536032 11.965075357520881 5822.222166089698 30.239960461696512 1.0010326067082906
0.8084777867689351 11.925733902108092 5073.281788403379 31.796233303940134 1.0246093275578227
0.8282088260451717 11.888198932193486 4422.172267707941 33.42175377008931 1.0484330972961888
0.8483607148734034 11.852448503214172 3855.597197384433 35.1193821065579 1.0725475641514066
0.8689185174141458 11.818475457018982 3363.635507925159 36.89233985682044 1.0970025129304508
0.8898375074494366 11.78608801566864 2936.201696887713 38.74421585461921 1.1218525629994345
0.9111083078784425 11.75521739273451 2564.9219245750965 40.67897629057145 1.1471564154813076
0.9326930287482604 11.725684489419072 2242.3843266945355 42.70097878489738 1.1729764856196163
0.9545605327716439 11.697482900012917 1962.370937805618 44.81499041608961 1.199378814164797
0.9766944192865522 11.670521112478516 1719.1474088557352 47.02620969992538 1.2264331907192485
0.9990447058903472 11.644500692232587 1507.3716806176185 49.33673392982952 1.2541439850031284
1.0215982262423513 11.619453643241693 1323.3331382099727 51.75486956720379 1.2826376524791145
1.0442956812067146 11.595019361646985 1163.120641888504 54.28526754845493 1.3119638601932484
1.067132802151373 11.57142876499013 1023.5550089555961 56.93426493509038 1.3422021145340466
1.0900476498836027 11.548285198267127 901.9519919913284 59.70740944394839 1.3734181821798892
1.1130164617186313 11.525488082853848 795.7473736458356 62.61342103619068 1.4057309689671174
1.1359872819816508 11.50291643516389 703.0276706606245 65.6590923973745 1.4392286902745233
1.1589522947700592 11.480537548070725 621.9843519033092 68.85183597352979 1.474017255943148
1.1818452633126189 11.458156443291633 551.0350652528869 72.20048996918321 1.5102362639186506
1.2046338736843203 11.435663179546847 488.88708181518155 75.71422602876551 1.5480514269727843
1.2272810811160006 11.41290568632683 434.3603281961153 79.40300359194592 1.5876779401346117
1.249753331629434 11.389832178177306 386.51478457011825 83.27815357570643 1.6294154825159337
1.271997675501681 11.36630101067282 344.4640608986123 87.35191735693915 1.673696124483896
1.2939815679227176 11.342181419262289 307.42920769093155 91.63409929815614 1.7212161955103877
1.3156528024530287 11.317430631084143 274.79536345284896 96.14146131464963 1.7732268660223955
1.3369850435199881 11.291913040044 246.04135001039774 100.88610440168233 1.8323665745346303
1.3579055106077396 11.265528554430619 220.63357537113012 105.8859410111382 1.904964187130991
1.378399113442523 11.238171720544893 198.20146240879703 111.15773964205432 1.9596307752875786
1.3984512509802955 11.209716544357825 178.28645286434138 116.71457661061494 2.0003575304116774
1.418078336899687 11.18020306103186 160.5862269793823 122.57558458539192 2.0430091633522496
1.4372061951858195 11.149514575983101 144.85738759481936 128.76115194825132 2.0876979765907646
1.4557915966993125 11.117636267956245 130.87026105023583 135.2943548688948 2.134553915410122
1.473818972195188 11.084409411938926 118.42553302444053 142.20033960311093 2.183717310554384
1.4912188871037102 11.049950609403421 107.32284719849342 149.50613704626426 2.2353339392741205
1.5079890264909304 11.013989401650111 97.42515697469267 157.2404369758538 2.289552540672966
1.5240523085797875 10.976653341838102 88.5609088680824 165.43501554939408 2.346538569808251
1.539393433081522 10.937758609771706 80.65595627582637 174.1249792493476 2.4064752248597405
1.553980238245829 10.89728729672228 73.57489056183323 183.34892681104697 2.469563413677616
1.567766717614376 10.855260731167567 67.22579146477608 193.1463810823491 2.535993083179522
1.580730866204747 10.811573317197883 61.5338812967087 203.56398940522064 2.6060045870736763
1.592843883751225 10.766195514701927 56.42098750685083 214.65100669234747 2.67983957965617
1.6040656913425773 10.719082687335229 51.82593290349147 226.46193336927467 2.757765155866436
1.614370094185017 10.670167357695227 47.69508981853561 239.05488057378392 2.8400526186542194
1.623728110145973 10.619538052131464 43.965628144071125 252.49685491003626 2.9270301537685937
1.6321362645489619 10.567133782869861 40.60495939404746 266.8590448846452 3.0190272972919714
1.639550144707689 10.512895678445537 37.57639535357416 282.2207137225662 3.1164114034780983
1.6459558909397929 10.456861593892278 34.83671404412286 298.669586954511 3.2195858546000244
1.6513473992760066 10.398998338032877 32.36258494682064 316.30161312553264 3.328979637213224
1.6556913282184063 10.339344979877731 30.123201503233876 335.22358778702994 3.4450683198064107
1.6589842218848343 10.277901294969514 28.094785569586968 355.5533315218289 3.5683659676708035
1.6612133749747278 10.214696347479487 26.257191829331994 377.42267961767766 3.6994486678069762
1.6623589140737167 10.149758050410178 24.595077706866373 400.9763973722678 3.838927241827953
1.6624398053942184 10.08310052459372 23.085259330741813 426.37651439320945 3.9874831725631874
