M[M_sun], R[km], Lambda[1], P_c[MeV/fm^3], rho_c[fm^-3]
0.24162668629717493 15.618656898711224 2160425.4255784233 3.5677272577965504 0.1711233750220791
0.25364388196155424 15.277283017372886 1723187.9129757043 3.7848179001560904 0.17388815179056613
0.2660397632022591 14.981262658499173 1383060.274160823 4.011397900252463 0.17666661780881607
0.2788151747553585 14.723505429241744 1116423.4699455565 4.247723403329376 0.17945745841497052
0.29196915884854363 14.498453290462262 905914.0492250461 4.4944195342194515 0.18226723876843634
0.3055051441136992 14.301195094690941 738674.6194774471 4.751641248459555 0.18509165241550718
0.31942068625121073 14.128137913122915 605148.7790884451 5.020071919041927 0.18793734203617218
0.33371765696688255 13.975989576557913 497704.6061259515 5.299934073223447 0.19080090077568407
0.348398994210959 13.842043581056792 411015.69115867116 5.591958118686139 0.19368866154337624
0.3634614810579962 13.724006261257353 340661.8055225694 5.8963090761883645 0.196595645627146
0.3789147427264985 13.620012617536696 279388.8212093586 6.213851960569859 0.19952955342952286
0.3947466205855706 13.528469142827428 236413.4493929977 6.544845478433724 0.20248658628625696
0.41097150628209994 13.447897125950359 197876.77549820108 6.8899894615974935 0.20547041204469657
0.42757889193295556 13.377067995704989 166083.75154019898 7.249990141618981 0.20848412514466041
0.4445734253963584 13.314941024046288 139808.50830191182 7.625108421879561 0.2115233031940319
0.4619544367266227 13.26057838120352 117987.40051902454 8.01628944532678 0.21459404852788688
0.47971902964636515 13.213179220864937 99817.45143015074 8.424239963335435 0.2176980370916738
0.49787546859257964 13.1719952653251 84645.68814255686 8.84940355326999 0.22083277614664332
0.5164137050183175 13.136410069666105 71941.26385950466 9.292648088273396 0.2240015969825845
0.5353309221001256 13.105856385736987 61278.836716746984 9.754860886753262 0.22720745599203154
0.5546371286294297 13.079829319037403 52302.570022501226 10.236851480713156 0.23045170402114604
0.5743200955675608 13.057873332342911 44732.22748469457 10.73909461061537 0.2337310834288199
0.5943761279575924 13.039533567674471 38330.085486655196 11.26282783473042 0.23705169290542835
0.6148123109961181 13.024510379727793 32903.031288532555 11.808992070444488 0.24041519102034759
0.6356168221924321 13.012434408736041 28294.208200644985 12.378566255260337 0.24382321060233864
0.6567853323733829 13.003023209516456 24177.929984151062 12.972244405281096 0.24727375914249608
0.6783157298321114 12.995991620489491 21029.226994825844 13.59134326552395 0.25077151016189364
0.7002029803205486 12.991077319577318 18173.319223621864 14.237065208183571 0.2543191550628637
0.7224378980215905 12.988005020230679 15731.02063038286 14.910599832662134 0.2579186782970078
0.7450250627838154 12.986657719466471 13635.160196351802 15.612982360679514 0.2615700326332211
0.7679460715623566 12.98675081994511 11837.430740064621 16.34546782756341 0.2652750024278156
0.7911893310701711 12.988130359785192 10289.446817681523 17.109677463136887 0.26903833217709955
0.8147619767754412 12.99066541071785 8956.849197059322 17.907066196034144 0.27286245422890815
0.8386460360349081 12.99412853268504 7808.179592723594 18.739003638458325 0.2767484888338534
0.8628258531026434 12.998390236080965 6815.144348430468 19.606825533535996 0.2806968397831876
0.88729638756667 13.003367475470416 5955.565536030188 20.512621673212152 0.28471390471769303
0.9120605307555746 13.008837617604081 5211.644729759046 21.458186022000874 0.28880269666092556
0.9370800980119199 13.014737403241304 4565.668219266092 22.445008038418486 0.2929631809086005
0.9623570812264086 13.020933684183882 4004.944859920699 23.47510223894091 0.2971990706405138
0.9878810217199275 13.027334130261904 3516.788893121398 24.55089590271408 0.30151650774377386
1.013623497872698 13.033787935321575 3092.1928744762017 25.674337353716993 0.3059171694091492
1.039587917194471 13.040239072854401 2721.709193745774 26.847375460218892 0.3104022249533891
1.0657374959716595 13.046564080409752 2398.581277182572 28.073112584896883 0.31498045305163525
1.0920684848333997 13.052696170262255 2115.8446616811893 29.353609803810674 0.31965234214899113
1.1185658616062895 13.058533684881056 1868.764515435606 30.69161016816223 0.3244224916128433
1.1451966933808435 13.063987431078305 1652.2293565797436 32.090526592668475 0.32929904829707496
1.17195876440485 13.069001082599897 1462.1843595249168 33.55228432666175 0.3342796079548766
1.1988137022133696 13.073466013654567 1295.5390148995266 35.081432786040494 0.33937778609971986
1.225759548662089 13.077326882920751 1149.1949213869152 36.68000393750256 0.3445903984860865
1.2527542287916276 13.080495880325426 1020.2857028420323 38.35304108063053 0.34993182759345925
1.2797952017426215 13.08293826060398 906.7880960868047 40.1027749996268 0.3553986047664069
1.3068389640440616 13.08451782306277 806.8212231525193 41.93469652995719 0.36100540519307933
1.333875330709377 13.085234712704176 718.6677435801918 43.85226214614128 0.3667540075015975
1.3608835896020277 13.085035324426904 640.7017469484088 45.86019170596756 0.37265234220788923
1.3878135115072745 13.083776385265894 571.8725746868888 47.96380180381126 0.37871027694712806
1.4146700762411442 13.081490581442866 510.871300191569 50.1678282862403 0.38493335996207784
1.4413932817954094 13.078036642129753 456.9238822678945 52.47752891824591 0.39132876240201114
1.46798619786862 13.073439938299773 409.05963857878993 54.89929947629404 0.39790807308325904
1.4943952124702404 13.067579879406907 366.58072525464866 57.43932837521656 0.4046803505922183
1.5206072544190166 13.060433477401919 328.87408467995954 60.104242008851095 0.41165536340255576
1.5465902144178818 13.051949076972917 295.3197921090436 62.90114417628782 0.41884364832213206
1.5723062926501474 13.042072664921674 265.4935416611628 65.83765928273166 0.42625657371122433
1.597730527597969 13.0307453145418 238.94638601754679 68.9219796981401 0.4339064080305198
1.6228182379454976 13.017927059478788 215.26464199825705 72.1629177044307 0.44180639434574714
1.647569729227148 13.003590111846982 194.12290760437824 75.56996251605844 0.4499708314915794
1.6719187820104982 12.987658456840398 175.2565964042708 79.15306791861335 0.4584140142747075
1.6958557569568238 12.97011611844896 158.3840778573202 82.92238703178731 0.46714905808776935
1.719336148668022 12.950906350761537 143.29592830157654 86.89067199574703 0.476197583320431
1.742322105463942 12.929967653978112 129.7927457750355 91.06952575832018 0.485574038860851
1.7648023177589411 12.907325914218683 117.69094183911955 95.4729793897652 0.49530011969102866
1.7867282447409818 12.882894090008213 106.8317746531697 100.11475625169277 0.5053935732646168
1.808071051277549 12.85664086059603 97.09890384786928 105.011349280378 0.515879981187349
1.828780268215955 12.828510369556064 88.34349912135909 110.17929544325413 0.5267818749028559
1.848858994387543 12.798551682532892 80.47322896922782 115.63619306154851 0.5381225181794277
1.8682473152971997 12.766646895071709 73.38782190531762 121.40230318475685 0.549931447437485
1.886917118210407 12.732802271788296 67.01744561426699 127.49901493342374 0.5622383484714483
1.9048405550368008 12.696992300958483 61.265156222275 133.9487925488547 0.5750726146941232
1.921984950364653 12.659180577767954 56.08187697817424 140.77724562572712 0.5884702963623587
1.9382989340088899 12.619299003950712 51.39724354515355 148.01208316501518 0.6024697877873131
1.9537971260642786 12.577460798602015 47.16691701154167 155.68184632806188 0.6171070142733203
1.968415208431054 12.533539274633844 43.34422812069648 163.82012411089133 0.6324293934522061
1.982132525037033 12.48754420645731 39.884064270569375 172.46063588140532 0.6484783255968214
1.994922523536518 12.439476286848912 36.74877360608905 181.64275056368714 0.6653072677378277
2.006762856175877 12.389321595520155 33.90869951709437 191.40841490162123 0.6829704730789452
2.017611615046594 12.337055195807224 31.33187492655208 201.8036492547722 0.7015271570165609
2.0274494854409597 12.282677023984341 28.994550161096804 212.87843528642878 0.7210401309416277
2.0362626316300703 12.226218957102782 26.87256071489008 224.68814713639458 0.741579389815714
2.044010416118143 12.167631546080441 24.945022242168292 237.29402641853244 0.7632223596982352
2.050672882154861 12.10693442402889 23.190649259704735 250.76286998852106 0.7860514520865026
2.0562491378689156 12.044195847005424 21.596835764429223 265.1677247097609 0.8101547010082889
2.0606982835051486 11.979354140648834 20.144235098782385 280.5904130326346 0.8356321185853711
2.0640072964637164 11.912463897222247 18.823352547530863 297.12051951497523 0.8625902589598531
2.066170974386048 11.843574122058492 17.620865788738985 314.85844426574346 0.8911497481568169
2.067167307967494 11.772691266561113 16.524998289228648 333.9135980867547 0.921436538486246
