M[M_sun], R[km], Lambda[1], P_c[MeV/fm^3], rho_c[fm^-3]
0.24162668629717493 15.618656898711224 2160425.4255784233 3.5677272577965504 0.1711233750220791
0.25364209575609864 15.277344040971716 1683763.252457779 3.784801933228532 0.17388795277051683
0.2660384047400623 14.981286594055264 1383035.2172598734 4.0113643346688015 0.17666621218854658
0.2788111955149576 14.723617641686117 1116578.5969024445 4.247671103600914 0.17945685181693438
0.29196515942277934 14.498509638348411 906009.1097594425 4.494347128051861 0.18226643250895563
0.30549874812309963 14.301331121606548 738747.1256206232 4.751546277434132 0.18509062654717767
0.31941396426045343 14.128219873489236 605150.4303054175 5.019953683675301 0.1879361152986088
0.3337104857081427 13.976039290987583 497730.3124213812 5.299789460832063 0.19079944476885818
0.34839041511744634 13.842074606334585 411047.045859136 5.591786768309113 0.19368700368134165
0.36345209499313513 13.724047502130055 340699.5043971479 5.896107138360536 0.1965937489843324
0.3789034170449029 13.620083257746625 283334.50498240156 6.213616991713981 0.19952741079647818
0.39473350073815916 13.528546337548654 236444.73315341314 6.544577722607548 0.2024842384293818
0.410956864532337 13.44794845914565 197901.27239006275 6.889683750010831 0.20546780847653767
0.42756383646262475 13.377116404273512 166108.3418419281 7.249643605708524 0.20848125834188275
0.4445553001272563 13.31500472677594 139837.56358530527 7.624722019526362 0.21152022718284455
0.46193599806436797 13.260631189696797 118009.36152609746 8.015856437050097 0.21459069885879456
0.47969780644765136 13.213235178769525 99829.67020327365 8.423756972843846 0.21769440567838536
0.4978529284150568 13.17204930010852 84665.53556163466 8.848872361499202 0.22082893009126203
0.5163887301698368 13.136456056944443 71956.67469215614 9.29206009928566 0.223997457503454
0.5353050288001977 13.105890837517023 61292.93935259864 9.75421211412435 0.22720301415119865
0.5546107765745748 13.079863546889232 52316.16371342724 10.236137695800041 0.2304469504920731
0.5742899885373102 13.057876843103125 44743.39512089415 10.738318914848907 0.23372610322171875
0.5943441695385645 13.03955196308685 38337.02241991229 11.261978563353685 0.23704638664249783
0.6147786178715794 13.024527586381886 32912.205811478976 11.808064206749815 0.24040954806097758
0.6355778208913054 13.01244703287018 28302.761495090646 12.377554469576655 0.24381721974422804
0.6567474370036223 13.003046943148865 24184.604992061082 12.971153343863255 0.2472675230828425
0.6782772197310272 12.995986407321896 21035.339466836824 13.590157435898247 0.2507649077802405
0.7001619576117224 12.991073018638419 18178.706180392994 14.235778252620474 0.254312173266124
0.722393169141113 12.988003070521637 15735.081702585776 14.90920498495668 0.25791130321139727
0.7449785706617149 12.98664636272962 13639.644708389158 15.611486028685645 0.26156238437662466
0.7678955262296951 12.986761811621433 11840.123582190461 16.3438497490265 0.2652669367121372
0.79113730560379 12.988126842109706 10293.328432669576 17.107929517904246 0.2690298325113371
0.8147089380272724 12.990655369898473 8959.98802397432 17.905179725623743 0.2728535030616999
0.8385868000531145 12.994129214114759 7810.008399563647 18.736987009848775 0.2767392234688242
0.8627649732106618 12.998385149201823 6817.347190846003 19.604652527376146 0.2806870908749916
0.8872379705817114 13.003324820470517 5958.30071689252 20.51028183174451 0.2847036511695837
0.9119958045784757 13.008822048344129 5213.455250488891 21.455668171382197 0.2887919159537131
0.9370120992400294 13.014718638485352 4567.230029255715 22.44232266664416 0.2929520274030688
0.9622878188674445 13.020917944878681 4006.427695479152 23.47221564894509 0.29718734734085134
0.9878098108633586 13.027318778479188 3518.0846141010993 24.547794508779496 0.3015041873779726
1.0135491079947834 13.033768374546408 3093.5996501335753 25.671033160311946 0.3059044178904474
1.039508449903654 13.040228547216005 2722.738492427148 26.843828076057605 0.31038882357480363
1.0656610894482108 13.04656181281775 2399.34542400103 28.069305406328155 0.3149663686426214
1.0919868064734737 13.052677263601533 2116.7354678193124 29.349556323361217 0.31963775210822276
1.118482003746329 13.058515626744397 1869.4944290531262 30.687261995454012 0.32440715315186053
1.1451096268681504 13.063976187707908 1652.9224438294311 32.0858979183283 0.32928314462794817
1.17186789719983 13.068988901836429 1462.8478545064222 33.54732086170373 0.3342628805662134
1.1987218915617819 13.073450347262828 1296.0436150582118 35.07611110638354 0.33936018874780494
1.2256655210387115 13.077316255470283 1149.6352429172423 36.67433948514912 0.3445721258396327
1.252658727432052 13.080482171731893 1020.7032107277086 38.346968689268095 0.3499125915888236
1.2796974954091715 13.082930832495963 907.1745639143418 40.09631049757396 0.355378605756706
1.306739361210952 13.084519278718316 807.1986462241782 41.92781319817994 0.3609845958382965
1.333774036078382 13.085230333662041 718.9301480648081 43.844882818915146 0.3667320723247744
1.360779593588141 13.085035834013187 640.9765443340033 45.85233184413409 0.3726294867973591
1.3877095307442908 13.083784221862974 572.11805194781 47.95542783901054 0.37868644194013057
1.4145636308835496 13.081501846325885 511.10692175580255 50.158848405180535 0.38490819734574505
1.4412855110615905 13.078053679669917 457.1144026128782 52.467957374926 0.39130248253020206
1.4678774459344532 13.073461383946798 409.2432486008887 54.88909389351325 0.3978806014898472
1.494285521036178 13.067600845082424 366.74149498118453 57.428442943387964 0.40465160705484515
1.5204960429845946 13.060466795301776 329.02755912879803 60.09262717871289 0.4116252614699601
1.5464783186096953 13.051988934404262 295.4574946309761 62.888746320955065 0.418812094794637
1.5721936653573763 13.04211734235102 265.61410743321585 65.82442032567414 0.4262234680693573
1.597617352022748 13.030798889693955 239.06489133175006 68.90783670325762 0.43387164180615
1.6226971709606757 13.017961895188767 215.35813231856812 72.14780242392526 0.4417698504294545
1.647455653926239 13.003662340686207 194.21167174675543 75.55380089126994 0.4499323833692109
1.671804875798936 12.987737981550563 175.3364269332594 79.13586390693247 0.45837387751228276
1.695743535950945 12.97020188601108 158.46351284601195 82.90397280269235 0.4671067422429401
1.7192070047382972 12.950969157374553 143.37161684039143 86.8709527700488 0.47615292897626815
1.742211050236581 12.930081307613083 129.8624250487478 91.0484933275748 0.485527249444202
1.7646916434235906 12.907443768810351 117.75124088208943 95.45043116864886 0.49525064385912626
1.7866195628639279 12.883022299100265 106.88573528987958 100.09067260768215 0.5053416018056811
1.8079603578118635 12.856781296479177 97.1423123688085 104.98560534348827 0.5158253138834022
1.8286731867113972 12.82866382497881 88.38246295414577 110.15172051766457 0.5267241668054906
1.8487550994058546 12.798712005531526 80.51420655672844 115.60659494933323 0.5380613786931142
1.8681446297373714 12.766823636657216 73.42554896730915 121.3705935456335 0.5498668982325162
1.886818294837698 12.732990961321057 67.04907811193128 127.46501576187988 0.5621701124054439
1.9047448188182272 12.697192848850964 61.29606864148445 133.9124340207682 0.5750008316704576
1.9218911209049023 12.659398663075542 56.108220316863026 140.73819403942238 0.5883942090216694
1.9382088110801903 12.61952783036149 51.4212959871245 147.9701046959101 0.6023890401134304
1.9537119849731426 12.57771205615386 47.19491699261374 155.63682239984874 0.6170216894223977
1.9683339492156218 12.533798783419284 43.366539885667365 163.77176370199876 0.6323390281758426
1.9820569627979507 12.487825244541451 39.901944786213114 172.40853038995877 0.648382118503962
1.9948518550600343 12.439766458396587 36.76784536281476 181.58669290920926 0.6652051579429128
2.006688899311455 12.389614679983078 33.92669656769032 191.34804111067862 0.6828619383908929
2.017548594073676 12.337378956749406 31.345240966345806 201.73855782587592 0.7014116261510099
2.027392447603851 12.283017986521466 29.00859054059228 212.80834694750996 0.7209175155859413
2.036211627278224 12.226575485672551 26.885653283354273 224.61241327291162 0.7414484820297161
2.043964634011562 12.168005774842266 24.956175069493316 237.21227812684972 0.7630829713513901
2.050634205574921 12.107326119402524 23.201177287295376 250.6743764900272 0.7859023304545392
2.056210011706472 12.04458397239307 21.60562691159971 265.07192958539656 0.8099952923557673
2.0606756750696196 11.97977986149869 20.155055430297704 280.48681193796546 0.83546218867717
2.0639955073964975 11.91292479262187 18.832178131461895 297.0081207808975 0.8624081528709167
2.0661606098515994 11.844037022824516 17.627615342586033 314.7363454940478 0.8909542920383122
2.067165343554886 11.773172553085972 16.532387147146025 333.78099410923903 0.921227101096091
