M[M_sun], R[km], Lambda[1], P_c[MeV/fm^3], rho_c[fm^-3]
0.24162668629717493 15.618656898711224 2160425.4255784233 3.5677272577965504 0.1711233750220791
0.25364486128757047 15.277257136242481 1723220.4898354379 3.784835214755002 0.17388836760868873
0.2660409852651515 14.981259599009293 1382997.9037952053 4.011434299130192 0.1766670576677723
0.2788171693820645 14.723518783367119 1116437.6392543225 4.247780118055761 0.1794581162203293
0.29197276726674537 14.498360653069083 905824.5894645368 4.494498053175849 0.18226811309523913
0.3055089549798598 14.301158967797734 738618.8894263939 4.751744237893447 0.18509276489795148
0.3194277568435725 14.128055089825455 605028.9848335147 5.020200137748399 0.1879386723547397
0.33372731137642114 13.975857450055342 497641.04467219335 5.300090897039647 0.19080247973129544
0.3484083138350051 13.841965882907989 410968.4733999805 5.5921439393148145 0.19369045940907617
0.3634718734483034 13.72392616137175 340632.0865225771 5.896528068568942 0.19659770244992808
0.3789259707083161 13.619954331913846 283281.2439783618 6.214106775031298 0.19953187703059458
0.3947604687111202 13.528397351225337 236382.4115468519 6.545135850565156 0.20248913245757608
0.4109865359627141 13.447810563335361 197835.14122403285 6.890320997296614 0.20547323554183386
0.42759573725540323 13.377008301115211 166064.26020165472 7.2503659522220385 0.20848723412946749
0.44459163190890555 13.314883980871159 139776.49656881733 7.62552746882507 0.21152663907716446
0.46197531113834656 13.260523647644401 117960.7318242815 8.016759038157765 0.21459768120808403
0.4797414464225886 13.21312423854698 99794.88850159166 8.424763764156127 0.21770197534158528
0.4978983010502442 13.171960219361097 84630.00472934142 8.849979630861071 0.22083694719454175
0.5164398563352621 13.136365844154529 71927.71415401761 9.293285765838704 0.22400608627239885
0.535359987639024 13.10582821019232 61264.209227908286 9.755564488257919 0.2272122732203704
0.5546678425055128 13.079798850017452 52294.52722987751 10.237625592879915 0.2304568593061945
0.5743526535079098 13.057813265221519 44720.69073781114 10.739935869986734 0.2337364845745736
0.5944113037640922 13.039498984499714 38322.10392103008 11.263748893303397 0.23705744769606008
0.6148493902800516 13.024483462556443 32895.11426048831 11.809998369834567 0.24042131099961273
0.6356562083110046 13.012421790317894 28285.382298527642 12.37966357659033 0.243829707923358
0.6568278918784534 13.00300313673056 24365.263581782612 12.973427709448735 0.2472805224238816
0.6783609914754685 12.995970204315336 21022.69513232278 13.592629356660739 0.2507786707727789
0.7002520262458808 12.991056828423282 18168.09232026705 14.238460982671755 0.25432672720758287
0.7224873915692144 12.988001988730874 15725.335014600192 14.91211263001338 0.2579266770268571
0.7450771752686719 12.98663903489915 13630.693713963969 15.614605230910025 0.26157832766934713
0.7679991485656483 12.986764987743298 11833.501517211549 16.347222749036394 0.2652837502712089
0.7912465001720677 12.988135354759688 10286.389630329886 17.111573244186268 0.2690475507183773
0.8148233832559689 12.990671735423145 8953.74137094039 17.90911222900633 0.2728721625090628
0.838707394729924 12.994134737454125 7805.687520412428 18.74119084810755 0.27675853793049887
0.8628889513424116 12.998421909944051 6812.269380807822 19.60918236068393 0.28070741338022726
0.8873718754239559 13.003366514656499 5953.654841043555 20.515159462184887 0.284725025702462
0.912126176127233 13.008882355267044 5209.436995676628 21.460916893997975 0.2888143894639921
0.9371528438273097 13.014746404187754 4563.962708162793 22.4479206171803 0.29297527810260626
0.9624381729223895 13.02096370050338 4003.4349198907603 23.478233077657876 0.29721178590680625
0.9879602021638662 13.027345283540194 3515.459405101444 24.554259739223586 0.30152987066933795
1.0137050742420057 13.033800483785562 3090.908444175491 25.677921166478658 0.3059310000327998
1.03967114137311 13.040267017060083 2720.5621043863816 26.85122306504413 0.3104167605115824
1.065823800983619 13.046584656429715 2397.4417912415274 28.07724199384266 0.3149957295309303
1.0921568039286476 13.052718263727577 2114.969543376113 29.358006380790957 0.3196681671266081
1.1186571532375962 13.058551274198539 1867.803405588599 30.69632640751386 0.3244391284527609
1.1452900314766563 13.064007655952738 1651.5480961282353 32.09554710075194 0.32931629826834957
1.1720561040723254 13.069015534475387 1461.5555147216191 33.557667997617784 0.33429775148107815
1.1989133803293084 13.073476011203278 1294.9845088383377 35.08720503177518 0.33939687335150515
1.2258606882077507 13.07734172818059 1148.6639290745527 36.686148006446736 0.344610218301419
1.252857658937479 13.080501373664378 1019.8602490621643 38.35958285730272 0.3499524295985085
1.279901979931808 13.082939143703294 906.3981061570995 40.10978693585338 0.3554202973545554
1.306946583969623 13.084528201797783 806.5069142209533 41.94216280093409 0.3610279768613776
1.333985395263922 13.085243088398395 718.3261357866539 43.86026646749759 0.3667778004841986
1.3609956992248284 13.085030663645849 640.3930991317651 45.86871730490641 0.37267713349148834
1.387927531985396 13.083769786851903 571.5897356766794 47.97288509839063 0.3787361309356522
1.4147784688289624 13.081465079397057 510.6405902731602 50.17756888556471 0.38496065419482106
1.441509436242113 13.078021604021453 456.7109179952959 52.48791135832085 0.3913572686924928
1.4681053971565476 13.073417205089338 408.8686763246456 54.9103697329837 0.3979378722233254
1.4945153561973703 13.067547727328005 366.3872184646535 57.45113614866618 0.4047115296196364
1.5207279676391894 13.060398639368676 328.7236967166622 60.11684105694995 0.41168801611397116
1.5467121293103663 13.051904525543492 295.1769822015309 62.914592681407626 0.41887787583686553
1.5724284426712658 13.042019698067529 265.36059316019697 65.85202025544494 0.42629248509136114
1.5978427122409464 13.03068121658953 238.82145459539404 68.93732142207696 0.4339441209633914
1.6229400174221629 13.01785942889672 215.1577378291815 72.1793142269408 0.44184603589562677
1.647692330840499 13.003515000069699 194.02067204041873 75.5874941899246 0.4500125389282359
1.6720409109048526 12.987577441653098 175.1625425054113 79.17173044791612 0.4584575537420577
1.6959779816067102 12.970017514737131 158.30367390334538 82.94236251445257 0.46719496168875607
1.7194583655978657 12.950799978538196 143.22307850444844 86.91206326909165 0.47624602402984983
1.742434095644205 12.929822674666326 129.73249914668008 91.09234172597033 0.48562479599061675
1.7649220128452294 12.90719595028763 117.63215535732193 95.4974398659183 0.49535379143746744
1.7868476931388897 12.882757691737268 106.7852788628204 100.14088253539398 0.5054499526513873
1.808185717451224 12.856491202832066 97.0467090717684 105.03927686090255 0.5159392854631314
1.8288986766557438 12.828357851295573 88.29495201747288 110.20917210727008 0.5268443390598887
1.8489714446085397 12.798370846291844 80.4296205958452 115.66830221961801 0.5381888446199806
1.8683474309082257 12.76642582570321 73.35607010093273 121.4367032611767 0.5500014733868542
1.887022490844619 12.732600212788483 66.98101672891517 127.53581551173545 0.5623120761197374
1.9049451789156107 12.696773282485553 61.23194887410524 133.98823652623727 0.5751504893527226
1.9220845266277422 12.65894680619523 56.051097717437955 140.8196115435627 0.5885528412812467
1.9383963336344376 12.619049550397863 51.37052408138046 148.05762475424604 0.602557389300034
1.9538906483023781 12.57719705274924 47.145225058928844 155.73069225224953 0.6171995821892018
1.9685048035185053 12.533253573591017 43.32329236541544 163.87257040109262 0.6325273635581611
1.9822166013515847 12.487246898592263 39.863989623848745 172.517165487536 0.6485827013337224
1.9950019970640989 12.439156960123583 36.73029733104902 181.70356842633473 0.6654180483179276
2.006836364777196 12.388988308117954 33.88994578528906 191.4739160010947 0.6830882251910362
2.0176725511558677 12.336705805096294 31.31717090279728 201.7927527434251 0.7012472622094676
2.020353020119177 12.293041351913061 29.947749473835945 215.41753366345648 1.9375531050487302
