M[M_sun], R[km], Lambda[1], P_c[MeV/fm^3], rho_c[fm^-3]
0.24162668629717493 15.618656898711224 2160425.4255784233 3.5677272577965504 0.1711233750220791
0.2536410753981373 15.277387054315488 1723247.5284394033 3.784783132864374 0.17388771843304718
0.26603571708883506 14.981323118196402 1383092.2164559907 4.011324812908496 0.17666573459139745
0.2788085606754483 14.723643719983258 1116623.6228722003 4.247609523729612 0.17945613758322615
0.2919607175711789 14.498540865506797 906031.0677666778 4.49426187454749 0.18226548319139815
0.30549344188593014 14.30138999979016 738788.9121515151 4.751434455988037 0.18508941866214543
0.31940663355108384 14.128324741821237 605233.5299006957 5.019814470985421 0.1879346709132201
0.3337031140346057 13.976104884907674 497820.1419807836 5.299619192337229 0.19079773044764173
0.3483810229264764 13.842182674054486 411110.9070003171 5.5915850193058425 0.19368505170423578
0.36344002320083885 13.724153447023149 340751.65332680044 5.895869376910731 0.19659151587848017
0.378890454902957 13.620158297659605 283392.8103868093 6.213340341183219 0.19952488807674654
0.394718688920891 13.528623221029004 236481.6241486243 6.54426247064265 0.2024814740955342
0.4109401918901032 13.448049552463841 197940.95247783983 6.889323811539881 0.20546474308947674
0.42754410075256516 13.377208569724766 166139.75983801455 7.24923560386542 0.20847788304719667
0.44453654182587843 13.31506304665453 139863.68415824388 7.624267082365552 0.21151660559052088
0.46191307239352103 13.260701858828241 118034.94156198774 8.01534663051331 0.21458675509307165
0.479673500482231 13.213281339854964 99858.6856913878 8.423188322447686 0.2176901302223649
0.49782775398270834 13.172091244154553 84686.44408650119 8.848246964257017 0.22082440194801692
0.5163599808753768 13.136511667074176 71974.30766710814 9.291367835821772 0.22399258392551066
0.5352739883157678 13.105939853194123 61307.83922950176 9.753448291811829 0.2271977846193324
0.5545765881043146 13.07990307479004 52331.31669992407 10.23529733691714 0.23044135402973803
0.5742547523364615 13.057929943588727 44755.00172519671 10.73740567090786 0.23372023991272964
0.594306125956911 13.039584062860827 38351.179725232694 11.26097870265877 0.23704013949478223
0.6147385429528063 13.024553455789995 32921.84522764871 11.806971824021563 0.2404029045513895
0.6355341270669894 13.012489892780906 28310.260612902028 12.376363291180695 0.2438101666885566
0.6566996269502001 13.003071840511963 24386.893233901523 12.969868839785494 0.2472601813842697
0.6782284703419847 12.996017304555137 21042.405770081565 13.588761368995954 0.2507571348537572
0.7001111478387763 12.991086113844027 18185.217138602584 14.23426313925105 0.25430395370214975
0.7223400766033897 12.987998173182396 15740.102144317105 14.907562860716217 0.2579026206815345
0.7449214615731292 12.986657854776452 13643.630262955701 15.609724437090335 0.26155338028889935
0.7678361819604369 12.986753481216933 11844.340257262733 16.341944838835396 0.26525744121260253
0.7910758916975086 12.988122596609355 10296.87502033837 17.10587173117415 0.2690198261912937
0.8146426495296962 12.990657350403188 8963.29431704674 17.902958870831867 0.2728429652645112
0.8385192882665569 12.994117123168737 7813.131868983454 18.734612936411416 0.2767283158297581
0.8626969337548664 12.998374403439039 6820.101550225934 19.602094372731862 0.28067561404844643
0.887160863691446 13.003331880100111 5960.070320049268 20.507527286751788 0.28469158032632663
0.9119191377630176 13.008807674425821 5215.50386746454 21.45270408413326 0.2887792245904743
0.9369334972425362 13.014694918887741 4569.217078885405 22.439161382854852 0.2929388972299701
0.9622058388501428 13.020894032902623 4008.2956603089515 23.468817505344646 0.2971735464700031
0.9877247546842975 13.027290920876377 3519.6977846878167 24.544143514934394 0.3014896837126342
1.0134602825802466 13.033746378320783 3094.683961278179 25.667143446599283 0.30588940673611364
1.039418892244425 13.040199261131441 2723.927612907177 26.839652100887765 0.31037304749257794
1.0655673592639916 13.046536475567418 2400.2965236920168 28.064823627550535 0.3149497885940962
1.0918895633856507 13.052656521942643 2117.6703022537354 29.34478462246872 0.319620576914849
1.1183823100115602 13.058495556562216 1870.3851644146043 30.682143417123633 0.32438909703512453
1.1450077157700482 13.063950667763931 1653.691131823804 32.08044916543306 0.3292644232496807
1.1717656619359547 13.068969787274284 1463.5769094405578 33.541478037341754 0.33424318964569316
1.1986152794798595 13.073428335325904 1296.7156679023099 35.06984664189307 0.3393394738620351
1.225556990714417 13.07730251494718 1150.186557044473 36.66767155578632 0.3445506161316816
1.252546026619604 13.08047406040528 1021.205101537658 38.339820597759434 0.3498899480019416
1.2795839983663744 13.082911724541319 907.660135307105 40.08870087350695 0.3553550641220538
1.3066217539967235 13.084512979777067 807.6106636289045 41.919710595073745 0.3609601004415675
1.3336545325076676 13.085232227715284 719.3112219658278 43.83619641921629 0.3667062518525943
1.360658179808788 13.085041697953304 641.2896109122266 45.84307984437533 0.37260258323884976
1.3875852234042974 13.083791455397202 572.4168102833993 47.945570732494204 0.37865838543304187
1.4144372061310853 13.081514277028715 511.365874419763 50.14827813835659 0.38487857829323685
1.4411656297265945 13.078091519755516 457.3724530171539 52.456690723432665 0.3912715485264509
1.4677491189380727 13.07348675635707 409.46390225600425 54.877080984819315 0.39784826490011765
1.4941566154220456 13.06763372198257 366.9422993066585 57.415629865957 0.4046177734710425
1.5203652073966407 13.06050384473866 329.1984206330528 60.07895562045336 0.4115898291545229
1.5463469645156211 13.052035141661515 295.6242431986307 62.87415317160174 0.41877495406932597
1.5720612627839354 13.042169492830649 265.76309682869737 65.80883723908512 0.42618450064302926
1.597483472420444 13.030863610351116 239.18959448948843 68.89118961512243 0.43383072003491135
1.6225709610832184 13.01806314540126 215.4850451740683 72.13001101982631 0.4417268365018011
1.6473222621790917 13.003744115438202 194.31974236730636 75.53477801941168 0.44988712840787004
1.6716719585049336 12.987833056219122 175.4375530799953 79.11561422185747 0.4583266352286742
1.6956103978482058 12.97030719332473 158.54444592882018 82.88229880669981 0.46705693546327415
1.7190743823233547 12.95108187021465 143.4495781698276 86.84774293094826 0.4761003701101635
1.7420804689393845 12.93020666494781 129.93797581767686 91.02373798294876 0.48547217791452385
1.7645654436232543 12.907590620087785 117.81178594043871 95.42389193029351 0.49519241084425064
1.786492047610546 12.883172353265381 106.94777119883499 100.06232636987308 0.5052804318542559
1.8078331589819385 12.85694488362712 97.19773127239645 104.95530516766208 0.5157609713965237
1.8285573875041314 12.828861384329082 88.4381930541627 110.11917798108405 0.5266559199505167
1.8486325339397118 12.79890401163297 80.56105841898798 115.57175902388776 0.5379894196920976
1.868024751808474 12.767029987335642 73.46700192215832 121.33327271551414 0.5497909266989517
1.8867016548383118 12.733215126546126 67.08618032057629 127.4250005725265 0.5620898022396984
1.9046307222567282 12.697429924336138 61.327044179352534 133.86964230414716 0.5749163475351377
1.921766054410423 12.659602030764088 56.14034154301419 140.69223315186198 0.5883046597346595
1.9381105209240443 12.619826892817043 51.4525102952462 147.9206995125255 0.602294006785129
1.9536071756589093 12.57797843481361 47.21848505952426 155.58383339165948 0.6169212699476044
1.9682381178325055 12.534103532402167 43.38968046544144 163.71470340984305 0.6322321865430627
1.9819662998520207 12.488147371808603 39.92495296701382 172.3472081437304 0.6482688936811369
1.9947635408388784 12.440107401112721 36.78808393163669 181.52072001371843 0.6650849873990102
2.0066092829555755 12.389976081754247 33.94327603150491 191.2769893272398 0.682734207747667
2.017474724411887 12.337760039169659 31.364600129519 201.6619547687626 0.7012756632809023
2.027326073827821 12.28342126914555 29.024976153642466 212.7258640268702 0.7207732166510784
2.0361514294752827 12.22699596597588 26.900668364444492 224.52328739754404 0.7412944258323572
2.0439113500057267 12.168449391744993 24.97095020053731 237.1160752643059 0.7629189366334074
2.050587884577096 12.107788454390635 23.21382950711541 250.57019316252985 0.7857267009138635
2.056172123570816 12.045064817550923 21.616797574218186 264.9591986654304 0.8098077015554151
2.0606425413468354 11.98028805736389 20.163717447699863 280.36476075755223 0.835261776063189
2.063974451084956 11.913449830901673 18.84191472176812 296.87585385071094 0.8621938567442784
2.0661477767237306 11.844583338156562 17.637206427475157 314.5926656692961 0.8907242888985313
2.067161662223557 11.77374337724788 16.54094937642227 333.62495417301807 0.9209806484812121
