M[M_sun], R[km], Lambda[1], P_c[MeV/fm^3], rho_c[fm^-3]
0.24162668629717493 15.618656898711224 2160425.4255784233 3.5677272577965504 0.1711233750220791
0.2536450384526309 15.277273960369605 1723099.9977296314 3.7848405283722606 0.17388843384036448
0.26604182987188296 14.981221563453714 1382887.716843314 4.011445469503017 0.17666719265513559
0.27881823161729385 14.723461917506073 1116403.3060260387 4.247797523186702 0.17945831809361926
0.2919740018287803 14.498346631119642 905806.8149693948 4.4945221498833945 0.1822683814176702
0.30551080635290295 14.301145982320891 738583.0283642134 4.751775844481589 0.18509310630942552
0.31942892696577546 14.128065257160548 605033.4353365074 5.020239487138033 0.18793908061984463
0.33372812129809326 13.975900940128513 497635.98811963794 5.3001390253196385 0.1908029643032157
0.34841107865096166 13.841937877246368 410937.7588143896 5.5922009667509105 0.1936910111652081
0.36347537115490297 13.723907024880008 340615.8788818456 5.8965952765115945 0.1965983336811482
0.37892961669608033 13.619948504150253 283253.2035100787 6.214184976935956 0.19953259013780383
0.39476497393640153 13.528360859801532 236384.12003390433 6.545224965339131 0.20248991387375567
0.41099110417567 13.447789780078699 197827.42599531947 6.89042274548998 0.20547410207214553
0.4276009797412274 13.376984300386457 166047.30058300003 7.250481288798637 0.20848818827940746
0.4445979601091313 13.314858809778407 139774.80670072822 7.625656075099552 0.2115276628658029
0.4619796918392557 13.260524100960838 117953.66998334503 8.016903157585812 0.21459879608837554
0.4797487943468395 13.213086907249826 99788.44475016357 8.424924520763629 0.21770318400654007
0.49790700755798284 13.171935550805566 84622.29394489231 8.850156431989976 0.22083822731025635
0.5164492222307948 13.136335414876557 71923.0825351695 9.293481473016879 0.22400746406313413
0.5353699025196795 13.105786974677635 61260.57415528052 9.755780428675523 0.22721375166277324
0.5546772530118135 13.079785809950636 52291.03816515856 10.23786156655018 0.23045842083269338
0.5743625304381389 13.057802992538287 44718.13466870796 10.740194060323882 0.23373814223651546
0.5944215565236225 13.03952484739274 38318.16194797122 11.264031575762568 0.23705921390118045
0.6148612192282757 13.024477290332815 32891.597786516686 11.810307214682735 0.24042318929158585
0.6356680239458983 13.012424981905719 28284.220805093875 12.380000358311568 0.24383170203291968
0.6568406411824714 13.002997135746925 24362.832001652037 12.973790881467364 0.2472825981662144
0.6783747506564459 12.995964788607013 21021.03425389466 13.593024076780006 0.2507808684686511
0.7002659121534663 12.991057815364028 18166.51351346619 14.238889367723207 0.25432905121739435
0.7225020296268824 12.98800708082879 15723.43869219876 14.912576932856089 0.2579291319710068
0.7450929184746128 12.986643980668553 13629.426433625138 15.615103318420067 0.2615808735623039
0.7680170744094326 12.986752909057845 11832.369671740238 16.347761367307744 0.26528643514820144
0.7912646543933709 12.988146026082406 10286.398906303708 17.112155096964006 0.2690503800714036
0.8148415305423132 12.990670842615422 8953.060278167313 17.909740199312804 0.27287514218326503
0.8387264060803374 12.994142378226021 7804.927936992954 18.741862150441708 0.2767616222173832
0.8629096002214682 12.998412424096406 6811.45014663417 19.609905724915492 0.2807106586593323
0.8873935172726952 13.003365376358945 5952.928053267558 20.5159383705472 0.28472843899967726
0.9121522458351672 13.00885815683939 5209.154276592437 21.46175506720904 0.28881797827895783
0.9371750956184426 13.014755218908522 4563.40701525907 22.44881456338544 0.2929789910462066
0.9624624146937885 13.020966418719466 4002.829650238351 23.479194017035216 0.29721568856714053
0.9879841242537687 13.027351734591717 3515.0473028630436 24.55529219575079 0.3015339721289904
1.013729266481647 13.033811463329796 3090.4918312812456 25.679021143217263 0.3059352450548777
1.0396960379931217 13.040266006184773 2720.2142582455504 26.852404011678928 0.3104212219153161
1.0658500668171114 13.046598714119522 2397.137980962943 28.078509439490787 0.31500041836351034
1.0921853616124912 13.052724212690725 2114.695588261163 29.359355832846028 0.3196730243254386
1.1186856645376226 13.058558727006186 1867.542878645272 30.697773979876217 0.32444423485806945
1.1453196209285361 13.064012143437175 1651.341956772948 32.09708806822144 0.3293215928807956
1.1720856913442912 13.069018933253906 1461.3221230724312 33.55932043880365 0.33430332037824834
1.1989429360692936 13.073478422055995 1294.7918470639322 35.08897674749075 0.3394027319350633
1.2258909798638795 13.077344020692179 1148.5016980222404 36.688033854566974 0.3446163017555319
1.2528900437066715 13.080510442422833 1019.6473263485043 38.3615904924868 0.3499587514492381
1.279934597454386 13.082943234467596 906.2738672247992 40.11193918133551 0.3554269556830583
1.3069872157388522 13.084550102547398 806.3935212846678 41.94445450780747 0.3610349050384479
1.334019617759914 13.085238440317593 718.1759241642054 43.86272333464582 0.36678510356396127
1.3610283150684355 13.085029743271921 640.2799257350398 45.87133418352303 0.37268474301902943
1.3879621600024623 13.083764992156432 571.508493001631 47.97567316810987 0.3787440666820817
1.414813988085766 13.081459511450817 510.5891303456618 50.18055872476681 0.38496903205375244
1.4415457607924338 13.078014066889967 456.63521603261825 52.49109821987354 0.3913660186203027
1.468140874886652 13.073410887528066 408.7930100445568 54.913767730823885 0.3979470190223946
1.4945523736495687 13.067537130625542 366.3406142508559 57.45476054011928 0.4047211000099367
1.5207646547966616 13.06038521249427 328.6740095457433 60.120708345115 0.4116980388905669
1.5467489132823222 13.051892512321372 295.12912306728333 62.91872072775925 0.41888838204302464
1.5724661398701096 13.042005320531752 265.3210049198158 65.8564284037915 0.42630350820895446
1.5978800022248405 13.03066246415158 238.7899844379891 68.94203063515072 0.4339556971224502
1.622977865952683 13.01784008695002 215.11478208611604 72.18434723705305 0.44185820410515325
1.6477308380418827 13.00349084793174 193.9787171506992 75.59287566529676 0.45002534133061434
1.672078114189092 12.987550522352684 175.1409867085713 79.17745906924739 0.4584709185500839
1.6960158798471319 12.969986741539849 158.27414665293944 82.94849418640543 0.46720905225304543
1.7194946091948393 12.950769341677882 143.19732433208299 86.91862956324371 0.47626089345542605
1.7424769499606918 12.929818095470699 129.7065212682295 91.09934537521666 0.48564037653223924
1.7649586126361807 12.907157751197847 117.60753199934054 95.50494835538886 0.4953702667399301
1.7868846738352657 12.882715865800677 106.76419318048684 100.14890240345372 0.505467259178728
1.808220976621916 12.856443603837706 97.03049573186058 105.04784970403915 0.5159574899135013
1.8289343139749716 12.82830779545339 88.28074721069379 110.21834329773176 0.5268635135795362
1.8490090460479411 12.79831429609469 80.4204499444649 115.67815876985647 0.5382092048515393
1.8683802759368673 12.766366596561866 73.34195493967451 121.44726310770325 0.5500229693646302
1.887056176244319 12.73253707370052 66.96891620342626 127.54709779734213 0.5623346567211184
1.904977197656983 12.696706371439843 61.22316610086469 134.00034482654823 0.5751743948971303
1.9221165152506918 12.658874912771275 56.04352577825138 140.83261687737323 0.5885781806171881
1.9384260369583246 12.618972226292609 51.36211756153168 148.07160502379222 0.6025842810440679
1.9539191204353323 12.577113155482714 47.1372483405059 155.7456869591281 0.617227998659728
1.96853163933856 12.533172167349145 43.31657550337935 163.88867043539702 0.6325574385560423
1.9822424437314468 12.487156291007363 39.85727653693486 172.5345191329399 0.6486147429425524
1.9950271864899523 12.439059896692248 36.725429812016266 181.7222386050444 0.665452056307324
2.0068588220069405 12.388885769859153 33.88450756000373 191.4940239869789 0.6831243735584193
2.017700212781159 12.336596194492477 31.31041172368449 201.8959488771261 0.701690979741632
2.0275323156948444 12.28220146811412 28.97578652306673 212.97782155033605 0.7212140012642422
2.0363358879612385 12.225712798181457 26.85531880358939 224.79554008867592 0.7417650210903959
2.0440742130549068 12.167103652170915 24.928892086249807 237.40994931560678 0.7634200188866056
2.050727109208876 12.106378295700052 23.17517219255991 250.88816046322313 0.7862622682334763
2.0562945374424095 12.043613422040195 21.583087239516274 265.30350878685203 0.8103805559725384
2.0607336016518314 11.978747322230092 20.131767224156608 280.7373295960379 0.8358730959438831
2.0640322377235005 11.91183463359323 18.811390997448388 297.27991409990454 0.862848506747938
2.0661861312381964 11.842915884699627 17.60954020564409 315.0315970142181 0.8914269316506003
2.067171915282283 11.772007932630117 16.515445569478842 334.10165119258795 0.9217335533453335
