M[M_sun], R[km], Lambda[1], P_c[MeV/fm^3], rho_c[fm^-3]
0.24162668629717493 15.618656898711224 2160425.4255784233 3.5677272577965504 0.1711233750220791
0.2536435497922231 15.27728398967213 1723190.4220098224 3.7848121522904825 0.1738880801461942
0.26603910119725316 14.98128759054436 1383084.9565328716 4.011385817099162 0.17666647179103942
0.27881366581633016 14.723568012441582 1116465.1385496478 4.247704576104086 0.17945724004752917
0.2919669724468498 14.498471089335096 905925.2566697284 4.494393468889329 0.18226694852493597
0.3055032241491078 14.30123468658576 738722.4679412271 4.7516070599955285 0.18509128311484602
0.3194181191554428 14.128161536281459 605105.6911503002 5.020029355612202 0.1879369004241608
0.33371486603247835 13.975990039516933 497671.36975743255 5.299882014262536 0.19080037662832913
0.3483959032287739 13.842069688844724 411031.6354577768 5.591896434225218 0.19368806472924802
0.36345742158695227 13.724075020864088 340678.7550799748 5.8962363804175055 0.196594962853082
0.37891037189282695 13.62009920211989 283321.65006247297 6.213767373784813 0.19952878209989236
0.3947416879687193 13.528516495135337 236418.24776373332 6.544749088466697 0.20248574107646258
0.4109654863606484 13.447916162286596 197877.88912988003 6.889879407672141 0.20546947477928595
0.42757432117492417 13.377072303840482 166098.0151915856 7.2498653910268285 0.20848309311498237
0.44456754401232035 13.314956108511096 139820.8169314807 7.6249693194268735 0.21152219584906592
0.46194856381393656 13.260602352546831 117990.86933005166 8.016133564772147 0.21459284266577278
0.47971133615641876 13.21318451541752 99829.6408650179 8.424066089176579 0.2176967298010708
0.4978671826357013 13.172018018660651 84653.14398157079 8.849212326614774 0.22083139158395468
0.5164045244514186 13.136428128625537 71947.26840173172 9.292436414530318 0.22400010678623694
0.535322290534963 13.105862246325113 61283.728459877624 9.754627330757394 0.22720585694405543
0.5546281248614444 13.079823506831152 52308.262043852636 10.236594520094718 0.2304499927636679
0.5743086850694022 13.05785883269739 44734.95392857803 10.738815361870989 0.23372929056538055
0.594362824534585 13.039554134543812 38333.04905899164 11.262522098440337 0.23704978265955523
0.6148003046962273 13.024515800615319 32907.41416106997 11.808658040515073 0.24041315956106013
0.6356011492669624 13.012436630789695 28297.69937971713 12.378202012922424 0.243821053896428
0.6567712472551368 13.00302930293848 24374.29600631055 12.971851623189846 0.24727151416113038
0.6783031887651753 12.995979150721457 21031.396417976808 13.590916366199474 0.2507691333008282
0.7001894662950551 12.991066085481588 18175.423877904912 14.23660190272665 0.25431664160814826
0.7224221879435553 12.987994164561314 15732.273882633084 14.910097685110253 0.25791602325361507
0.7450081794641767 12.98665179933247 13636.167571973181 15.61244367789918 0.26156727924417045
0.767927035200512 12.986754558667458 11837.316785746485 16.34488531483184 0.26527209874794794
0.791171267373922 12.988130510463625 10291.060000209747 17.109048197029075 0.2690352722691046
0.8147440850614374 12.990664766642402 8958.102654017306 17.906387059308994 0.2728592317737079
0.8386248548191142 12.994128989874424 7809.17954523671 18.738277643318618 0.2767451532618264
0.8628055287519734 12.998393578961903 6816.114792416844 19.60604324052862 0.2806933301278299
0.8872773120848848 13.003347882989395 5956.660401483935 20.511779317297226 0.28471021338346447
0.9120368733732586 13.008839236876913 5212.2699094092395 21.457279580322442 0.2887988155401522
0.9370554054515714 13.014724103799608 4566.249757972322 22.44404128681439 0.292959165572822
0.9623322100791168 13.020932068634712 4005.208621042021 23.474063045730414 0.2971948501681116
0.9878549972834594 13.027321911463066 3517.2776717845354 24.549779376679588 0.3015120723158786
1.0135970421706162 13.033780136851648 3092.5243404548287 25.673147816687596 0.30591257875666084
1.0395588051096267 13.040235123936416 2722.081431701563 26.84609837034576 0.31039740033781343
1.0657094666594384 13.046561450137085 2398.8697854273055 28.07174196439038 0.3149753825303902
1.0920388872742306 13.052694785666626 2116.2894411799657 29.352150510270246 0.3196470895882564
1.1185356832585018 13.058523325644128 1869.0458200758906 30.69004477974415 0.3244169696037639
1.145166118972737 13.063978012994099 1652.504884079479 32.08886021833239 0.32929332279898743
1.1719280176180615 13.06899453931033 1462.5210877948916 33.55049742081 0.3342735858979185
1.1987818076635288 13.073455670948032 1295.7240735876417 35.07951691524438 0.3393714508343909
1.2257254635753725 13.077328671538748 1149.3044094245172 36.67796466129402 0.34458382009671096
1.252720410128801 13.080490446391039 1020.4335318610758 38.35085493708196 0.3499249023699477
1.2797592249634542 13.08293568430459 906.9341695621963 40.100447687386975 0.35539140483984166
1.3068035424696285 13.084522206022484 806.950155049438 41.93221842929557 0.3609979135193486
1.3338387001448138 13.085234884882741 718.7979390888173 43.849605474748806 0.36674611050028977
1.3608454742010119 13.085034360198144 640.7395933923106 45.85736203023937 0.3726441138952541
1.3877752996646338 13.083777846526395 571.9464050487167 47.960787037947 0.3787016959502908
1.4146319447752214 13.081491235608073 510.96181044258043 50.16459537403817 0.3849243009858132
1.4413543462035194 13.078040598761424 456.9998494346945 52.474082991645126 0.39131930117864255
1.4679475331902767 13.073447286456489 409.122242584449 54.89562527788055 0.39789818280192013
1.4943515751322467 13.067592413829257 366.6076987755799 57.435409411743386 0.4046700023694901
1.520567521920477 13.060446656146496 328.927655568003 60.1000604405945 0.41164452611227204
1.5465499897071235 13.051963971655416 295.3701127607497 62.8966806953639 0.4188322884083182
1.5722660591819286 13.042087183905352 265.5382089091869 65.83289297914322 0.426244654982359
1.597689690167829 13.030764249911126 238.99038663526275 68.91688791217591 0.4338938914330986
1.6227772302000378 13.017948765434689 215.29829085726539 72.1574758638677 0.4417932377148834
1.6475287719748906 13.003615826801699 194.15744649292176 75.56414395642791 0.44995698927610844
1.6718767678005424 12.987688038693545 175.28155665509712 79.14687406497876 0.45839956408504035
1.6958146727091712 12.97014633220131 158.4091718800513 82.91575745718217 0.4671338233446352
1.7192800667099153 12.950908186583371 143.3265732207198 86.88357257506821 0.4761815066255749
1.742281995929831 12.930009937671958 129.8144095112542 91.0619535364052 0.48555719345432485
1.764762489642841 12.907367740631946 117.71447667698548 95.46486142555968 0.4952823070649084
1.7866899431131673 12.882940900381435 106.85185727406197 100.10608547680536 0.5053748621085806
1.8080293010139559 12.85669238921543 97.11169829016335 105.00208073527098 0.5158602994123866
1.8287414115680196 12.828566021674009 88.35792182431612 110.16938008811387 0.526761144532819
1.8488220033416427 12.798609352333404 80.48842254767143 115.62553685498155 0.5381005061338345
1.8682098608125515 12.766709586397486 73.4021412331691 121.3908867394423 0.549908207738485
1.8868821459048701 12.732869409525957 67.02977680346856 127.4867741574081 0.5622137813316558
1.9048062260439587 12.697064492189748 61.274815547773784 133.9357023022413 0.5750467704828228
1.9219507212838043 12.65925874926557 56.09118953491608 140.76318575591094 0.5884429023892586
1.938266691352235 12.619380559709802 51.407575143486575 147.9969694811021 0.6024407158643537
1.9537660152806458 12.577550395361454 47.17482429315225 155.66563613623262 0.6170762943371407
1.9683861843676675 12.533632610941696 43.3520845285969 163.802719185219 0.6323968809064051
1.982104917620423 12.487645412353327 39.88635999126238 172.4418759790085 0.648443687488211
1.994898843156832 12.439580172300245 36.756987735842166 181.6225676827971 0.6652705043404349
2.0067305992766267 12.389416036750417 33.91520681635911 191.38667798785661 0.6829313963683755
2.017589379309234 12.33717173566761 31.33703561954774 201.7802137405358 0.7014855612905141
2.027429213544522 12.28279911909749 28.99977973268087 212.8532006161117 0.7209959843956503
2.036244540484311 12.226346540892026 26.877440709552538 224.66087976191056 0.7415322575097743
2.0439942579641244 12.167765808383386 24.94899919059167 237.26459350967738 0.7631721738848842
2.050658422741594 12.107075823087907 23.194678522736506 250.7310322062541 0.7859978391857019
2.056236134662939 12.044343771419115 21.598756650388264 265.1332341100629 0.8100973066465299
2.060688954397207 11.979508734252384 20.147518036754303 280.55311181176285 0.8355709359013582
2.0639999171724805 11.91262722839601 18.82624162387102 297.0800505927837 0.8625246920546362
2.0661673280080417 11.843740521637933 17.623571209001653 314.8144827064311 0.8910793743469311
2.0671667539040146 11.772862016218083 16.527900552789305 333.86585396632074 0.9213611304617939
