M[M_sun], R[km], Lambda[1], P_c[MeV/fm^3], rho_c[fm^-3]
0.24162668629717493 15.618656898711224 2160425.4255784233 3.5677272577965504 0.1711233750220791
0.2536436997914832 15.277284002871804 1723152.3343617485 3.7848138317687834 0.17388810108008101
0.2660384378879853 14.981312552986584 1382948.47771841 4.011389347692889 0.176666514456181
0.2788140432481031 14.7235322897675 1116417.556607806 4.247710077253732 0.17945730385257502
0.29196773704210743 14.49845482684524 905896.6522328367 4.494401084944087 0.18226703333147332
0.3055037967871381 14.301228448913026 738657.8317803555 4.7516170495495995 0.18509139102109534
0.31941905155854544 14.128163850840846 605126.8596138282 5.0200417922454825 0.1879370294590312
0.3337161825519024 13.975976357739818 497695.4370333991 5.299897225389814 0.190800529779141
0.34839680634547715 13.84206206425556 411026.9702843686 5.591914457819009 0.19368823911247607
0.36345718906651453 13.724054523570178 340671.33068575774 5.896257621393218 0.19659516235282096
0.37891188070521226 13.620026972302519 283322.76064714027 6.213792089178689 0.19952900747452523
0.3947430941513039 13.528486649760323 236420.9382816613 6.544777252611973 0.20248598803796877
0.41096709772622914 13.447902331570942 195382.32625618906 6.889911564262157 0.2054697486383005
0.4275762058816509 13.377060262265807 166088.52018942143 7.2499018418025845 0.20848339466290866
0.4445695025761931 13.31498149948796 139815.33304526075 7.625009963636879 0.21152251940311173
0.4619489719011369 13.260599505550525 117992.51574698338 8.016179111329356 0.2145931950052156
0.47971350722217376 13.21318168186765 99825.82030292337 8.424116893230625 0.21769711177653447
0.4978696002312681 13.172009400320013 84652.11436915543 8.849268200838885 0.22083179613721046
0.5164069944187758 13.136431479651533 71944.6787994043 9.292498263117716 0.22400054220414803
0.535324897714046 13.105865685577761 61282.81313560655 9.75469557303857 0.22720632416683512
0.554630660262757 13.079839856892306 52305.66607693594 10.236669600879564 0.23045049277240587
0.5743119327202407 13.057856033917432 44734.97223717933 10.738896954931544 0.23372981441810367
0.5943657804733622 13.039555341483023 38331.751555269984 11.262611430780103 0.23705034080963067
0.6148035762734152 13.024514678044953 32905.986158121304 11.80875563984195 0.2404137531278084
0.6356048165065715 13.012439747859048 28297.631555981792 12.378308439865721 0.24382168405825644
0.6567758867401706 13.003024490950649 24373.808789299328 12.971966389021794 0.24727217011556385
0.6783067748933436 12.995981231979696 21031.02447097078 13.591041100565269 0.25076982778835855
0.700194051901673 12.991055494689732 18175.547220403907 14.236737274399399 0.25431737600607973
0.7224265879090546 12.98800860093169 15732.047729370513 14.910244405831646 0.2579167990213759
0.7450136363229245 12.986647081960774 13636.250757462056 15.612601073637242 0.2615680837467787
0.7679318666785406 12.986759996762112 11837.918801096135 16.345055516973776 0.2652729471629373
0.7911759223692679 12.988140601008233 10290.297105521464 17.109232059741906 0.26903616633121596
0.8147496066753463 12.990665363315484 8899.245624551717 17.90658549338828 0.2728601733292254
0.8386314305249197 12.994123280105645 7808.658297833993 18.73848976864835 0.27674612786795993
0.8628108649951571 12.998395628420615 6815.809785725813 19.606271815137926 0.28069435559794736
0.8872849656617133 13.003336565752083 5956.362169279834 20.512025441253034 0.28471129193680095
0.9120437848124034 13.008840568318666 5212.096441182825 21.45754442901942 0.2887999495455759
0.9370624191340049 13.014728626183034 4566.112633731639 22.444323757020303 0.29296033879324324
0.962339170908577 13.020927796315151 4005.216388305878 23.474366682079193 0.29719608332554315
0.9878636933000549 13.027326506579124 3517.182869024095 24.55010560827972 0.30151336827915654
1.01360419937305 13.033779423222066 3092.418862831472 25.67349538078234 0.30591392007343954
1.0395675217607838 13.040236565014213 2721.928920483101 26.846471515759887 0.3103988100139959
1.065717111462448 13.046561374438928 2398.8026713047398 28.072142437701224 0.31497686405530617
1.0920475507742227 13.052692752794448 2116.0726448913274 29.352576892183972 0.31964862430134594
1.1185444183006232 13.058527693323464 1868.9820844089927 30.690502160545304 0.32441858304417753
1.145174137667413 13.06398318118794 1652.4435864371587 32.089347105288056 0.3292949956946107
1.1719362158937185 13.069005538881878 1462.3934730635242 33.55101952470842 0.33427534544188736
1.1987901105052792 13.073455817686265 1295.6598103238746 35.08007670013564 0.33937330189126824
1.2257351746625678 13.077322613318087 1149.3016502952744 36.6785605028028 0.344585742189184
1.2527301055820208 13.080487030633332 1020.3899602573462 38.351493690239984 0.3499269257999237
1.279770795894056 13.082935755181111 906.8802953999881 40.10112768717584 0.3553935085320151
1.3068135632504236 13.084523314943516 806.9215107177242 41.93294248637345 0.36100010245358927
1.3338500483834264 13.08523712977234 718.7837743284347 43.85038170643781 0.36674841786230694
1.3608570819285166 13.085035778330287 640.7661413432731 45.85818881016842 0.3726465180589782
1.3877863072670982 13.083777515690493 571.9299878059024 47.96166789729142 0.3787042031603326
1.4146429487461645 13.08148849590869 510.9219064298713 50.1655399709938 0.38492694785057957
1.4413651572513482 13.078039497889069 456.9797729762185 52.47508982678392 0.39132206557070515
1.4679587453557235 13.07344527660265 409.1169803574087 54.896698809032316 0.3979010725547103
1.4943678382360965 13.06758315990865 366.6243049919313 57.436554457811795 0.40467302592197557
1.5205792879509328 13.060442582721821 328.9111632221236 60.10128221388394 0.41164769255868305
1.5465617502039253 13.051959015242058 295.3564684542263 62.89798483713094 0.4188356075527992
1.572277650481422 13.042083485145122 265.524877221913 65.8342855987331 0.426248137399078
1.5977015810466484 13.030758557678777 238.98023495301425 68.9183756301461 0.43389754853240325
1.6227886994440304 13.017943577303255 215.28676300417956 72.1590658595524 0.44179708181616795
1.6475408712675605 13.003607952419152 194.14111612372034 75.56584402044867 0.4499610336881252
1.671889355619568 12.987678648005765 175.27196756927896 79.14868378099742 0.4584037861318074
1.6958266502583703 12.97013834431787 158.4021875161182 82.91769448024581 0.46713827461799395
1.7192922804886408 12.950898812175007 143.32082098663597 86.8856468755545 0.47618620389560107
1.7422935969264164 12.929996635500546 129.80770346066663 91.06416597776023 0.4855621153219694
1.764773438302169 12.907355802681398 117.70498864243388 95.46723331900996 0.4952875115287564
1.7867025328081818 12.882924927779658 106.84836367461683 100.1086188875638 0.5053803290990885
1.8080401128047214 12.856676913716383 97.10638375592661 105.00478879919294 0.5158660499918012
1.828753024334186 12.828549595530616 88.35278518352965 110.17227713317202 0.5267672014833991
1.8488329226110942 12.798592571660551 80.48300431055993 115.62865035715191 0.5381069375549314
1.868220293637398 12.766692058702905 73.39666867005151 121.3942223631468 0.5499149978459777
1.886891590728658 12.732849636446684 67.02462943609821 127.49035062832434 0.5622209592802475
1.9048164213757224 12.697043602197898 61.27150686850859 133.9395269655471 0.5750543215557359
1.9219606813830101 12.659235770090874 56.0889914536279 140.76729371631075 0.5884509062582958
1.9382755239472653 12.619357388721857 51.404389913391135 148.00138533644883 0.6024492099818156
1.9537764948771656 12.577522948118467 47.17413256325151 155.67037236036725 0.6170852699559786
1.9683941260638578 12.533605769136729 43.34969835457473 163.80780447654354 0.6324063802728611
1.9821131824060165 12.487615832021929 39.88819188410885 172.44735715501707 0.6484538078804114
1.9949049573088655 12.439549661699889 36.753589222131765 181.62846461140867 0.6652812456776664
2.006744405895 12.389399665615988 33.910075406856016 191.39302895867456 0.6829428135847834
2.0175952289164796 12.337138089403059 31.33584604044598 201.78706099118722 0.7014977144849948
2.0274351250629445 12.282763591718057 28.997806106654906 212.86057352558558 0.7210088828596677
2.0362492832280137 12.226309062147616 26.8758293815932 224.6688465644759 0.7415460283176711
2.0439990200435516 12.16772656990888 24.947757864663025 237.27319301369917 0.7631868368292053
2.050662605106774 12.10703485091014 23.192996200660417 250.74034520212606 0.7860135387916426
2.056239645436518 12.04430050745544 21.598172734338956 265.1433113090187 0.8101140756910652
2.060692738493767 11.979462702314683 20.146131276758823 280.5640101828501 0.835588811766515
2.064002032389672 11.912579885734322 18.825494803334948 297.09187446096405 0.8625438488397023
2.066168610597474 11.843691817492548 17.622668371712187 314.8273270052997 0.8910999355431406
2.0671668453328107 11.772812691843 16.52720087169949 333.87980340052576 0.9213831624788479
