M[M_sun], R[km], Lambda[1], P_c[MeV/fm^3], rho_c[fm^-3]
0.24162668629717493 15.618656898711224 2160425.4255784233 3.5677272577965504 0.1711233750220791
0.2536437645057648 15.277277196533406 1723238.5106760436 3.78481450772278 0.1738881095055215
0.26603940815194776 14.981263515441587 1382990.1536364034 4.01139076868177 0.176666531627993
0.278814237081865 14.723538387974816 1116433.2755547664 4.247712291350405 0.17945732953275986
0.2919673103785953 14.498484974162487 905939.5342864072 4.49440415024672 0.18226706746432955
0.305503925442041 14.301228430218488 738662.131439725 4.7516210701377295 0.18509143445112056
0.3194196279451421 14.128149271312772 605122.8407082892 5.020046797734204 0.18793708139290863
0.3337161887283317 13.97603238103681 497726.84880049585 5.299903347557714 0.19080059141921324
0.3483971698339021 13.842058995464093 411025.0926864568 5.59192171195 0.19368830929818895
0.3634587418326568 13.724026608784705 340668.79160772753 5.8962661704586115 0.19659524264745232
0.3789123032107088 13.620027298941277 283321.64992090873 6.21380203663146 0.199529098183317
0.3947440676011008 13.528477725044675 236415.1037065289 6.544788588122473 0.20248608743508234
0.41096776056287543 13.447924743896772 197887.9596437305 6.889924506657623 0.20546985886117136
0.4275754515208095 13.377080315039787 166085.81729215462 7.249916512529125 0.20848351603006954
0.4445698026893983 13.314951329334756 139817.0148632748 7.625026322144638 0.21152264962735198
0.46195045884528796 13.260594431042227 117985.80522822536 8.016197442943954 0.21459333681507498
0.47971400343637993 13.213180901731855 99816.58641708648 8.424137340894507 0.21769726551438157
0.49787130159906345 13.172000473448694 84652.52843007231 8.849290689157156 0.22083195896224328
0.5164078556692966 13.136427383324373 71944.80943379355 9.292523156013507 0.2240007174516863
0.5353261454307644 13.10585642807861 61280.49174042185 9.754723039286407 0.22720651221530652
0.5546335676824269 13.079819961234872 52306.25637113699 10.236699819509122 0.23045069401669038
0.5743132137718603 13.05785454211611 44733.5883880308 10.738929794642345 0.2337300252592195
0.5943684368325154 13.039570905566558 38332.591914730576 11.262647385422124 0.23705056545488465
0.6148054049506589 13.024512787058292 32905.57022447204 11.80879492181045 0.2404139920277174
0.6356078361906925 13.012429604857727 28295.4100708336 12.378351274806356 0.2438219376871184
0.6567769410328024 13.003042196392185 24179.6539417107 12.972012580230277 0.24727243412556996
0.6783084356618782 12.995990697198547 21029.84885392119 13.591091303949991 0.2507701073073544
0.7001956843240321 12.9910560691122 18175.33272629661 14.236791759132789 0.2543176715884175
0.7224289873436013 12.98800712630086 15732.056615617437 14.910303458380561 0.25791711125446204
0.7450155603974121 12.986640772408261 13635.715764530245 15.612664422714783 0.26156840754524197
0.7679343465927987 12.986751318689866 11837.885372934668 16.3451240204338 0.26527328863550426
0.7911781171759208 12.988134452236565 10290.344132231809 17.10930606137617 0.26903652617610435
0.8147514894388774 12.990661984748874 8957.443969493768 17.90666535978085 0.2728605522895474
0.8386342320845416 12.994125248041508 7808.687125505264 18.738575145565715 0.27674652013072
0.862813103023207 12.998396110366343 6815.5877129420005 19.606363812650947 0.28069476833276846
0.88728840532416 13.00334543978603 5956.551679220448 20.512124502125943 0.2847117260369057
0.9120463015085934 13.008844969010436 5211.989737945556 21.45765102633502 0.28880040596441214
0.9370659807059815 13.014729588363013 4565.959438171105 22.444437446742864 0.29296081099562565
0.9623422934461557 13.02092732752662 4005.1123246457887 23.474488890880863 0.2971965796517985
0.9878679497577619 13.027318741197952 3517.2339885585666 24.550236911361072 0.30151388988396627
1.0136075624077532 13.033779863629707 3092.331166454472 25.6736352699003 0.3059144599324869
1.0395704236802175 13.040232916356413 2721.8771571792477 26.846621701017593 0.3103993773868557
1.0657205716938665 13.046567994024045 2398.759058605372 28.072303622077953 0.31497746034640406
1.092050906855326 13.052695790709024 2116.1615391535547 29.352748504431315 0.31964924200006595
1.1185471664338034 13.058530363187414 1868.8989026482416 30.690686249447822 0.3244192324297098
1.1451781550330444 13.063984819427716 1652.3903226866682 32.08954307003826 0.3292956690101906
1.17194037393248 13.068996851442673 1462.359217855694 33.551229663839436 0.3342760536324251
1.198794399108419 13.073457223864661 1295.6576295557618 35.080302005404405 0.3393740469147117
1.2257395636911612 13.077329156149052 1149.2823375243763 36.67880032041609 0.3445865158036815
1.2527344407848917 13.080490144921928 1020.3786165776115 38.35175077928192 0.349927740201649
1.2797755497108247 13.082935347086565 906.8850832417072 40.101401377493836 0.355394355238425
1.3068176382423309 13.084524914419825 806.9008446333017 41.93323390923133 0.36100098346903897
1.333853515189557 13.085235468833327 718.7356021484163 43.85069412898533 0.36674934654369123
1.3608677788265429 13.085029992366756 642.4944393291819 45.85852157780672 0.3726474857020673
1.3877908019739054 13.08377868684446 571.9186313254118 47.96202243128813 0.3787052122785333
1.414647477284012 13.081488141103033 510.9238216812811 50.16592015869379 0.3849280131784125
1.4413707020248878 13.07803975909647 456.977932783763 52.47549506468066 0.3913231782021401
1.4679640974570414 13.073445090126727 409.09491286148887 54.89713089136698 0.39790223564264693
1.4943684471570444 13.06758725168281 366.59072720718575 57.437015324156256 0.40467424286304
1.5205835664419125 13.06044100541348 328.9037881423296 60.101773962152066 0.411648967013242
1.5465665133533542 13.051958479168258 295.35030005929445 62.89850973788804 0.4188369434669575
1.5722823912118604 13.042081770749892 265.5271441403446 65.83484611094829 0.42624953902887236
1.597706353111145 13.030756281466145 238.97423037078372 68.91897441855006 0.4338990204704316
1.62279233863478 13.01794235938445 215.2838706387608 72.1597058137811 0.44179862902091593
1.6475452098773202 13.003606117903304 194.14052072859465 75.56652827617991 0.4499626615162941
1.6718943231407009 12.987674515233481 175.2716925962542 79.1494121706516 0.45840548545653725
1.6958309889872842 12.970134256310974 158.39767186825392 82.9184741098823 0.4671400662046279
1.719296493230791 12.950893919949772 143.31405123081714 86.88648175819759 0.4761880944940176
1.7422978662104052 12.92999375025699 129.8071671863005 91.06505646093494 0.48556409631925807
1.7647782317569083 12.907349813058385 117.70537248581529 95.46818798038693 0.495289606268983
1.7867062095434194 12.882921493878351 106.84394058826055 100.10963855837271 0.505382529504457
1.8080452269232334 12.85667112365381 97.10724477818961 105.00587876655436 0.5158683645397779
1.828756843808751 12.828543243218002 88.35058360136466 110.17344316403269 0.5267696393437555
1.8488372919281686 12.798585838037312 80.48190060599391 115.62990351049977 0.5381095261373182
1.868225665837301 12.766683835679052 73.39741222722675 121.39556491888165 0.5499177307974621
1.886896307903744 12.73284177686095 67.024170770129 127.49179012346876 0.5622238483355164
1.9048215756654179 12.697035257554095 61.2716182073292 133.94106635649177 0.5750573607914373
1.9219642792972123 12.659227274100465 56.086652880952634 140.76894713261834 0.5884541277420254
1.9382796827982012 12.619347767185523 51.404402461039176 148.00316267869863 0.6024526287880614
1.9537797003248851 12.577512691806684 47.17387944177327 155.67227864923126 0.617088882564198
1.9683975913665668 12.5335947711664 43.34857111503364 163.80985126307007 0.6324102036871027
1.9821155305533404 12.487604716151607 39.88918354499223 172.4495632832079 0.6484578812549028
1.994908854860896 12.439536670497 36.75342234570892 181.63083807805435 0.6652855689800715
2.006747346979358 12.38938727290487 33.908745957528815 191.39558517530998 0.6829474089260861
2.0175978113617337 12.33712466355702 31.33426093093366 201.78981695844064 0.7015026060550158
2.0274383315623106 12.28274909790149 28.997953277594515 212.863541068457 0.7210140743983788
2.03625446986044 12.226293282867784 26.87606977266933 224.67205314731686 0.7415515709724496
2.044000961204301 12.167710738594874 24.948100270910608 237.2766542568623 0.7631927385667536
2.0506640807768384 12.107017912144098 23.19288522372218 250.74409362388383 0.7860198577834371
2.0562402122754393 12.044283704855657 21.597398266728753 265.14736732067803 0.8101208251301156
2.060692501994839 11.979445788664675 20.14583619619662 280.5683967144998 0.8355960066993768
2.0640035383952244 11.912560388206586 18.825442982283587 297.0966335036982 0.862551559341662
2.0661689899199676 11.843672583598298 17.62225969863712 314.8324967701669 0.8911082113198785
2.0671670886475777 11.772792550753856 16.527126319780024 333.8854179813626 0.9213920302607901
