M[M_sun], R[km], Lambda[1], P_c[MeV/fm^3], rho_c[fm^-3]
0.24162668629717493 15.618656898711224 2160425.4255784233 3.5677272577965504 0.1711233750220791
0.25363426558747426 15.277520189694128 1723541.1323828148 3.784643197545261 0.17388597420680146
0.266019812840556 14.981712733425642 1383519.0680229373 4.011030652351602 0.17666217983466906
0.27878478336921175 14.724072004739899 1116955.6122550867 4.247151197771683 0.17945082169279666
0.2919263153359272 14.499126087243004 906530.3990563062 4.493627368516888 0.18225841781948623
0.3054498261976346 14.301942397293049 739273.6182840406 4.750602239559368 0.18508042913640685
0.31935438857499837 14.12887509687445 605608.2880499765 5.018778426642233 0.18792392155328314
0.3336378017442031 13.976758443593512 498212.3107825921 5.298352060531181 0.19078497253290672
0.34830547681099944 13.842824285675684 411499.41421861865 5.5900836494820645 0.1936705255381781
0.3633536466855807 13.724774274826393 341101.3474912903 5.8941000585805075 0.19657489806629502
0.37879107348698593 13.62077589319322 283704.68139923806 6.211281682335389 0.19950611558684095
0.39460660494237465 13.529235546301372 236780.83426835717 6.5419166217835745 0.20246090417012666
0.4108157451579793 13.44861931070604 198207.2896217399 6.886645512528708 0.20544193357119303
0.42740574941801196 13.377752404254547 166385.91575480756 7.246199745155668 0.2084527681661148
0.44438374879828435 13.315582571983487 140070.67965110738 7.620882066805067 0.21148965869010156
0.46174499000892727 13.26120132181164 118217.40866708518 8.011553450264524 0.21455741177719276
0.47949187086354744 13.213731273158452 100028.0038963324 8.41895742691219 0.21765831980262146
0.49762918723797084 13.17254345020462 84834.89227344682 8.843593963287724 0.22079071223292487
0.5161457256006367 13.136874595754431 72114.78117120048 9.286217475472068 0.2239563250675612
0.5350445178325427 13.10627784553848 61430.130311426365 9.747765685051775 0.22715887848547406
0.5543300605019431 13.080194055318051 52435.654038417335 10.229045478334188 0.2303997190904335
0.5739883797736457 13.058191328879138 44847.3791495738 10.730611729736824 0.233676620705912
0.594027621734057 13.039827818024442 38431.752232726394 11.253540574360139 0.23699366593456977
0.6144381758219044 13.024751422515717 32993.21028396491 11.798845611183044 0.24035348361904454
0.6352156609438897 13.012634919832083 28374.78249790476 12.367502359592871 0.24375770045511766
0.6563583879006929 13.003173244973398 24445.4967135502 12.960313877366467 0.24720556913727929
0.6778720611908142 12.996101343672233 21094.632475047623 13.578376787866807 0.25069931628822595
0.6997350182697955 12.991152095234536 18093.873464808366 14.222993315337428 0.25424281435739443
0.7219429966062454 12.988058360138924 15780.448204650074 14.895348598340815 0.25783803927215476
0.7445050395967393 12.9866682671168 13679.555544047544 15.596621834953394 0.2614864084780748
0.7673979019906224 12.98673813962272 11876.137200584932 16.32777659375166 0.26518681606437866
0.7906161649435772 12.988091051746082 10324.480344861755 17.09056680932241 0.2689454035390101
0.8141643911328802 12.990584823094121 8989.179646349983 17.886441531999832 0.2727645916727995
0.8380189670951728 12.994025977150008 7836.4224245699415 18.716927509265325 0.27664693698083903
0.8621764845625743 12.998286302583665 6839.395607610304 19.58306927244789 0.2805902604219751
0.8866126771104232 13.003199211931248 5978.42341894311 20.56759309601437 0.2848922418746686
0.9107660424123988 13.00811395814951 5245.944303047148 21.440643517853303 0.3244443242882135
0.933632864588711 13.010987692915975 4639.740123581172 22.457850093139484 0.3646487446006939
0.9555557648283707 13.01131905998134 4125.898362490447 23.54066342100334 0.40377010649662465
0.9767021618799993 13.008936850198566 3683.25200984892 24.691498647592415 0.44191774992427907
0.9972224912620505 13.003818976171726 3298.4998950374948 25.912198173957158 0.4790549950521222
1.017236808329183 12.995939483061608 2960.101890592613 27.204108473034115 0.5151397666698091
1.036864394530012 12.985512897043558 2661.2124088768114 28.570593566505735 0.5504375945970377
1.0561960077748616 12.972670461662288 2394.660295054736 30.014215156718645 0.5850220139906279
1.0752953302501824 12.957434478339133 2156.6705991021877 31.537786182983996 0.6189836849056348
1.0942584020251143 12.94013814981599 1943.4682648909752 33.14442941397574 0.6524240717168563
1.1131118948895602 12.920806530790642 1751.343225783327 34.837623105716496 0.6854508975723552
1.131905507585626 12.899565839737281 1578.5745427679935 36.62001468900786 0.7181001205829337
1.1506770776482502 12.87661321774729 1422.727706427215 38.495851116470604 0.750502357068409
1.1694568953423838 12.852072927604308 1282.0897124913445 40.47048566673408 0.7828154444521969
1.1882474673678989 12.82600843315447 1155.2561590393352 42.547448915454716 0.8150774335452358
1.207076012958353 12.798507947483266 1040.7189527048404 44.73143897133026 0.8473745775336254
1.2259395168232994 12.769712045583939 937.3236232617672 47.02846662641619 0.8798313460144082
1.2448543986188068 12.739737403454292 844.0856881392501 49.44427181372012 0.912535281648203
1.2637895014901654 12.708561676665541 760.0709729119502 51.98339663652146 0.9455220625378278
1.2827640439140022 12.676315071824044 684.37288923836 54.65414232820151 0.9789364823257203
1.3017313855994435 12.642973890751492 616.2130936961919 57.463203747202336 1.0128438770015318
1.3207124356052644 12.608666422274265 554.8696994649493 60.41802395799666 1.0472996475726457
1.3396539852669929 12.573336052944912 499.72285765462567 63.5268259398697 1.0822476108103087
1.358542560753643 12.537024903784493 450.10677728485683 66.79870848665574 1.1180294825053392
1.3773540268158986 12.499773779000991 405.5477639737945 70.24369626889252 1.1548557181433463
1.3960471285159803 12.461550557108017 365.4925644903124 73.86997468243467 1.1927901448086022
1.4146057709310638 12.422374067231257 329.56943040902064 77.691940122002 1.232007662226287
1.432982101226346 12.382223979721482 297.3460745792687 81.71882424642864 1.2725737584995847
1.4511400047870544 12.341043052847098 268.4244694400572 85.96581900485499 1.3146523328117292
1.469042901615995 12.29885774643114 242.4758159843025 90.44643007530316 1.358365200517083
1.486658850095921 12.255655003225481 219.22008045502065 95.17566411552001 1.40384982959022
1.5039361687057617 12.21131589693733 198.32534505055264 100.17012555003357 1.4512587122955092
1.5208466351045742 12.16589687199869 179.6134564598396 105.44813174875499 1.5007593362576301
1.5373420182251403 12.119303629047723 162.7935281528145 111.02980309368856 1.5525340047881302
1.5533835392697637 12.071518466724257 147.71863598622352 116.9341789896339 1.6067400093262665
1.568930881199662 12.022512152884767 134.17334775129078 123.1865139875055 1.6636090346564816
1.5839463850471023 11.972237467049634 122.0084497333047 129.8110791212507 1.7233469346905113
1.598389122471906 11.920662441334693 111.08689686225242 136.83478394340457 1.7861829137693113
1.6122151303486714 11.86770220929649 101.27861442326315 144.28742563588924 1.8523706409522744
1.6253899606323694 11.81340031930568 92.44866787956846 152.20193085323768 1.9221893561379622
1.6378765373183832 11.757637489255318 84.49545648237587 160.61317747106753 1.995928560727959
1.649637890326756 11.700490516004798 77.3484594389265 169.56038792054443 2.0739150778290676
1.6606396938907846 11.641764561729111 70.90359713805618 179.08514469274465 2.156488308719921
1.6708448877472732 11.581620134247938 65.09514630385195 189.23361524589723 2.2440243128941844
1.680226488131673 11.519913957038318 59.86247940579301 200.05696341987 2.3369380021016584
1.6887522998251097 11.456622708056544 55.12657690669431 211.61135220758982 2.435680858452086
1.6963908177550022 11.39178950872464 50.85423780437907 223.95706914034022 2.540729240595527
1.7031235981935886 11.3253650180164 46.99334989949383 237.16149877438656 2.6526143280407792
1.7089166107701221 11.257373280779408 43.49975857737158 251.2979296115498 2.7719065010611628
1.7137654133741496 11.187763889188018 40.3374826442044 266.4487391660597 2.8992500951106353
1.7176317653556232 11.116607365351074 37.47261484510263 282.7024984852233 3.0353973245702344
1.7205129919625233 11.043827640204801 34.87187945438256 300.1591140769441 3.1798080858158704
1.7223888047136233 10.969483252996056 32.516776686706116 318.9192088051496 3.2934815114358353
1.7232947546103619 10.893628137625294 30.37409094020245 339.0985585198372 3.414320553578496
