M[M_sun], R[km], Lambda[1], P_c[MeV/fm^3], rho_c[fm^-3]
0.24162668629717493 15.618656898711224 2160425.4255784233 3.5677272577965504 0.1711233750220791
0.25364407167885467 15.27727202243257 1723246.2872675254 3.7848212282350113 0.17388819327346436
0.26604017560412924 14.981268585472334 1383061.2306423022 4.0114048965462095 0.17666670235489706
0.27881567888470365 14.723483149953328 1116352.621621607 4.24773430454132 0.1794575848526013
0.2919697799057485 14.498427614586792 905903.5600534586 4.49443462641381 0.18226740682352324
0.3055047594177835 14.301249973759727 738698.6112158196 4.751661044095349 0.18509186624615429
0.3194219783620392 14.128124521827676 605088.1262310867 5.020096563946876 0.1879375977365731
0.33372029880164356 13.975919534074972 497683.7570227826 5.299964216240196 0.1908012042658464
0.34840078442294736 13.842028412414404 411006.5633956297 5.591993835082508 0.19368900710933634
0.36346368290327874 13.723976230686398 340653.8726982834 5.896351168393501 0.19659604096604427
0.3789166667354179 13.620003549248581 283312.1367798786 6.2139009379688614 0.1995300000444291
0.3947490159832885 13.528450170464001 236421.22423532582 6.544901290183677 0.20248707567990606
0.4109742897278006 13.447865779715494 197870.1712852858 6.890053185152904 0.205470954741235
0.4275821272234191 13.377058159138196 166088.17077555627 7.250062374964111 0.20848472271261284
0.44457714030393614 13.314946421936666 139804.3075949464 7.625188965376451 0.21152394437205646
0.4619585205760114 13.260568856423932 117980.29188587242 8.01637970386069 0.21459474675061754
0.4797232769865174 13.213158542786378 99807.91310224493 8.424340640739976 0.2176987940450115
0.4978807888612763 13.171981014110054 84643.57688192598 8.849514278338228 0.22083357784344654
0.5164185520617995 13.136402239259553 71938.09182009248 9.292770652899655 0.2240024598451944
0.5353374390927249 13.105839663792624 61275.257881757694 9.75499612197029 0.2272083818839115
0.554644594974276 13.079812595189633 52300.19406053223 10.23700026805135 0.23045269488677628
0.5743267975038874 13.057835215338185 44328.40305642381 10.739256303597333 0.23373212154785034
0.5943833583894301 13.03952464132122 38328.26537920413 11.26300486500838 0.23705279899380863
0.6148196101542083 13.02450362475782 32901.453974193435 11.80918548384451 0.24041636729652285
0.6356228636953756 13.012455775383996 28292.75818591316 12.37877716285552 0.24382445940185968
0.6567937302265867 13.003017812858372 24371.116681098658 12.972471838549348 0.247275059057794
0.6783266067805765 12.995987301779966 21028.551837387586 13.591590454100373 0.2507728864416614
0.7002135148847378 12.991065534884768 18172.480039541173 14.237333477473229 0.25432061043685295
0.7224479407093525 12.98800351227715 15615.319190296197 14.910890593230716 0.25792021565773693
0.7450362216987757 12.986651048619098 13537.628518044998 15.6132942767582 0.26157162694131325
0.7679560079554287 12.986761444307092 11836.4579986631 16.345805123187777 0.2652766837619064
0.7912001467467287 12.988138351628352 10289.043229062272 17.11004183115021 0.26904010397536293
0.814775342704063 12.9906688251811 8956.543562405788 17.907459441514177 0.27286432015059253
0.8386579058760397 12.994130623456126 7807.620060513438 18.73942401719768 0.2767504202566509
0.8628363367558076 12.998405458453814 6814.580927897277 19.607278511527543 0.2806988720097574
0.8873176608074234 13.00335830420729 5955.562371959257 20.513109430660382 0.2847160421464592
0.9120729339831535 13.00884437685328 5211.247473331955 21.458710888406884 0.2888049439868816
0.9370933400741474 13.014738683488762 4565.284158231575 22.445567827370525 0.2929655059532118
0.9623771221875749 13.020948069722465 4004.637693111771 23.475703975445658 0.2972015144712529
0.9878973279817644 13.02733132298712 3516.6129464388205 24.551542419126346 0.301519076046564
1.013639309623586 13.03378986965126 3091.8536768180616 25.675026147447348 0.3059198275968088
1.0396032657413696 13.040249243369834 2721.477213660298 26.848114951965854 0.3104050186200492
1.0657538855940898 13.04657699000156 2398.3160172160588 28.0739062362344 0.3149833891130388
1.0920850819174117 13.052701208262693 2115.768192905661 29.3544548018857 0.31965538362322976
1.1185835179303032 13.058534015354152 1868.6565640214808 30.69251660144699 0.3244256891149907
1.145214793839644 13.063989198977845 1652.1378685438885 32.091491502741626 0.3293023636330465
1.1719771660453935 13.069003976288776 1462.052875824534 33.5533190318474 0.3342830950180348
1.1988328396861032 13.073463977284804 1295.445639583825 35.082542169952 0.33938145453156054
1.2257789783200277 13.07733403881146 1149.0862961321266 36.681184780783084 0.3445942077037189
1.252774287567171 13.08049128467584 1020.1652270653345 38.35429912398924 0.3499357916288376
1.27981580068123 13.082934623250187 906.7164179251251 40.104122634227124 0.35540277389764463
1.3068602228145132 13.084523767192609 806.7486030731784 41.936131480831904 0.36100974326696766
1.3338970123799103 13.085233720290043 718.6176236870632 43.85380050148999 0.36675858028927266
1.3609040133063628 13.085033505432929 640.6172552060533 45.86183024241792 0.3726571068493086
1.3878352864537806 13.083773962565356 571.815323527139 47.9655475200372 0.37871524581903654
1.4146925240604122 13.08148747817698 510.8384930463893 50.16970032458756 0.38493860561982973
1.4414155037457375 13.078033489801866 456.88053953346025 52.47952430690216 0.3913342409916537
1.4680085341519038 13.073437023347752 409.02469527701624 54.90142705061974 0.39791380013070793
1.4944186236202355 13.067570358309677 366.53160313064734 57.441597686247896 0.4046863428236214
1.520630401965065 13.060426644035473 328.8412287707043 60.10666338737683 0.4116616388428595
1.5466140399672172 13.05194046813759 295.2931110244379 62.903728803318955 0.41885022640341324
1.5723303240528277 13.04206100079508 265.4736270567 65.84041926707741 0.426263475391841
1.5977542714160458 13.030734492788028 238.92321260584845 68.92492816188795 0.4339136559262487
1.6228397936922876 13.017916606039007 215.24242971717263 72.16606887722764 0.4418140128742206
1.6475929744389615 13.003575361975322 194.09937693828454 75.57333183920079 0.44997884703148777
1.6719421811376873 12.987642175769933 175.23883095754957 79.15665456673679 0.4584223818837456
1.6958787904712156 12.970097497256482 158.3646691385457 82.92622599812475 0.46715788002123193
1.7193596160457603 12.950886487775186 143.28153413157432 86.89478304217761 0.4762068928179229
1.7423454502326845 12.929944768009218 129.77923424710298 91.07391059604038 0.4855837935107777
1.7648250528142366 12.907301289287894 117.68291958462858 95.47768025927395 0.495310434448384
1.7867515768386881 12.88286358822381 106.82119312649603 100.11977724616438 0.5054044083528568
1.8080908867704073 12.856612894068522 97.0845238429285 105.01671643607251 0.5158913783537163
1.8288010469328844 12.828479624328908 88.33216180660116 110.18503715942333 0.5267938793040245
1.848881392790766 12.798517482910201 80.46366591852646 115.64236379864958 0.5381352647929208
1.8682572720217667 12.76658094941093 73.38939678095602 121.40891416999486 0.5499449049807739
1.8869383065878587 12.732761476854954 67.01088925356113 127.50610328319914 0.5622525747328886
1.9048604994749019 12.696950942572714 61.2571670850372 133.95637282161675 0.5750875805062092
1.9220037297683834 12.65913479343715 56.07599115479282 140.78538740393068 0.5884861596424611
1.9383179268719093 12.619251879776675 51.39312747270332 148.02083520508012 0.6024866227718192
1.9538151566496356 12.577408843862175 47.16309029932389 155.69123335432886 0.6171248036277508
1.9684319832716526 12.533482336175165 43.34126758352637 163.83020300785913 0.6324482209155033
1.9821489277020001 12.487487066686404 39.88100546901481 172.47149944979546 0.6484983839880558
1.9949388534433856 12.43941502699189 36.74501746365357 181.65443818449504 0.6653285569011872
2.0067763658455138 12.389258462963408 33.904920013056085 191.42100247180468 0.6829931019048292
2.0176243152129176 12.336988345036989 31.328787839774506 201.81722049747123 0.7015512446336589
2.0274616325984582 12.282605754463093 28.991359386871693 212.89304843561465 0.7210656957718514
2.03627389294117 12.226144884048361 26.870163937524104 224.70393744791158 0.7416066837450852
2.0440199548928883 12.167554130959704 24.94323645766331 237.31107081808472 0.763251421965197
2.0506802075225856 12.106852295021136 23.18756558240899 250.78129161594214 0.7860824486688297
2.0562543633694315 12.044110648937659 21.594040650034014 265.18769810009934 0.8101879378902416
2.0607036339249682 11.979264748450811 20.142218106532162 280.6120141044319 0.8356675493707241
2.0640108276482767 11.91237326955784 18.822071064928775 297.1439550697306 0.8626282287577657
2.066173323544008 11.843477311649764 17.6191981298422 314.88390248885105 0.891190501764765
2.0671682359141816 11.772591317319634 16.52414324348399 333.94124688603915 0.9214802075561452
