M[M_sun], R[km], Lambda[1], P_c[MeV/fm^3], rho_c[fm^-3]
0.24162668629717493 15.618656898711224 2160425.4255784233 3.5677272577965504 0.1711233750220791
0.2536443566736511 15.277259728612991 1723159.6052108903 3.7848256951824717 0.17388824895180954
0.26604059801015484 14.981258027485445 1382963.7874413498 4.011414286985252 0.17666681583281105
0.2788156901761316 14.723492948553211 1116438.8559840384 4.2477489361898035 0.17945775455767426
0.29197090580946555 14.498385888534106 905844.4675338665 4.494454883242812 0.18226763238801555
0.30550629510987026 14.301208463481318 738608.1805548287 4.751687613947212 0.18509215325126374
0.31942298343572517 14.1281180300499 605095.3919469464 5.0201296425680475 0.1879379409400349
0.33372148336744195 13.97597475147239 497678.76230520674 5.300004674533273 0.19080161161372525
0.3484031894795472 13.842009182278463 410995.43121522735 5.592041774088622 0.19368947093240807
0.36346663302917576 13.723955006110502 340621.90199379803 5.896407665167136 0.19659657159569827
0.3789195952765439 13.61998816333747 283296.3594704723 6.213966676237137 0.19953059949828175
0.3947516667809301 13.52845309080585 236404.38513720923 6.54497620172012 0.20248773255288013
0.41097723876828846 13.447866085924598 197850.82212119945 6.890138716167846 0.20547168315924996
0.42758675244025784 13.37703505316706 166072.12723065115 7.250159328111445 0.20848552478115376
0.4445823841508865 13.314903869293717 139794.49524946575 7.625297072712389 0.21152480497596332
0.46196391566426426 13.26058244114341 117976.34140587196 8.016500851096128 0.214595683922427
0.47972915436603863 13.213136474087413 99807.78053977354 8.424475772611109 0.21769981004777153
0.4978864871468572 13.171980736558899 84639.15274944076 8.84966289661325 0.2208346539032574
0.5164253231502867 13.136389514078152 71935.23214998789 9.292935162763929 0.22400361800489488
0.535344270013708 13.105843712472787 61273.3452763276 9.755177638900708 0.22720962464489963
0.5546513211330449 13.079799118496421 52303.04009093417 10.237199975308398 0.23045402485920216
0.5743343915048635 13.057833774275258 44728.248286726004 10.739473333463675 0.23373351494681968
0.5943908993349004 13.039521892568384 38322.914295612834 11.263242481410149 0.23705428362538686
0.6148293352641395 13.024496153697973 32899.57689839851 11.809445090578656 0.24041794613861073
0.6356342393203543 13.012427038287095 28289.959147358277 12.379060251301523 0.24382613558955446
0.6568051205669636 13.003023344315785 24369.59689972286 12.97277710871546 0.24727680385688158
0.6783374297030635 12.99597313115196 21026.831406148314 13.591922241046374 0.2507747337424857
0.7002258096366613 12.991064830732075 18171.375218225927 14.23769356028073 0.25432256390365754
0.7224559523815927 12.98804109161552 15727.917702587101 14.91128086529471 0.25792227917325344
0.7450488287382331 12.986640898604554 13633.143734577357 15.613712945132292 0.2615737668963279
0.7679700371776329 12.986754022233601 11835.775686580271 16.346257857728656 0.2652789405300429
0.7912150683561212 12.988145924215155 10288.129896681396 17.11053090416181 0.2690424821718044
0.8147910299704574 12.99066744402402 8955.869687459352 17.907987275956334 0.2728668246872786
0.8386719384433973 12.994132968015998 7806.777098124076 18.73998827187077 0.27675301271492053
0.8628525710900081 12.998405256932989 6813.469083151379 19.607886523397912 0.2807015997755667
0.887334925185687 13.00336710557288 5954.831934542988 20.513764126233742 0.2847189111239738
0.9120915641411539 13.008852130392961 5210.660442974804 21.459415394595858 0.28880796047836693
0.9371117774546586 13.014742208069848 4564.940309582854 22.446319209389788 0.2929686267663478
0.9623966622256246 13.020951568578996 4004.2173959319243 23.476511662981725 0.29720479473032424
0.9879178697444685 13.027333223519639 3516.2176417057967 24.552410214094063 0.3015225233840092
1.0136596937695854 13.033794343810497 3091.5857701998775 25.675950690638693 0.3059233955870412
1.0396261629502543 13.040244642185227 2721.2016308689153 26.849107546569286 0.3104087684637249
1.0657782351851743 13.046576228255079 2398.0056490373813 28.07497152879717 0.3149873300934532
1.092108365339288 13.052701513861393 2115.5905096414645 29.355589016710073 0.31965946610018603
1.1186070597248823 13.05854044094919 1868.4334978425445 30.693733280465786 0.3244299810290684
1.1452385439301629 13.063995821145323 1651.9524784887647 32.09278667484352 0.32930681371681925
1.1720022082728094 13.069007687415377 1461.9533077402655 33.55470788987386 0.3342877756127812
1.198858538371993 13.073471707480051 1295.3406731535324 35.084031269337416 0.3393863785795324
1.2258053663162816 13.07733063915124 1148.947843625442 36.682769800132434 0.34459932073078414
1.252800813168886 13.080493440916028 1020.0458118188858 38.35598649597813 0.3499411050014681
1.2798449938965542 13.082932653913774 906.6278325339541 40.105931538421636 0.3554083700429066
1.3068885220909043 13.084523438747686 806.6691766573888 41.93805759024362 0.3610155661875236
1.3339253890696572 13.085238003092938 718.5210734978075 43.855865411924604 0.36676471827097734
1.360933484507411 13.085030914061988 640.5537673830988 45.864029627042015 0.37266350236103163
1.3878644940259022 13.083771873241135 571.7282242348722 47.967890773461896 0.3787219154747019
1.4147219080406033 13.081481514664342 510.76777798715733 50.17221314247334 0.38494564681246396
1.441445110094303 13.078027822099491 456.8204731317198 52.4822027000655 0.391341594855773
1.4680408498109794 13.073429745831152 408.9702149312533 54.904282879202256 0.3979214875076425
1.494449485112502 13.067564185469541 366.4936196696111 57.44464377110381 0.40469438616588627
1.5206614352970014 13.060415640422812 328.79812800646073 60.10991359609003 0.4116700623464702
1.5466451342097436 13.051928624525 295.2570496763918 62.90719814480532 0.4188590561533209
1.5723614002653883 13.042047868318686 265.430489941182 65.84412399572338 0.4262727395218805
1.5977857531076034 13.030718169030203 238.89557786366842 68.92888589230293 0.4339233847951867
1.6228732248645996 13.017894264255547 215.21028395382854 72.17029871081056 0.44182423925965425
1.6476247961391908 13.003556069934199 194.0792186186826 75.57785450387476 0.4499896063435676
1.6719740449964544 12.987623362679503 175.2053854783944 79.16146895442549 0.4584336137951432
1.695910551029903 12.970067844880742 158.34707091818942 82.93137908289906 0.4671697217950351
1.7193914325846604 12.95085777520965 143.2626946333618 86.90030135196096 0.47621938907452216
1.7423723786821974 12.92991902843643 129.7635584121258 91.0797964277421 0.4855968873198172
1.7648561009733816 12.907269204297693 117.66398894865507 95.48399031594022 0.49532428012167695
1.7867828027592936 12.882831857525423 106.81416514720067 100.12651702222512 0.5054189524971989
1.8081209995917313 12.856572641834452 97.07427149897497 105.02392088221644 0.5159066770102041
1.8288307815351907 12.82843819330477 88.32094321800663 110.19274439848348 0.526809993090714
1.8489107117098151 12.7984698595453 80.45688369407905 115.65064693832561 0.5381523749011997
1.8682865697994713 12.766531621623296 73.38010133812978 121.41778828143322 0.5499629694196633
1.8869648137567678 12.732710132122355 67.00102136323943 127.51560654633228 0.5622716294755026
1.9048889880659363 12.69689234162683 61.24958981681332 133.9665480695348 0.5751076696049859
1.9220299362481246 12.65907571887755 56.068689659827854 140.79631639977467 0.5885074534824523
1.9383433566089783 12.619186721859721 51.384975500795726 148.03258340002935 0.6025092210093131
1.9538393742866595 12.577341316296902 47.15660732029999 155.70383393816292 0.6171486829954526
1.9684544572771567 12.533411764651982 43.33494776124902 163.843732343152 0.632473493826267
1.9821704396601076 12.48740992977265 39.87506081044207 172.4860821147606 0.6485253092844784
1.9949605956277439 12.439332896110107 36.741434627351744 181.67012704461013 0.6653571343774253
2.0067958346126926 12.389171985498429 33.89928984914338 191.43789941325502 0.6830234777391229
2.017642083976904 12.33689750173242 31.324428250633307 201.83543791290955 0.7015835787490621
2.027478325445817 12.282511408471157 28.989752039654928 212.91266449952107 0.7211000129020638
2.0362880144716984 12.226045838153361 26.86711323325143 224.72513373396765 0.741643322030145
2.044032539280396 12.167449009195206 24.939542480111502 237.3339505938647 0.7632904340846739
2.050691581960172 12.106742317811822 23.18506600931507 250.80602019022686 0.7861240574404722
2.0562643440079804 12.043994905295776 21.59150325698178 265.2145097792975 0.8102325540821531
2.060710436816413 11.979145490948895 20.139842220144814 280.64101080371944 0.8357151107064783
2.0640163788061936 11.912248685512928 18.81844600733769 297.1754144135054 0.862679198531601
2.0661764895509016 11.843347074262496 17.616848368593605 314.9180771101734 0.8912452086118714
2.0671696057028495 11.772452598708949 16.521219366177057 333.9783621952522 0.9215388282222973
