M[M_sun], R[km], Lambda[1], P_c[MeV/fm^3], rho_c[fm^-3]
0.24162668629717493 15.618656898711224 2160425.4255784233 3.5677272577965504 0.1711233750220791
0.2536447475485749 15.277270754335477 1723172.621965348 3.7848340686583017 0.17388835332314626
0.26604075525373494 14.981250688796361 1382939.3974257938 4.011431889789931 0.1766670285523171
0.2788169149232705 14.723484086338555 1116429.5274739717 4.24777636394347 0.17945807267828406
0.29197248968163975 14.498368725893082 905850.0102628773 4.494492855763501 0.18226805522084638
0.3055091153724613 14.301174158516623 738593.3571921946 4.751737420684856 0.1850926912590879
0.31942648110525534 14.128085244432004 605059.2056359099 5.020191650508253 0.1879385842963474
0.3337267044853027 13.97589938227739 497655.5422486541 5.300080516298964 0.19080237521446153
0.34840769142054695 13.841971192242545 410971.779394385 5.5921316391369515 0.19369034040147168
0.36347055727907196 13.723944978452986 340635.57708261383 5.896513572586053 0.1965975663005891
0.3789253850385292 13.619958654060785 283266.5756139062 6.214089907795253 0.19953172322171134
0.39475860431046467 13.52842220134413 236383.49126386337 6.545116629570036 0.20248896391541518
0.4109855741922478 13.447817592281472 197837.19596804242 6.890299051446947 0.20547304864176885
0.42759421459768443 13.377023964866188 166064.52062503016 7.250341075549619 0.20848702833113192
0.44459106648022706 13.314882823554457 139783.9906084152 7.625499730069474 0.21152641825883395
0.46197375733317303 13.26052551306278 117965.09226324926 8.016727953442649 0.2145974407426817
0.4797400559282297 13.213114875806408 99795.09995543543 8.424729091050596 0.2177017146483038
0.49789810233716686 13.171955932995473 84632.33544940692 8.849941497196264 0.2208366710905153
0.5164384614775418 13.136365097257315 71924.43350543105 9.293243554432598 0.2240057891014683
0.5353583054271878 13.105817479850153 61266.497437311635 9.755517912861965 0.2272119543405559
0.5546661579424967 13.079794342426643 52296.760015105516 10.237574349849979 0.2304565180476051
0.5743505495717728 13.057817536685045 44720.851607501085 10.739880181966617 0.23373612704023447
0.5944084789440024 13.039503721341084 38320.90985803077 11.26368792273925 0.23705706675087193
0.6148476547844015 13.024480373679888 32895.217244314146 11.809931756484659 0.24042090587930337
0.6356530152714005 13.01242599822892 28286.092664833577 12.379590937736022 0.24382927782331165
0.6568253743107839 13.00300289085435 24366.03367187423 12.973349378662839 0.24728007471723046
0.6783582773310382 12.995976546618776 21023.04493760817 13.592544221505976 0.25077819676304625
0.7002480997520842 12.991045734483352 18168.31600143192 14.238368586593843 0.25432622595435084
0.7224849353593213 12.987990077226337 15725.588102163663 14.91201248712046 0.25792614753363313
0.7450737643774079 12.986639171576577 13630.93229433702 15.614497801280224 0.2615777785603405
0.7679956941556522 12.986756091113385 11833.326280810907 16.347106577677156 0.2652831711861199
0.7912425466115517 12.988148191859437 10286.309871028361 17.11144774796151 0.2690469404727329
0.8148194550161308 12.99067216316441 8954.153097213371 17.908976786114916 0.2728715198422277
0.8387022178332502 12.994147779892156 7805.626522287405 18.74104605932898 0.27675787270097707
0.8628837599883836 12.998414199067993 6812.243302374037 19.60902634317705 0.28070671342806897
0.8873689026577143 13.003366826400738 5953.871655024637 20.51499146491504 0.2847242895123771
0.9121266750872734 13.00885150784466 5209.823991468811 21.46073611449626 0.2888136154185172
0.9371483721901391 13.014744715675047 4564.059101991776 22.447727808567503 0.2929744772853973
0.9624332756035204 13.0209714593654 4003.451371125316 23.478025820001996 0.2972109441718835
0.9879550511976068 13.027343649416641 3515.606563346038 24.554037056815524 0.30152898605784306
1.0136978327565274 13.033805001410084 3090.943102367941 25.677683921370537 0.3059300844582368
1.0396655172741627 13.040265904895248 2720.699122312523 26.850968356464058 0.31041579826843213
1.0658181212394937 13.046590537576062 2397.515183821436 28.07696862930257 0.3149947182366285
1.092151804836816 13.052718704688594 2115.060002382317 29.357715329242364 0.31966711951973975
1.1186514865088546 13.05854984769919 1867.8345724850828 30.69601419359395 0.32443802709792746
1.1452841802846416 13.064010227213457 1651.614471547307 32.09521474357376 0.32931515632182123
1.172049819161789 13.06901247825848 1461.6462808742795 33.557311598092255 0.33429655037793077
1.198906735841268 13.073479250443095 1295.0274002460324 35.08682290747904 0.3393956097700519
1.2258535257396925 13.077338879663255 1148.6832791471124 36.68574126640775 0.34460890622101525
1.2528506895610056 13.080495852314455 1019.8370153737823 38.35914985061576 0.3499510661019621
1.2798947978587862 13.082937596341775 906.4409044287776 40.10932274016771 0.3554188612881817
1.3069398402000487 13.084524992913888 806.5462652466408 41.941668526733935 0.3610264825955883
1.3339779039401423 13.085238370587797 718.3698083847871 43.85973657225148 0.3667762253614855
1.3609874275690714 13.085032128693085 640.3989457262229 45.868152899073074 0.3726754922759938
1.3879201371701992 13.083770111467356 571.6094376811694 47.972283770839944 0.37873441936333024
1.4147712883418901 13.081463666895592 510.6543479654438 50.17692404142744 0.3849588472704852
1.4415019895796457 13.078021949799282 456.73439907067075 52.48722402141962 0.3913553815228849
1.468097555990034 13.07341856482068 408.8764185332415 54.90963685935749 0.39793589945932806
1.4945075458385035 13.067548859438704 366.4017982395747 57.450354447764305 0.40470946549857617
1.520719511167601 13.060400052420375 328.72734259361096 60.11600696955124 0.41168585442565064
1.5467042066164571 13.051909832116941 295.19191949602595 62.91370235533677 0.4188756098862311
1.5724202829712894 13.04202302578107 265.3704969916306 65.85106951883974 0.4262901076574421
1.5978345372565597 13.03068512675704 238.8326052854191 68.93630575393155 0.43394162425410726
1.6229318749264665 13.017861886226138 215.1619827101152 72.17822872461556 0.4418434114980117
1.6476840986925327 13.003519546808823 194.02775527441415 75.5863335332749 0.4500097777535718
1.6720334670872903 12.987580486379018 175.16803058971308 79.1704949214447 0.4584546712729352
1.6959701080804186 12.970023721985934 158.3126701161811 82.94104006136484 0.4671919226954121
1.719450309725463 12.950806928325678 143.2279568327422 86.91064708044946 0.47624281705935334
1.7424273221851807 12.929828928959596 129.74334685029194 91.09083121234455 0.4856214356537995
1.764914358720916 12.907205714470257 117.63784223064354 95.49582047307786 0.4953502381279827
1.7868407574728344 12.882765336695238 106.78638745526371 100.13915285319726 0.5054462200722468
1.8081777313348577 12.856499822632111 97.04820403920226 105.03742791840847 0.5159353592298697
1.8288912094818555 12.828371158196214 88.2997551244067 110.2071941192562 0.5268402036131118
1.84896504327287 12.798383281249382 80.43589556758069 115.66617642063986 0.5381844534528486
1.868340134531863 12.766437660239722 73.35889183736599 121.43442578292277 0.5499968372757319
1.8870173048128234 12.732611661091475 66.98450282418264 127.5333822257032 0.5623072060903963
1.9049387367603516 12.69678747052835 61.23387149342645 133.98562509500846 0.5751453335766348
1.9220771837413162 12.65896359513583 56.05292330444038 140.81680665102093 0.5885473762839286
1.9383904802134795 12.619066400220676 51.37274044267847 148.05460959981426 0.6025515895004712
1.953883932632144 12.57721542644532 47.14683151025304 155.7274583168237 0.6171934535578483
1.9684986074116124 12.533274723694923 43.32590311512929 163.86909808314022 0.632520877239369
1.9822113385958176 12.48726702531096 39.86517354138057 172.51342280816542 0.6485757908854808
1.9949953136305567 12.439180413218713 36.73087148676649 181.6995418155919 0.6654107137906274
2.006830985017702 12.389010775165698 33.890753622890145 191.46957930503874 0.6830804290605256
2.017675220849586 12.336726854088004 31.316836466178223 201.8695936702144 0.7016442018490905
2.0275082010596335 12.282336012689587 28.980676775542168 212.94944270328642 0.7211643541691813
2.0363146401763705 12.225857178059 26.859586479221157 224.76487485431295 0.7417120155027638
2.0440555101925053 12.167254405782016 24.933258819988136 237.37684826535903 0.763363578555219
2.0507122308536943 12.106536357589647 23.17965408121446 250.85238438514608 0.7862020707208405
2.056281932941208 12.043779611874317 21.587183402029513 265.2647798550387 0.8103162064088163
2.0607253498811984 11.978919983498015 20.136462820809296 280.695377857925 0.8358042853291964
2.064025561853697 11.912016381535224 18.815571092960855 297.2343990356831 0.8627747641884593
2.0661818800386134 11.84310352858107 17.61309137344779 314.98215302770944 0.8913477815530836
2.0671701497589114 11.772202581196417 16.518220728130103 334.0479520864062 0.9216487398965738
