M[M_sun], R[km], Lambda[1], P_c[MeV/fm^3], rho_c[fm^-3]
0.24162668629717493 15.618656898711224 2160425.4255784233 3.5677272577965504 0.1711233750220791
0.2536372708319901 15.277472780364278 1723378.8287573282 3.784708092389544 0.17388678308972916
0.26602654699320644 14.981568657948824 1383501.935043479 4.0111670670548065 0.17666382832585084
0.2787951994256209 14.723898662670873 1116814.8833169523 4.247363740033402 0.17945328686273823
0.2919431059070831 14.498821841195015 906276.1227702592 4.493921607930651 0.18226169424364788
0.30547097081576347 14.301665360323362 739061.39671762 4.750988158013369 0.1850845977922465
0.3193776593673614 14.128659894214113 605413.0044879846 5.019258858825047 0.18792890622260963
0.33366667563621405 13.976520077038941 498019.3155498758 5.298939644388361 0.19079088852737058
0.3483401216324725 13.842531193604607 411303.9791364601 5.590779843754727 0.19367726140928257
0.3633929463574312 13.724494976755789 340939.15937536553 5.894920491703825 0.1965826037478114
0.37883771388868714 13.620486607826235 283570.82438496564 6.212236270573115 0.19951482028216994
0.3946590765102415 13.528933987536986 236641.06335026 6.543004365761787 0.20247044221534546
0.41087346536459995 13.44835430357129 198084.71798343974 6.887887394482145 0.20545250995904404
0.42747078456211857 13.377504703686327 166270.73851979364 7.247607404079614 0.20846441336764052
0.44445448070371973 13.315347000524957 139979.83851743507 7.622451604467501 0.21150215321910393
0.46182301053046526 13.260965947808375 118128.31500129626 8.013312221152372 0.21457101729191547
0.47957600548722285 13.213538233277557 99956.30310342263 8.42091912798751 0.21767306905230008
0.49772034642651874 13.17232514109434 84764.95750897302 8.845751355212158 0.22080633267224042
0.5162464861255321 13.136704735177466 72050.82122273653 9.288605442530615 0.22397313650452577
0.535150217643755 13.1061200004998 61370.360888179624 9.750400397026754 0.22717691711828908
0.5544449691676355 13.080064738459232 52387.65580686327 10.23194408660754 0.23041902269078327
0.5741108007791551 13.058046282618967 44804.40001777119 10.733761636753469 0.23369684408467795
0.5941586658839756 13.039715462459402 38394.84260827416 11.256989108292052 0.2370152124369821
0.6145773742126638 13.024660755132569 32961.350893574505 11.80261311693575 0.24037639633996555
0.6353641230063031 13.012555082156918 28346.928498517624 12.371610450173714 0.24378202476427935
0.6565166855360728 13.00311670454335 24420.483992086098 12.96474368958987 0.24723088812741825
0.6780363512466361 12.996063020888128 21070.528730351027 13.583191166434679 0.25072612145824263
0.699909925069646 12.99111648932674 18209.1555112273 14.228218038682817 0.2542711587365359
0.7221261930836882 12.988042420676358 15762.889149999937 14.901011099731223 0.2578679790515019
0.7446974124054262 12.986661265814517 13662.753464833973 15.602696109503718 0.2615174561403505
0.7676017813323693 12.986741813524933 11861.128077410312 16.334344815884375 0.26521955700434324
0.7908301283483345 12.988110220295571 10243.015135377393 17.097661897208784 0.26897990454880316
0.8143869976338229 12.990617101839792 8918.571145320457 17.894098584317067 0.2728009238385393
0.8382532234397435 12.994057809658617 7824.40942589844 18.725141485498565 0.27668479941347385
0.8624153519615849 12.998322931232197 6830.637875070935 19.591888674651987 0.280629827517559
0.886872297815563 13.003253769864303 5969.789104096125 20.496538257853782 0.28464342469781967
0.911615057203754 13.008739490162093 5223.8137214297285 21.440879281155404 0.2887285942084322
0.9366165857058761 13.01462908390206 4576.882423166552 22.426550045869387 0.29288651691593887
0.9618780852329853 13.020816627925894 4014.6306242005016 23.455261466885673 0.29711849136992974
0.9873851536138823 13.027204364911496 3525.605943295669 24.529579016486984 0.30143182587439465
1.0131124481651534 13.033663459836992 3100.0337935894704 25.651626841695283 0.3058295251694597
1.0390553116717307 13.040115438131231 2728.8185311737157 26.822993817519396 0.31031011549766174
1.0651932679289995 13.046445258527346 2404.6983664271893 28.046945749781464 0.31488365055033135
1.0915048533590157 13.052564762623355 2121.516610697302 29.325750482447024 0.3195520656977925
1.117985393862878 13.058410762383069 1873.7708670167403 30.661725920714854 0.32431707299352175
1.1446006094488834 13.063870781693543 1656.834640996198 32.05857573247974 0.3291888460543848
1.1713467394303994 13.068900655341766 1466.279810388952 33.51817227608793 0.3341646468273432
1.198190921541682 13.073370244589357 1299.1784808319721 35.044859460496234 0.33925684802719597
1.2251170258350186 13.077248166045464 1152.435050044681 36.64107542394275 0.34446482112734694
1.2520971363067974 13.080429722785818 1023.2194126863992 38.311309740780494 0.3497996318572336
1.2791243511866097 13.082883227766093 909.5150929334998 40.05834956871998 0.3552611673247587
1.3061543304708054 13.084485157414981 809.2629628484973 41.88739347672338 0.3608624008967724
1.3331777856829907 13.085228550062475 720.7949640051193 43.80155144393569 0.36660326906899854
1.360173070766279 13.085055469549665 642.665831265786 45.80617955703762 0.37249528221579686
1.3870929757987907 13.083825514116047 573.5663274125147 47.906257644637506 0.3785464876944608
1.4139296537617232 13.081545206955605 512.4900133591129 50.10612152725242 0.3847604508231684
1.4406584508590505 13.078163077541372 458.33235481331565 52.41175746372851 0.39114817863034085
1.4672315737128587 13.073576647415893 410.34590489802855 54.829172280122684 0.397719303283267
1.4936371920429987 13.067763002472265 367.7288844871375 57.36453082512545 0.4044828438501511
1.519842046309766 13.060664055430026 329.9204433331541 60.02443381738769 0.4114485260427813
1.5458202617712806 13.052222840259919 296.2736861058898 62.81595706141326 0.41862684034210035
1.5715339336512189 13.042390944950562 266.351698256089 65.74669441465181 0.4260291048606156
1.5969485838437738 13.031107627854274 239.714900543551 68.82480488610393 0.43366753349606596
1.6220403007641422 13.018343374183132 215.95670554128068 72.059064294005 0.44155530999862297
1.6467892186305177 13.004068720581335 194.7540290644321 75.45892196373268 0.44970666864907044
1.6711439989112524 12.988201836490864 175.8327930368855 79.03456300779735 0.45813698232898326
1.6950731479764065 12.970713489266696 158.91103179639245 82.79587408033522 0.466858331693798
1.7185635139490985 12.951574279601243 143.77437158073516 86.75519587886805 0.47589079657121774
1.741562690388139 12.930727054120554 130.23159034892194 90.92503006687899 0.48525258913434643
1.7640459300120142 12.908142224994316 118.08857943982115 95.31807322255665 0.4949602209713067
1.7859763393657249 12.883777088233453 107.19606498293442 99.94930476068137 0.5050365361249239
1.807313046538972 12.857571957033233 97.42283989569485 104.83449513370826 0.515504431036195
1.8280588112199927 12.829574023861198 88.63863102226921 109.98943032389093 0.5263838185572601
1.8481436909396767 12.799669843026182 80.74361770156142 115.43287037881656 0.5377025236781673
1.867545670919064 12.767853714891794 73.64098132175181 121.18448000264038 0.549488039261987
1.8862356156344458 12.73410028896659 67.2441799422618 127.26546926447384 0.5617696241773594
1.9041673272910313 12.698342126294126 61.471017348226916 133.69895627283591 0.5745792223332662
1.9213321427265688 12.660634380319003 56.27000638031111 140.50900547540422 0.5879476625429559
1.9376816558475862 12.620876601579942 51.57052800548237 147.72374546417086 0.6019151558740439
1.95319970668213 12.579112800653965 47.32696032393324 155.3725970125244 0.6165209558640838
1.9678577680940388 12.535338179016225 43.49116775703388 163.48724292563787 0.6318062817920129
1.9816017067558764 12.489441838118404 40.017171437962666 172.10276390493615 0.6478175541211836
1.9944348619397805 12.441513412449883 36.869471692032405 181.25774367067004 0.664605972343774
2.006289574326635 12.391417003130355 34.02197378539284 190.99377507898797 0.6822250700969407
2.0171735100508132 12.339262455493595 31.434721527313002 201.35662104086765 0.7007337260325774
2.0270520026669288 12.285005814073042 29.090332185681067 212.39667723276054 0.7201966751439864
2.0359084708712483 12.228672497958277 26.960559847307625 224.16805768191776 0.7406804028120769
2.0436971912206623 12.170207126142675 25.025099352510264 236.7324286749226 0.7622644411841475
2.050404442025456 12.109633083742551 23.26449475325083 250.15497281140878 0.7850267332578255
2.056019536636525 12.046989946836856 21.662967288588323 264.5099253394418 0.80906008463874
2.060515844241874 11.982277791243513 20.207664129409316 279.8780222078472 0.8344619885575658
2.0638819674562967 11.915534602590585 18.880298660880445 296.34875453933563 0.8613398614136081
2.0660977135978706 11.846762810900065 17.673316876996058 314.0201036848735 0.8898077297757458
2.0671476932125077 11.77600569644081 16.574042628097295 333.00315772151316 0.9199985706548102
