M[M_sun], R[km], Lambda[1], P_c[MeV/fm^3], rho_c[fm^-3]
0.24162668629717493 15.618656898711224 2160425.4255784233 3.5677272577965504 0.1711233750220791
0.25363684970416706 15.277474267760883 1723336.8824132248 3.7846897128718973 0.17388655399790826
0.26602406510720444 14.981625460143386 1383358.5795295904 4.0111284313460365 0.17666336143611158
0.27879141658055756 14.723999016649147 1116945.474804001 4.247303542782761 0.17945258866534614
0.291937564481525 14.498926728478667 906328.1641709467 4.493838271332229 0.18226076627128304
0.30546406878591253 14.30177936522944 739114.8621710158 4.750878854509601 0.18508341710579695
0.3193722425749414 14.128691720725117 605465.3076818561 5.0191227851712465 0.18792749440593184
0.3336602594754311 13.976505936815657 498105.6124990632 5.298773220626875 0.19078921291623938
0.3483302558358659 13.842620330807293 411371.1484370464 5.5905826563328285 0.1936753535667313
0.363381567569531 13.724581104125924 340982.93681682565 5.894688113499676 0.19658042120254154
0.37882435333159176 13.620574963645517 283613.8583612538 6.211965892355329 0.1995123547583803
0.39464503116073735 13.52900902513561 236690.9402957086 6.5426962702082365 0.20246774063355752
0.41085728993685117 13.448410631006354 198119.99434638908 6.887535637757484 0.20544951425116784
0.4274512536576006 13.377580084342434 166281.79459045682 7.2472086888174125 0.2084611148984583
0.44443398554525315 13.315410955900859 139998.85663338684 7.62200703447572 0.2114986141561118
0.4618011853193356 13.26102548178852 118158.43666553395 8.012814047280257 0.21456716351425836
0.4795533850018608 13.213565773664172 99966.11240412419 8.420363469736513 0.21766889127904857
0.4976946658866997 13.172404362924052 84784.16736607299 8.845140262857461 0.22080190810249276
0.5162181528014536 13.136750332345917 72067.44041958453 9.287929033574592 0.22396837454330618
0.5351203970938091 13.106161001556627 61386.50807110158 9.74965409027769 0.2271718075072418
0.5544121195470176 13.080112520670037 52402.572501114126 10.23112302272508 0.23041355472562416
0.5740750923368233 13.058085797565154 44816.41411039753 10.732869383994041 0.23369111554557712
0.5941215633261029 13.039746884690008 38405.121036742494 11.256012258388793 0.23700910906110914
0.6145380912120432 13.02468166029023 32967.71076526213 11.801545905616516 0.24036990591454183
0.635321870533768 13.012582437702248 28354.119297019046 12.370446753824337 0.24377513443184495
0.6564717086551701 13.003129581038765 24427.182181354932 12.963488851658036 0.24722371598837042
0.6779888681338712 12.996076876601956 21076.636318174904 13.58182738207396 0.25071852827230184
0.6998588096930585 12.991119899303314 18214.840401146965 14.2267380039131 0.25426312947567703
0.7220748306022231 12.988033501367465 15766.745330751943 14.89940704162848 0.2578594977916584
0.7446432221438812 12.986653606679893 13667.754560965424 15.600975395071034 0.2615086609895656
0.7675440927246026 12.986746241902898 11865.630429372415 16.332484162956426 0.2652102821161653
0.79076990473883 12.988104540669164 10315.59611743444 17.095651978546098 0.2689701309949621
0.8143238677682555 12.99060627429748 8980.693132115166 17.891929454752873 0.2727906314738574
0.8381845004722385 12.99405595445566 7827.818700271331 18.722822761667263 0.27667414607720897
0.8623466945484649 12.998309838330368 6833.256670009625 19.58939023527854 0.2806186185957736
0.8868009839120882 13.003234736276019 5972.053265312174 20.493848092551428 0.28463163597634805
0.9115392548631499 13.008729937488537 5225.971781475832 21.437984557706447 0.288716199840898
0.9365401658377569 13.014603931677033 4578.9970845445605 22.42346281551278 0.2928736943186399
0.9617987090619079 13.020796779756228 4016.2949283787148 23.45194302554188 0.2971050141936276
0.9873028523251036 13.027186146770184 3527.1492121866972 24.52601376405804 0.30141766281899923
1.0130261943849563 13.033639727947445 3101.540727109452 25.647828569292972 0.30581486690475324
1.0389677940838602 13.040090908616808 2729.96716792627 26.81891613926425 0.3102947107634795
1.065101794035766 13.046427542765477 2405.764413607278 28.04256960266198 0.31486746127924176
1.091409557753337 13.052553631601565 2122.581436822704 29.321091364189872 0.3195352957327799
1.1178888828222728 13.05838686231829 1874.635282206693 30.656728267933314 0.3242994434494951
1.1445045097799063 13.063858963834551 1657.4230802247257 32.05321612826938 0.32917031045808803
1.1712441143678118 13.06887860248395 1467.0016351899178 33.512467819635134 0.33414542222094323
1.1980859266456532 13.07336007209976 1299.892583242883 35.03874354982709 0.33923662436864027
1.2250089167903795 13.077235958112556 1152.9791668619675 36.634565790473985 0.34444382205744634
1.2519863374778712 13.080415706403468 1023.6366456498582 38.304331578838024 0.3497775265699651
1.2790118495786988 13.08287391968222 909.9233820260995 40.05092105104641 0.3552381859727841
1.3060395243873275 13.084479755075035 809.5998799355793 41.8794839344832 0.3608384891522899
1.3330603375292833 13.085224714023001 721.137356801765 43.79307231196689 0.3665780647037031
1.360054932177461 13.085055606999031 643.0076191032693 45.7971485827959 0.372469021369467
1.3869731291479848 13.083840281052458 573.8833900198407 47.89663630350213 0.37851910225175306
1.4138065355652842 13.081562108041208 512.7433443060357 50.095804461058094 0.3847315412667277
1.4405351732327445 13.078188097456234 458.5717382461358 52.40076103142179 0.39111798654723373
1.4671059460261875 13.073600208425738 410.5567739974915 54.81744785583923 0.39768774324168765
1.493511817099617 13.067792261791556 367.93024557664296 57.35202584744284 0.4044498238194321
1.5197152319471379 13.060706222314025 330.0766633632659 60.011091437283596 0.41141394685205873
1.5456907019052335 13.05226610566518 296.42446776328205 62.801715755127965 0.4185905950853702
1.5714019268109851 13.042446085179112 266.514558168582 65.73148755755152 0.42599107824243887
1.5968170116821627 13.031165154279925 239.84551609443392 68.80856028316374 0.4336276011114962
1.6219096278799476 13.018413885696246 216.08773994313307 72.04170366199548 0.441513337540175
1.6466483247233021 13.004146436091414 194.85964301378402 75.44036035958251 0.44966251103267596
1.671013566377675 12.988292250111227 175.92988364773225 79.01470819691477 0.45809048272990466
1.694945205680206 12.9708171114336 159.00756772340105 82.77472710882415 0.4668097360148555
1.7184336491776548 12.951686551844407 143.852042447626 86.73255130095566 0.4758395177435905
1.741434646405744 12.930849282925134 130.30406949326658 90.90087845042576 0.48519886067762846
1.7639183867713235 12.908276517541577 118.15472969990195 95.29218228928018 0.49490341048253367
1.7858519041879979 12.883918564129518 107.25736870141881 99.92165197835811 0.5049768626203524
1.8071895195559056 12.857730309146742 97.4824189264456 104.8049373280902 0.5154416649740095
1.8279376979998547 12.82974961639172 88.69561590450742 109.95768651651412 0.5263172467639704
1.8480132781028735 12.799828861746915 80.79290257168256 115.39889083563686 0.5376323336673969
1.8674301077832756 12.768055914928993 73.68183060141529 121.14807815103104 0.5494139384319007
1.886121003313528 12.734317373164833 67.28026324572961 127.22644106979041 0.5616912949020412
1.9040490111946826 12.69854924050702 61.50674709445664 133.6570783923906 0.5744963193956206
1.9212251241683482 12.660878452640661 56.302703098394225 140.46418202243424 0.5878603294110728
1.9375847985174246 12.621174576305194 51.603864393681334 147.67556522836875 0.6018224787933624
1.9530998264082624 12.57939918956652 47.35217711032136 155.3209240581843 0.6164230304430737
1.9677525235325852 12.535599421420741 43.51384016414747 163.4316026042498 0.6317020989608195
1.9815119684402003 12.489758643159465 40.038602656079966 172.04297049733904 0.6477071521317314
1.9943509931086068 12.441847496234853 36.89082754986677 181.19341869780848 0.6644888035137906
2.00621063171133 12.3917689228773 34.040444051694436 190.92450159103012 0.6821005363168283
2.0170996307142954 12.339630089249367 31.451225597325884 201.28193914236743 0.7006011730295013
2.0269863438845164 12.285397691015715 29.10651427968074 212.31607902643037 0.7200553860425466
2.035841234612861 12.229065708033296 26.971895880474065 224.08117629195112 0.740530226261167
2.0436451490815193 12.170637489573618 25.0372871801205 236.63845500127823 0.7621038985762921
2.0503596993120534 12.110084284510062 23.27778802223727 250.05342486627234 0.7848555463761114
2.0559780483300147 12.047449111175167 21.67544399197033 264.4000524932371 0.8088772498391776
2.060488035537637 11.982770204263593 20.21865316353789 279.7589906292737 0.8342664010714804
2.0638611206428097 11.916044438717325 18.889978877497352 296.21976399321505 0.8611307202050014
2.0660847680056804 11.847296810408242 17.682117379774617 313.88009287676925 0.8895836000099775
2.0671429093007565 11.776563351442643 16.58192689438914 332.85111238341585 0.9197584271885814
