M[M_sun], R[km], Lambda[1], P_c[MeV/fm^3], rho_c[fm^-3]
0.24162668629717493 15.618656898711224 2160425.4255784233 3.5677272577965504 0.1711233750220791
0.2536404376486918 15.277384823599668 1723253.2196070463 3.784770611942417 0.17388756236579528
0.2660340753789751 14.981409075313309 1383071.417453223 4.01129849182412 0.1766654165166264
0.2788061271208004 14.723683071117554 1116637.7428475542 4.247568512403601 0.17945566191364717
0.2919576478535936 14.498596656306937 888863.8776560045 4.494205097229437 0.1822648509627843
0.3054891196078949 14.301427463431006 738808.1322976075 4.7513599853105 0.1850886142366986
0.3194015975982498 14.1283803415221 605189.4888771258 5.019721758820037 0.18793370898872064
0.3336974389456796 13.976174631540811 497857.37011178024 5.2995057984029135 0.19079658875887773
0.34837260188499386 13.8422733264064 411151.1182894121 5.591450660940157 0.19368375175008704
0.3634315223674831 13.724231639215754 340777.7352028688 5.895711036255885 0.1965900287095414
0.3788799670639572 13.620252805632335 283424.7806028667 6.213156102762209 0.1995232080441844
0.39470896725203625 13.528660807876397 236510.30017551882 6.5440525261939575 0.2024796331663402
0.41092905872152874 13.44810015925089 197964.1946122832 6.889084109017089 0.2054627016822054
0.4275324666238159 13.377245778804355 166167.14593000634 7.248963894742868 0.20847563526725887
0.444522484441381 13.315108509862938 139881.8893782899 7.623964118034904 0.21151419379964348
0.4618987060540047 13.26073354988541 118047.69342214851 8.015007127775112 0.2145841287649155
0.4796575228899642 13.213327488496281 99868.01759145356 8.42280963489332 0.21768728302135157
0.4978080105359008 13.17214195789878 84691.29850235354 8.847830488507212 0.22082138648564192
0.5163415053068628 13.136541602669821 71987.18390017722 9.2909068336177 0.22398933844125385
0.5352538969838074 13.105966896289353 61317.09074404329 9.752939638622578 0.227194302110353
0.554553906094657 13.079940425822958 52337.57137286872 10.234737718404896 0.23043762718875438
0.5742308346921078 13.057957672407614 44764.15226135577 10.736797518783659 0.23371633538771033
0.5942801266245128 13.039609813243255 38359.58790699481 11.26031287353041 0.2370359793823392
0.6147111671722152 13.024571154123649 32927.73733007651 11.806244386016129 0.24039848051461293
0.6355058573008626 13.01249590538429 28317.230156428588 12.375570067190699 0.24380546995045224
0.6566715741662825 13.003064532896785 24391.95104319941 12.969013472320228 0.24725529245459818
0.6781964234218512 12.996015934280791 21047.076145699022 13.587831714978016 0.2507519587892546
0.7000771758360327 12.99109196043329 18189.215496777353 14.233254216006921 0.25429848024430984
0.7223039515037922 12.988022127481292 15743.901882888997 14.906469365508615 0.2578968389601758
0.7448851638932209 12.986656222583061 13647.395007984873 15.608551392980644 0.2615473844655215
0.7677970534646742 12.98674813072081 11847.062569543987 16.340676365059558 0.2652511181889742
0.7910351840663365 12.988129774783786 10300.37662602284 17.10450146411326 0.26901316304658796
0.8146013247835956 12.990640751619193 8966.355784351774 17.901480025074694 0.2728359482471359
0.8384749835760804 12.994110220984503 7815.0010334742565 18.733032070203556 0.27672105256749513
0.8626490909407171 12.998364747147882 6821.795324522296 19.600390937555478 0.2806679718091103
0.8871157823224353 13.003305862919072 5962.00404074968 20.50569308744494 0.28468354258056694
0.911868293237465 13.008806016095038 5216.663904366184 21.450730364493328 0.28877077369453963
0.936881908181763 13.014685146743625 4570.479003575193 22.437056362983895 0.29293015417584267
0.9621513770915944 13.020890706577836 4009.3075370957577 23.46655477789258 0.29716435686149845
0.9876682791534755 13.027271855699947 3520.7470831247756 24.54171243406916 0.30148002618244485
1.0134088378377024 13.03373772580272 3095.747077167331 25.66455342044401 0.3058794113263696
1.0393582895060092 13.040188329745586 2724.7710664201495 26.836871477482546 0.3103625427980586
1.0655043956065575 13.046518352353582 2401.2482370525004 28.061839396703192 0.31493874862654886
1.0918254945564534 13.052641256643007 2118.406857137842 29.34160735792963 0.31960914071335866
1.1183164575480828 13.058480706186641 1870.9551329594271 30.6787352003556 0.3243770743296283
1.1449405807430288 13.063945237605777 1654.0926579444795 32.076817150153516 0.32925193197278685
1.1716953734895459 13.068952014375192 1464.0168544460098 33.53758761764244 0.3342300785301874
1.1985439967597165 13.073421208318724 1297.1267623808817 35.0656754978188 0.3393256810193812
1.225482888764269 13.07729600971892 1150.5413057842552 36.66323178772392 0.3445362941271736
1.2524708471489432 13.080466638196258 1021.5433286456334 38.33506114574659 0.3498748711013406
1.2795077298449593 13.082904844475221 907.9706788817093 40.08363414018842 0.3553393893418525
1.3065440353401931 13.084508693916904 807.9284099270072 41.91431564570397 0.36094379069229143
1.333574105877864 13.085235138641199 719.57519425796 43.83041279491824 0.36668905993011025
1.3605771707867633 13.085040927835966 641.5193923599184 45.83691965916266 0.3725846702570492
1.387503131816878 13.083795008303797 572.6007440968943 47.939007686307235 0.3786397048849964
1.4143542003764995 13.081521099653783 511.55258575556167 50.14124029977816 0.38485885749395427
1.4410807289318088 13.07810192351552 457.52999547729144 52.449189260235855 0.3912509523190678
1.467662229414932 13.073506621582144 409.5978463292911 54.86908269708017 0.39782673494798454
1.4940695468660405 13.067654701423514 367.0958198008426 57.40709886528756 0.4045952469291071
1.5202787751200058 13.06052956203187 329.31771343123245 60.06985308937284 0.4115662382992305
1.546258843505672 13.052065747248527 295.7355814433889 62.86443709890589 0.41875022589185296
1.5719731684422251 13.04220699710666 265.866939865264 65.79846212854041 0.42615855640191336
1.597394783775209 13.030907131350217 239.28290068383504 68.88010616448871 0.43380347476368525
1.6224816859431708 13.018107810233317 215.5682929156917 72.11816576684234 0.441698198466711
1.6472333935386467 13.00379787853978 194.3965101481569 75.52211295096055 0.4498569985101656
1.671582754055879 12.987894005935969 175.50262236857017 79.10213243476713 0.4582951823736341
1.6955210411297688 12.970376948716586 158.61582129903022 82.86786883800028 0.4670237754372295
1.7189941486126457 12.951186994043066 143.49958725267945 86.83229054060564 0.47606537804875815
1.7420003559630237 12.930309666313045 129.9877255387612 91.0072567374537 0.4854355132098257
1.764478839694279 12.907682113987965 117.86410903428992 95.40622315290953 0.49515364160142394
1.786405551245209 12.88327518965297 106.9870377288954 100.04345467876261 0.5052397075635646
1.8077479335448499 12.857050760672058 97.23058275101381 104.9351327569022 0.5157181352399921
1.8284746887986376 12.828983704978908 88.47228429249633 110.0975128757277 0.5266104847921482
1.8485522226754487 12.799030742792722 80.58977352476937 115.54856725687034 0.5379415135043032
1.867945333633525 12.767167592712338 73.49808036476774 121.30842681341683 0.5497403495472889
1.8866237784932414 12.733364447023398 67.11278971952038 127.39836112342013 0.5620363370779019
1.9045560143483058 12.69758830362608 61.35290429593993 133.84115461273092 0.5748601039869322
1.9217088745779438 12.659820957040795 56.1628327565867 140.66163588519206 0.588245044623634
1.938040676839255 12.620006449972832 51.472248315920424 147.8878095551549 0.6022307413157492
1.953536594224297 12.578161311847541 47.23964888662352 155.5485578718266 0.6168544193063918
1.968172503751667 12.534306857743383 43.40611482488418 163.67671789962716 0.6321610611810969
1.981904429142153 12.488363209682653 39.941066995624396 172.30638573601365 0.6481935195687177
1.994706117623459 12.440336390619331 36.80115543742183 181.47680201296794 0.6650049901516857
2.006556334947078 12.390215946957008 33.95723451704452 191.22969072362451 0.6826491784806864
2.0174268588827227 12.338011849585712 31.375473521173163 201.6109611751508 0.7011851546823445
2.0272801413827852 12.283685030490531 29.036323788571174 212.67095674894261 0.7206771596533422
2.036109949114547 12.22727716609728 26.909977638942312 224.46395859570697 0.7411918745859633
2.0438762180375756 12.168743949410747 24.978770961143034 237.05203607690254 0.7628097439361448
2.0504006566455493 12.108655935454106 23.244695351619534 250.59070710715855 0.9261437365196634
2.0532778552705917 12.050420752680713 21.92657723722092 266.0963122331864 1.319880958621238
