M[M_sun], R[km], Lambda[1], P_c[MeV/fm^3], rho_c[fm^-3]
0.24162668629717493 15.618656898711224 2160425.4255784233 3.5677272577965504 0.1711233750220791
0.25364346509160923 15.277285781101249 1723242.7867799767 3.7848088452368875 0.1738880389253665
0.2660380565099914 14.981317656901906 1383041.9150802195 4.011378865028522 0.17666638777936858
0.27881228647724143 14.72359163017441 1116512.469587025 4.247693743833527 0.1794571144095146
0.29196648216993093 14.49848418649242 905901.649557535 4.4943784721889335 0.18226678153319653
0.3055011130872743 14.301288007174266 738666.612179691 4.751587389677957 0.1850910706378749
0.31941718119734985 14.128176597178461 605119.0297958717 5.020004866799347 0.18793664634327562
0.33371485634850806 13.976002420179743 497711.53851366194 5.299852062255721 0.19080007506131988
0.3483941627820918 13.842084172413418 411038.3110268643 5.591860944260745 0.1936877213540788
0.363455135410067 13.724063605468826 340676.1453407672 5.8961945551943495 0.19659457002173497
0.3789087726895984 13.620054611673 283327.84959498746 6.213718707188412 0.19952833831913155
0.39473830338917637 13.52852417871066 236423.75437712995 6.544693631044369 0.2024852547897881
0.4109631947399634 13.44793919892829 197893.1576790948 6.889816088863781 0.20546893552974324
0.42757003970708013 13.377121585875287 166107.08814106297 7.249793616694174 0.2084824993443225
0.44456336286807574 13.314974667870432 139822.1633914945 7.62488928796415 0.21152155874716258
0.46194457936598166 13.260622914474151 117997.45370589662 8.016043880296875 0.21459214888384975
0.47970721434980246 13.213193156456983 99826.24787260893 8.423966052389133 0.2176959776642781
0.497863404587049 13.172047105496222 84658.26603608657 8.849102306380479 0.22083059499045035
0.5164010474714958 13.136423064881939 71950.09746786595 9.292314630455833 0.2239992494187602
0.5353167714256373 13.105878587052842 61286.628648702834 9.754492957171502 0.22720493695135832
0.5546220758601049 13.079849763889808 52310.55347202973 10.236446681157416 0.23044900821401762
0.5743024728956249 13.057863865675703 44737.52278439918 10.738654699949125 0.23372825906607533
0.5943566363482036 13.039554865984398 38336.285914288535 11.262346197523524 0.2370486836274438
0.6147931876543283 13.024520362782827 32908.38831272694 11.808465861538103 0.2404119907922366
0.6355934211652494 13.012441464819481 28300.0481756024 12.377992451998631 0.24381981307064818
0.6567643417850894 13.003026970600539 24376.42174541173 12.971625642651283 0.24727022254903963
0.678294402907214 12.995996384192837 21032.802885562633 13.590670757234001 0.250767765815911
0.7001808261562301 12.991055197383012 18040.571388225828 14.236335348514297 0.25431519553853704
0.7224121973011236 12.988006193815673 15733.076038611582 14.909808784226877 0.25791449572574265
0.7449987855239785 12.9866469040073 13541.1212402052 15.612133757541375 0.26156569513687966
0.7679173079100803 12.98675720240852 11838.455768554328 16.344550178262995 0.2652704281762074
0.7911603473810975 12.988129025583332 10291.718803520242 17.108686162392736 0.2690335118172633
0.8147327629642261 12.99065325184456 8958.803016719123 17.905996333248904 0.27285737780649105
0.8386127339377638 12.994124808586331 7809.652728124653 18.73785995880854 0.2767432342176184
0.8627910078092353 12.998387351046967 6816.453045859503 19.60559316698709 0.2806913109316956
0.8872646634149246 13.003337895780826 5956.8455935901975 20.51129468869828 0.2847080896658011
0.9120238248527311 13.008837696307205 5212.678441523577 21.456758082322832 0.2887965826367369
0.9370419147440765 13.014719992524704 4566.5111167088635 22.443485091697227 0.2929568554549548
0.9623186623885694 13.020922876337393 4005.8475725621443 23.473465174114278 0.2971924220338335
0.9878422167149054 13.027315478929289 3517.640545891801 24.5491370146684 0.3015095205165517
1.0135818878757519 13.033773442955964 3093.1161787401197 25.67246345066018 0.3059099376563596
1.039543230790324 13.04022714013972 2722.289725479614 26.8453636343981 0.31039462463770673
1.06569285162401 13.046551290014603 2399.067746856035 28.07095341954472 0.3149724653601205
1.092021470336785 13.052688687388144 2116.5281153545975 29.351310951116435 0.3196440676907946
1.1185183833811037 13.05851985692917 1869.1854248522718 30.689144183585952 0.3244137926924587
1.1451475197580274 13.063980267717048 1652.5068634017373 32.08790152435287 0.32929002882090136
1.1719080408932971 13.068997574865353 1462.5995850530853 33.54946938457718 0.3342701213098189
1.1987619232508246 13.073450002294775 1295.8447662810377 35.078414685115 0.3393678060581683
1.225706039509594 13.07732550031153 1149.4529837373746 36.676791435641164 0.34458003545236626
1.2526994083452851 13.080492081841232 1020.4802592852325 38.3495972185303 0.34992091819329535
1.279739748975562 13.082934429068878 906.9961259667476 40.09910875432605 0.35538726262825976
1.3067826705852597 13.084518824158057 807.0290703606785 41.93079274762423 0.36099360346766635
1.3338178390002975 13.085238336309354 718.8030564320633 43.848077061735715 0.36674156726637785
1.3608249293627042 13.085034035870338 640.855771960187 45.85573408816498 0.37263938006084096
1.3877546706636834 13.083781352833546 572.0101455912537 47.959052614057605 0.3786967592200174
1.4146099824101752 13.081493630928094 511.01344575509097 50.162735451749576 0.38491908927859286
1.441331779890713 13.078044368608278 457.0380747493657 52.47210052327696 0.39131385806327024
1.467925169081247 13.073454170545478 409.1686731366265 54.893511486164655 0.39789249285477807
1.4943334939587865 13.067589972547236 366.66175992123465 57.433154808484666 0.40466404897470987
1.5205440000178838 13.060452228222449 328.95700649775006 60.0976547630243 0.41163829136383373
1.5465267480530813 13.051971491015028 295.39909225032443 62.89411283614228 0.4188257530024453
1.5722424928503105 13.042097101465483 265.5645812285454 65.83015090930434 0.42623779809917206
1.5976661772848446 13.03077601922356 239.0125357664196 68.91395859622281 0.4338866906063627
1.622752922414152 13.01796288897427 215.3163209330365 72.15434516612542 0.44178566868854674
1.6475046720514435 13.003633677054372 194.17069332746087 75.5607965376538 0.449949025846173
1.671853572621585 12.987704641968598 175.29616517806548 79.14331074485393 0.45839125089995614
1.6957916329657445 12.970163768093585 158.42449050918486 82.91194347414158 0.46712505882271604
1.7192566133965663 12.950925022474584 143.3400591625834 86.87948829815416 0.47617225774786703
1.742258450187081 12.930031796245775 129.82515410523786 91.05759726547778 0.48554750235499705
1.764738687092632 12.907393443367416 117.7244177011172 95.4601912004883 0.4952720595482912
1.7866681586117457 12.882965886541662 106.86574056003293 100.10109723125866 0.5053640976910998
1.808006897060242 12.85672130558495 97.12383359649212 104.996748605774 0.5158489766242232
1.8287194181782318 12.828598247136044 88.3655364092778 110.16367586405329 0.5267492185176762
1.848800033115253 12.798643332556036 80.49687299869579 115.61940643867796 0.5380878428091953
1.868188794898643 12.766748629248426 73.40871880779201 121.38431897804823 0.5498948381831028
1.886861428373507 12.732909289719112 67.03473303973405 127.47973218178552 0.5621996481427701
1.904786281773039 12.697105919328212 61.280532470396615 133.9281716502145 0.5750319026374752
1.9219316006896754 12.659304092907808 56.09669161312218 140.7550973099096 0.5884271430205673
1.9382489394127789 12.61942732678929 51.41320166531417 147.98827481048087 0.6024239912328269
1.9537590858647778 12.57763561459055 47.18099010208588 155.65631068106174 0.6170586216661007
1.9683690213513765 12.533686503752618 43.356470937188185 163.79270644137313 0.6323781770176894
1.982089039441169 12.487702290240435 39.89578405427735 172.4310837683404 0.6484237608512082
1.994883559490167 12.439640575575957 36.76068882646067 181.6109568874038 0.6652493551156332
2.0067168792340553 12.389483403964277 33.876151690431826 191.37417322002645 0.6829089163972751
2.0175765248389994 12.337238904767856 31.341054753214518 201.7667318395457 0.7014616322461366
2.0274177048228976 12.282869404794145 29.002740758805345 212.83868373800024 0.7209705879859115
2.0362331391556614 12.226420523000897 26.880150293036035 224.6451935626265 0.7415051435408764
2.0439842120904954 12.167843626628251 24.95136220197308 237.24766158030337 0.763143303389908
2.0506505642207284 12.107157679992888 23.1961186826011 250.71269548214715 0.7859669276136705
2.056224105534724 12.044406531967649 21.601477640025756 265.1133927475866 0.8100642894666105
2.060683744410007 11.979597047013721 20.14971178189719 280.5316536465432 0.8355357395160539
2.063996589637463 11.912718118967417 18.828191809801382 297.056770225218 0.8624869736877775
2.0661656050083237 11.843836523690076 17.624837062604502 314.789193227143 0.8910388908646486
2.0671655556109707 11.772962356689122 16.528442113849273 333.83838860479335 0.9213177511171791
