M[M_sun], R[km], Lambda[1], P_c[MeV/fm^3], rho_c[fm^-3]
0.24162668629717493 15.618656898711224 2160425.4255784233 3.5677272577965504 0.1711233750220791
0.25363649835886004 15.277454037351042 1723416.2833474043 3.7846827270308836 0.1738864669227701
0.26602325845419256 14.981649712254862 1383353.0435480785 4.01111374643205 0.1766631839775925
0.2787912559020646 14.7239540398924 1116846.945998251 4.247280662721364 0.17945232329111344
0.2919363499531949 14.498927128217328 906350.2624653223 4.493806596497693 0.18226041356464914
0.30546318131630795 14.301771804643435 739137.6966510569 4.75083731028114 0.18508296834884122
0.31936948799651244 14.128704495097857 605522.7583245308 5.019071066328678 0.18792695780297855
0.33365664128066397 13.976559098563815 498090.0865556094 5.298709966602317 0.19078857605316948
0.3483265023594318 13.842650786680828 411383.35609875346 5.590507710024255 0.19367462844057884
0.3633785560009739 13.724583282472674 340996.08763276896 5.894599792382937 0.19657959167192238
0.37881897437709655 13.620609643637032 283625.6946528749 6.211863128829125 0.19951141767875666
0.39463800054248765 13.529048887225084 236698.35270584657 6.542579171790754 0.2024667138386284
0.4108507266962791 13.448436875023026 198127.03010425126 6.887401945524468 0.20544837567200971
0.4274452481263902 13.377615736497045 166319.32886742154 7.247057149679321 0.20845986125400504
0.4444265658746566 13.315455840110992 140013.19342925856 7.621838068028819 0.21149726907454938
0.46179504616058037 13.261038943064248 118171.31450457708 8.012624708538256 0.2145656988260152
0.4795438649223825 13.213607264419775 99976.61689821839 8.420152284025084 0.21766730345773083
0.4976846214040178 13.172400961895661 84791.00955881047 8.84490800947281 0.22080022648875364
0.5162077877001001 13.136774039556402 72074.23571494187 9.287671956827118 0.2239665647069771
0.535109486899503 13.106177224062103 61397.05722370554 9.749370449238425 0.22716986555054705
0.5543991608591126 13.080121340909992 52402.45497329297 10.230810970773053 0.23041147658135552
0.574062307953879 13.058098713280161 44822.3716199988 10.732530277303956 0.23368893837558466
0.5941070884023072 13.03976140727227 38409.641031515755 11.255641001459736 0.23700678944109801
0.6145227702356582 13.024699015269814 32971.352053585564 11.801140307969264 0.24036743920412182
0.6353058860676857 13.012608931542019 28356.061566872788 12.370004488437356 0.24377251574567124
0.6564550245836637 13.003149662907905 24428.791140442576 12.963011949303084 0.24722099021007252
0.6779722594726257 12.996085805772216 21079.81980376805 13.581309076573454 0.25071564248613737
0.6998415538391519 12.991138866067018 18217.351520502376 14.226175519733614 0.25426007797155126
0.722054552768377 12.988048136490274 15768.84267001013 14.898797425050724 0.2578562745190151
0.74462230181199 12.98665785442152 13669.36373224143 15.600321445813476 0.2615053184347427
0.7675221642521853 12.986741002619322 11867.601379122745 16.33177703354759 0.2652067572534164
0.7907472840665022 12.988101873241325 10316.960324298314 17.094888124672142 0.2689664166322357
0.8143000293071431 12.990602452766646 8981.551565608712 17.891105097308436 0.27278671995672793
0.8381592436918203 12.994056665440453 7828.974173924465 18.7219415551903 0.2766700973893958
0.8623205923844313 12.998304868106645 6834.252595011178 19.588440733616263 0.2806143587806343
0.8867729903457785 13.003233530038166 5973.043362037273 20.492825731889262 0.2846271558334069
0.9115131066585869 13.008710774295013 5226.8751637888 21.436884461967967 0.28871148954951925
0.9365107168375073 13.01460566565298 4579.572068909332 22.422289564301657 0.29286882130105685
0.9617683128578527 13.020786620629554 4016.965715310832 23.450681911555748 0.29709989243501644
0.9872705510916163 13.0271800870117 3527.735609251054 24.524658859546545 0.30141228042657847
1.0129920772255199 13.033640087418375 3101.9885392275037 25.64638511491636 0.30580929633632026
1.0389335286939765 13.04008709931871 2730.3849037255 26.817366508994077 0.31028885653936
1.0650668889025916 13.046421900364399 2406.150827806141 28.040906553012633 0.31486130893543945
1.091375017304168 13.05253851423075 2122.970039647701 29.319320784213428 0.31952892273200634
1.1178515609226802 13.058380252373675 1874.9793614877744 30.654829044648174 0.32429274381629014
1.1444669162325913 13.06385209635526 1657.741943103576 32.05117936395531 0.32916326653476913
1.1712044893528124 13.068872593926823 1467.2145341209157 33.5103000117516 0.33413811648486536
1.1980466152135871 13.073355883460957 1300.092780913803 35.036419391418704 0.33922893900686446
1.2249679817774937 13.07722490640803 1153.1775780601347 36.632092019143855 0.3444358420540669
1.2519505536926068 13.080418131492507 1023.8961381041681 38.30167977080253 0.34976912622344275
1.2789685792901007 13.082876354627972 910.0566430980854 40.04809811150577 0.35522945274092854
1.3059954842451242 13.08448418432771 809.7418103139804 41.876478210359124 0.3608294023928976
1.3330149645059073 13.085225681344015 721.2676116195257 43.78985015195225 0.36656848677776116
1.360010045716476 13.085058768796829 643.1176187586069 45.79371673034495 0.3724590420087216
1.3869288509892232 13.08383768793627 574.0039495345827 47.89298012087754 0.37850869557576206
1.4137613660812622 13.081564281683125 512.8238788855472 50.09188391706526 0.3847205554704069
1.4404874749925896 13.07819453554184 458.657814545174 52.39658234178839 0.39110651343112013
1.4670585642899745 13.073610001966843 410.64661094435405 54.81299254513543 0.3976757503465432
1.4934638499109512 13.067803690461405 368.0007628396849 57.34727394504842 0.40443727617904285
1.5196663099869427 13.060721814984909 330.1458732890786 60.00602134365393 0.41140080678759994
1.5456416237031507 13.052283899127525 296.48303382539655 62.79630409472861 0.41857682197940776
1.5713524720658452 13.04246625116292 266.5765861317753 65.72570901697931 0.425976628290387
1.5967666167120795 13.03118754194018 239.8912721739622 68.80238743279118 0.4336124270480933
1.621859881984514 13.018439452214999 216.12222709796538 72.0351067592686 0.44149738833824287
1.6465991217244489 13.004176573135446 194.89866496227435 75.4333071318767 0.4496457315711134
1.6709636223884983 12.988326765121073 175.96764753899004 79.00716360158441 0.4580728134274798
1.6948944150076866 12.97085433866408 159.03379287790938 82.76669154259193 0.4667912703070572
1.7183845418640018 12.951726860262767 143.8837922643742 86.72394671017751 0.4758200325790172
1.7413859411215846 12.930895701365545 130.33126027483627 90.89170125077162 0.4851784447864037
1.763869167669175 12.90832798837071 118.17765279511097 95.28234423422505 0.49488182359301175
1.7858033795509376 12.88397544718644 107.27996936085195 99.91114450655553 0.504954187952056
1.8071420238953884 12.857791028423174 97.50045394181947 104.79370604508239 0.5154178153210007
1.8278908740427975 12.829811153229558 88.70882118398623 109.9456246764102 0.5262919511742964
1.8479681284387186 12.799898318929998 80.80919150398775 115.38597954290137 0.53760566339195
1.8673841560470215 12.768132625466324 73.6948968744118 121.13424652528222 0.5493857823106015
1.8860781854399549 12.73439981647709 67.29808481018814 127.21161159739755 0.5616615322692752
1.904007268172319 12.698635038390474 61.52532130448874 133.64116622530554 0.5744648191052135
1.9211843230737522 12.66097352203257 56.31601713437588 140.44715073102316 0.5878271459787312
1.937545751929574 12.621274223771234 51.61322230014346 147.65725859783 0.6017872650787094
1.9530631085896062 12.579504160674635 47.3653224232691 155.30129044507026 0.6163858227808702
1.9677161955213738 12.535712824291153 43.5241235125659 163.41046169770974 0.631662514007994
1.9814783735695634 12.48988170718486 40.04651891679036 172.02025174274362 0.6476652044353882
1.9943187053706743 12.441974747794225 36.897778388659546 181.1689783174837 0.6644442850221438
2.006181397180292 12.391903274705825 34.0470408907146 190.89818119463482 0.6820532198245628
2.0170726600249287 12.339773485658775 31.45836319159851 201.25356402737634 0.7005508099993665
2.026960959679589 12.285546248386408 29.1125495210776 212.28545625783232 0.720001704159837
2.035818534833278 12.229218093352724 26.978218250122943 224.0481665010501 0.740473168051743
2.0436248297381105 12.170801188394504 25.042617700663566 236.6027508454508 0.7620429023625067
2.050342695377268 12.110254986513855 23.282370080002007 250.0148432534189 0.7847905064977859
2.055963864630037 12.047633284127828 21.678598287117914 264.358308292576 0.8088077850639906
2.0604764440557832 11.982958379704211 20.221307253451315 279.71376710943565 0.8341920917607659
2.063853602463593 11.916239500766155 18.894370308429163 296.17070879442724 0.8610511035608232
2.0660799933082874 11.847498978371862 17.68547406992693 313.8268996548146 0.8894984481239296
2.0670635221250735 11.777193743879561 16.596101125937075 332.8753235556315 1.0133003450596694
