M[M_sun], R[km], Lambda[1], P_c[MeV/fm^3], rho_c[fm^-3]
0.24162668629717493 15.618656898711224 2160425.4255784233 3.5677272577965504 0.1711233750220791
0.2536446265874108 15.277281352689473 1723103.407060008 3.7848509945966495 0.1738885642968024
0.2660428893230969 14.98119875773203 1382850.6997615 4.01146747183564 0.17666745854034044
0.27882081025706584 14.723392323846843 1116367.5872747342 4.247831806247874 0.17945871572546537
0.291977681734457 14.498268671422386 905783.5551693712 4.494569613542305 0.18226890993652792
0.30551460049990686 14.301091735963839 738569.8516903777 4.751838100644655 0.1850937787948043
0.3194328245570275 14.128014334741518 605003.4719823068 5.020316994667364 0.1879398847903766
0.33373375369895103 13.975821078862156 497588.33306566265 5.300233825121451 0.19080391877991862
0.348416800240513 13.841894239313246 410924.023718603 5.592313295791473 0.1936920979795762
0.3634827263244426 13.723831668587229 340597.9756278364 5.896727658826777 0.1965995770438675
0.3789376635339853 13.61987783521941 283231.1354611628 6.2143390149324285 0.19953399477885786
0.3947728104531302 13.528356924729811 236344.63399185493 6.545400499359248 0.20249145306997726
0.41100060416618195 13.447745670936484 197805.89033679626 6.890623164740026 0.2054758089265816
0.42761091402325674 13.376953243036295 166028.01403996968 7.250708474457251 0.20849006772813847
0.4446100037081303 13.314812048897236 139757.81361913346 7.625909399500981 0.21152967949092533
0.46199201094092174 13.260478155223987 117939.15763859756 8.017187040012333 0.21460099214845374
0.4797620300384579 13.213084677786398 99776.74730624183 8.425241175448415 0.21770556480709452
0.49792160070871794 13.171908613375187 84611.03497907789 8.850504691585195 0.2208407488585256
0.5164640737573586 13.136320271185783 71912.72075117702 9.293866974367274 0.2240101780166741
0.5353861725812954 13.105769628493016 61251.91047792542 9.756205786252808 0.22721666388590223
0.554695970195602 13.079762955118065 52280.46903643669 10.238325002309173 0.23046147892318286
0.5743822933906095 13.05780950421737 44710.50586230129 10.740702643791156 0.2337414074999148
0.5944421988032222 13.039480956198918 37975.6654497145 11.264588405204064 0.23706269298160748
0.6148833292871037 13.024464434404248 32888.16198062964 11.810915580444714 0.24042688917045454
0.6346679913089922 13.012122197651685 28472.38456287514 12.380572411844064 0.3092061243052467
0.6501543010704044 12.997460463779609 25400.30697722224 13.055938428061523 0.4203089843396073
0.6624530004486119 12.976843538613384 23089.984179052622 13.799862798143948 0.5231226347807644
0.6724165657859958 12.949429477995192 21245.666480628683 14.629323540276204 0.623303360845583
0.6806737155173472 12.915297698515703 19699.953238483573 15.543213670244885 0.722996628250726
0.6876273757294841 12.87454602395003 18356.009411918745 16.543837530866902 0.8238375520494308
0.693581731030301 12.827534526045987 17152.09877909454 17.633409807427025 0.9277397651163398
0.6987759079938038 12.774700033704917 16053.643205743268 18.81573599263136 1.038748082630566
0.7033536374116856 12.716434379054858 15036.615150114378 20.097323774182367 1.1629202859058754
0.7073179846649226 12.653278495642539 14098.353324222344 21.486381222262303 1.3185555384465801
0.7106640372981872 12.585411403551104 13235.694995543814 22.99417666177754 1.4633971068496074
0.7141227967587809 12.509939183733566 12357.967355145945 24.583700545235935 1.4817664146812146
0.7184212397380282 12.427387022551102 11426.356372581613 26.23772904676803 1.4979710980453416
0.7238146888713164 12.339998477146937 10462.235327964581 27.953137381409245 1.512652524754278
0.7304675731580362 12.249716113789937 9488.501763266155 29.729730610160296 1.5263784245750252
0.7384203914220305 12.157857503150234 8529.831463897923 31.575016308908033 1.5396243498989146
0.7476873915367518 12.065648992046974 7604.860996190094 33.489887225982955 1.552599355130534
0.7582826015085586 11.97424707319745 6731.024214272148 35.473393029466216 1.565444136711316
0.770172614723527 11.884553804701493 5920.5789125266165 37.53067569319575 1.5783298766017713
0.7833222998441188 11.797415108587387 5179.965430598803 39.666019679928844 1.5913718511880413
0.7976731160823267 11.713260095462818 4511.779299773912 41.88261064793385 1.6046505325063967
0.813173077475065 11.632666235689797 3915.1890286804637 44.18414291671184 1.6182354421397618
0.8297600954671152 11.555901283995697 3388.50513554377 46.57479050294139 1.632187932736743
0.8473601102703331 11.483141552660403 2926.544648431189 49.05601957330428 1.6465421276651466
0.8659134303918159 11.414553651552968 2523.942718589717 51.6343705745235 1.661361320844328
0.8853438442066899 11.350073455265626 2175.111534011925 54.316223560192576 1.676700426779728
0.905579772861121 11.289623510714767 1873.5715878279311 57.104951870418496 1.692590994522803
0.9265486042458023 11.23319285010571 1614.332604550966 60.00472014133905 1.7090671834346016
0.9481876405821822 11.180515588059771 1391.568635723152 63.024062231394026 1.7261871373229658
0.9704174755167709 11.131418086192127 1200.6571838579732 66.16689725097218 1.743978827064252
0.9931723200912076 11.085669646292782 1037.1045777024342 69.43972740864193 1.7624842398904994
1.0164011852502102 11.043023240603024 896.9348079178252 72.85113229377 1.781755791989426
1.0400111392646159 11.003242885971652 776.7872061382825 76.40770870165794 1.8018330680892634
1.0639542221393083 10.966072797140152 673.9453978889206 80.11695401407397 1.8227595660652485
1.088168071875113 10.931239752078108 585.723838265349 83.98725622555894 1.8445810409028867
1.1125869099603762 10.898524976700982 509.9701633510224 88.0279040056487 1.8673469328220424
1.1371491965216156 10.867629612464798 444.90196773225216 92.24911388379745 1.8911115181159504
1.161790505201364 10.838372859850969 388.9036596871992 96.66179085366298 1.9159324748614532
1.1864762192928788 10.810441955414959 340.6097222817861 101.27385965772949 1.9418493919364663
1.2111207016600674 10.783634362555862 298.9637971594509 106.10153349530118 1.9689493284575275
1.235680974295836 10.757818324566726 262.91403652305013 111.15427708268184 1.9972790314575442
1.2600994342332335 10.732688432277012 231.7175869613788 116.44737050516352 2.0269181732707087
1.284314936494434 10.708060847914883 204.64123567460882 121.99579778481431 2.0579435306074627
1.308290619800883 10.683809061892278 181.14002069958542 127.8153585804512 2.090435273866839
1.3319592693899578 10.659704931781791 160.6402673353576 133.92354112528665 2.124481965269656
1.3552854500854215 10.635613492036141 142.7790169973629 140.33827201246106 2.160172860577604
1.378220424396344 10.611293638441552 127.15512507421364 147.07979798296967 2.197608927872074
1.400691397670831 10.586712472626948 113.48147996918325 154.170505576866 2.23690156943459
1.422666336450678 10.561619574251035 101.4972668972235 161.63402057079603 2.2781668775493547
1.4441035189891094 10.535984989677766 90.9592430756064 169.49525864612784 2.3215254070153986
1.4649489635410855 10.509618320736095 81.69023600589195 177.78189658660446 2.367110759725041
1.485159724973552 10.48239562232939 73.51170810834381 186.52454783448943 2.4150703023295885
1.5046926049609308 10.454236589426136 66.2960846531312 195.7569319735323 2.4655657797003743
1.5235053890947536 10.425005331892434 59.908044561905015 205.5125765938942 2.518751447536512
1.5415532864069612 10.394610224767668 54.25017563390901 215.83223123778654 2.5748205773663284
1.5588047668337945 10.362985185559467 49.22822655067346 226.75809424390891 2.6339677218727946
1.575220675018764 10.330044130667723 44.766222280873315 238.3369642378713 2.6964078507992464
1.59075563894385 10.295674781825106 40.78959411210848 250.6183401674708 2.762362285691725
1.6053934694352738 10.259859529986727 37.245047506078606 263.65968170991385 2.832092638107226
1.6190754354222705 10.22248517484994 34.078656395998415 277.5214577870532 2.9058656239495293
1.6317803824411625 10.18347543017385 31.25133445801349 292.2710278966047 2.983977238559899
1.6434874686096779 10.142835961485568 28.71795199941336 307.9828705807705 3.0667522078217178
1.6541513952957727 10.10049344319777 26.44624125148723 324.73796241370377 3.154536359840143
1.6637563390235044 10.056414742148736 24.406268563400783 342.6265833037431 3.247713387666818
1.672271777347597 10.010556650247697 22.576090522016187 361.7478381929495 3.3466971386895765
1.6796835724478294 9.962917355097623 20.927660244155344 382.2127208386273 3.451950156547956
1.6859671025263225 9.913463410530557 19.44441200378807 404.14257037190305 3.563965396315953
1.6911079169682868 9.862184691237193 18.1072204351569 427.673109048904 3.6832908950377448
1.695078031768168 9.809056972100652 16.89825929579605 452.95483534791856 3.810524446951264
1.6978720881582277 9.754135798258869 15.814407789454608 480.1556183368825 3.946324891187603
1.6994862580543202 9.697406033787884 14.82902370854292 509.4623735365122 4.091413680572885
1.699908470898703 9.638896609297685 13.946268202448165 541.0840965981566 4.246586443021306
