M[M_sun], R[km], Lambda[1], P_c[MeV/fm^3], rho_c[fm^-3]
0.24162668629717493 15.618656898711224 2160425.4255784233 3.5677272577965504 0.1711233750220791
0.25364209976728924 15.277368246925056 1723230.5941425348 3.7848054135766804 0.1738879961513775
0.26603825165597583 14.981277822784891 1383081.7345191594 4.011371651019608 0.17666630060232827
0.27881204892858297 14.72358770198783 1116484.0235291917 4.247682503441273 0.17945698403790333
0.29196511555124094 14.498490249046498 905968.256255661 4.494362910484341 0.1822666082500042
0.30549948287698514 14.301325937934871 738700.4081230629 4.751566978301167 0.18509085015604987
0.31941564365551534 14.128204977649135 605150.7351921555 5.019979455424331 0.18793638269045196
0.33371202780927445 13.976051565986657 497695.09885264194 5.299820981909454 0.1907997621338046
0.3483923948397665 13.842044436797345 411055.3515774411 5.591824117373577 0.19368736504381473
0.36345469314325857 13.724040335401538 340687.31755221286 5.896151154446347 0.19659416239272515
0.37890573188584387 13.620065714736379 283337.5722802361 6.21366820741529 0.19952787782200637
0.39473614252257766 13.528522160682991 236438.44959120112 6.544636084707966 0.20248475018615913
0.4109600267039663 13.447956232038866 197900.58950953803 6.88975038510005 0.2054683759689198
0.4275658420676335 13.37714942165417 166110.86057234072 7.249719139004578 0.20848188320948347
0.4445606004953869 13.314980249956134 138205.2521237654 7.624806242224944 0.21152089764968027
0.4619395172202822 13.260621492652119 118001.81180498435 8.015950818079173 0.21459142897235825
0.47970268890254675 13.21320977669102 99832.39287433581 8.423862248078102 0.21769519720097488
0.49785738446640077 13.172038196495656 84660.38105219393 8.848988142741339 0.22082976839692461
0.5163947952376582 13.136443718512771 71953.9995850424 9.292188260081307 0.2239983597634453
0.5353115399497351 13.10587690857202 61290.406957475585 9.754353523322846 0.22720398231342379
0.5546149947590298 13.079866288441975 52310.65918374015 10.236293275040598 0.23044798658912352
0.5742961328405155 13.057869643326933 44337.01378103832 10.738487988124598 0.23372718872452103
0.5943509757872192 13.039550859253566 38337.80613761711 11.26216367305583 0.23704754321126664
0.614785596200558 13.02452478442503 32908.81629206913 11.808266446270313 0.2404107780146914
0.6355848858284119 13.012473391329985 28301.74128759 12.37777500051514 0.24381852552427888
0.6567559078255499 13.003043085705476 24377.606227592736 12.971391153516457 0.24726888230530175
0.6782854137967871 12.995986697216683 21034.07424669175 13.590415900892484 0.2507663468440815
0.7001715925649016 12.991065137669745 18041.080734640127 14.236058758611266 0.25431369502481416
0.7224034304742661 12.987994225900383 15734.618327446611 14.909509006622594 0.25791291068854677
0.744988297410428 12.986642666239117 13638.476614505103 15.611812169388593 0.26156405139156047
0.7679066184458078 12.98675897984984 11839.534907007934 16.344202424932515 0.2652686947130745
0.7911486666472133 12.988123550307934 10293.321004330888 17.10831049877005 0.2690316850922766
0.8147217431502656 12.990652923115954 8959.491276677802 17.90559089852836 0.27285545404773204
0.838600647469017 12.994113897034714 7809.496787745798 18.73742655117797 0.27674124293380703
0.8627796899544475 12.998383766223792 6816.932546987573 19.605126151585118 0.2806892157281181
0.8872525700043815 13.003345483728314 5957.363376190675 20.51079181804134 0.284705886008611
0.9120114835932309 13.008828650874031 5213.026935654513 21.456216955035657 0.28879426568639666
0.9370276468797186 13.014714790025208 4567.053409293433 22.4429079617905 0.2929544583858902
0.9623025378378818 13.020921589061736 4006.1091530455365 23.472844799710064 0.2971899025090468
0.9878259550644243 13.02732599221362 3517.8121206300143 24.54847047606365 0.3015068726750958
1.0135670559912033 13.033776343500717 3093.3699218655065 25.67175332776375 0.3059071971553403
1.0395264450534771 13.040229908509616 2722.486999878157 26.84460124670229 0.31039174447427476
1.065674504949684 13.046548858026405 2399.211083001006 28.07013519877484 0.3149694384057031
1.0920038110252344 13.05268459026157 2116.535468377059 29.350439796969738 0.31964093207075783
1.1185009228816372 13.058517706362704 1869.3547687792902 30.688209696507734 0.324410496228737
1.1451290467221884 13.063974116049335 1652.7724545800907 32.086906754060635 0.3292866108881582
1.1718893004406004 13.068988324016324 1462.7580055515411 33.54840266388008 0.33426652635108617
1.1987425420789997 13.073447985856458 1295.976558694442 35.0772709799955 0.33936402413539724
1.225685930379796 13.07731895873057 1149.5533457039285 36.67557406473509 0.3445761084022682
1.2526806106928434 13.080486974603767 1020.5999178294263 38.348292177070164 0.34991678410804317
1.2797184228000493 13.082927182392774 907.1036075497743 40.097719443960216 0.3553829645661265
1.3067597386713397 13.08452061715908 807.1239520760378 41.92931342622773 0.3609891312549685
1.333796587216267 13.085232451544362 718.8491813910572 43.84649114584046 0.3667368531041619
1.3608029749528447 13.085034207936543 640.918589150089 45.85404490042917 0.37263446813236406
1.3877319404761976 13.083782589926612 572.0729519930505 47.957252940412396 0.3786916367678758
1.4145872339574734 13.081496386360033 511.0608768748841 50.16080556094579 0.3849136815118823
1.4413085355627524 13.078048313391319 457.06998062655106 52.47004347859802 0.3913082101892899
1.4679012118347903 13.073459635103953 409.2012515622516 54.89131818050032 0.39788658887038714
1.494309978383239 13.067596749045794 366.7146193804678 57.43081539709869 0.40465787163974853
1.5205204517583313 13.060460879995723 328.98664190083605 60.095158597518555 0.4116318220995477
1.5465026815376526 13.051980019249513 295.4284857601339 62.89144839183305 0.4188189717798456
1.5722186029582705 13.042107658997528 265.5891799580932 65.82730570527586 0.42623068331624797
1.5976416014439632 13.030788246816007 239.03702052588608 68.91091910723605 0.4338792189529427
1.622722076404613 13.01794910450796 215.33838342058414 72.15109672545789 0.4417778149974562
1.6474809762542884 13.003645979991965 194.1917318538381 75.55732322983155 0.44994076292917545
1.6718291838820993 12.987721739013107 175.32037509574116 79.13961342026151 0.45838262508398214
1.6957683326127924 12.97018318594474 158.44387366369025 82.90798606551762 0.467115964709224
1.7192323192649432 12.950947737190496 143.3538944713983 86.87525043720763 0.4761626610778904
1.7422347668507707 12.930055294758867 129.8386426856982 91.05307718810322 0.4855374468466193
1.7647161436881658 12.907417236275194 117.73981055389208 95.45534537074752 0.49526142671581874
1.7866440632587353 12.882994041108933 106.87312341776408 100.09592142998463 0.5053529285364962
1.807983441854864 12.856751143511751 97.13316098463518 104.99121599818055 0.5158372281204017
1.8286965732921958 12.828630360904542 88.37443124704828 110.15774642024662 0.5267368040778984
1.8487777342194036 12.798676792708418 80.50479750806215 115.6130455496248 0.5380747034073856
1.8681665419269144 12.766785573464608 73.41913280205124 121.37750431210648 0.5498809660205419
1.8868401300877302 12.732949307079162 67.04243008137757 127.47242548554959 0.5621849836617258
1.9047657995329241 12.697149035300113 61.28956249730473 133.92035791824497 0.5750164759044251
1.9219115718807491 12.659351158977213 56.10281229764044 140.74670483010547 0.5884107912784101
1.938228743440185 12.619477930543622 51.41758174685326 147.97925333422108 0.6024066379743948
1.9537401722012968 12.577688512157247 47.18538880118327 155.64663472618878 0.6170402847630397
1.9683512590826149 12.533742387243228 43.361150171190026 163.78231738283782 0.6323587701700063
1.9820747795266487 12.487763815394764 39.89787327887629 172.41988596880662 0.6484030853387112
1.9948682188517801 12.439703932542203 36.76466865989986 181.59890976055763 0.6652274111070401
2.0067026229025156 12.38954859226166 33.92082498995771 191.3611985490941 0.6828855916757323
2.0175643887310817 12.337307813924781 31.344120674151377 201.752743343301 0.7014368040451535
2.0274052403112464 12.282942807806428 29.0054053860824 212.82362140150178 0.7209442373293584
2.036222422124194 12.226496858318733 26.882908615009356 224.62891800196235 0.7414770108468022
2.043974516579793 12.167924646757774 24.953628894010805 237.2300935194183 0.7631133482322694
2.050642399509043 12.107241041475266 23.198785110295507 250.69366989016513 0.7859348547661127
2.0562173177043497 12.044494358541955 21.602965985828558 265.09280603517595 0.8100300319810964
2.060679907127856 11.979687879938606 20.151689048559906 280.5093894415025 0.8354992210378388
2.063998801877457 11.912827678443023 18.830732288629616 297.03261542547125 0.8624478385841039
2.0661627812500285 11.84393638691177 17.62664051121822 314.76295391434513 0.8909968868857348
2.0671646391861533 11.773068029210577 16.53047542378138 333.8098917541824 0.9212727426179514
