M[M_sun], R[km], Lambda[1], P_c[MeV/fm^3], rho_c[fm^-3]
0.24162668629717493 15.618656898711224 2160425.4255784233 3.5677272577965504 0.1711233750220791
0.2536443312077899 15.277285973160712 1723267.390770511 3.784826010991903 0.17388825288822174
0.2660406691021531 14.98125005080503 1383057.5704989862 4.011414950882015 0.1766668238556116
0.27881547037307775 14.723519581402853 1116395.4068313092 4.2477499706369075 0.1794577665557018
0.2919716498064798 14.498355794151527 905812.6335973748 4.49445631538736 0.18226764833527748
0.3055063583774506 14.301208309433896 738607.3140973918 4.751689492419957 0.1850921735423545
0.3194235249509412 14.128115557451151 605078.98316495 5.020131981208812 0.18793796520433548
0.33372263906123095 13.975924020775741 497675.0494110359 5.300007534915266 0.1908016404130257
0.34840335926107696 13.842007749760452 410994.5387534448 5.592045163356099 0.19368950372450328
0.3634668874859052 13.723953585975837 340631.3902299208 5.896411659468398 0.19659660911102098
0.378920439551213 13.619972335331425 279381.27247853024 6.21397132391248 0.19953064187948474
0.3947516580403131 13.528455622195398 236399.7028486178 6.544981497946614 0.20248777899363163
0.4109783649480031 13.44787375884289 197859.12343951443 6.890144763193543 0.20547173465825833
0.4275858951573221 13.37705566854958 166072.73869327042 7.250166182685024 0.20848558148728433
0.44458278502936754 13.314924366937213 139799.0518876485 7.625304715890915 0.21152486582057892
0.46196427786944544 13.260572033319482 117976.39890830193 8.016509416200943 0.21459575018043733
0.4797296211621285 13.213158218705194 99806.79357174365 8.424485326436498 0.21769988187918246
0.4978864451748274 13.171980893665031 84635.76584208579 8.849673403934748 0.22083472998075449
0.5164263817036153 13.13638578023336 71936.5816076227 9.292946793630678 0.2240036998869219
0.535344754833033 13.10583457255053 61272.10331638312 9.755190472178743 0.22720971250831412
0.554651742573699 13.079819977276227 52302.96552850011 10.237214094656325 0.23045411888855138
0.5743348914372924 13.05784494180875 44726.06396458476 10.739488677533961 0.23373361346050392
0.5943918023057378 13.039523648684732 38323.35860460991 11.263259280966667 0.23705438858932
0.6148292320710161 13.024521640563762 32899.76948662425 11.809463444872554 0.2404180577633411
0.635634798813928 13.012428013120372 28289.36271056928 12.379080265776299 0.24382625409674474
0.656805874197412 13.003023245019923 24369.453289065477 12.972798691460964 0.24727692721500447
0.6783381892193252 12.995978761717936 21026.738336908315 13.591945698558252 0.2507748643476272
0.7002270262059831 12.991065129520026 18170.8002800384 14.23771901834396 0.254322702014893
0.7224570470357832 12.988018135189117 15727.944249652566 14.911308457776501 0.25792242506510576
0.7450488786146676 12.986644295428698 13632.791251975328 15.613742545269476 0.2615739181925946
0.767971053710898 12.986748228198408 11835.237680766162 16.346289866390798 0.2652791000851956
0.7912160043652977 12.988139743570454 10287.936840306058 17.110565482006216 0.2690426503121527
0.8147930260356218 12.990652694762126 8955.623098976714 17.908024594292314 0.2728670017601144
0.8386733032589666 12.994129655118572 7806.515242126845 18.740028165172042 0.27675319600399856
0.8628543358272898 12.99841265118376 6813.368269476666 19.607929510403963 0.28070179263115236
0.8873363626338926 13.003356208998326 5954.809728930711 20.513810413856323 0.28471911396351296
0.9120933947851424 13.008853531873262 5210.778604977517 21.459465203916185 0.2888081737474525
0.9371129453358038 13.014744065806822 4564.867989394971 22.446372332913068 0.29296884741121954
0.9623980541858421 13.020948449401304 4004.188310059098 23.476568767410193 0.29720502664837567
0.9879193938579722 13.027334482910184 3516.2185674748016 24.552471568234076 0.3015227671148813
1.0136614726942899 13.033795441777503 3091.5119901104827 25.676016056987063 0.3059236478483684
1.0396271945561775 13.040248942985512 2721.1169782040133 26.849177724292172 0.3104090335825251
1.0657773958618555 13.046582926333578 2397.9604217428696 28.075046846419916 0.31498760872609033
1.09210862499482 13.052704121475383 2115.397157872601 29.35566920728153 0.31965975473700603
1.118608613436433 13.058542963756603 1868.3938698758345 30.693819301440804 0.32443028447363176
1.1452408248633847 13.064003600130036 1651.913755274632 32.09287824545395 0.3293071283444174
1.1720040985846365 13.06901037839543 1461.9188050352034 33.554806084300985 0.3342881065381249
1.1988615651176793 13.073462255865326 1295.3164471293223 35.08413655107323 0.33938672671769077
1.2258067333550258 13.077339627440017 1148.925926127957 36.682881863641654 0.34459968223031784
1.2528027119816552 13.080493824087357 1020.0573981211277 38.35610579607236 0.3499414806660279
1.2798470172498433 13.082938246336681 906.5987461199904 40.106059431162485 0.3554087657003206
1.3068900765431748 13.084527061802536 806.6535467536943 41.93819376969918 0.36101597787864886
1.333927356951658 13.085232287013872 718.5038526202218 43.85601140499674 0.3667651522378898
1.3609356109714597 13.08503373322455 640.5481057376445 45.86418512780878 0.37266395453613815
1.3878667154014348 13.083772671813545 571.7279697893894 47.96805644615746 0.3787223870326738
1.4147242719573754 13.0814844512185 510.7646505676011 50.17239080388104 0.38494614463930704
1.4414478552376238 13.078026841965157 456.8307442337367 52.48239206813529 0.39134211478954256
1.4680428743756242 13.07342864048201 408.96987505116977 54.904484792493655 0.39792203102190965
1.4944517390001548 13.067563889837702 366.489886135305 57.44485913610326 0.4046949548481405
1.5206641214958048 13.060416212168144 328.7992718459178 60.11014339329385 0.4116706579074778
1.5466478106341848 13.05192731223593 295.26345244614265 62.90744343540733 0.4188596804374045
1.572363544084045 13.04204731519644 265.4279702046632 65.84438592897963 0.4262733945182323
1.597788047772818 13.030718176608111 238.89425836220104 68.92916571364457 0.4339240726503141
1.6228748418836076 13.0178950107349 215.2033785358596 72.17059777079282 0.44182496229108953
1.6476270047403014 13.00355437017665 194.08173336771796 75.57817426805833 0.44999036705498247
1.6719756605712521 12.98762080494503 175.20052015685312 79.16180934445826 0.45843440792119533
1.6959140936543298 12.970065917584401 158.34876759897762 82.93174342007559 0.4671705590408056
1.719392444962462 12.950857497772825 143.26007254396848 86.90069151193607 0.4762202725949034
1.7423756345427452 12.929920310464063 129.76742146557623 91.08021257291149 0.4855978130896416
1.764858672387289 12.907266340455568 117.66545516725445 95.48443645550256 0.4953252590514949
1.7867854065174067 12.882828774272783 106.81142739419977 100.12699354465656 0.5054199808119326
1.8081230627744218 12.856570302966466 97.07316042123368 105.02443025871051 0.5159077586722569
1.8288328455971254 12.828435365514608 88.31749100969729 110.19328932452525 0.5268111323861128
1.8489129885661697 12.798466992308269 80.45189045970115 115.65123258303953 0.5381535846410882
1.8682885574497907 12.766528359620036 73.37799363848411 121.41841571042336 0.5499642466351601
1.8869668318900248 12.732706497671373 67.00154867372393 127.51627689690497 0.5622729711290996
1.904890881337013 12.696888869147035 61.24915502030372 133.9672674946715 0.5751090899735852
1.9220317788611574 12.65907146865795 56.068146545017065 140.7970891183935 0.5885089590321717
1.9383446173146335 12.61918248856648 51.38581673597294 148.03341403992115 0.602510818786472
1.953841016664098 12.577336214064074 47.154841401069625 155.70472484602448 0.6171503713550313
1.9684573330203932 12.533405376791496 43.333045105667395 163.84468891828243 0.6324752807165605
1.9821716554092097 12.487404689945304 39.87460846265612 172.48711316565021 0.6485272130072133
1.9949620365483798 12.439327337544324 36.74097039002907 181.67123630916421 0.6653591549181913
2.0067977371971795 12.389166222754685 33.9001134593547 191.43909409549101 0.6830256254337065
2.0176431474822696 12.336890767418131 31.322516423558106 201.83672595973837 0.7015858649051279
2.0274792974129467 12.282504600388279 28.989179355929547 212.91405143836985 0.7211024392686018
2.036289121275148 12.226038648446096 26.866662251452023 224.7266324033878 0.741645912515916
2.0440338902228263 12.167441783961001 24.939632645661614 237.33556829556355 0.7632931924146751
2.050692116706718 12.106734863465682 23.185306382566562 250.80776861271977 0.7861269993695702
2.0562649261923895 12.04398704513183 21.591179774013433 265.2164054898238 0.8102357086546073
2.060711008684811 11.979136548363217 20.13979715947307 280.64306100834784 0.8357184735192498
2.0640162698685613 11.912239909866011 18.81947799974013 297.1776387424525 0.8626828023430531
2.066176602833965 11.843338277999143 17.616640478416276 314.92049342658146 0.8912490766591878
2.067169319894773 11.772444880421144 16.521353426351208 333.9809864373727 0.9215429730031036
