M[M_sun], R[km], Lambda[1], P_c[MeV/fm^3], rho_c[fm^-3]
0.24162668629717493 15.618656898711224 2160425.4255784233 3.5677272577965504 0.1711233750220791
0.25364463213424154 15.277251913119477 1723031.1186807523 3.784832521641439 0.17388833404032736
0.26604074390278676 14.981256714424696 1382891.7101830398 4.011428637631446 0.17666698925190114
0.2788166608909768 14.723467193702913 1116390.9589485987 4.247771296596879 0.17945801390469993
0.2919721127213915 14.498369397922586 905853.7221156557 4.494485840236193 0.1822679771013216
0.3055083847966633 14.301171779557476 738620.3340645222 4.751728218742277 0.18509259186054586
0.3194254334281747 14.128090141196369 605065.2149779124 5.0201801943440705 0.18793846543422235
0.3337227418512563 13.975947289412753 497663.66927872744 5.300066504274844 0.19080223413662878
0.34840685962748935 13.841978212292785 410976.1471862493 5.59211503624525 0.19369017976392716
0.3634703713928815 13.72392788055249 340654.6369254628 5.896494005785753 0.19659738252505993
0.37892525673412497 13.61996856230196 283278.6732573103 6.214067140267751 0.1995315156092744
0.3947583890742977 13.528405873871812 236392.6090109072 6.545090684930902 0.20248873641597945
0.41098417533895093 13.447820013352596 197839.40038973963 6.890269428792544 0.2054727963628133
0.4275919154756919 13.37703613463081 166073.14759901087 7.2503074968659975 0.2084867505432878
0.4445895360636593 13.314884052705406 139785.38725665648 7.62546228814343 0.21152612019702757
0.46197213359959505 13.260527961759534 117966.16402957989 8.016685995140255 0.21459711616129085
0.4797379462115078 13.213128821314431 99803.9003376239 8.424682289141417 0.21770136276337465
0.49789619229982734 13.171958806748869 84631.2219631639 8.849890024228749 0.22083629840423777
0.5164363884511668 13.136365033492053 71928.7323494631 9.293186577338624 0.2240053879791746
0.5353557538530213 13.105822312664282 61266.65674158145 9.755455045267098 0.2272115239157237
0.5546638654988809 13.079797536021813 52298.10326562609 10.237505181899651 0.23045605741603842
0.5743476899327842 13.057816686600534 44321.116601899164 10.739805014186679 0.2337356444398032
0.5944060179676777 13.039499865289525 38322.44588538773 11.26360562460757 0.23705655255065589
0.6148437515977399 13.024507711212783 32896.568323087915 11.809841841752776 0.2404203590477141
0.6356497939480262 13.01241968703537 28287.091771483265 12.379492889816701 0.2438286972743059
0.6568215955443601 13.003004400699114 24366.329795033682 12.973243647812271 0.2472794704030456
0.6783547727473922 12.995968690457783 21024.003680568498 13.592429306170448 0.25077755694524567
0.7002439845169339 12.991062104626833 18168.865613387057 14.238243870524867 0.25432554936358986
0.722479910245559 12.9879915170134 15611.286785969387 14.911877314470718 0.25792543282488023
0.7450691625906432 12.986639248892383 13631.303501628365 15.614352793059979 0.2615770373745063
0.7679923503423626 12.986750662937915 11833.545109957106 16.34694976996042 0.2652823895389807
0.7912384053997905 12.988138355306505 10286.879190772914 17.111278353643705 0.2690461167655272
0.8148122107162774 12.990674091588662 8954.246108331241 17.90879396590239 0.27287065237339153
0.8386967011420774 12.994143124420042 7805.9278575072885 18.740850624147253 0.27675697477743794
0.8628798226128003 12.998413035448639 6812.679865706461 19.60881575160269 0.280705768636488
0.8873628963508593 13.003368039159412 5954.079160325807 20.51476470321957 0.2847232958074676
0.9121197715702498 13.00885139969771 5210.185565381549 21.46049209952687 0.2888125706170818
0.9371410556312852 13.014750926673855 4564.129137229671 22.447467556874845 0.29297339634803077
0.9624263844824106 13.020958230055669 4003.5739227239906 23.47774606521558 0.2972098080045726
0.9879480813528925 13.027345222166996 3515.7043992440404 24.553736481949247 0.3015277920165889
1.0136918122388046 13.033802236740481 3091.4003704637084 25.67736369000619 0.30592884862372866
1.039657532632982 13.040259465172833 2720.7608918892993 26.85062455321157 0.3104144994416527
1.0658098787850807 13.046586988151796 2397.5892544558915 28.076599644575808 0.3149933532016774
1.0921436391005441 13.052715850479812 2115.1285980141624 29.3573224709111 0.3196657054709634
1.1186432482728692 13.058552066750527 1867.9214382352206 30.695592770708135 0.3244365405013902
1.145275443373881 13.064010583794591 1651.683476806281 32.0947661317079 0.3293136149356366
1.1720401315681572 13.069012749482185 1461.6722879352315 33.55683053436914 0.3342949291435841
1.1988972006428193 13.073473876413981 1295.070316941939 35.086307121018564 0.3393939042040572
1.22584441924236 13.077342130565736 1148.7191284656299 36.68519225414604 0.34460713519244424
1.252841338551165 13.080496536340096 1019.8483461245428 38.358565384212554 0.3499492256732892
1.2798857255529965 13.082942557199488 906.464044466044 40.108696175594766 0.35541692290671467
1.3069298790861856 13.084518991680769 806.5793505488685 41.94100136288963 0.3610244656582121
1.333968050423171 13.085241186913741 718.4112765500552 43.85902132801804 0.36677409928572663
1.3609778323842068 13.085033374029106 640.4366744801413 45.86739107331188 0.3726732769901664
1.3879103783323266 13.083769048053341 571.6460258867406 47.971472109093675 0.37873210911199023
1.414760734826459 13.08146154909864 510.66328477802125 50.176053642187945 0.3849564083158961
1.4414916485209448 13.07802286806319 456.74862285360183 52.486296266606594 0.39135283425576806
1.4680869453636662 13.073419722983102 408.8991530300109 54.9086476403494 0.39793323665966546
1.494495994086324 13.067554754794038 366.4271979408227 57.44929932310482 0.4047066793881525
1.5207087119682963 13.060403868566 328.7315430698758 60.11488113514727 0.4116829366222098
1.546693206320504 13.051912176043043 295.1974000097806 62.91250061168073 0.41887255135308366
1.5724094820410073 13.042029104628627 265.3808805791752 65.84978623492813 0.42628689864804603
1.5978236157505907 13.030688831321752 238.84514840828302 68.93493482750618 0.4339382542510708
1.622921375768285 13.017867209598784 215.16295980923607 72.17676353831024 0.4418398691459081
1.6476742746669084 13.003525336262566 194.04143982740075 75.58476690619958 0.4500060507848861
1.6720214876510646 12.987592488641662 175.17703510908615 79.16882723759247 0.4584507805855875
1.6959591550219169 12.97003112732661 158.31843143988638 82.93925504704771 0.46718782073771015
1.7194394421450307 12.950816294991155 143.23451378833343 86.90873554529264 0.4762384883727163
1.7424152647513051 12.929840605166943 129.747591203956 91.0887923607456 0.4856168999594661
1.7649034299390494 12.907218285864175 117.64283176025964 95.49363466047834 0.4953454419670711
1.786830052404458 12.882777220183984 106.79117970458458 100.13681817623736 0.5054411819406545
1.808167391261102 12.856514594391989 97.05587537880749 105.03493226856759 0.5159300597122015
1.828876103084925 12.8283736244773 88.30135360857899 110.20452428894988 0.5268346217081369
1.8489553925036377 12.798398567274242 80.43856392932958 115.66330708131831 0.5381785263879432
1.8683299911480775 12.766455564833997 73.36204665770694 121.43135171332601 0.5499905795965537
1.8870077851984504 12.732630267618132 66.98782653472867 127.53009785335577 0.562300632679179
1.9049295003978735 12.696807428115472 61.23701062509089 133.98210027016916 0.5751383744779536
1.9220704363267096 12.658983034509331 56.058631056670926 140.8130207008929 0.5885399998133553
1.9383811871442334 12.619088269654519 51.376773110578505 148.05053984798488 0.6025437611303446
1.9538763922743672 12.577238280709121 47.14967763279519 155.72309326466302 0.617185181347056
1.968490609258388 12.53329846857844 43.32677898567834 163.86441127369395 0.6325121222403733
1.9822044249154116 12.487292708101366 39.867812984321084 172.50837107841727 0.6485664634188455
1.994988916939204 12.439207779337606 36.73285647529933 181.69410684962915 0.6654008139247662
2.006824248678986 12.389041401220286 33.89317321792207 191.46372580198644 0.6830699061478862
2.0176687039569483 12.336759216051384 31.317938860553216 201.86328268864955 0.7016330004793399
2.0275025869034318 12.282368457238789 28.98215977833219 212.94264715818173 0.7211524657695851
2.0363103064369095 12.225891232946278 26.86141534115084 224.7575318330127 0.7416993229156338
2.0440512680064233 12.167292857343995 24.934602746507107 237.36892198804878 0.7633500635242847
2.050708836833797 12.106574204394493 23.18077651584512 250.8438175745565 0.7861876560416349
2.0562787690372564 12.043819462399982 21.587990814683717 265.25549132519086 0.8103007497554973
2.060720939942034 11.97896202185781 20.136144724742568 280.68533229788346 0.8357878082726447
2.064023778102118 11.912059237574582 18.81633581914883 297.2235002486466 0.8627571062006033
2.0661808758417526 11.843149137891087 17.613580502100117 314.97031347620816 0.8913288287597906
2.0671688638739427 11.772247030358571 16.51839912949519 334.03509366626895 0.9216284310490903
