M[M_sun], R[km], Lambda[1], P_c[MeV/fm^3], rho_c[fm^-3]
0.24162668629717493 15.618656898711224 2160425.4255784233 3.5677272577965504 0.1711233750220791
0.2536449985714081 15.277241897276367 1723022.3136320028 3.7848463880193433 0.17388850687803858
0.26604253627888425 14.981215586008897 1382968.5052337146 4.0114577877744475 0.17666734151417607
0.2788189953764684 14.723435568387842 1116388.0893762098 4.2478167169562076 0.17945854071242112
0.2919760348004806 14.498302354616817 905844.0696544399 4.494548722941841 0.18226867731484328
0.30551267152948525 14.301125127556395 738544.7271043775 4.751810699259622 0.18509348280754961
0.31943086238285534 14.128019030020708 605047.9372500674 5.020282880522601 0.18793953084295784
0.33373216748679513 13.975793469491295 497615.4384893706 5.300192099917532 0.1908034986763498
0.3484143239702172 13.841915092229714 410933.56065460964 5.592263855217726 0.19369161962842457
0.36347986451649583 13.723852433485016 340609.5433870426 5.896669391934095 0.19659902978888083
0.37893265530606896 13.61993493721518 283247.23934083787 6.2142712164179885 0.19953337653804087
0.3947694081632174 13.528347246555123 236362.85493608422 6.545323239482817 0.20249077560523393
0.4109964811960067 13.447767872587402 197821.10389867693 6.890534951745577 0.20547505766770371
0.4276073126318435 13.376951291538756 166031.83710680864 7.250608480336919 0.20848924050240727
0.44460454534274796 13.314827924821223 139764.09265639054 7.6257979005061 0.21152879188723248
0.46198639960291826 13.260478960535776 117946.29609651308 8.017062090993923 0.2146000255667794
0.47975581046793814 13.213090426045353 99777.37338356311 8.425101801800128 0.21770451691210022
0.49791628774144375 13.17190410058312 84614.95043317655 8.850351407098938 0.22083963901335169
0.5164572549417336 13.136342581677457 71918.82483330778 9.29369729797528 0.2240089834842964
0.535378454317681 13.105801362273414 61255.245518784744 9.756018567177986 0.22721538208501516
0.5546885844528943 13.079764731609078 52287.04967506681 10.238121023143455 0.23046013291840306
0.5743740812215418 13.05778868850309 44713.88827142868 10.740478792858456 0.2337399703075865
0.5944333888713021 13.039487541855898 38314.04853979483 11.264343318777787 0.23706116167718094
0.6148735154204517 13.024471113691252 32889.665983134815 11.810647810251023 0.2404252606809122
0.6356823362893879 13.012394589368364 28280.61338000589 12.380371763446371 0.2438339011502822
0.6568548410677042 13.002993285889977 24360.88503156112 12.97419139058835 0.24728488731211345
0.6783898237459685 12.995965338902009 20857.31520419244 13.593459378166902 0.2507832921101491
0.7002817595122104 12.991046059333778 18164.652850743183 14.239361795965634 0.2543316141636664
0.7225208660946175 12.988002913131757 15722.507725474376 14.913088972569406 0.25793183931798597
0.7451105151508007 12.986638813340743 13627.981790554855 15.61565261713389 0.26158368121296477
0.7680342481780487 12.986756026084464 11831.024376690333 16.34835536501776 0.2652893960778061
0.7912825703798371 12.988156377192844 10285.49370408526 17.112796775572725 0.2690535003371872
0.8148600626905628 12.990681317441602 8951.720712674434 17.9104327384504 0.27287842823195396
0.8387472332279532 12.994137580134263 7803.750650463341 18.74260247813363 0.2767650236400717
0.8629308687075916 12.998426047107023 6810.586047572278 19.610703469077837 0.28071423763427783
0.8874170108859251 13.003369104571446 5952.31589262937 20.51679737169179 0.2847322032758831
0.9121755767835146 13.008872771863004 5208.369994716821 21.462679428878552 0.2888219361279436
0.937199420236829 13.01476771758432 4562.698335232009 22.449800434555556 0.29298308579377735
0.9624863756787836 13.02097598977521 4002.446534675175 23.480253772234317 0.29721999254788806
0.9880117107177782 13.027360139974233 3515.0299562830605 24.556430824460165 0.30153849536032035
1.01375685155793 13.033828327876174 3090.347704010381 25.680234237333863 0.3059399266187024
1.0397254276753507 13.040270572335436 2719.959182434536 26.853706404727298 0.3104261421217316
1.0658795638363865 13.046603937853934 2396.878912909131 28.07990722955781 0.315005589396774
1.0922141568468609 13.052737223191485 2114.5241377592993 29.360844065124702 0.3196783810478625
1.1187162947760476 13.05856619994984 1867.2687910230222 30.6993704263691 0.32444986642652024
1.1453513628400858 13.064019549678852 1650.9432159603248 32.09878751756588 0.32932743202135406
1.1721181141340147 13.069029464004508 1461.1688929451475 33.561142829984256 0.33430946202442335
1.1989771371693376 13.073481890997737 1294.6094701862576 35.090930684157506 0.3394091930739068
1.2259261070581995 13.077350752198576 1148.3073513687864 36.69011366548265 0.34462301090359804
1.2529245092666794 13.080510821173409 1019.4959715294341 38.36380462007314 0.3499657235247467
1.279970074251067 13.082950304951314 906.1098637076307 40.11431279772556 0.35543429885919514
1.3070233842083794 13.084546346057575 806.2367517470722 41.94698193423094 0.3610425458314295
1.3340569630070942 13.085243217105406 718.0718016889451 43.8654329150009 0.3667931578380683
1.3610665597187321 13.085030710902155 640.1834281019356 45.87422023911389 0.3726931352766466
1.3880088147344014 13.083782257752125 571.3925984900475 47.97874802925944 0.3787528187295002
1.41485226903701 13.08145439204322 510.4764413611843 50.183856117380486 0.38497827171123616
1.4415856475510744 13.078009225592625 456.56045148485657 52.49461290821704 0.391375668637654
1.4681811112963932 13.073402855268832 408.7215126255412 54.917515281674426 0.3979571067553019
1.4945930441867779 13.067528200182634 366.28326564226836 57.45875778138682 0.40473165492916935
1.5208054992579654 13.060375323211 328.61424736311386 60.12497347877474 0.4117090927557039
1.546790020763657 13.05187752268431 295.0839525834434 62.92327345405585 0.41889996909340727
1.5725073529722584 13.041987068331736 265.2744302699311 65.86129005796853 0.42631566537370447
1.5979213810757458 13.030642190043375 238.7420433364041 68.9472243381143 0.43396846425162205
1.623030130194669 13.01782723804252 215.06962003929183 72.18989806155092 0.4418716242243322
1.6477723507236153 13.003465130254485 193.950476769097 75.59881081939062 0.4500394609215505
1.6721206103655075 12.987520579891894 175.11372045711747 79.1837770975519 0.45848565843783534
1.6960573768014018 12.969956992410973 158.24186490223528 82.95525674995274 0.4672245926043814
1.7195366720468355 12.950732669613114 143.17434782835298 86.9258714845621 0.4762772928441191
1.7425188475873625 12.929781693766841 129.68242083364456 91.10706966830293 0.4856575602411461
1.764999469174976 12.907117016885604 117.58686662055416 95.51322945494533 0.49538843732143667
1.7869101406367112 12.88263428757863 106.74458912452634 100.15774752080718 0.5054863465582422
1.8082607148335803 12.856393791194423 97.01325276399209 105.05730471922354 0.5159775676580639
1.8289635138616835 12.828231914896438 88.26788690600803 110.22845825555169 0.5268846612656803
1.849045277155229 12.798257463397043 80.40822211485255 115.68902964466706 0.5382316603276475
1.8684169253304292 12.766303450843989 73.32673689543724 121.45890968293003 0.5500466775237983
1.8870938270128264 12.732465393795454 66.95789831398535 127.55954118657267 0.5623595611794735
1.9040648610255018 12.6976298283851 61.46090826812769 134.15598563862017 0.9834801904865949
