M[M_sun], R[km], Lambda[1], P_c[MeV/fm^3], rho_c[fm^-3]
0.24162668629717493 15.618656898711224 2160425.4255784233 3.5677272577965504 0.1711233750220791
0.2536389063048271 15.277433918298776 1723338.3928041912 3.7847491578670738 0.17388729495109592
0.26603239442839854 14.981427470645555 1383223.8673866878 4.011253392035717 0.17666487151229962
0.2788029853433474 14.723741859088669 1116682.0668180431 4.2474982420939815 0.1794548468839507
0.29195188355966856 14.498726506837741 906178.1629475447 4.4941078134742 0.18226376768559135
0.3054832776778155 14.301501230830251 738891.1629234423 4.751232386061839 0.18508723592128623
0.3193934056145664 14.128479412874375 605296.4586422188 5.019562905227682 0.1879320608213881
0.3336872829924972 13.976251326558014 489924.2378560734 5.299311509692249 0.1907946325939446
0.3483624121161009 13.842297011867506 411200.77045562986 5.591220453129107 0.19368152442618716
0.3634176322895528 13.724339326690789 340834.1171381542 5.895439739085101 0.19658748062910078
0.37886482381318193 13.62036415726876 283468.02158417786 6.212840434779498 0.19952032953227108
0.3946916542244817 13.528768729192263 236558.6449355329 6.54369281624662 0.2024764789960464
0.4109099043211012 13.448161306938065 198002.6551640881 6.888673415157059 0.2054592040409524
0.4275111620836506 13.377328028159084 166215.14122446213 7.248498365043527 0.20847178405936126
0.44449943974634815 13.315181745342839 139914.41587257734 7.623445040187349 0.211510061606211
0.4618731229293918 13.260819085266894 118074.27449718457 8.014425450785481 0.21457962902313507
0.4796305031009902 13.21337568826898 99908.8036661572 8.422160825313814 0.21768240488033283
0.4977794983443654 13.172189352687171 84718.08070926889 8.847116939432118 0.2208162200854622
0.5163090128199904 13.136591553753343 72012.51355401007 9.290117001516426 0.2239837779740206
0.5352186143511798 13.106009930451648 61336.55343706941 9.752068171096184 0.22718833558237264
0.5545160471618858 13.079968470811217 52356.880726973985 10.233778937947708 0.23043124208493096
0.5741879918652096 13.05797161790904 44778.47226015751 10.73575559170946 0.23370964589314536
0.594239591354155 13.039659825861579 38370.18812531435 11.259172136418597 0.23702885203622145
0.6146653008428468 13.024603328165695 32939.47112945885 11.80499810363513 0.24039090103836022
0.6354579275113988 13.01251147459549 28095.369139621693 12.374211084272495 0.243797423311753
0.6566129385551105 13.003136789833748 24400.276714368305 12.96754802928499 0.24724691658314196
0.6781419020702009 12.996035080885749 21054.47972770158 13.58623901026797 0.2507430910361402
0.700020106447197 12.991106230225189 18196.025493691475 14.231525714591745 0.254289103039773
0.7222429764015404 12.988022123361137 15749.903693235887 14.90459598416615 0.25788693368684174
0.7448209211589552 12.986646727286796 13653.038295520271 15.606541736895386 0.2615371124366712
0.7677303644589638 12.986751500603225 11851.792610931841 16.338503230657526 0.26524028565902097
0.7909642863603485 12.988126947537088 10303.723950962865 17.1021539511487 0.2690017478859759
0.8145265768464693 12.990640188662136 8969.913670556361 17.898946510889544 0.27282392690348234
0.8383976314357294 12.994089291437271 7768.623100378632 18.730323789471075 0.27670860941883146
0.8625689442587625 12.998351730883297 6824.807631772286 19.59747269193485 0.2806548794814518
0.8870327147835886 13.003293503270458 5964.599390631405 20.50255083978809 0.2846697727641214
0.9117813438385111 13.008789019415808 5219.267537726465 21.44734911677117 0.2887562961709587
0.9367904876132986 13.01467025919314 4572.573198148325 22.433450196158734 0.292915176211891
0.9620574820974377 13.020851505176092 4011.3338253002717 23.462678459189007 0.29714861397947673
0.9875712756274717 13.027248631015603 3522.3964586563525 24.53754772916273 0.3014634817869299
1.013307391611885 13.033713379933964 3097.2981116784845 25.66011644489642 0.3058622881832182
1.0392530691671265 13.040167355168354 2726.084219227325 26.832108016371436 0.3103445472997351
1.0653976083131624 13.046494339586932 2402.3672693154076 28.056727166442563 0.31491983626384673
1.0917159727145187 13.052619177279013 2119.3857422064543 29.33616447021109 0.319589549659522
1.1182024708063634 13.058459158605885 1871.9129819778843 30.672896708142968 0.32435647867002343
1.1448234186680881 13.06391712489516 1655.1256303395564 32.070555678337634 0.329230277367475
1.171575677902524 13.068934523267423 1464.7582162421238 33.53092315153723 0.33420761859227766
1.198426663538958 13.073412548160398 1297.8444168417586 35.05853018063639 0.33930205339255887
1.2253576275407876 13.077274938589198 1146.0720286072717 36.655626345133754 0.34451176014667495
1.2523435842311608 13.080451821380128 1022.1169907498339 38.32690812566743 0.3498490441210495
1.279375497137451 13.082899722797896 908.4710563491401 40.07495478559603 0.35531253831832865
1.3064106500140793 13.084505064922949 808.3442933108582 41.90507410140958 0.36091585210380167
1.3334383128967788 13.085227676369396 719.9830988645947 43.8205055136697 0.366659610366571
1.3604382553438783 13.085045246150576 641.9646809695317 45.82636738896974 0.37255398568874576
1.3873627170727885 13.083804767997282 572.9610489110906 47.92776538382821 0.37860770566304686
1.4142110129877126 13.081534716960519 511.85727093231924 50.129184772159405 0.3848250765770199
1.4409359515124245 13.078123011232275 457.813780068211 52.43633963426643 0.39121567206049457
1.4675163623670673 13.073532952795743 409.8556927857433 54.85538211368881 0.3977898554414912
1.4939215340603473 13.067693213259107 367.29624944543536 57.39248586159507 0.40455666054830175
1.5201286499461062 13.06057645580494 329.53134409520345 60.05426118668476 0.4115258290639537
1.5461081449186442 13.052119214037718 295.91205737395745 62.84779434961383 0.4187078687717474
1.5718215461035 13.042273192874351 266.02782712147444 65.78069061735668 0.42611411655048637
1.5972378115614234 13.030968383169382 239.42808235573943 68.86112145888498 0.4337568066753421
1.6223296181250777 13.018196991572754 215.70333811199822 72.09787631093003 0.4416491450483363
1.6470803119196127 13.003891057225434 194.5146105631094 75.50041939634016 0.44980539005782444
1.671434242861132 12.987999239653156 175.61219228244912 79.07895213843804 0.45824094085019246
1.695369619073656 12.970493888350461 158.71636034601258 82.84315255943783 0.46696697750107846
1.7188347028440074 12.951286327056492 143.6011059447304 86.80582320275457 0.4760054425507035
1.7418503463212616 12.930452699301204 130.07409564770853 90.97902731973309 0.4853727131462725
1.7643306780045755 12.907844046244783 117.94215985285892 95.37595993334615 0.49508723734025334
1.7862590604894222 12.883448237647443 107.06474339189029 100.01113131315385 0.5051699551428904
1.8076024898336212 12.857236857574986 97.3003284361145 104.90058175960009 0.5156447661247993
1.8283324515293546 12.829189198672763 88.52918297675218 110.06040551510638 0.5265326647779486
1.8484111487427473 12.799249811845499 80.64381461735167 115.50884536397011 0.5378594617805427
1.8678097383602927 12.76740479502651 73.54805682520157 121.26587210695025 0.5496537237594832
1.886490528009709 12.733617622183294 67.15633866271365 127.352734881899 0.5619447655752271
1.9044263516935969 12.69785927277156 61.392215301171454 133.7923631702021 0.5747637745297719
1.9215650752189382 12.660050454669426 56.200585111913135 140.6092317654591 0.5881429414701147
1.9379206622803573 12.62031591402561 51.50906309097146 147.83147921293002 0.6021223870998704
1.9534232060610686 12.57850043649441 47.26689998862834 155.48814227485758 0.6167399257024491
1.9680628638070876 12.534657618288696 43.43823772538087 163.61166155680846 0.632039247470952
1.981800842664616 12.488729970384046 39.96697689576892 172.236471342069 0.6480644302845806
1.9946084131795616 12.440723813147176 36.82594868039405 181.40158662515918 0.6648679842798716
2.006464624196716 12.3906287084332 33.98010093841417 191.14868635052898 0.6825035559476712
2.0173483354641384 12.33846529136797 31.398856341731328 201.5236295337815 0.7010301496334701
2.027203459872749 12.284140157818635 29.05513095252307 212.57691927403084 0.7205126404391502
2.0360283963340278 12.227720444963651 26.92729693924052 224.36235404013212 0.7410162486927907
2.0438147701165117 12.16924689215987 24.994371521132333 236.9423657519874 0.7626227459576768
2.0505049049136623 12.108625852491416 23.236848931058752 250.38207688271578 0.7854095793876943
2.0561035658007247 12.045935758709199 21.63808370498101 264.75565199915263 0.8094689880769169
2.060588944820044 11.98119407641691 20.183798195473468 280.1442372247161 0.8348994214348878
2.0639354516037622 11.914399372540581 18.859235386459336 296.637041183685 0.8618069374329765
2.066126558244529 11.845569830509856 17.649182246407953 314.3332514713325 0.8903090177904375
2.067154574405404 11.77476984054057 16.555544761961414 333.34322896913864 0.920535686025735
