M[M_sun], R[km], Lambda[1], P_c[MeV/fm^3], rho_c[fm^-3]
0.24162668629717493 15.618656898711224 2160425.4255784233 3.5677272577965504 0.1711233750220791
0.2536448311522141 15.277261120353911 1723022.979981659 3.784844911361237 0.17388848847220764
0.2660424594576698 14.98121883145325 1382971.5435297333 4.01145468351066 0.1766673040009802
0.27881916159475817 14.72343656890038 1116338.5968878174 4.247811880029911 0.17945848461136518
0.2919751058259168 14.498343535003936 905840.8865028088 4.494542026392506 0.18226860274721224
0.30551200711046195 14.301140979576443 738608.7399489776 4.7518019156668645 0.1850933879279841
0.3194304129529483 14.128041572540129 605035.3922072304 5.020271945146659 0.18793941738421177
0.3337317103341711 13.975812954981759 497637.0456241527 5.300178724811382 0.1908033640112242
0.348413536268768 13.841921659205862 410943.052382697 5.592248006948472 0.19369146629205983
0.3634789410871335 13.72386003925653 340618.19646068 5.896650714390972 0.19659885436544322
0.37893314183640786 13.619912677284958 283252.03998829034 6.214249483521066 0.19953317836018908
0.3947676303954491 13.528360149373793 236360.11737038876 6.545298473757985 0.202490558443284
0.4109952438787026 13.447774610432175 197827.9895574851 6.8905066750171855 0.20547481685121888
0.42760568727189147 13.376964902313775 166039.97161135095 7.2505764271937085 0.208488975334968
0.4446035298606836 13.314838068865981 139764.94325139013 7.625762159504194 0.2115285073658759
0.46198489710540613 13.260479949891748 117944.9985225631 8.017022038626617 0.21459971572933736
0.4797540339247882 13.213079660632504 99782.13881349828 8.425057125666294 0.21770418101002986
0.4979141208404736 13.171910355823888 84619.15905936586 8.850302271897284 0.22083928325349786
0.5164557652240944 13.13632790924484 71919.86504225602 9.29364290841595 0.2240086005784079
0.5353752876691861 13.105794635413607 61255.278670502 9.755958554391128 0.22721497120570971
0.5546859694937192 13.07976841555881 52287.05806109621 10.238055637989753 0.23045970145899838
0.5743707840816736 13.057797398835547 44713.735335332414 10.74040703791427 0.23373950961861795
0.5944310307965432 13.03948178237476 38314.7132516144 11.26426475691596 0.23706067082124657
0.6148707644200989 13.024494601557874 32890.468565379386 11.810561977244157 0.24042473867302125
0.6356788397233262 13.012398944057406 28281.489285880816 12.380278166100053 0.24383334695344946
0.6568512459522631 13.002994078555576 24361.541823391417 12.974090458724332 0.24728431042696777
0.67838649243328 12.995957441667843 21019.587988401665 13.593349678267174 0.2507826813304978
0.7002774192348136 12.991054011251117 18164.895692863494 14.239242739679987 0.25433096827750623
0.7225153667323698 12.9879892677731 15722.667264561478 14.912959933738401 0.2579311570410449
0.7451070642340374 12.986649282410152 13628.330158203176 15.615514188605337 0.2615829736581501
0.768030487717503 12.986763057022781 11831.291353483664 16.34820567181218 0.2652886498947207
0.7912781758294403 12.988152356064775 10285.685834329142 17.112635066205378 0.2690527139992932
0.8148550532402231 12.990681790892294 8951.940936268851 17.910258211605537 0.27287760011455436
0.8387421187763999 12.994148564887816 7804.008182759597 18.74241590798609 0.27676416644677776
0.8629251568700492 12.998417944416117 6810.823239436584 19.610502429253366 0.28071333569537466
0.8874109115763102 13.003370031475551 5952.536984779092 20.516580894319972 0.28473125463847443
0.9121699127306492 13.008875246198658 5208.589189745296 21.4624464798 0.28882093870744824
0.9371932082938825 13.014771371215934 4562.842610860449 22.449551984280284 0.29298205387278
0.9624804700648527 13.020973332224393 4002.531412965891 23.479986702189724 0.2972189078970827
0.9880049256001959 13.027353037838061 3514.745609359352 24.556143877212847 0.301537355455127
1.0137498314719362 13.033815368403875 3090.4781758385566 25.67992852378932 0.3059387468112569
1.039717092976541 13.040271017577592 2719.996197461236 26.85337818659664 0.31042490217273605
1.0658711479097072 13.046598519001735 2396.836460975324 28.079554970016304 0.31500428623555576
1.0922041927089963 13.052736993675214 2114.536874706895 29.360469012859753 0.31967703108999196
1.118709214709578 13.058562448403771 1867.3783534742995 30.698968102533648 0.32444844720312077
1.1453417824535155 13.0640218640937 1650.9106081678112 32.09835923550659 0.3293259604863824
1.172109653736103 13.069024894205143 1461.233671036775 33.560683564726965 0.33430791425315404
1.1989689507909291 13.07348795275878 1294.6842343328155 35.090438267422094 0.3394075647852573
1.2259178368191648 13.07734807734253 1148.4200845511698 36.68958952651673 0.3446213201124289
1.2529146797029365 13.080516823473516 1019.496806512544 38.36324663123206 0.3499639664713786
1.2799609540153214 13.082949483632984 906.1541342034551 40.11371461516254 0.35543244828218507
1.3070140154026428 13.084549445466852 806.2885382557622 41.94634498909745 0.36104062024979416
1.3340471819559618 13.085241873572864 718.129166253906 43.86475006408998 0.3667911280520166
1.361057535061835 13.085027704627832 640.2219843999587 45.87349291356189 0.3726910203127411
1.387997511946255 13.08378339841722 571.4146834705513 47.977973121583545 0.3787506130921089
1.4148429139756642 13.081449860475201 510.51004963230787 50.18302512797536 0.38497594318734607
1.4415755991089292 13.078011738477102 456.58015334632313 52.49372715658946 0.3913732366955471
1.468170973940715 13.073405148182738 408.741858143738 54.91657084467906 0.39795456450076366
1.4945827985185587 13.067530621524801 366.28843028395556 57.457750418042146 0.404728994934931
1.520795161849035 13.060376046194513 328.6317438053148 60.12389860180157 0.41170630701765953
1.5467797416507847 13.051882721805391 295.0968331061758 62.92212609857371 0.4188970489824864
1.5724978269323584 13.041992288346869 265.2951796810539 65.86006484703621 0.42631260158294204
1.5979109749576914 13.030648204096865 238.7526972918272 68.94591544475803 0.4339652467379004
1.6230194916345073 13.01783471429234 215.08160171307227 72.18849916688225 0.4418682421442143
1.647761818875828 13.003471738173264 193.9585427481505 75.59731506636582 0.4500359025605513
1.6721098932245104 12.98752671327325 175.11825964213227 79.18218485298529 0.4584819437494779
1.6960468665859767 12.969965527426627 158.24952984974914 82.95355247383505 0.4672206761828266
1.7195264065436615 12.950740921924721 143.18066217694644 86.92404640079886 0.4762731599273537
1.7425074541470975 12.929792407225504 129.6886942107963 91.10512301732673 0.48565322965926055
1.7649896045914077 12.907127563887412 117.59154931762355 95.51114247740747 0.4953838580267192
1.7868997677349865 12.882648004200606 106.74835753863007 100.15551839931364 0.5054815362107669
1.8082510407760868 12.85640710597081 97.018390174452 105.05492189089702 0.5159725077171179
1.828955213405548 12.828252976928779 88.27003962752337 110.22590910787387 0.5268793316759791
1.8490355784989077 12.79827260874582 80.41043760899102 115.68628998963455 0.5382260011457326
1.8684070090064793 12.766320193614048 73.33358639386093 121.45597453465754 0.5500407026375274
1.887081990810268 12.732485851243633 66.95785780392251 127.55640522397549 0.5623532847986211
1.9050040067462575 12.69665012844616 61.21413559085233 134.0103337046381 0.5751941160439988
1.9221416679143983 12.658815171846715 56.03577962107552 140.84334579873126 0.5885990846359962
1.9384505904557374 12.618909534062567 51.35275007332145 148.08313825943523 0.6026064657966415
1.9539424450352016 12.577047625576883 47.13173302593144 155.7580570981618 0.6172514413114653
1.9685523038896222 12.533098750175956 43.310021317100215 163.90195246430446 0.6325822494964228
1.982264124940362 12.487080330145933 39.85221678702243 172.54883539071466 0.6486411763472263
1.9950459040534967 12.43897818642756 36.72008254456692 181.7376410038309 0.6654801119902799
2.0068781884588893 12.388801582090629 33.88109417982556 191.5106125818315 0.6831541950743361
2.0177177237409674 12.336507625098111 31.30697953730553 201.9138340426019 0.7017227241461255
2.027548679789096 12.282106798535604 28.972618457748364 212.9970800539031 0.721247692864033
2.0363515702737645 12.225614769819904 26.852531657889177 224.8163502527418 0.7418009919544035
2.0440865242271316 12.167000443325088 24.925529985632412 237.4324125535949 0.7634583207708836
2.0507382754965526 12.106270630325593 23.172311214715208 250.9124391248085 0.7863031199734133
2.056302883386552 12.043500777066312 21.57986906569307 265.32978298210253 0.8104241980396436
2.0607407015711265 11.978630291930543 20.129276954884677 280.7657994346157 0.8359197931054476
2.0640372374930545 11.911710114796314 18.809632714676564 297.31080224400944 0.86289855107596
2.066186270938362 11.842783503515353 17.60860046635271 315.0651515941609 0.8914806459334108
2.067173028898223 11.771875885900016 16.513711996123828 334.1380935977367 0.9217911112132672
