M[M_sun], R[km], Lambda[1], P_c[MeV/fm^3], rho_c[fm^-3]
0.24162668629717493 15.618656898711224 2160425.4255784233 3.5677272577965504 0.1711233750220791
0.2536416306224807 15.277349889726578 1723213.8564393006 3.7847930490751667 0.17388784203383098
0.26603719749649724 14.98130861358866 1383043.3034193863 4.011345658539462 0.1766659864985454
0.27881076187113607 14.723591304587428 1116495.9550178878 4.247642003791175 0.1794565143029939
0.291963503126748 14.498488893934445 905998.4489655665 4.4943068411034695 0.18226598390443519
0.3054978864776075 14.301315799364643 738790.7121459001 4.751493435584927 0.18509005575435608
0.3194101577417964 14.128284980008484 605196.9391171733 5.019887897830434 0.18793543274507726
0.33370616720374185 13.976085034591037 497764.1304381181 5.299708999229251 0.1907986346540278
0.34838590244834117 13.842148091514007 404835.9989852402 5.591691430211693 0.1936860812590225
0.36344610577510017 13.724115366930539 340718.0287538359 5.895994782104974 0.19659269371060306
0.3788976933621912 13.620110924460398 283355.3472522386 6.213486257863278 0.19952621866117357
0.3947268543695414 13.528577288795615 236458.3738157315 6.544428747052183 0.20248293211501736
0.4109490374038802 13.448008905027585 197922.67459692174 6.889513657108135 0.2054663598940016
0.42755435259676705 13.377163771060737 166123.99158453062 7.2494507996129265 0.20847966330646583
0.44454696065061766 13.31502385859812 139845.86733455316 7.62450703327669 0.21151851575406147
0.461925284944298 13.260658001745698 118019.83777981474 8.015615521202669 0.21458883517994262
0.4796871723030545 13.213252021066179 99846.81758038943 8.423488249119362 0.2176923852516461
0.49783988370409515 13.172074855455426 84666.20026924292 8.84857682084065 0.2208267902506193
0.5163758543091248 13.136475353915039 71965.49413614979 9.291732959494688 0.22399515441893078
0.5352906874147088 13.105908785643539 61298.88623758683 9.753851157526075 0.2272005428512614
0.5545936276975216 13.079890962310088 52321.88928184799 10.235740569982996 0.23044430578905084
0.5742715110739979 13.057917184476137 44749.09049737207 10.737887345382026 0.23372333241205787
0.5943258812611948 13.039577092401913 38011.42702174825 11.261506060883072 0.2370434344385109
0.614759986005966 13.02455088846727 32915.82962267916 11.807547980496821 0.2404064085440549
0.6355576234473405 13.012455870521572 28307.378167017756 12.376991554676056 0.24381388668333165
0.6567261021502596 13.003040906762685 24382.851940421297 12.97054632527367 0.24726405361350412
0.6782525157464829 12.996002742704231 21038.581484405444 13.589497695001635 0.25076123451968335
0.7001379605555321 12.991077773961306 18182.0498426565 14.23506225269407 0.25430828893157886
0.7223677019663198 12.988003182318757 15736.99009621301 14.908428962065793 0.2579072000858491
0.7449515328602306 12.986658481682952 13641.097813048 15.610653547731394 0.261558129286193
0.7678674878061904 12.986752410551627 11841.714176806277 16.342949538151803 0.2652624493867075
0.7911089084078683 12.988125673846296 10226.024374830806 17.106957060052903 0.2690251037781079
0.8146783333373867 12.990653759007833 8961.374793400295 17.904130204302547 0.2728485231580752
0.8385569084992137 12.994117487424322 7811.637316785711 18.73586507973605 0.2767340687804584
0.862734162236522 12.998373970158715 6818.7631849431655 19.60344360300889 0.28068166719378446
0.8872036391539626 13.003323357758584 5959.167858710928 20.508980095816003 0.28469794676090765
0.9119592327481826 13.008821785737098 5214.4802048919155 21.454267408281726 0.2887859182917597
0.936974739680934 13.014705020320642 4568.092012765853 22.440828710830882 0.2929458223611499
0.9622486022618211 13.02090875540781 4007.20974220979 23.47060975562582 0.2971808253309244
0.9877697872023838 13.02730576154644 3518.857729022195 24.546069120809783 0.30149733323064903
1.0135074412265201 13.033767766575279 3094.164324384738 25.669194955620554 0.30589732390452506
1.0394668735880568 13.040208607750145 2723.3753161000923 26.841854586417696 0.31038136808630945
1.065616114333029 13.046544093024014 2399.797933097762 28.067187395985293 0.3149585332013817
1.091940360814683 13.05266335310415 2117.267922640105 29.34730129787359 0.31962963540106
1.118434713564042 13.058503017684544 1869.9073952601095 30.684843037460883 0.3243986201207952
1.1450616288034272 13.063969898135712 1653.134416832805 32.083322921614 0.32927429719286483
1.1718199956977953 13.068979191991806 1463.1830303421834 33.5445596281404 0.3342535749244099
1.198670679542048 13.073437546617017 1296.3507049837624 35.07315060669864 0.33935039917794024
1.2256143489283278 13.077305336990788 1149.8788040236138 36.671188309047466 0.34456196063332034
1.2526056773995853 13.080473181227521 1020.9703399066497 38.343590588806684 0.3499018905071151
1.2796431999076876 13.08292166661536 907.4159931406266 40.092714277225426 0.3553674802523672
1.3066832489098712 13.084513741912248 807.3615808770356 41.92398399595143 0.36097301957983813
1.3337172725741344 13.085237023365485 719.1751418422142 43.840777713148256 0.3667198698274308
1.3607223268014368 13.085036217338311 641.1365682428556 45.84795943470973 0.3726167724246999
1.3876506011256369 13.0837905576844 572.2509326050064 47.950769454447354 0.3786731826739045
1.4145035868693576 13.081505560233731 511.2360242849106 50.153852977446164 0.38489419960672583
1.441232185265279 13.078079801768322 457.2333092027556 52.46263283243991 0.3912878633314689
1.4678184527751883 13.07347278704774 409.35242133105004 54.883416665561946 0.3978653194132295
1.494224406742032 13.067616203630141 366.84566696293734 57.42238755028284 0.4046356174808194
1.5204329263416534 13.06048554068988 329.0988224584073 60.086166060903025 0.41160851631480144
1.5464163729950227 13.052012317778118 295.5449606496415 62.88184965109081 0.4187945422215229
1.5721308520344242 13.042143188545406 265.6867139075294 65.81705580172441 0.4262050521706319
1.597554076686586 13.030831523504592 239.12359919115264 68.89996932055122 0.43385230225362625
1.6226421268761608 13.018028742801652 215.42135660037812 72.13939422372492 0.4417495220892571
1.6473931462127671 13.003701324943167 194.26298177429555 75.54481068319271 0.4499109958772479
1.6717418186819653 12.987783184013875 175.37469857595073 79.12629389118165 0.45835155077502415
1.6956802837535931 12.97025339623759 158.5003887115829 82.8937296357397 0.46708320347511584
1.7191525879590395 12.951053011247284 143.4134338537884 86.85998373819425 0.4761280895159839
1.7421485671812342 12.930140940714558 129.89893551360427 91.03679386446223 0.48550122244519406
1.764634181282438 12.907517149718707 117.77687885816809 95.43788860357269 0.49522312267073043
1.786559884620447 12.883093416352692 106.91514616123227 100.07727602053784 0.5053126925518182
1.8079001645685957 12.856858838074807 97.16869255737696 104.9712852859512 0.5157949052112063
1.8286139944626638 12.82874659448298 88.40691755151703 110.13634066960238 0.5266919128274511
1.8486969578530934 12.798802548662906 80.5344345566728 115.59013119340626 0.5380273702545745
1.8680878335146667 12.766920403712449 73.44529523212806 121.35295536379851 0.5498309933579728
1.8867631886801992 12.733096375154826 67.06766267097684 127.44610415716947 0.5621321569656884
1.9046911712340908 12.697305493584057 61.310218571628276 133.89221015818708 0.5749609034862689
1.9218384939729318 12.659518484456665 56.123232715597545 140.7164723372134 0.5883518868854204
1.9381617941827665 12.619653056304012 51.437465532993 147.94675511714647 0.6023441260369646
1.953664626779647 12.577848154302927 47.2050231962759 155.61177899774955 0.6169742296685398
1.9682872123758526 12.533943705198764 43.376699831258904 163.74479607795814 0.6322885330788874
1.982012816460819 12.487976484496564 39.91413883336529 172.37954842488256 0.6483286064742713
1.9948108145823613 12.439928042824178 36.776695436877276 181.55551288546224 0.6651483630973221
2.0066511740598005 12.389784986916702 33.934667078227484 191.31446061944698 0.6828015703390684
2.0175140458975616 12.337559305347089 31.355348690591136 201.7023535910928 0.7013473672055232
2.0273615392166024 12.283209349977191 29.01599816971137 212.76936366086585 0.7208493166582534
2.0361832019523964 12.226773402616509 26.89108835880549 224.57029024988034 0.7413756713815997
2.0439394332421648 12.168214203876836 24.962828288620347 237.16681021923583 0.7630054443921553
2.0506117861103332 12.107544238843213 23.20734960434212 250.6251366539984 0.785819323221113
2.056191826934345 12.04481172648024 21.610714814371665 265.01864976149164 0.8099066316332969
2.060659078440834 11.9800192548642 20.158162457531585 280.4291713151183 0.8353676126754787
2.0639854026563262 11.913171768093564 18.83666695948228 296.9456072836569 0.8623068698041487
2.066155064048619 11.84429434793241 17.63250516792523 314.6684376661254 0.8908455849622503
2.0671632944298173 11.773438949617073 16.5362134183724 333.7072442288941 0.9211106190511851
