M[M_sun], R[km], Lambda[1], P_c[MeV/fm^3], rho_c[fm^-3]
0.24162668629717493 15.618656898711224 2160425.4255784233 3.5677272577965504 0.1711233750220791
0.2536437294038899 15.277287559863945 1723183.7969886435 3.7848149309101795 0.17388811478034827
0.26603947622555624 14.981285303751847 1353385.5433453158 4.011391658305507 0.17666654237857085
0.2788140857738408 14.72354310431249 1116457.7929634273 4.2477136775071695 0.1794573456100894
0.2919675018667858 14.498485519791421 905960.6196412081 4.4944060693096235 0.18226708883354037
0.3055045900226833 14.301198929822084 738637.599022617 4.7516235872670185 0.18509146164092088
0.31941976388494064 14.128142283531508 605114.4047372331 5.020049931470892 0.18793711390663626
0.33371725059990925 13.9759556227629 497694.83884301013 5.299907180403425 0.1908006300096097
0.3483973974002879 13.842057074198554 411023.91734250827 5.591926253473562 0.19368835323867875
0.36345890550887644 13.724026883796729 340662.0555027349 5.89627152269022 0.19659529291674424
0.37891260577829183 13.620023310395027 283317.64101491467 6.213808264339249 0.1995291549725134
0.39474441628081564 13.528480017940973 236413.52747109396 6.544795684839662 0.20248614966370487
0.4109683948081998 13.44789689089759 197873.75971924892 6.889932609383738 0.20546992786738713
0.42757593611510425 13.377078337935371 166091.77187084488 7.249925697297198 0.20848359201330197
0.4445702381658552 13.314952814754216 139816.9750266624 7.625036563568155 0.2115227311556684
0.46195079902895436 13.260609596084842 117992.60522173265 8.016208919654742 0.21459342559671143
0.47971547021533417 13.213166196843463 99815.5712006559 8.42415014238372 0.2176973617636843
0.49787206286303626 13.171993605987991 84653.20095616006 8.849304768223107 0.22083206090069626
0.516408468601191 13.136417254667695 71943.79297052587 9.292538740495159 0.2240008271674087
0.5353268354133476 13.105857066205411 61281.641148706614 9.75474023484749 0.22720662994521984
0.5546330671669406 13.079818395909726 52306.30881664999 10.236718738233755 0.23045082000801623
0.5743140524552214 13.057858718201105 44733.369202443864 10.73895035432847 0.233730157258773
0.5943685255995671 13.039570609617117 38332.70239447311 11.262669895251394 0.23705070609670528
0.6148062445081502 13.024511490460899 32905.70615653228 11.80881951475607 0.2404141415938592
0.6356093313697673 13.012441926430842 28295.144748950606 12.378378092137275 0.2438220964745247
0.6567780235839928 13.003040459150316 24373.60903107953 12.972041498797319 0.24727259941224053
0.6783092073137031 12.995983819796542 21029.87333678065 13.591122734394057 0.25077028230364623
0.7001962413687186 12.991070845623076 18174.000240689427 14.236825869973513 0.2543178566413932
0.7224293702195828 12.987999199931227 15731.840093534596 14.910340428965013 0.2579173067318782
0.7450168847967484 12.98664125916455 13635.874241064172 15.612704083200123 0.2615686102633352
0.7679360330405971 12.98675155334043 11837.72644813675 16.3451669078924 0.2652735024187288
0.7911795733995085 12.988134985912941 10290.275189487915 17.10935239104432 0.26903675146159206
0.8147519868543541 12.990666832200615 8957.53595238555 17.906715361164537 0.2728607895425378
0.8386341964612951 12.99412292533439 7808.454460951358 18.73862859689194 0.27674676571190754
0.8628158107017933 12.998392157376049 6815.578769575242 19.606421408896967 0.2806950267308003
0.8872887202412384 13.00334068944128 5955.999401388378 20.512186520491632 0.2847119978110002
0.9120480586256791 13.00883737334929 5211.819050292144 21.457717763001746 0.288800691711493
0.9370678885103835 13.01473228486726 4566.008320661905 22.444508623715432 0.2929611066242477
0.962345046281552 13.020924466480542 4005.146579149324 23.4745654013506 0.2971968903835496
0.9878682692074588 13.0273226290255 3517.1021863002156 24.550319115442022 0.30151421644175574
1.013609641657489 13.033782560181377 3092.3442923412317 25.673722849398906 0.30591479791863885
1.0395726091920474 13.040238751894702 2721.866015244953 26.846715726572697 0.3103997325984717
1.0657237078689126 13.046567248641376 2398.7295230227614 28.07240453380189 0.3149778336627507
1.092053367486284 13.052695800813629 2116.1934521022786 29.352855944684837 0.31964962871901
1.1185504237378956 13.058533417514026 1868.9213230959438 30.690801500907778 0.3244196389867029
1.1451804082474988 13.063982288732818 1652.4035852331479 32.08966575655908 0.329296090548992
1.171942052661503 13.06900260807421 1462.3291895258778 33.55136122445814 0.3342764970052746
1.198797950023603 13.073460830006747 1295.6434089809122 35.08044306102858 0.3393745133474205
1.225741142777493 13.077326826842228 1149.2834759113161 36.678950461727126 0.3445870001363095
1.2527350357193672 13.080490314089527 1020.3470457187493 38.35191173365433 0.34992825006981615
1.2797777129556196 13.08293580003979 906.868244114087 40.10157272536676 0.35539488533150015
1.3068203936809006 13.084520241593006 806.884117922489 41.933416358853265 0.3610015350418871
1.3338563321347394 13.085236684491992 718.7435963072603 43.850889725815975 0.36674992795862715
1.360863596264584 13.08503532826407 640.747878845848 45.85872991202272 0.3726480915096674
1.387793606481107 13.08377834410187 571.9117111683696 47.96224439270079 0.37870584405236446
1.4146503466918046 13.081488851912146 510.92923244978084 50.166158181049546 0.38492868014328396
1.4413727351014973 13.078039007031002 456.97320721369164 52.475748770142964 0.3913238747822843
1.4679671502812628 13.073443675384956 409.1042304071837 54.89740140325507 0.39790296381199913
1.494374812798984 13.067584832266514 366.61102850676764 57.43730385677699 0.40467500474812623
1.5205864833906602 13.060441118337463 328.8986881549945 60.10208182894562 0.4116497649057086
1.5465693886874157 13.051956297126537 295.3460726448057 62.898838360386975 0.4188377798373439
1.5722854514803648 13.042079185854213 265.51691304078497 65.83519702863964 0.4262504165417583
1.5977093573504304 13.030755763718338 238.9702750175285 68.91934929974205 0.43389994200110743
1.6227968929043786 13.017939662558252 215.28233333679185 72.16010646758939 0.44179959767374555
1.647548541125418 13.00360483097539 194.1402259703984 75.56695666576022 0.4499636806449535
1.6718970659384518 12.987672651625688 175.2687546638265 79.14986819108547 0.45840654934699226
1.6958345516468487 12.970131333493375 158.39556484011027 82.91896221006762 0.4671411878574322
1.7193155205700539 12.9509234766112 143.30882554271128 86.88700445057361 0.4761892781350798
1.7423007318051278 12.929990123486485 129.80276634385004 91.0656139630747 0.48556533655630985
1.7647814918219675 12.907346540432135 117.70244151731829 95.46878566252715 0.4952909177170546
1.786709691156239 12.88291698725266 106.84988630072533 100.11027694092041 0.5053839071062994
1.8080480683240892 12.856667456357783 97.10650930124986 105.00656115962579 0.5158698136028954
1.8287605712023898 12.828539410825439 88.35045263859615 110.17417317815088 0.5267711656090872
1.8488395930998471 12.798580757827406 80.47978663999623 115.63068806939444 0.5381111467652641
1.8682276221964422 12.766679226273169 73.3949455872181 121.39640544993205 0.5499194418106604
1.886898921632447 12.73283743932546 67.02263923998038 127.49269134539844 0.5622256570807382
1.9048247273305121 12.69702862577545 61.27193435175203 133.94203012021057 0.5750592635602642
1.9219667018763769 12.659221492867124 56.08727024142754 140.76998228426888 0.588456144611089
1.93828282740997 12.619341579580317 51.403163294438116 148.00427541677018 0.6024547691951042
1.9537816100540661 12.57750519508522 47.173420105353074 155.67347211702665 0.6170911443051381
1.9683996550857312 12.533587196904557 43.34763631880043 163.8111326923956 0.6324125974077321
1.9821175104878677 12.487596428863963 39.88699091148404 172.4509444718107 0.6484604314686417
1.9949102360650472 12.4395298390525 36.75375687350207 181.6323240325123 0.6652882756667206
2.006749133067751 12.389379256641655 33.90867473091053 191.39718554439088 0.6829502859287764
2.0176000763672426 12.337115816284596 31.33408665939816 201.79154238580918 0.7015056685183956
2.0274394901320036 12.282739672631967 28.997673340191923 212.86539895743783 0.7210173246639968
2.0362547483969977 12.226284214440785 26.875342593138125 224.67406069267184 0.7415550410623886
2.0440021546053426 12.167700835797808 24.947682584930703 237.27882123809977 0.7631964334688258
2.050665068458178 12.107007623013388 23.19231541142686 250.74643622483995 0.7860238003216916
2.0562415961128058 12.044272436022236 21.59776433116576 265.14990667053996 0.8101250507558191
2.0606924497921053 11.97943736981082 20.145661431960335 280.57114299415434 0.8356005112372012
2.0640030680577066 11.912548481417394 18.825243612747098 297.09961300280645 0.8625563866640875
2.066169554516686 11.843660084947528 17.621868117658288 314.8357334117956 0.8911133925465275
2.067166299675192 11.772780467838325 16.526844394706195 333.88893311087475 0.9213975821270679
