M[M_sun], R[km], Lambda[1], P_c[MeV/fm^3], rho_c[fm^-3]
0.24162668629717493 15.618656898711224 2160425.4255784233 3.5677272577965504 0.1711233750220791
0.25364557771713775 15.277226924029879 1723015.3941646107 3.7848504645034353 0.17388855768944622
0.26604277675022964 14.981205971593376 1382978.9360885937 4.011466357459672 0.17666744507376453
0.2788199014636537 14.723430155921598 1116327.6227744985 4.247830069873419 0.17945869558613836
0.29197728785778765 14.498269274577293 905796.2820038737 4.494567209590419 0.18226888316796572
0.30551371129582194 14.301125616778785 738563.3140015756 4.751834947472524 0.18509374473452736
0.31943259970163834 14.128011150989389 605042.2707331777 5.020313069032053 0.18793984406039507
0.33373352077412666 13.975829623918555 497603.3583805722 5.3002290236512355 0.19080387043708064
0.34841651664694906 13.841896619646038 410925.50728833134 5.592307606481944 0.19369204293394143
0.3634823967553777 13.723834088468383 340599.31718762114 5.896720953835459 0.1965995140691701
0.37893842606316747 13.61985140767891 283234.2602977822 6.214331213096032 0.19953392363550393
0.39477261868270186 13.528332745683116 236341.41619095346 6.545391608761854 0.2024913751114487
0.4110000955078214 13.447746807193102 197805.24578882774 6.8906130137174655 0.20547572247621376
0.4276100481117359 13.376962560887808 166026.23452276964 7.25069696772561 0.20848997253589654
0.44460976508799244 13.314809728975623 139754.8736494944 7.62589656884875 0.2115295773506835
0.4619913118671594 13.260462346981699 117939.910315011 8.01717266160056 0.21460088091981425
0.4797613389280957 13.213086377456612 99777.34259349386 8.42522513712292 0.21770544422130797
0.49792171006161806 13.171897937836016 84613.7805555042 8.850487052469527 0.22084062114379155
0.516463350086176 13.13632383496998 71914.62028366273 9.293847448950718 0.2240100405565243
0.5353854858190734 13.105768813973816 61251.11530625549 9.756184242107796 0.2272165163832815
0.5546948772160022 13.079765560568616 52281.98350474733 10.238301529491673 0.2304613240322437
0.574381435819039 13.057791650752126 44711.50191860597 10.740676884221832 0.2337412421155004
0.5944418148516948 13.039477761130827 38309.813155698575 11.26456020194954 0.23706251676716283
0.6148829495053284 13.02446024222317 32887.26319859858 11.810884766842076 0.24042670177233913
0.6356900489621897 13.012411048638734 28278.387204079845 12.380630155039862 0.2438354311060807
0.6568645117646328 13.002990202176672 24359.570799718884 12.974470030584879 0.2472864799040719
0.6784001883061226 12.995958271206044 21017.258998518068 13.59376222411594 0.2507849782752561
0.7002921591506882 12.99104133802308 18162.320279908436 14.239690472155468 0.2543333972480373
0.7225311037424338 12.987990010900836 15720.465091084936 14.913445207671838 0.25793372286725635
0.7451227543506868 12.986650516776109 13626.871889942438 15.616034774474203 0.2615856345477935
0.7680472547271191 12.986765232501217 11829.697110858915 16.348768620923657 0.26529145605484883
0.79129722047179 12.988150957460618 10284.604668371798 17.11324320471437 0.26905567117092943
0.8148738965583905 12.990678165575744 8951.133315184286 17.91091455307214 0.27288071440788275
0.8387633226201697 12.99413974878901 7803.204769822022 18.743117540955627 0.27676739008723816
0.862947227598244 12.998426229649615 6810.178368157523 19.611258478717016 0.2807167276125026
0.8874311721702574 13.00337780403235 5951.687263001166 20.517395000218624 0.28473482217675145
0.9121920322317209 13.0088689269987 5208.052693933204 21.463322531375088 0.28882468970659964
0.937217048536783 13.014769131159296 4562.790365748771 22.45048633169837 0.292985934620018
0.9625047337701207 13.020982983491697 4002.0097606626523 23.480991073671003 0.297222986948096
0.9880293807161772 13.027359961219158 3514.3287028107234 24.55722300169323 0.3015416423044031
1.013776417826049 13.033824567017794 3090.1200394572015 25.681078223429854 0.30594318372358936
1.0397437218337693 13.040278801048318 2719.634274605874 26.854612520265277 0.31042956526307025
1.0658994812251945 13.046609740697583 2396.7207784423804 28.08087971739322 0.31500918705214725
1.092235810493236 13.052738508495242 2114.354602533618 29.36187947792623 0.31968210789820134
1.1187381422174905 13.058566778876578 1867.047703161236 30.700481129279673 0.32445378450300905
1.145373319716653 13.064023761576527 1650.9258789226965 32.09996988473426 0.32933149451848615
1.1721409527143714 13.06903391255262 1461.1217613944243 33.562410734330065 0.33431373499279515
1.1990004707845285 13.073485570561134 1294.4768536726413 35.09229011188918 0.3394136883328738
1.2259507204369577 13.077348726918343 1148.1998066784738 36.691560670754505 0.34462767871861344
1.2529494814047424 13.080509001381145 1019.4613968086529 38.365345076895316 0.34997057427560146
1.2799955730101782 13.0829469434494 906.04148039363 40.115964220250554 0.35543940780878286
1.3070490138632904 13.084546833169943 806.1505634883273 41.94874037133836 0.36104786185320725
1.3340833783255537 13.08523616112804 718.0151232453488 43.86731808778018 0.3667987615465079
1.3610935334880212 13.085031007387109 640.128073481851 45.87622819647435 0.3726989741438904
1.3880352489907923 13.08377691109647 571.3349851707711 47.980887350407656 0.37875890792807587
1.4148801765399743 13.081452443526436 510.4083651166322 50.186150268277125 0.3849847001748692
1.4416130727909218 13.07800308134863 456.5106089951036 52.497058245940934 0.39138238261885494
1.4682086664657372 13.073399350580852 408.67272278602115 54.92012263737827 0.39796412528793396
1.494620906892998 13.067520752420695 366.23560551284004 57.46153886373146 0.40473899851880085
1.5208336344530209 13.06036671134128 328.57867317038585 60.12794095251219 0.4117167835004984
1.5468184777371572 13.051868263490531 295.04704122223075 62.926441026454924 0.41890803081699607
1.5725372505992743 13.041974830972647 265.242886433257 65.86467257395694 0.4263241237713286
1.5979506437036852 13.03062879353224 238.71206474814136 68.95083788511664 0.43397734705097946
1.6230594331394328 13.017811673239201 215.04802535797532 72.19376008512403 0.4418809613627416
1.6478015441306832 13.003445993979277 193.92253374632247 75.60294025089182 0.4500492847412313
1.6721498197581541 12.987499365523515 175.09224137514852 79.1881729241705 0.45849591385104504
1.69608612764895 12.969936435493734 158.22725116218876 82.9599618756734 0.4672354049695839
1.719566507294111 12.950706961118037 143.15684080949094 86.93091013909572 0.4762887029175726
1.7425469352909175 12.92975545823011 129.67150791730148 91.1124439486163 0.4856695160366419
1.7650266044212208 12.9070864276647 117.57161933900531 95.51899115347943 0.4954010797745453
1.7869383422507412 12.882602438282046 106.72773056742783 100.16390165505906 0.5054996269129682
1.808287668729378 12.856357651907807 97.00039229290225 105.06388321297861 0.5159915371033418
1.8289914663998976 12.828197270231712 88.258914518696 110.23549593060204 0.5268993751721345
1.8490725599284676 12.7982158071638 80.39994186267602 115.69659328184827 0.5382472841920533
1.8684429739255997 12.766258612700616 73.32123006703775 121.46701304764665 0.5500631730048094
1.8871187012833106 12.732417121434821 66.94809844000338 127.56819896956011 0.5623768890466537
1.9050373457524676 12.696579809388039 61.2021857427892 134.02299096949065 0.5752191054148637
1.9221740193636758 12.658740614216036 56.026069003910905 140.8569408319057 0.5886255729305498
1.9384813282864457 12.618838152474014 51.34798195810164 148.09775250713125 0.6026345770291889
1.9539727103130382 12.576962074406902 47.12444843115929 155.77373185756596 0.6172811465496016
1.9685826651084575 12.53300619450856 43.30271286925482 163.9187827608509 0.632613688630241
1.9822907725391663 12.486984689102236 39.846067259090304 172.56697625843285 0.6486746714759865
1.9950709777002122 12.438879637123094 36.71389597463423 181.75715822734557 0.6655156628835335
2.006900881224373 12.388694163148852 33.87388699810445 191.53163295593183 0.6831919836529577
2.0177396429321046 12.336395501916481 31.301729153828784 201.93649744007746 0.7017629494410847
2.0275679722425006 12.281987148278276 28.969005712083682 213.02148375767936 0.7212903856837624
2.0363680753171147 12.225491498825674 26.847836925364433 224.8427202458587 0.7418465731152866
2.044102722868836 12.166869651191462 24.921756221896672 237.4608773528275 0.7635068558683962
2.050751892025417 12.106134430593421 23.168321952353136 250.94320447169997 0.7863548863340036
2.056314515590336 12.043358624548478 21.576392328925362 265.3630771266011 0.8104795004104514
2.060749617162736 11.978481185459184 20.125867811345824 280.80187597303313 0.8359789670251929
2.0640441067201016 11.911554776087861 18.806987718355785 297.3499433546347 0.8629619666885208
2.066189844722263 11.842622392411185 17.606152028721244 315.10767173249405 0.8915487123118147
2.067176167892955 11.771710135171759 16.5120883688455 334.1842733293681 0.921864048410568
