M[M_sun], R[km], Lambda[1], P_c[MeV/fm^3], rho_c[fm^-3]
0.24162668629717493 15.618656898711224 2160425.4255784233 3.5677272577965504 0.1711233750220791
0.2536448615338131 15.277239336207963 1723207.0489804025 3.784835920588363 0.17388837640656107
0.26604100230446776 14.981241406462974 1382941.3228774245 4.011435782943305 0.17666707559877806
0.2788172837487458 14.723516381743146 1116412.1364889801 4.2477824300591625 0.17945814303608465
0.291973035646628 14.498381755355274 905860.2870021911 4.494501254049476 0.18226814873770986
0.3055094215760093 14.30116687376589 738615.7866580143 4.751748436334692 0.1850928102491298
0.31942816603710306 14.128052966828268 605046.3485615767 5.02020536469575 0.1879387265863359
0.33372420476930553 13.97593215278796 497640.9427232697 5.300097290119345 0.19080254409899994
0.34840862767287845 13.841926073159456 410962.04655820644 5.592151514500758 0.19369053270108402
0.36347169261760165 13.723932278114498 340634.7782765239 5.896536996065905 0.19659778629886882
0.37892721882650665 13.619940134799307 283272.28679579875 6.214117162891644 0.19953197175537316
0.39476086780876884 13.52838571611068 236376.81066713805 6.54514768801555 0.2024892362560244
0.4109871523896512 13.44780703428828 197842.8605936777 6.890334512881275 0.2054733506462244
0.42759598650738734 13.377013710066977 166061.8817303602 7.250381272789691 0.20848736087259737
0.44459280500004744 13.314876913847597 139776.14001692805 7.625544552042256 0.21152677507055773
0.46197621650553217 13.260544373044723 117964.39235132653 8.016778182026618 0.21459782930138677
0.4797423717463004 13.213106779006598 99794.7731653635 8.424785117981669 0.21770213589250126
0.49790089553394656 13.171943759389343 84629.28061720946 8.850003115917476 0.22083711723638452
0.5164416397179945 13.136352563975448 71926.88124080091 9.293311762226704 0.22400626928859108
0.5353611459376796 13.10581374398488 61264.78893002659 9.755593172268497 0.22721246960629016
0.5546690611760888 13.07979705290752 52295.03114030608 10.237657151517583 0.2304570694744103
0.5743540365103584 13.05782111077891 44721.63598445299 10.73997016613381 0.23373670476646144
0.5944121350753719 13.03950166805445 38320.38209892271 11.263786442780628 0.23705768230587332
0.6148514627149183 13.02447909030232 32894.24897130162 11.810039394503207 0.24042156049804622
0.635657061440131 13.01242408687338 28284.552530955032 12.379708312154602 0.2438299728059536
0.6568296460605345 13.003001963311696 24365.431240433387 12.97347595047334 0.2472807981497961
0.678363398035058 12.995987911357686 21023.29513241556 13.59268178825882 0.2507789626978697
0.7002535580262133 12.991056832873163 18167.994076835716 14.238517886020729 0.25432703591102823
0.7224896800601326 12.988003077966349 15725.158086598922 14.912174304358844 0.25792700312236994
0.7450793414295631 12.98665176411019 13630.586935290159 15.61467139290611 0.2615786658455841
0.7680014995297534 12.986764701032687 11833.237939186865 16.34729429476598 0.2652841069087266
0.7912485881115884 12.988142887065445 10287.34942912181 17.11165053278493 0.26904792654666054
0.8148259590390626 12.99067255246459 8953.921186943477 17.909195643422624 0.2728725583045037
0.8387100350735395 12.99414367462487 7805.60617320139 18.741280018341545 0.2767589476215862
0.8628926555472993 12.998414879622034 6769.894885110102 19.609278446318548 0.28070784445587177
0.8873754612446844 13.00336868928571 5953.551267788575 20.515262925759938 0.28472547909589013
0.9121302701461491 13.008865786526398 5209.296496668153 21.461028229730406 0.28881486617135704
0.9371553529159149 13.014748041131451 4563.826475919557 22.448039361247428 0.29297577129785846
0.9624411926447015 13.020965518879168 4003.2553609538454 23.47836072042238 0.29721230430199924
0.9879626440740651 13.027347612274387 3515.379324651533 24.554396881596627 0.30153041547088155
1.0137083727092842 13.03380227616069 3090.847653286547 25.6780672775493 0.30593156390356085
1.0396740900348778 13.040262596458186 2720.4621140385066 26.851379931312174 0.31041735312409624
1.0658268852776636 13.046591370481789 2397.3717007704795 28.07741034972786 0.3149963523525564
1.092161419944484 13.052718003197285 2114.8955052130377 29.358185629545492 0.3196688123120651
1.1186612748717237 13.058549409447478 1867.7581575521676 30.69651868951389 0.3244398067399756
1.1452944057928962 13.06400574674445 1651.530936541581 32.09575178835619 0.3293170015547969
1.172059024424875 13.069015343127235 1461.514844680169 33.557887492165264 0.33429849120033395
1.1989168694956667 13.07348201807342 1294.9139709036153 35.08744036942482 0.3393976515493123
1.2258647736577513 13.077343576973792 1148.6133347690438 36.686398504180424 0.3446110263683317
1.2528622774625902 13.080504187751947 1019.7682297193473 38.35984953186783 0.34995326933114884
1.2799066408791786 13.082941928742496 906.4208756900327 40.11007281879233 0.3554211817808612
1.3069510427446625 13.084528341422063 806.4937662857049 41.942467208330605 0.3610288971310548
1.3339906798000385 13.08524183056701 718.330759932943 43.860592812850314 0.36677877055136027
1.3610000107047624 13.085031242023994 640.3817029106849 45.86906490431406 0.372678144263348
1.387932314874224 13.083766247883016 571.590559454791 47.973255436805196 0.37873718503832793
1.4147836373052498 13.08146126671976 510.62270557653267 50.177966024597644 0.384961767022157
1.4415148781964295 13.078017209574963 456.71592562759156 52.48833466742659 0.39135843094069694
1.468110302627003 13.0734186400905 408.858652248461 54.91082108686106 0.397939087186789
1.4945207453008595 13.067547104120333 366.3866525776662 57.45161757388327 0.40471280084745154
1.5207328907694266 13.06039730198153 328.71687735180024 60.117354745543466 0.41168934743085084
1.5467170256239693 13.051903837296026 295.17583927758835 62.915141005838294 0.4188792713661353
1.572433467257913 13.04201879387451 265.35701894104454 65.85260578506255 0.42629394928025
1.597847495062376 13.030679369816472 238.8148557035254 68.93794694126188 0.43394565861086365
1.6229449304372576 13.017856346739974 215.15166355546242 72.17998275511391 0.44184765218303795
1.6476975801433835 13.003510447127221 194.01687154276755 75.58820900364003 0.450014239453125
1.6720464412438825 12.987573803689106 175.15872660469313 79.17249137195047 0.45845932896912434
1.6959830583081854 12.970011856722962 158.30064103733872 82.94317697431596 0.46719683331515005
1.7194632172682847 12.950795800089702 143.22007632453526 86.91293545825911 0.4762479991091889
1.7424449418936494 12.92985160683657 129.72281529125544 91.09327200745213 0.48562686552448947
1.7649265763700284 12.907196119971193 117.63363241922403 95.49843720335538 0.49535597981849905
1.7868531815409305 12.882752932866042 106.78152153051322 100.14194779725541 0.5054522514402692
1.8081899971913848 12.856485321406497 97.04393332778412 105.04041557219969 0.5159417035189577
1.828903284124724 12.8283533074989 88.29641309457298 110.2103902945162 0.526846885965373
1.848976854552179 12.798364003990685 80.42885631963817 115.66961144007965 0.5381915490176772
1.868351972212657 12.766418036479026 73.35717054241219 121.43810589726061 0.5500043286399123
1.8870267988069414 12.73259126763525 66.97672637556916 127.53731410608856 0.5623150754376858
1.904949460437959 12.696764353197777 61.230855552153336 133.98984483605233 0.5751536646556733
1.9220887020539232 12.658937110460537 56.04910016021237 140.82133900174634 0.5885562070267076
1.9384003641923768 12.619039735458692 51.36806950655603 148.05948170796336 0.6025609612428985
1.9538948715307303 12.577185752142487 47.14417117737934 155.73268394824134 0.6172033566524778
1.9685074419018571 12.533244558931642 43.320782694985446 163.87470891158767 0.6325313583135381
1.982219856805805 12.487234712823238 39.862670079796224 172.5194705077976 0.6485869573016098
1.9950051441421635 12.439142755289945 36.73047134027369 181.70604831384588 0.6654225654674147
2.0068386693300964 12.388975249357362 33.8882595808124 191.47658686363116 0.6830930266326501
2.017681660469052 12.336689834529642 31.314184538196336 201.8771489093462 0.7016576116532866
2.023597292774248 12.28970777557425 29.543210758444655 214.39804903815636 1.7308639802994994
