M[M_sun], R[km], Lambda[1], P_c[MeV/fm^3], rho_c[fm^-3]
0.24162668629717493 15.618656898711224 2160425.4255784233 3.5677272577965504 0.1711233750220791
0.2536448393995275 15.277250913923035 1723119.0865277674 3.784835727898311 0.17388837400477253
0.2660409842636056 14.981257160645841 1382968.9137889212 4.011435377867452 0.17666707070367543
0.2788171118237728 14.723486309837819 1116418.7962048529 4.247781798890156 0.17945813571547534
0.2919729526235445 14.498361347834226 905827.2514712717 4.494500380221865 0.1822681390074366
0.3055093091508164 14.301167598039694 738605.8374419088 4.751747290174421 0.1850927978684114
0.3194280834061651 14.128053717054668 605047.567727642 5.020203937756648 0.18793871178129196
0.3337246480180815 13.975908355064789 497672.77370305394 5.300095544829866 0.19080252652683086
0.3484085854273922 13.841963537715245 410968.41845810355 5.592149446500045 0.19369051269260826
0.3634736902229765 13.723893808732232 340628.15643009386 5.8965345588885345 0.1965977634083832
0.3789271288629497 13.619941590279359 283270.7941602687 6.2141143270396135 0.19953194589581721
0.39476121758066685 13.528391028142204 236382.1894479011 6.545144456429906 0.202489207919384
0.410987006197623 13.447807253746301 197837.17856022087 6.890330823170102 0.20547331922309575
0.42759572289461417 13.377011518199438 166053.95655522528 7.250377090323594 0.2084873262721272
0.444592950491197 13.31488114709725 139778.20578994436 7.625539888378123 0.21152673794479251
0.4619759633732652 13.26051858242886 117963.83440957406 8.016772955810659 0.2145977888723811
0.47974187049196815 13.213108858819412 99794.6691169769 8.424779288454017 0.21770209206260283
0.4979001044338465 13.171950348861854 84628.68968117135 8.849996704569968 0.2208370708154892
0.5164412287905794 13.136356506971115 71928.30577054613 9.293304665292903 0.22400621932573467
0.5353608352372035 13.105828184193966 61264.318610493654 9.75558534162138 0.22721241599353498
0.5546687730366843 13.079808650511229 52294.95417950821 10.237648536105384 0.23045701209912595
0.5743536107455095 13.057812898593014 44719.2871854474 10.739960803389204 0.23373664465474087
0.5944115544997458 13.039504838317518 38321.645754510326 11.263776191885878 0.2370576182580974
0.614851211685176 13.024497766787544 32895.17289953729 11.81002819489069 0.24042149238571597
0.635657123430821 13.012416332708657 28285.809299750184 12.379696099477638 0.24382990049378706
0.6568291737365972 13.003002840204338 24365.504091370996 12.973462780815197 0.2472807228774306
0.6783624944607678 12.995969219192533 21022.845414914224 13.592667474585264 0.2507788830031702
0.7002529058562035 12.991044482969873 18167.843221093848 14.238502351570945 0.25432695163588
0.7224891750119072 12.988000027260327 15725.170814864345 14.912157467439469 0.25792691409923046
0.7450787185281449 12.986639112285388 13630.578235607212 15.61465333086981 0.2615785735244356
0.7680007961083267 12.986759752653322 11833.24579152458 16.347274762984206 0.2652840095476932
0.7912479933575903 12.988136857036508 10287.111530430722 17.111629433214453 0.2690478239465942
0.8148245549118014 12.990675315431357 8953.94857026294 17.909172871519278 0.2728724502534506
0.8387092628584535 12.994139364053627 7805.544995282581 18.741255675114402 0.27675883577705296
0.8628905905850873 12.99841348566603 6812.046729919785 19.609252215204037 0.28070772677340405
0.8873740420583803 13.003373150429255 5953.611987477345 20.5152346804856 0.28472535532071847
0.9121295194209957 13.008866415336025 5209.550093729055 21.460997835376066 0.28881473603153357
0.9371546891857641 13.014759974064651 4563.784378608851 22.448006944435562 0.2929756366568773
0.9624405061052576 13.020973504473668 4003.3795593909604 23.47832587428711 0.29721216278149015
0.9879628734033443 13.027344840628054 3515.4565747395786 24.554359442090327 0.30153026674149636
1.0137070519459577 13.033802863135316 3090.8971865801486 25.678027389609507 0.3059314099683192
1.0396727795118437 13.040262519434343 2720.5625606699186 26.851337107228012 0.3104171913424176
1.065826566314289 13.046587650388037 2397.4374656619957 28.077364389004128 0.31499618232385407
1.0921603508919304 13.052721087568287 2114.9880022656466 29.358136695093076 0.31966863617808233
1.1186608864485452 13.058551062656596 1867.754372838285 30.696466197014168 0.32443962156928136
1.1452938400288664 13.064009793534018 1651.5651482542335 32.09569590915386 0.32931680955936155
1.1720581772711514 13.069015867801895 1461.5261399945812 33.55782757069933 0.3342982892588156
1.1989155814053731 13.073477938517428 1294.9683818571714 35.08737612282554 0.3393974391032258
1.2258633169430773 13.077342496802322 1148.6372690301039 36.68633011891048 0.34461080576803665
1.2528609614266133 13.08049771137767 1019.8433250966438 38.35977673035694 0.3499530400861703
1.2799050355180237 13.082944198631537 906.3926238381393 40.10999477343466 0.3554209403345978
1.306950391315935 13.084523486293019 806.5011369471379 41.942384105833916 0.3610286458996173
1.333989151216196 13.085242420608589 718.3306445681849 43.860503721335085 0.3667785057253023
1.360999413198036 13.085030963999557 640.3936093938214 45.868970010484276 0.37267786832498134
1.3879307393079914 13.083766989095915 571.5833488904592 47.97315433527125 0.37873689727072607
1.4147821273448962 13.08146294149891 510.6378880366801 50.17785760654568 0.3849614632228275
1.4415131490479254 13.078018130306022 456.70803892225086 52.488219104994656 0.39135811364955636
1.4681089187602756 13.073416966549672 408.8512034800934 54.91069786825905 0.3979387555044728
1.494518003902531 13.067547383498942 366.38332324479524 57.45148614586109 0.4047124538050625
1.5207315424152954 13.0603973900842 328.71924997500923 60.11721450967803 0.4116889839842469
1.5467157650417098 13.051904232883683 295.1713098437712 62.91499131445139 0.41887889038965465
1.5724320225810815 13.042018061847022 265.3593480876641 65.85244593672475 0.42629354955980364
1.5978459805801026 13.030680777461306 238.8152907364451 68.93777617584105 0.4339452388363403
1.6229436189176474 13.017857914381175 215.14921330463903 72.179800248312 0.4418472109399337
1.647696466791189 13.003512270634406 194.0168728227813 75.5880138609618 0.45001377521331803
1.672045238285134 12.98757362143538 175.15986791735293 79.17228364123184 0.45845884433573436
1.6959805999314022 12.970014940576563 158.29915802667605 82.94295462840101 0.46719632236488506
1.7194619275354854 12.950796907578663 143.22093030009495 86.91269735233408 0.47624745991641904
1.7424439277660289 12.929852093489385 129.7250715551768 91.09301804241562 0.4856263005457644
1.764923435372651 12.90719485577776 117.62742275956626 95.49816493214273 0.49535538239466326
1.786851907664719 12.882754021714982 106.78406521539546 100.14165698277583 0.5054516238752388
1.8081886853206082 12.856486895595829 97.04473460619897 105.04010470613049 0.5159410433942082
1.8289029301968551 12.828353409807661 88.2955944867215 110.21005773162477 0.5268461906648314
1.8489753214604219 12.798366224725106 80.42958611578764 115.66925402524187 0.5381908107219566
1.8683509747578233 12.76642221091615 73.35678400605781 121.43772298008189 0.5500035491608599
1.8870257279422888 12.732594371779971 66.97838534335322 127.53690499242985 0.562314256629089
1.9049482554238168 12.696767534231565 61.231418556576074 133.98940577020943 0.5751527978033707
1.9220874369557768 12.658940702928893 56.05044267509051 140.82086740854237 0.5885552881838084
1.9383995483344227 12.619042366863724 51.37148789627259 148.05897476262896 0.6025599861083257
1.9538933472164823 12.577189156083127 47.145195391479724 155.73214021842105 0.6172023262300402
1.9685070540690917 12.533247703435132 43.32265751315019 163.87412510157037 0.6325302677515741
1.9822194036818523 12.48723772662531 39.86370272254542 172.51884124078487 0.6485857954288734
1.9950044085726606 12.439147123224096 36.73068447309583 181.70537130825016 0.6654213322923349
2.006837907226004 12.388979048563552 33.88929955981393 191.47585772203675 0.6830917158460612
2.0176809963466305 12.336694219056833 31.315357165709997 201.8763627808253 0.7016562163527071
2.0275149062759077 12.282300570690373 28.97954115309026 212.95673155929381 0.7211771055866878
2.036320397187679 12.225820213604814 26.85950220832536 224.77275093724936 0.7417256294996224
2.0440609201001454 12.167215887989114 24.932358993783065 237.3853499533015 0.7633780747141392
2.050716298807658 12.106495643214831 23.178813216727526 250.86157311501415 0.7862175318533087
2.056284886388981 12.043736921631963 21.585975281203822 265.27473623074417 0.8103327640682584
2.06072631071882 11.97887887124203 20.134419171532176 280.70615271133187 0.8358219585966088
2.064026966477357 11.911969895836874 18.81463606576191 297.2460890719574 0.8627937041418574
2.066183303045714 11.843054936314205 17.6119416479595 314.9948521421751 0.8913681103376195
2.06717019939368 11.772152283026537 16.516930361775195 334.06174405583647 0.9216705232105941
