e[MeV/fm^3], P[MeV/fm^3], rho[fm^-3], v2[1], mu_q[MeV], mu_e[MeV]
71.58195607221194 0.019376260638347076 0.07551183166112621 0.01806185032450322 316.57195128971085 89.92341642585284
74.10016491175249 0.06485977178396946 0.07815115873557246 0.01806185032450326 316.72146406873105 91.024765790619
76.70639143836377 0.11193304521937247 0.08088273688183939 0.018061850324503265 316.876202692721 92.16461006582368
79.40371208999426 0.16065164710631397 0.08370979050524349 0.018061850324503224 317.0363498180116 93.34429474471072
82.19531083378259 0.21107308578268988 0.08663565671212049 0.018061850324503186 317.2020944852288 94.56521234887349
85.08448292446792 0.26325687964638034 0.08966378924900394 0.018061850324503227 317.3736323424404 95.82880407201151
88.0746387941701 0.317264627411876 0.09279776257949199 0.018061850324503234 317.55116587610246 97.13656148114251
91.1693080781302 0.37316008082260077 0.09604127610361388 0.0180618503245032 317.7349046500787 98.49002827727713
94.37214378115249 0.4310092199045644 0.09939815852466523 0.018088487354544512 317.9250655530129 99.89080211763012
97.6869757993967 0.49106090179612444 0.10287237236868205 0.019255301458732603 318.1222990017657 101.33984570908403
101.11986451800226 0.5612123980307122 0.10646801866188291 0.021662464342603646 318.3451487000273 102.80997251328064
104.67528624500615 0.6427510757917515 0.11018934177159138 0.024237271178381786 318.59574432277356 104.30486344182296
108.35791622476958 0.736980624741799 0.11404073441636543 0.026920267095794273 318.8759904930379 105.82396075340817
112.1727714362078 0.844944139362974 0.11802674285124978 0.029903169158792375 319.1863342944128 107.33131489870814
116.12536221854529 0.9697012467608513 0.12215207223425231 0.033128604049492305 319.53184301002517 108.83594926945497
120.22058430169312 1.1120115025052542 0.12642159218040233 0.03642699727296762 319.9131521806471 110.36057643612367
124.4640269233187 1.2739597956119093 0.130840342509936 0.04005797794488111 320.3330553238233 111.91312631407268
128.8618971317408 1.458760515403257 0.13541353919739 0.044167339746025575 320.79588975142224 113.49907969978847
133.4208715816421 1.6702641954106736 0.1401465805286361 0.04845346643322773 321.30651694759945 115.12367962053304
138.14674713038173 1.9093441223752088 0.14504505347311691 0.052773525840877133 321.864973007233 116.79378000164584
143.046301157445 2.1790046101745664 0.1501147402788089 0.057528169039875315 322.47450701812625 118.51374226197309
148.1273960447996 2.4844335534151987 0.15536162529769304 0.06284216502195894 323.1410092423423 120.28727240461446
153.3980665613772 2.830586859448035 0.16079190204979565 0.06832610081857435 323.8695330774141 122.11815106148126
158.86527298295658 3.219172163942335 0.1664119805341341 0.07388078486914754 324.6608118435546 124.01003694966207
164.53733520637863 3.6547355939838426 0.17222849479519628 0.08003547718389081 325.5190968335605 125.96563778643767
170.4244790514288 4.145740845861174 0.17824831075389239 0.0868529844855449 326.4526563846883 127.98699818273994
176.53631225317216 4.698462512306701 0.18447853431221173 0.09382020158110449 327.46672096984696 130.0757416868159
182.8813754413206 5.316058719226849 0.19092651974116215 0.10090610940848843 328.5630444196908 132.23321948878043
189.47003531795517 6.005327445562022 0.19759987836188778 0.10878861147005087 329.74707517392477 134.4600859855788
196.31596471295904 6.779778757210621 0.2045064875302128 0.11740966184855067 331.0300349266862 136.75533593637135
203.43050851080594 7.646768440999467 0.2116544999352168 0.12608946577877583 332.4166501261103 139.11816799894396
210.8244028704521 8.611548461528256 0.2190523532228215 0.1349022716417198 333.9096258088783 141.54800776113123
218.51074020607123 9.683761637930058 0.2267087799557421 0.144675685399567 335.51527196244086 144.04316211894482
226.5082297443755 10.883905458890382 0.2346328179215674 0.15515575564888284 337.2475539070624 146.5980221258686
234.82991040706085 12.219142432571214 0.24283382080112978 0.165468793415954 339.10915812779723 149.21047258606862
243.4895649756236 13.697245910404929 0.251321469209763 0.17584512352042914 341.1031533419793 151.87844925539375
252.5038440061727 15.330749682934059 0.2601057821244808 0.18722157626269964 343.23564238728784 154.59823272020708
261.8986645589929 17.148496170258692 0.2691971287105613 0.1990941783168373 345.52172126130665 157.35874279741
271.6882403462793 19.154773742642355 0.2786062405615009 0.21042316819891171 347.9601724040327 160.15923345514636
281.89049785111735 21.359861900727388 0.28834422436678714 0.22164620815909453 350.553435966267 162.99688619016126
292.5265475405733 23.778386588672046 0.29842257502243846 0.2337246132981532 353.30588629997703 165.86712739404365
303.63223194734013 26.447522162853414 0.3088531891997931 0.24592594617416275 356.23075742095136 168.75397623493998
315.221644345916 29.365222005850605 0.3196483793885593 0.2571506414649065 359.3222217150829 171.66146423910627
327.3182001354512 32.54397588998893 0.3308208884307057 0.2680601823279971 362.5812187590644 174.58688764206116
339.94834281111105 35.99922256647753 0.34238390456234696 0.27953912812815473 366.0093102394057 177.52639819239948
353.1609909336148 39.77515980981052 0.35435107698138235 0.29073954455728535 369.6146067251103 180.46095093582716
366.9678973380775 43.86090014922628 0.36673653195926065 0.30065088098701787 373.38857293297076 183.40165313600272
381.39961501803265 48.271172544303795 0.37955488951589167 0.31015245142971803 377.3304189270836 186.34635558829183
396.4906533657989 53.02360113792524 0.3928212806773882 0.31982610479761786 381.43924800134255 189.29179087628498
412.3008527606959 58.16142376409454 0.40655136533700936 0.3289384922226952 385.715199445606 192.22134084195403
428.8422763195667 63.67123483078209 0.4207613507403866 0.3367997029933043 390.1519632333736 195.14960434240515
446.15280627746716 69.56858793441738 0.43546801061685736 0.3442133252339814 394.74706680995223 198.07590608509867
464.2780259448425 75.87458447409477 0.4506887049794844 0.35161234258155716 399.4973996827608 211.43293183037156
485.7413917673735 83.5094585132973 0.4684741585812066 0.2118481969106556 404.39704715862416 205.10218639148363
514.9042327723218 89.86765530259531 0.5572842006530611 0.22419963452107283 409.443966892103 198.77997005638173
548.9729774007374 97.75164864289896 0.6583582585769645 0.2371391859017884 414.635064288593 192.54847141147445
583.9256500309347 106.24559013983216 0.7595981731488036 0.24850379412354395 419.965155467323 186.35126981009458
619.9550690662321 115.40297502413527 0.8614506337310006 0.2587916477044665 425.42575827814784 180.18942000753705
657.3232160391404 125.25288742341966 0.9647817916764064 0.26728448638496327 431.0191767573046 174.0312783982789
696.220011062906 135.7989334917486 1.0702996703219658 0.27452016972495263 436.7425864142945 167.84857429240427
736.8982246077227 147.11019142780026 1.178548325537938 0.28060480536637367 442.58863755631796 161.63778080617655
779.434453335319 159.15895282155418 1.2899617877247833 0.2855291001042668 448.5493841174104 155.37758733338524
824.1653057316453 172.0377045139191 1.4053107401518898 0.2897152624606547 454.6305491184618 149.04980910982795
871.2553465377943 185.76957791757982 1.525090542541081 0.29305491665239436 460.8299726039833 142.63773606356176
920.7646355581678 200.3537895031892 1.6495128905798913 0.29590702263770763 467.1378280933174 136.13728274778606
973.0658462147074 215.9036657906399 1.7793413007132188 0.2983076118813974 473.54898535308183 129.54200661932876
1028.2140599583279 232.41258296718365 1.9148585305678072 0.3002233212862122 480.071280830431 122.83145536208677
1086.4127229487665 249.93848294548894 2.0565038265013205 0.30197371751817337 486.70328412661297 115.99830937114577
1147.9689705259475 268.58118394068924 2.204786549868122 0.30357222026782127 493.4322960810193 109.04519534148446
1212.8464027835264 288.32511914191934 2.359311099296599 0.3048332850622444 500.25755711425035 101.98314329341399
1281.4022106083949 309.2599092826925 2.521606558257821 0.30580333472737786 507.1877539542807 94.79639438681163
1353.8958919072218 331.4620455805372 2.692707064133496 0.3067087367061687 514.2221043128914 87.4657969163986
1430.4395805195456 354.9746835998537 2.8728733137100324 0.30764513917900804 521.3446486630854 80.00309631053443
1511.325659291374 379.8987085922269 3.06280008923511 0.3086184998479178 528.5600614898749 72.39984545170594
1596.7792001664236 406.31468649197245 3.263038936620697 0.3096462793446748 535.8768235754889 64.64587556639862
1687.034283944267 434.31135942265144 3.4741509519010356 0.3107613546901682 543.2946808831524 56.739564212981136
1782.0781959859623 463.90402201412786 3.696125987415454 0.31197657252612254 550.7940656725807 48.70068532116453
1882.2685364109648 495.22641380129375 3.9298270944843714 0.31330675847085576 558.3858568647358 40.51716173971959
1987.9402961799371 528.4096443174436 4.176076503791572 0.3147626106954453 566.0774961051789 32.18089082425938
2099.3423141182693 563.5618436889348 4.435538736133681 0.3163334582661772 573.8691457199808 23.69195970986247
2216.381848096877 600.6824808814333 4.708389814504229 0.3172151291223151 581.7373188974098 15.076456191555767
2340.2073632786264 639.9686060855864 5.010423528141108 0.3215994480261104 589.6997099959373 6.308664208434699
2467.787288012952 681.567333224563 5.268422181308328 0.3289670984465882 597.7620710944946 0.045366476140884515
2600.0003866095094 725.4593892457883 5.488109741261477 0.3319967695238337 605.9248908074412 0.0
2738.9040285885862 771.577450359324 5.715825082285146 0.3320314278979657 614.160475058444 0.0
2885.25709132503 820.1738350276703 5.952545771765422 0.3320656121427863 622.493868083454 0.0
3039.6625128109863 871.4492758147461 6.19886661659794 0.3320988777044258 630.9286144231583 0.0
3202.3421500355485 925.4776941798864 6.454939050489608 0.3321319908530178 639.4654611461091 0.0
