e[MeV/fm^3], P[MeV/fm^3], rho[fm^-3], v2[1], mu_q[MeV], mu_e[MeV]
57.966178572082526 0.019822096656569643 0.06138222726183227 0.020213769750225503 316.50152527280727 77.43622658892006
58.97886553652739 0.04029231778491282 0.06244035487608422 0.02021376975022545 316.5692934474086 78.01774239494746
60.00900954170713 0.061115411515191176 0.06351672285237621 0.0202137697502254 316.6382298327464 78.60928256730938
61.056911517999424 0.08229746078476974 0.06461164562424372 0.02021376975022536 316.7083545668328 79.21101990942611
62.122877583322726 0.10384465339076865 0.0657254430455351 0.02021376975022541 316.77968813482585 79.82313020356239
63.2072191325579 0.12576328379761126 0.06685844048384562 0.020213769750225444 316.8522513750136 80.44579226217607
64.31025292851837 0.1480597549758732 0.06801096891556957 0.02021376975022536 316.92606548490176 81.07918798015595
65.43230119448147 0.1707405802726909 0.06918336502258365 0.020213769750225388 317.0011520274056 81.72350238795603
66.57369170831848 0.19381238531448375 0.07037597129060076 0.02021376975022543 317.07753293714944 82.37892370564802
67.73475789824626 0.21728190994245533 0.07158913610921809 0.020213769750225485 317.1552305268739 83.04564339790468
68.91583894023093 0.2411560101814899 0.07282321387369146 0.020213769750225374 317.23426749395423 83.72385622993208
70.11727985706676 0.26544166024290894 0.07407856508846006 0.020213769750225416 317.3146669270307 84.41376032436374
71.33943161917078 0.2901459545619121 0.07535555647246375 0.020213769750225527 317.3964523127535 85.11555721913992
72.58265124710447 0.3152761098699245 0.07665456106626516 0.020213769750225333 317.47964754264353 85.82945192637874
73.84730191587138 0.3408394673028474 0.07797595834102718 0.02021376975022536 317.5642769200718 86.55565299226706
75.13375306100984 0.36684349454559 0.07932013430936627 0.02021376975022543 317.65036516735915 87.29437255798216
76.44238048651009 0.39329578801348236 0.08068748163811194 0.020213769750225374 317.737937432998 88.04582642166103
77.7735664746028 0.4202040750715146 0.08207839976302166 0.020213769750225347 317.8270192989993 88.81023410144435
79.12769989742563 0.4475762162915398 0.083493295005458 0.020213769750225458 317.917636788365 89.58781889959874
80.50517633062739 0.4754202077486422 0.08493258069109047 0.020213769750225485 318.0098163726905 90.37880796775187
81.90639816892423 0.503744183356962 0.08639667727063668 0.020213769750225347 318.10358497989773 91.18343237324824
83.33177474364764 0.532556417245786 0.08788601244268512 0.02021376975022543 318.19897000210096 92.00192716664891
84.78172244232269 0.5618653261766728 0.08940102127863886 0.020213769750225374 318.2959993036092 92.83453145039694
86.25666483030022 0.5916794720020981 0.09094214634980562 0.020213769750225347 318.3947012290657 93.68148844866234
87.75703277449892 0.6220075641667497 0.09250983785669231 0.020213769750225458 318.4951046117284 94.54304557839852
89.28326456926261 0.6528584622515763 0.09410455376050969 0.02021376975022543 318.59723878189254 95.41945452161343
90.83580606440474 0.6842411785620499 0.09572675991696245 0.02021376975022543 318.70113357545915 96.31097129889659
92.41511079544615 0.7161648807607628 0.0973769302123308 0.020213769750225374 318.8068193426504 97.2178563442056
94.02164011610984 0.7486388945456444 0.09905554670191061 0.02021376975022543 318.91432695687604 98.14037458094867
95.65586333308609 0.7816727063740752 0.10076309975082555 0.020444556497375727 319.0236878237519 99.07879549937097
97.31856058230089 0.816056228640476 0.10250008817728369 0.021143731107176267 319.136503905505 100.02667143609851
99.01053274820332 0.8526303623886233 0.1042670193982881 0.022148268755866285 319.2544693873357 100.97780883967164
100.73237291959056 0.8916983215161539 0.10606440957786765 0.023195089629546056 319.3781816436563 101.9313776177457
102.48456121337036 0.9332417123652468 0.10789278377786245 0.024244320499804878 319.50759112600883 102.88901751524612
104.26766188785147 0.9774423613247285 0.10975267611130493 0.02539232353100246 319.6430427030471 103.85086963079654
106.0823015496166 1.024635114570075 0.11164462989845117 0.0266453782969599 319.7851697777435 104.81634529696913
107.92911531809489 1.0750446365254234 0.1135691978254936 0.0277788021311412 319.93426001233786 105.78130231160223
109.80862154361081 1.1281797072734265 0.11552694210601785 0.028805566002740368 320.08885730677713 106.73142013136399
111.72142834164526 1.1843202938141164 0.11751843464523617 0.030035486381081777 320.2495430963934 107.66848974809766
113.66824067302245 1.244152290647585 0.11954425720705734 0.03149886058910212 320.41779579084044 108.59828702087346
115.649728277489 1.308110829652819 0.12160500158403348 0.03303693823528736 320.59446422959945 109.52347147300993
117.66646551504283 1.3762953753549434 0.12370126977023689 0.03461896788101404 320.77974103903364 110.44735584325198
119.71913045672895 1.4490480276626132 0.12583367413711757 0.03639043642437162 320.9742228915551 111.37103506013682
121.80854173019522 1.527097587638331 0.12800283761239173 0.03835015349666976 321.1791589162221 112.29408493257715
123.93540793793245 1.6108181456369755 0.13020939386201427 0.040347490823449406 321.39514403207943 113.21772642968058
126.1003693218534 1.7003377163185989 0.132453987475289 0.042389080157613834 321.62233271179537 114.14379265478505
128.30417889688687 1.7960878424162197 0.13473727415316758 0.044673420986997336 321.86139240806733 115.07295874694331
130.54779963756877 1.8991181314688441 0.13705992089979765 0.04716514115173803 322.1139942602442 116.0046080350665
132.8319671322914 2.009743381295322 0.13942260621736857 0.049672658909580725 322.3805450220754 116.94008424851009
135.1574024636915 2.1281927405145087 0.14182602030432165 0.05224343917342855 322.6613065090283 117.8807289512251
137.52494682472812 2.255031851323708 0.14427086525697272 0.05513300302891433 322.95707975673804 118.82716586201033
139.935753044268 2.391773670038781 0.14675785527460983 0.05825265786895062 323.27011898016644 119.7788561326899
142.39056385809766 2.538603061939731 0.14928771686813144 0.06136054593521689 323.60054472728007 120.73731040174971
144.89020389083603 2.695921503901235 0.15186118907227733 0.0645629264836653 323.9488193432197 121.70358531144568
147.4356198341191 2.864476911409646 0.15447902366151736 0.06818399118328244 324.3159224602353 122.6783173853767
150.02821745391236 3.046438897988094 0.15714198536966417 0.07205860445109935 324.70488269810244 123.66113934427685
152.66871368618274 3.241747475983989 0.15985085211327105 0.07588348331446859 325.1153874103239 124.65362848304947
155.3580694739042 3.451075682146731 0.16260641521888092 0.079848016925257 325.54820809698214 125.65664148580903
158.0973594404955 3.675416894712453 0.1654094796541903 0.0843604300993841 326.00455456173626 126.67082374490862
160.88832956066545 3.917867764128449 0.16826086426320164 0.08914899268527554 326.4884777238241 127.69600478945968
163.73161864001148 4.177946157750183 0.17116140200542876 0.09383488480835533 326.9990268086456 128.73368726158944
166.6283708286139 4.456739016795908 0.1741119401992218 0.0987316721020911 327.5374210486425 129.7845631879333
169.57983551036094 4.755625254692338 0.17711334076929286 0.10432326153323168 328.1052348622671 130.8492304849147
172.58816664135566 5.078835289880503 0.18016648049850287 0.11020902657679843 328.70764140232393 131.92770257293938
175.65389710977664 5.425362779105658 0.1832722512839938 0.11593631122301118 329.3429835291755 133.02122987706292
178.77840329454557 5.7968531003437125 0.18643156039773146 0.12199997887308356 330.01303026403775 134.13034575303038
181.96324224004124 6.195480948728327 0.18964533075154366 0.12832843974186403 330.72014502906404 135.2554967325695
183.64929544941992 6.416940065340118 0.19141464936487526 0.007602149709530437 331.4699414455561 132.97751686131065
330.1912787110232 7.512607132706001 0.6965397450048066 0.007351477134865739 332.260725944784 117.6482003277626
456.25287056893353 8.425754137689228 1.134964167443583 0.009371464041955886 333.09466800582453 101.48227669520256
588.0048317149032 9.953460133763695 1.623532524665881 0.01255694174846865 333.9751744681341 83.87407796691869
726.966726083024 11.839338137172641 2.1533733221372016 0.029482196048585707 334.90813739982997 64.96105768168317
787.7387917415963 14.053905098518145 2.383897351427104 0.45304682246908756 335.89187088823957 47.401235502175986
792.8412749713913 16.544047034372912 2.4012782714019325 0.6398876402776406 336.92896586588216 30.527136961954156
796.3841932033597 19.184702270899507 2.4125456952236313 0.8437458193044431 338.0241280211374 15.686122804412088
799.4022391884837 21.98417762339085 2.421659023014991 0.9597714198297544 339.18318720685465 1.4752486637067186
802.3935190492912 24.950565766709648 2.4304554658062667 0.9916489238448549 340.4044907023497 0.5280882543342394
805.5531578867894 28.08371926692765 2.439722237010229 0.9915828177853667 341.6909877724504 0.0
808.8988883966185 31.401164905946146 2.4495041003932236 0.9914804393598402 343.04886105568795 0.0
812.4533541498417 34.92510067445366 2.4598393933187466 0.9913638257554895 344.48329259811624 0.0
816.2085596646666 38.647689183737675 2.470716011135847 0.9912634266567464 345.99265407961093 0.0
820.1750653013904 42.57932847449084 2.482156675580497 0.9911540875565485 347.5800607362814 0.0
824.3755349749305 46.74239330334003 2.4942168749834277 0.9910346735329467 349.2531636385562 0.0
828.8231058826498 51.149805817323426 2.5069237871307757 0.9909061334989859 351.0156813440657 0.0
833.5174672384534 55.801157295679864 2.520265960923869 0.9907697275629257 352.86597295294854 0.0
838.4700184093094 60.70763850486835 2.5342651346929133 0.9906261069137123 354.8069993943876 0.0
843.7075005096893 65.8956282943545 2.54898550101763 0.9904755915910117 356.8476030465223 0.0
849.2378442570388 71.3728621624683 2.5644375283117165 0.9903190767514536 358.9891740542533 0.0
855.0610880429481 77.13925597804466 2.58060961591663 0.9901574065158565 361.2300433342424 0.0
861.1879806263247 83.20532834780877 2.5975198979480654 0.9899911015508662 363.57266143843907 0.0
867.6480503566265 89.6001804450399 2.6152375568820334 0.9898068909937461 366.0265462172358 0.0
874.4492162368783 96.33132239206809 2.633752858968412 0.9896116836645898 368.59018181588107 0.0
881.5885320372688 103.39577991778232 2.65305427363163 0.9894206443247802 371.2619493171839 0.0
889.0754713966681 110.80277425294636 2.6731546489456557 0.9892110657334552 374.0435549823692 0.0
896.950467608641 118.59188819250424 2.694124861416508 0.988992777914242 376.94459794145695 0.0
905.2006684884614 126.75039971398056 2.715932974623526 0.9887697966609874 379.9606671788878 0.0
913.8365801479251 135.28827419427677 2.738570553902307 0.9885297948235587 383.09038866636536 0.0
922.8668185800243 144.21382030381704 2.762045210849534 0.9882873836501798 386.3347227899467 0.0
932.3233266754439 153.5583886284168 2.78642418132726 0.9880363281643136 389.7028640665028 0.0
942.1979309161636 163.31355357097152 2.8116602756484643 0.9877663785260733 393.1881327574918 0.0
952.5021273786169 173.49020835968233 2.837748587400524 0.9874857507521142 396.7896384541251 0.0
963.2420196225598 184.09416975265404 2.8646927357049243 0.9872011215171508 400.50779877029254 0.0
974.4527937110925 195.1597938806842 2.892555526276275 0.9869046400411872 404.35111361099285 0.0
986.1219856012323 206.6743758777997 2.9212804026234966 0.9865975133069798 408.31161020405585 0.0
998.2593276689303 218.64711488197474 2.9508668788797747 0.9862760863183775 412.3890532448661 0.0
1010.8803008687495 231.09275014030553 2.981320158493197 0.9859412856431629 416.5839348821544 0.0
1024.0154056831925 244.04092124826838 3.0126900000788166 0.9855994187750738 420.9029358921993 0.0
1037.6519209737637 257.47867067475414 3.044924689911943 0.9852502666127059 425.3387759803205 0.0
1051.8013936457894 271.4168917098899 3.0780265374594498 0.9848804411721908 429.89158412624585 0.0
1066.4882288591416 285.8787787153575 3.1120052777431346 0.9845011945792574 434.56234892977125 0.0
1081.7273029473818 300.8787798212364 3.1468926290134185 0.9841112106679155 439.355388483256 0.0
1097.5261118894912 316.42327863393206 3.1826529987948335 0.9837073149541276 444.26540759641796 0.0
1113.8887244634805 332.5159805932552 3.219288760225656 0.983292332154095 449.29265536387015 0.0
1130.8431848200705 349.1834453761365 3.2568131553236204 0.9828592461576893 454.438548388393 0.0
1148.4077649280764 366.4430737022652 3.2952470427003506 0.9824189405910229 459.70576553505447 0.0
1166.5849929523724 384.2966012462109 3.3345667456782926 0.9819648331731585 465.09080125928034 0.0
1185.3927127044592 402.76070038236264 3.374777869937949 0.9814949932833503 470.5941250666191 0.0
1204.853364862651 421.8565047158832 3.4158953897595548 0.9810096467361493 476.21747958266144 0.0
1224.9894377768223 441.60513656142035 3.4579336644504037 0.9805090602868063 481.9625119934439 0.0
1245.8107272984985 462.01522151605633 3.500880400592612 0.9799937988166221 487.82722036852493 0.0
1267.3366499445706 483.10477362343613 3.5447433439370357 0.9794641473175432 493.81233560314513 0.0
1289.5913482404842 504.896378782938 3.5895393343684354 0.9789203065373915 499.91981936193486 0.0
1312.5961447988689 527.4097989282834 3.635278872177555 0.9783625541607446 506.1507575403436 0.0
1336.365566629719 550.6580908115162 3.6819587079648977 0.9777863199017371 512.5043553326884 0.0
1360.9265191722277 574.6661122285243 3.729589550921171 0.977190599157785 518.9816123002372 0.0
1386.305961836 599.4588815879115 3.7781896262833827 0.9765823614824054 525.5846144661255 0.0
1412.5235177349732 625.0543171088445 3.8277679246652987 0.9759541187316678 532.3142356068302 0.0
1439.6085257384216 651.4791797826216 3.8783297875251854 0.9753068336124606 539.1706223504631 0.0
1467.5811853736425 678.7518590551223 3.929887025019022 0.9746467380807609 546.1550349292145 0.0
1496.473126464454 706.9014615772895 3.9824590027979023 0.9739618085119108 553.2696081258325 0.0
1526.3183156285577 735.9589129045348 4.036057145337933 0.9732570918373824 560.5152580576214 0.0
1557.1378267382963 765.9431206070386 4.0906908410607565 0.9725374841775007 567.8928524860116 0.0
1588.9639606556661 796.8834154458976 4.146375449125936 0.9717962563717482 575.4038998047281 0.0
1621.8322506042362 828.8121356146806 4.203131070211971 0.9710335095303151 583.0505273516877 0.0
1655.7746201594098 861.7579736991954 4.260970657253592 0.9702494725187698 590.8338785315234 0.0
1690.8246743620398 895.751117999444 4.319909315611569 0.9694443723749231 598.7553676549504 0.0
1727.018060907061 930.8235937347257 4.3799647618227135 0.9686184281136878 606.8167396252557 0.0
1764.3926041733985 967.0093825144343 4.441157377799393 0.9677651943241194 615.0200749129865 0.0
1802.992979566062 1004.3484084442845 4.503504740415811 0.9668884952447723 623.3668798524265 0.0
1842.851969894012 1042.869729325133 4.567024918327645 0.9659928334312777 631.8589807340489 0.0
1884.0128943911118 1082.6118822665148 4.63173861093256 0.9650691231195072 640.4983504204833 0.0
1926.5231282449943 1123.6169135959901 4.697667459421091 0.9641193938189065 649.2869964644982 0.0
1970.4249565166988 1165.9220903509838 4.764832174390666 0.9631475850820834 658.2268894947701 0.0
2015.7633023687033 1209.566959268604 4.833255066549087 0.9621463875890814 667.3201659195176 0.0
2062.5940224775554 1254.6007023205652 4.902960650401163 0.9611153916508215 676.5690217582426 0.0
2110.963156338848 1301.0634003317437 4.973970143893899 0.9600597181709922 685.975375769143 0.0
2160.923796189604 1349.0014554283096 5.046309968490624 0.9590880347050756 695.5417407332205 0.0
2212.3663129502715 1398.3166660128497 5.119979404168928 0.958611937165573 705.2704871049425 0.0
2264.7323718428083 1448.513530021227 5.194904893320855 0.9585763196613435 715.1639945116509 0.0
2317.9807582034014 1499.5561722466693 5.271092818839663 0.9585763196613382 725.2241998430259 0.0
2372.127359498647 1551.459822038436 5.348565912552637 0.9585763196613435 735.4541047144605 0.0
2427.185867677781 1604.2376041748344 5.427343764935277 0.9585763196613453 745.8562959427603 0.0
2483.1695861591497 1657.9022709976616 5.507445410552111 0.9585763196613453 756.4332869396794 0.0
2540.0896740782446 1712.4645193899476 5.588886815922349 0.9585763196613417 767.1871859981078 0.0
2597.964051919919 1767.9415275041097 5.6716936217209195 0.9585763196613435 778.121378831108 0.0
2656.8076164707495 1824.3475750469997 5.7558871423076345 0.958576319661347 789.238679885126 0.0
2716.6342153051187 1881.6959359755053 5.841487190826848 0.9585763196613506 800.54170537919 0.0
2777.4564948613693 1939.9987328659495 5.9285118618344415 0.9585763196613435 812.0328446019741 0.0
2839.2940704959346 1999.2747685345112 6.016989221031876 0.9585763196613382 823.7158034782369 0.0
2902.163081677824 2059.539513893994 6.106942360812122 0.9585763196613435 835.5936312341289 0.0
2966.0778056088297 2120.8066547319486 6.198391709031516 0.9585763196613488 847.6690252580861 0.0
3031.0528646280145 2183.0902076763377 6.291358187369673 0.9585763196613417 859.9447481452487 0.0
3097.1093156210222 2246.4103573591046 6.385871924071687 0.9585763196613399 872.424778168156 0.0
3164.264591032694 2310.7838141090688 6.481957861523606 0.9585763196613435 885.1124088345838 0.0
3232.533321702538 2376.22460270252 6.579636933567504 0.9585763196613506 898.0104043456598 0.0
3301.932527222619 2442.74903771738 6.678933491878638 0.9585763196613506 911.1219802089801 0.0
3372.484519224987 2510.3785065557868 6.779879459996426 0.9585763196613435 924.4513517560326 0.0
3444.208084648726 2579.131017932664 6.882501718320695 0.9585763196613328 938.0020683988776 0.0
3517.118162399477 2649.020891929201 6.986821641475319 0.9585763196613399 951.7769525415057 0.0
3591.2345417339075 2720.0670980582236 7.092867543978654 0.9585763196613435 965.7797429636067 0.0
3666.5806549619856 2792.2920979771816 7.200672952838911 0.958576319661347 980.0148667260887 0.0
3743.1767153903875 2865.715267683197 7.310266789306263 0.9585763196613541 994.4861427243112 0.0
3821.0379488270955 2940.3512022752498 7.421670838505182 0.958576319661347 1009.1964475666584 0.0
3900.187251580819 3016.2218496126757 7.534917860531921 0.9585763196613399 1024.1501070474442 0.0
3980.649084819098 3093.35065759143 7.650042854486697 0.958576319661347 1039.3517426093997 0.0
4062.445169876779 3171.758447768728 7.767076899310198 0.9585763196613435 1054.8054580592986 0.0
4145.591018291509 3251.4600891372393 7.8860421889496175 0.9585763196613364 1070.5141839883645 0.0
4230.112946455507 3332.480807967365 8.006976376965321 0.9585763196613435 1086.4828923464984 0.0
4316.036386930953 3414.844983310959 8.129915852331429 0.9585763196613506 1102.7163881017966 0.0
4403.384660211046 3498.5749696405646 8.254893982068435 0.958576319661347 1119.2190771896508 0.0
4492.173579165908 3583.685924799026 8.381933391270792 0.9585763196613399 1135.993947131959 0.0
4582.433177208348 3670.206638104659 8.511077051821305 0.9585763196613364 1153.0466721344635 0.0
4674.189829257481 3758.162391930363 8.642362701020774 0.9585763196613506 1170.382235204539 0.0
4767.468555451645 3847.5771699882644 8.775826137746247 0.958576319661347 1188.0053633911405 0.0
4862.2855000633035 3938.4664477956403 8.911490461263476 0.9585763196613435 1205.9191068279333 0.0
4958.674700843665 4030.8628531347777 9.049404372872758 0.9585763196613435 1224.1298962593892 0.0
5056.663470016096 4124.792566856231 9.189606950972175 0.9585763196613541 1242.6428917775577 0.0
5156.278637261863 4220.281307257129 9.332136583537359 0.9585763196613684 1261.4631623079213 0.0
