M[M_sun], R[km], Lambda[1], P_c[MeV/fm^3], rho_c[fm^-3]
0.23841724892012095 16.20908015294055 2780876.1263280716 3.453507347168396 0.169602847481901
0.24841536742928452 15.866228250651249 2282256.2623888007 3.635566859546797 0.17197869883595895
0.25869392568381877 15.563037294541484 1881920.3556211696 3.824803859061916 0.17437537188641208
0.2692622858114901 15.293617593252128 1558148.029506643 4.020326205062 0.1767672168148874
0.2801141684341827 15.053905076724437 1295552.1216449458 4.2224592427040255 0.17914611808545716
0.29124547052221916 14.839814231786947 1081181.9098276885 4.432571777220822 0.18154882725989918
0.3026679433466942 14.648361107559401 905492.0545333369 4.65101141914471 0.1839792017419634
0.3143709009730741 14.476961091655054 760987.5434467789 4.87814541139351 0.1864388930017975
0.3263547670222644 14.323219692716432 641577.9510032561 5.1112937567443435 0.1888683243272449
0.3386255958334431 14.184928155649967 542484.7570678239 5.3536391792057145 0.19131943296589454
0.35117778381605774 14.060677515289946 460000.07311408466 5.6056830234695205 0.19380051575626467
0.36401290873040487 13.948909923223955 391134.4827984341 5.867837823033571 0.19631717401074855
0.37713772125179307 13.848185837296061 333385.61710101645 6.137016443585603 0.19880981482292412
0.3905417045313013 13.757552867634542 284858.8111150553 6.416605909408439 0.20133226356097567
0.4042305782603424 13.675904710653407 243962.13177571745 6.707434669216184 0.203889319036807
0.41820376529261466 13.602469087690526 206804.23471738838 7.009627796893987 0.2064729251344516
0.4324626501578515 13.536555528378017 180122.22987868785 7.319754517063337 0.20903267870489983
0.44700221242797455 13.477200950639503 155248.1807731086 7.642425669523557 0.2116368915649646
0.46182718363312164 13.423932846650759 134060.36684412172 7.978175178924034 0.214285593562016
0.476932795444242 13.376212214164823 115975.35718346904 8.325116256848187 0.21694186273218574
0.4923257111369884 13.33358271569679 100514.47581113197 8.68311437659231 0.2195948782864502
0.5079930194102213 13.295451103310386 87264.16958919962 9.05571547150195 0.2222960320832221
0.5239431008158936 13.261627779970773 75888.80241939939 9.443524648630666 0.22504815845493947
0.540177563412645 13.231593064461332 66095.53599637638 9.841193401386942 0.22777510235370643
0.5566835168655351 13.205102947729575 57659.37630575142 10.254759851222358 0.2305478727761074
0.5734698308910816 13.181740678213211 50368.591245638876 10.685253740091344 0.23337125717123144
0.5905356042879792 13.161369385347475 44065.075344077006 11.129767806783644 0.23619944670289397
0.6078619305357669 13.143675236846745 38605.104887902366 11.588976844958415 0.23904447457678388
0.6254671542674807 13.128429916796133 33866.30557662974 12.067033950862898 0.2419488477039955
0.6433388610947247 13.115381884386485 29744.831986978996 12.563703115958642 0.24490206613450197
0.6614744776018852 13.104457034325316 26162.364897089185 13.073790739653395 0.24783357321434596
0.6798751769560702 13.095268950050754 23034.864810076888 13.604840352849632 0.25082371671360837
0.6985225143114133 13.087736828887977 20308.017503089126 14.15775823874751 0.2538742706590442
0.7174405031010227 13.081926117983539 17924.76829786835 14.726619071156748 0.2569218954969092
0.736611815360112 13.077436243080875 15838.003998055083 15.31685679366648 0.26001705429022576
0.7560153192808609 13.074183163812416 14010.340424192469 15.93135549385072 0.2631781206186621
0.7756613638183503 13.072004907822063 12406.574860059121 16.567287896371262 0.26636511709130195
0.7955499317062275 13.070929175014431 10998.38239499023 17.223608641654355 0.26956488386135047
0.8156753931484196 13.07075349871532 9759.388426005744 17.906984263791077 0.27283659755352774
0.8360176684440883 13.071361101419425 8669.411531604865 18.61821931875078 0.2761798772793872
0.8565752722547815 13.072584663967538 7708.089443839866 19.348559631125724 0.27951185820194774
0.8773622792149324 13.074483256571 6859.976325730156 20.108941183691257 0.2829146440904116
0.8983315522077878 13.076849060403436 6111.191665425994 20.900615450278845 0.2863900629053592
0.9195226313164718 13.07973673717727 5449.2241460012265 21.71837127717742 0.2898891139758697
0.9408904248469835 13.082908767329888 4863.397971115823 22.5651228084309 0.29343406302590186
0.9624449360219944 13.086259262627495 4344.33737546981 23.44669658851867 0.29706243271171306
0.9841782704012043 13.09001997185718 3884.2368075658733 24.36375541806379 0.300769934724742
1.0060730822849737 13.09382875295651 3475.765165691679 25.307450942653904 0.30447076072034296
1.0281183367114575 13.097630891389116 3112.9585405107327 26.29000081854785 0.30825814444712396
1.0503258734551135 13.101569339894104 2790.1879895948173 27.312905679379174 0.3121339451893349
1.0726411599872596 13.10528426498601 2503.313122840987 28.372729215207308 0.31606698171871656
1.0951015798811685 13.108998027807012 2247.591320725696 29.46902701907749 0.32004718128365267
1.1176628336338073 13.112499120049057 2019.7986324757987 30.610351677398686 0.3241164306092479
1.1403444003126122 13.115877452208368 1816.5441675041275 31.798555971563925 0.3282756683047488
1.163101015671649 13.118828669196215 1634.9384748507205 33.02831049070418 0.3324878228166074
1.1859426660457324 13.121535281191038 1472.7151707568098 34.30353832433679 0.3367719618024125
1.2088438625663935 13.123863796044887 1327.648942989294 35.63127171488473 0.34116182353330377
1.231807344901254 13.125846194163866 1197.8579381383977 37.01353148890316 0.3456562463646216
1.254806175742617 13.127245506608858 1081.4674920869184 38.4469452694331 0.3502139472770789
1.2778251351550651 13.128223572562934 977.2729297735133 39.93303606033888 0.3548485301656706
1.3008332644750191 13.128502502383645 883.7637333148557 41.480596874748386 0.3596003407485377
1.3238570442246729 13.12827404116431 799.8020516493059 43.092088657401035 0.3644715326595461
1.3468684559399622 13.127455105838374 724.3482910310154 44.770102234807716 0.3694638963100819
1.3698258115373418 13.12588371650259 656.5647203371266 46.50727500664659 0.37451241776633537
1.392758357551033 13.123737662035936 595.580113657122 48.3157956027083 0.3796873299277413
1.4155717967900256 13.120593898341879 540.6521729500485 50.19979639587502 0.3849976734107025
1.438332982076715 13.116859984456699 491.178306649592 52.16247324671269 0.3904462523581735
1.4609771199490493 13.112134851976855 446.5349310885373 54.2072135222472 0.3960345559458185
1.4835307059284706 13.106784732129205 406.2972151719787 56.33292956265445 0.4017342476104282
1.5059132606497403 13.100361175626704 369.95485269291373 58.543545270239385 0.40756572023213616
1.5281536750570435 13.093086809789796 337.1043069626107 60.84809146736576 0.41355802358326677
1.5502287823405436 13.084946149722123 307.4439862362319 63.25082574424638 0.4197142291364721
1.5720694819284795 13.075575520236088 280.6045255402624 65.75626992763978 0.42603511201676264
1.593729688831546 13.065267896817408 256.2749179872234 68.369295463987 0.4325264406338667
1.6151522465462034 13.054011636957625 234.27289334616094 71.09496623814401 0.4392030382052652
1.6363328496287612 13.041640402032922 214.30920867555793 73.93872948622663 0.44607199944649767
1.6572254207930721 13.028169111715114 196.21357763143396 76.90402956336035 0.45312626791589256
1.677839402630978 13.013559114979358 179.78329047575937 79.9972515836047 0.4603697283923226
1.6981181653059283 12.997608967838927 164.84225748306773 83.22792852516068 0.4678348849668299
1.718076253752577 12.980579987092854 151.27598281751125 86.60314000209475 0.47553212422221014
1.7376835040172938 12.962370969093303 138.94309997887441 90.13042074013121 0.48346617209233433
1.7569534177068815 12.94307877694026 127.72215737082784 93.81783837021985 0.49164474402918856
1.7758107615750882 12.922406122708981 117.49747091291812 97.67406726126043 0.5000871359620956
1.7942302369441425 12.900267137064027 108.1777268227475 101.7083645107572 0.5088092273261747
1.8122426220045118 12.876996926747655 99.68329056873876 105.93062953778899 0.5178181593338
1.8298028975949534 12.85240685229493 91.9427737559896 110.35149442515389 0.5271267878242499
1.8469004798081625 12.826558310830746 84.87569876950911 114.98239153923996 0.5367589151931523
1.8634876986935112 12.799185019863234 78.41424281204155 119.83558972167408 0.546734175735951
1.8795542027571415 12.770398697304147 72.51147771395758 124.92129653193675 0.5570499261869826
1.895106235918438 12.740297556444556 67.10782011107162 130.25200210593746 0.5677243015599658
1.9101126124618029 12.708809245574107 62.16601838028004 135.84619788331904 0.5787984989299392
1.9245441586596441 12.675832782538382 57.64363783783186 141.72023448354332 0.5902908459166335
1.9383783121328093 12.641387869262468 53.49672415175864 147.89173650041053 0.6022199865924526
1.9515978520445287 12.605531878408623 49.69557900016898 154.3796847713732 0.6146213694682056
1.9642149682553212 12.568257256986735 46.21333114631669 161.20371262850347 0.6275238456300201
1.9761667299840708 12.529352015013558 43.010475339873736 168.3719312852136 0.6408959884383493
1.9874589687655573 12.489125583815122 40.07551769031576 175.92138188333283 0.6548285374441766
1.9980891378122043 12.447364620600064 37.37407410952593 183.87786129248647 0.6693610005142813
2.008000367829887 12.40397030717695 34.89169017830568 192.26278439651395 0.6844954795819749
2.017204448169642 12.359174275646867 32.609394822414494 201.09723304343973 0.7002549896029612
2.0257043171848212 12.312995456044815 30.511691762316378 210.427492353399 0.7167343066965405
2.033426070276337 12.265112140163708 28.577356089597934 220.27741404163575 0.7339265803594163
2.0404031055040464 12.215759259097817 26.795517389510483 230.68139059624983 0.7518862059029022
2.046623660735268 12.164993375772886 25.15557423209884 241.69097766363694 0.7707037212494465
2.0520318195814116 12.112573467187808 23.641742644611426 253.31913925979512 0.7903196834834819
2.053262547744922 12.0697313991362 22.71108536248198 267.7212619867772 2.2250399491876296
