e[MeV/fm^3], P[MeV/fm^3], rho[fm^-3], v2[1], mu_q[MeV], mu_e[MeV]
70.21755168181654 0.006206087273093519 0.07407856508846018 0.017597877650005332 316.5185077347417 89.2771661002368
71.43578994790998 0.027644495228360377 0.07535555647246353 0.0175978776500052 316.5894798429086 89.8124074562691
72.67502861766434 0.04945246571785267 0.07665456106626496 0.017597877650005228 316.6616753923034 90.35687548400062
73.93562970314778 0.07163636938565421 0.07797595834102777 0.01759787765000538 316.7351154730202 90.91072923592193
75.21796145691394 0.09420268669514797 0.07932013430936638 0.01759787765000533 316.8098215387112 91.47413050632369
76.5223984795798 0.11715800982215896 0.0806874816381126 0.01759787765000522 316.8858154128541 92.04724387856187
77.84932182925448 0.14050904458066893 0.08207839976302188 0.017597877650005325 316.96311929512683 92.630236773136
79.19911913285509 0.16426261238173973 0.08349329500545777 0.017597877650005436 317.0417557678931 93.22327949659658
80.57218469934486 0.18842565222626206 0.08493258069109116 0.017597877650005332 317.12174780279906 93.82654529129692
81.96891963491473 0.21300522273190858 0.08639667727063695 0.017597877650005284 317.20311876748366 94.44021038599915
83.38973196016327 0.23800850419525207 0.0878860124426853 0.017597877650005242 317.2858924324053 95.06445404735784
84.83503672928572 0.26344280068923775 0.08940102127863886 0.01759787765000527 317.37009297778565 95.69945863228664
86.3052561513196 0.28931554219685157 0.0909421463498059 0.01759787765000538 317.45574500067295 96.34540964122833
87.80081971348744 0.3156342867816875 0.09250983785669148 0.017597877650005325 317.54287352212793 97.00249577234631
89.32216430665855 0.3424067227958098 0.09410455376051008 0.01759787765000531 317.63150399453286 97.67090897664707
90.86973435297011 0.3696406711256137 0.09572675991696154 0.017597877650005242 317.7216623090265 98.3508445140514
92.44398193566516 0.39734408747669764 0.0973769302123309 0.017597877650005228 317.8133748030682 99.04250101043964
94.04536693114535 0.4255250646977123 0.09905554670190979 0.01759787765000531 317.90666826813106 99.74608051566989
95.67435714332068 0.45419183514462985 0.10076309975082554 0.017892055534992374 318.00156995752883 100.46178856260559
97.33169327479138 0.4843410207312542 0.10250008817728433 0.018775745774211428 318.10048622561175 101.18570399772256
99.01814146064449 0.5170082040359527 0.10426701939828847 0.020025246310001077 318.2058447860128 101.91428658825437
100.73429318912723 0.5525181669555139 0.1060644095778678 0.02129999675038627 318.31828524079526 102.64750316311726
102.48063871606901 0.5907964457966746 0.10789278377786223 0.022549781036994038 318.43751805132047 103.38670836290729
104.25774423592242 0.6320103592916358 0.10975267611130558 0.023887708108000116 318.5638120290785 104.13237516689382
106.06623539667063 0.676492214395437 0.11164462989845152 0.025339806313660923 318.697770868173 104.88465247088972
107.90674784282342 0.7245234535359056 0.11356919782549418 0.026726883379044414 318.8398212612412 105.64215664334085
109.77980899298537 0.7757858510810522 0.11552694210601787 0.028008654354195556 318.9889635986241 106.39548846211913
111.68603200563659 0.8304189676497289 0.11751843464523576 0.02941848660514751 319.1453310518051 107.14305877628786
113.62612253642692 0.8889903796251314 0.1195442572070575 0.0310000273545607 319.31003653378224 107.89037199216354
115.60075117782822 0.9518318179215621 0.1216050015840337 0.03259969837934959 319.4836179784206 108.6399435927219
117.61049319554543 1.0189345897359714 0.12370126977023699 0.03419210470702347 319.6659546827271 109.3941654142798
119.65602415051524 1.0905481505064962 0.12583367413711752 0.03592218882239359 319.8573917239201 110.15411877028433
121.73815641876267 1.1672766767204164 0.12800283761239192 0.03778190969818496 320.0588603075681 110.92020174565145
123.85759205422588 1.2493614886182018 0.1302093938620144 0.0396255479711905 320.27062777688235 111.69348487044105
126.01496433860267 1.3368161240061027 0.13245398747528928 0.041461386350795104 320.4925793312381 112.47517112638602
128.2110155783424 1.429932568241939 0.13473727415316794 0.04346252473119688 320.7250671173629 113.26594974297757
130.4466887956552 1.52951487508801 0.1370599208997976 0.045590760196347446 320.969220213987 114.06610244230104
132.72270298041246 1.6357091714792171 0.13942260621736857 0.04767926014436641 321.22510082538804 114.87651716166351
135.03976205186157 1.748593799706529 0.14182602030432198 0.04977029748745049 321.49267975935425 115.69799950047124
137.3986835249372 1.8685229353243933 0.14427086525697244 0.05206400529136951 321.77234677231564 116.53110782929468
139.80057355445675 1.9965668028217445 0.14675785527460983 0.05448295484632937 322.0654823434704 117.37614392238619
142.24614757531495 2.1327305435734982 0.1492877168681315 0.05683638595368079 322.37191652081754 118.23384218287305
144.73619757503982 2.2771938463603174 0.15186118907227755 0.059208520968313694 322.69174413674494 119.10477732777403
147.27162660197732 2.430390920319256 0.15447902366151722 0.0618292055008095 323.0254080857181 119.98940983187808
149.85374556019306 2.5937403356179334 0.15714198536966398 0.06457197399617759 323.3745941649684 120.88804723823948
152.4832372283129 2.7670401807274834 0.15985085211327107 0.06721882453614525 323.7388555425644 121.80124809303793
155.16100474728017 2.9506159576823916 0.1626064152188807 0.06990575565196155 324.1184454344821 122.72942464238325
157.8880490867394 3.1450019316856195 0.16540947965419006 0.07289593855263288 324.5138717435153 123.67293532678868
160.66593902373984 3.3520690822739376 0.16826086426320178 0.07600220080988451 324.92718571735776 124.63202719571277
163.4952840125817 3.5713158744339593 0.17116140200542868 0.07897532922519734 325.3576004812541 125.6070903482084
166.37712853614147 3.8032695276021222 0.17411194019922174 0.08202037368123771 325.8055622707938 126.59840218489457
169.31260061973967 4.048620249866702 0.17711334076929286 0.08542133552471287 326.2716886567447 127.60620334892384
172.303551331823 4.309718566586897 0.18016648049850292 0.0889270452590527 326.7583492276527 128.63058410314463
175.35050383107742 4.585737524453315 0.1832722512839939 0.09226446929582366 327.26444376458807 129.67181814230588
178.45466868853612 4.877441713994387 0.18643156039773165 0.09572802473872655 327.7906096931573 130.73004905217363
181.61738960046912 5.18586172672753 0.18964533075154347 0.09956214286511778 328.3377308078966 131.80536363429957
184.84067158507494 5.5134958934314255 0.19291450116672415 0.10348029397253222 328.90808973361146 132.89762523650757
188.12508868773136 5.859506730761704 0.19624002664828616 0.10723125726635341 329.50063467169656 134.00704679883177
191.47199658539387 6.224818666062787 0.19962287866394354 0.11114950466071183 330.116072530961 135.1336328978941
194.88301649425165 6.610906017540677 0.2030640454278977 0.11544544815415358 330.7555888744374 136.2772622126371
198.3602890613904 7.020342674256472 0.2065645321895225 0.11979382346787826 331.42129567013734 137.43754067535426
201.9044613376726 7.452308308070558 0.2101253615270204 0.12397650239191993 332.11220306471756 138.61467605675114
205.5170562570145 7.907903230714149 0.21374757364614289 0.1283699626450635 332.8290718474655 139.80852765902867
209.2000509218192 8.389163756231573 0.21743222668406043 0.1331367755092301 333.57341318817043 141.01869117551004
212.95568685700158 8.89862029273525 0.22118039701847075 0.1379109881763032 334.34705688852574 142.2445530860434
216.7847142491265 9.435507109353031 0.224993179582034 0.1425209986125906 335.149090910276 143.4863497980139
220.6888478651131 10.001107919216421 0.22887168818223044 0.1473848211915132 335.9803024130194 144.74379875149575
224.67051841244387 10.598148441577159 0.23281705582673115 0.15260238957125072 336.84253077264475 146.0161250814302
228.73201076449018 11.228941923303356 0.23683043505437643 0.1577674592771845 337.73719306437926 147.30260528428684
232.87421847820065 11.892825884399452 0.2409129982718618 0.16276966708385543 338.6634726746745 148.60351662363965
237.09907459677976 12.591262929879372 0.2450659380962259 0.1680647442175771 339.6221443059857 149.91845083271977
241.4095830266287 13.327795359770137 0.24929046770324403 0.17367604335428166 340.61534675451054 151.2461733723472
245.80798450797525 14.104290408314728 0.25358782118182577 0.17916063314688135 341.6439533067965 152.5860269646372
250.29536865638684 14.920249387540146 0.2579592538945237 0.18448376658109078 342.70726027181 153.9383214680799
254.87391430339358 15.777295306389933 0.26240604284425445 0.19013115054428797 343.8059831368225 155.30255316107613
259.54734193097937 16.679902122692877 0.2669294870473437 0.19603884001981875 344.9424917462097 156.67695034502995
264.3177234138911 17.62921742422393 0.2715309079130002 0.20173455319505607 346.11701155796936 158.06114921462316
269.1864120746621 18.624978432827973 0.2762116496293318 0.20727097595137622 347.328966229596 159.45546560193614
274.15586021544175 19.66893704821644 0.28097307955601647 0.2131521958171756 348.57896372915343 160.8593430130801
279.2306731431928 20.76658998854091 0.28581658862374093 0.21922189252154145 349.86949367684684 162.27041922778363
284.412585417037 21.918069468750467 0.29074359174052566 0.2249894143101847 351.2000887836266 163.68887481305947
289.7032992122702 23.123430865940225 0.29575552820505524 0.2306016920899494 352.5703075794808 165.1149897852477
295.1055673860831 24.38451504681977 0.300853862127132 0.23656661428271297 353.98060905644974 166.5482047162215
300.6250734626658 25.70790002720107 0.3060400828553784 0.24263779812409947 355.4334521442952 167.985546141962
306.2629978571605 27.092417065261266 0.3113157054123131 0.24831998114039466 356.9277197298895 169.42797804232237
312.0214966673664 28.538529352055203 0.3166822709369256 0.2538541104542591 358.4631014669581 170.8756920374787
317.9036494111742 30.048126085066315 0.3221413471348811 0.2597359108053192 360.03988091456415 172.3281747479247
323.9164360611114 31.628890065835524 0.32769452873648597 0.2656390932017807 361.66030746350987 173.78185544558517
330.06021547034334 33.278110584552124 0.3333434379625472 0.2710787578055842 363.3227610243933 175.23867305073648
336.3377248306841 34.996751726455315 0.3390897249982634 0.27638164452897485 365.0270429856405 176.69867300893014
342.75239563416363 36.78671837750218 0.3449350684752844 0.2820159576097043 366.7732551876847 178.16142771359964
349.3127469329602 38.65679115669434 0.35088117596208035 0.28759239956345484 368.5632457970251 179.62281308437977
356.0179982424811 40.60254779373834 0.3569297844627652 0.2926507180164095 370.39513942729127 181.08586093941702
362.87161894726887 42.62554485678177 0.3630826609245175 0.2976058496429581 372.26881070045994 182.55041400308298
369.8776838050342 44.72802159039085 0.3693416027537498 0.3028324596598386 374.18425749083553 184.01597196044224
377.04571989459646 46.91882012835673 0.3757084383411748 0.30793255850782497 376.1425479489815 185.47847044374714
384.37423920137996 49.19272886637786 0.3821850275959231 0.3125215544923945 378.1420680020603 186.9415202760738
391.8673537720589 51.551645656583794 0.38877326248886857 0.31704011341831206 380.18264288681297 188.40489537630313
399.53022857376277 53.998550771733285 0.3954750676053199 0.32159882522268113 382.2641765278808 189.86781153455445
406.84657600610973 56.36921136544888 0.40182532981095853 0.004968068442623354 384.38684656688184 181.43245303866203
1211.3955391381337 62.32793507199208 2.786810642852143 0.009844513462513964 386.54960838431725 132.93897774883746
1965.3071556403756 71.47233803210976 5.110041898935418 0.04219903304901698 388.75217980057613 82.53440791685837
2206.163578759478 83.9500468062827 5.855837545196351 0.6992527348526059 390.99427615507426 32.28343097203023
2224.115258681479 97.36908408355492 5.9029403929535205 0.8088427107219123 393.27543963785325 0.0
2240.038464216728 111.11473050276813 5.9433007970888 0.8626245725371109 395.59516773161965 0.0
2256.3559788324073 125.18022523812773 5.984423637826325 0.8613601128782649 397.95311125729603 0.0
2273.069917098136 139.56620296639645 6.026303494366316 0.8600844571097963 400.3486982341418 0.0
2290.1807724695013 154.27189608103464 6.068931017419265 0.8586940266589589 402.78113502043635 0.0
2307.7179291094185 169.31760302282737 6.112327654992046 0.8572716572524577 405.2503908250171 0.0
2325.6657196288306 184.6915859688363 6.156477209074927 0.8559401505973128 407.7560864453435 0.0
2344.0207370335543 200.3900947237906 6.2013654281262705 0.8545313132089403 410.2972643916196 0.0
2362.802282046974 216.42530334585877 6.246996634457362 0.8530536839180316 412.8731075256692 0.0
2382.0140461431547 232.79979949803626 6.293377798139562 0.8516436580169913 415.48395412590855 0.0
2401.6467090350807 249.50634096536183 6.340497392069164 0.8501599610252555 418.12942481666244 0.0
2421.726001756223 266.5605945540128 6.388356915156897 0.8486327130930738 420.80808286670407 0.0
2442.2323317825567 283.94801300639733 6.436935230462392 0.8471642754439035 423.519388423576 0.0
2463.1828601616726 301.6806988400355 6.486252336355648 0.8456081083564113 426.263926491692 0.0
2484.5963104553953 319.77058851949715 6.536317802155548 0.8440795736431594 429.04133904117657 0.0
2506.4393697278065 338.1920176062994 6.587082281648585 0.8424967406791986 431.84962364736657 0.0
2528.7576343557903 356.9755364607799 6.638579878258315 0.8409141843396446 434.68879187402194 0.0
2551.5210978656346 376.1012466818269 6.690796915663989 0.8393078237873492 437.55954505588323 0.0
2574.7836443927413 395.6046332102905 6.74376955734123 0.837679784202864 440.4615602408136 0.0
2598.483715909243 415.44024371496556 6.797419495455312 0.8360477315623775 443.39219174670734 0.0
2622.6839942636507 435.65070690447953 6.851803279054022 0.8343763604527492 446.35224304333093 0.0
2647.355737377663 456.2171822311756 6.906907973105224 0.8327241962316432 449.3424024244641 0.0
2672.5401894413767 477.16625493413716 6.962760836892446 0.8310137730093032 452.3623894048231 0.0
2698.194761522855 498.4643410371138 7.019288907811094 0.8293423335782464 455.4088468583903 0.0
2724.351280757126 520.1345303021888 7.076537991194683 0.827599475483936 458.48357591050296 0.0
2751.0331013674586 542.1923875382541 7.134532234964374 0.825885879994388 461.5871295346198 0.0
2778.223443464221 564.6259530700745 7.193256223863424 0.8241338820154969 464.7192724425523 0.0
2805.9284267180083 587.432526615318 7.252663734291656 0.8223364985076635 467.87587687666405 0.0
2834.1596333758707 610.6234126699977 7.312799850892589 0.8206165513241412 471.0599151315838 0.0
2862.9232567329705 634.2025178550535 7.373672875935927 0.8188005908992473 474.2716930347005 0.0
2892.261881802543 658.1964602324168 7.435312037376404 0.8169551462203497 477.5110201023164 0.0
2922.109560747789 682.5541773710007 7.4976073564869266 0.8151924037351268 480.77294680996494 0.0
2952.5137632731557 707.3123533495054 7.560646754179517 0.8133575184995525 484.06176219100337 0.0
2983.5065996024496 732.4907989196286 7.624453436753879 0.8114743433225868 487.37742484726095 0.0
3015.083284735367 758.0848287434311 7.68901745751983 0.8096337941660448 490.71942709513365 0.0
3047.1992982570664 784.0575790634334 7.754247337734436 0.8078068826501994 494.0830324628434 0.0
3079.9099219543637 810.4511407085542 7.820241153951854 0.8059059996920954 497.47289006040484 0.0
3113.2473311643284 837.2848518487434 7.887021100578382 0.8039752861960618 500.8888825459008 0.0
3147.195947356706 864.546285564093 7.954562884831809 0.8020879706681789 504.3299917615031 0.0
3181.722357080218 892.20675967338 8.022792352828212 0.8002005196701312 507.7922253856572 0.0
3216.88317301563 920.3088372859102 8.091807169106492 0.7982972855307224 511.2801267663313 0.0
3252.689867849239 948.8586964844231 8.161614561245464 0.7963365247358887 514.7936148893198 0.0
3289.155891943349 977.8609170095353 8.23220444491501 0.7943575448646527 518.3310928584808 0.0
3326.244640306426 1007.286273879386 8.30351136375741 0.7924131934878496 521.8894715714698 0.0
3364.0105603877964 1037.1754267496742 8.375628688015718 0.790461461440076 525.4730848306887 0.0
3402.465950099821 1067.5349314579817 8.448564539338774 0.7884965526482333 529.0818842067226 0.0
3441.599534067558 1098.3527284424765 8.52228260041944 0.786520370533772 532.7136335653959 0.0
3481.401141061177 1129.61774367013 8.59674967353675 0.784534387278736 536.3662857953279 0.0
3521.927250652191 1161.3711411080653 8.672056777985311 0.7825366668043614 540.0438741161018 0.0
3563.191075597838 1193.6198884130204 8.748212929976866 0.7805158296097652 543.7463790946406 0.0
3605.178697440411 1226.3487381908435 8.82517111986813 0.7784820220410911 547.4708712870953 0.0
3647.888697493027 1259.5539983890594 8.902918859566823 0.776455544222781 551.216467733508 0.0
3691.3726076123257 1293.2729108833971 8.981538682172646 0.774426433989202 554.9868210458568 0.0
3735.644571881311 1327.5128644594797 9.06104045332916 0.77238799104747 558.781937487146 0.0
3780.675362042162 1362.2477363653527 9.141356610933073 0.7703426894601986 562.5981454122898 0.0
3826.482602561461 1397.487686643508 9.222504253155773 0.7682910500428992 566.4358348263322 0.0
3873.1183951545763 1433.2691882219008 9.304560548973052 0.7662317701296164 570.2982070044372 0.0
3920.5979113605963 1469.6000856225612 9.38753622266792 0.7641649749170192 574.1852909518561 0.0
3968.880869170887 1506.44585416155 9.47134569564206 0.7620935141446292 578.0926279967849 0.0
4018.0027007445537 1543.8299039878657 9.556035929868694 0.7600171777105391 582.021979385741 0.0
4068.011777120555 1581.785202138843 9.641674777669403 0.7579349563615736 585.9760320290837 0.0
4118.924356620123 1620.3200709054156 9.728273811062337 0.7558362787725361 589.9548350790684 0.0
4170.693812071201 1659.3942003199477 9.815732265043513 0.7537248785772697 593.9531011119569 0.0
4223.375915865492 1699.0458817742256 9.904129875367195 0.7516174112614706 597.9740527294582 0.0
4277.010289352816 1739.3015132744638 9.993520824886426 0.7495125622046501 602.019805726412 0.0
4331.614391668738 1780.1699359853885 10.083917556134805 0.7474038945772978 606.0904271513187 0.0
4387.120959777912 1821.5967540216698 10.175193379690032 0.7452948066757568 610.1797613821134 0.0
4443.610041436755 1863.637638474598 10.267464687971486 0.7431831759676975 614.2925763096104 0.0
4501.119073471103 1906.3160789609262 10.3607760281157 0.741068877618094 618.4303648993331 0.0
4559.666729766423 1949.6414409937456 10.455140683454296 0.7389401129585469 622.5932101621104 0.0
4619.177906782913 1993.552424133383 10.550414641983464 0.7367839780638281 626.7740504200112 0.0
4679.771230345402 2038.1301602887177 10.646761942646497 0.7346349999501882 630.9792782513232 0.0
4741.459424725985 2083.3823820675907 10.744200903148396 0.7325110386852849 635.2097160524316 0.0
4804.262505403168 2129.3190250221974 10.842745681388491 0.7303676118295712 639.4654611461091 0.0
