e[MeV/fm^3], P[MeV/fm^3], rho[fm^-3], v2[1], mu_q[MeV], mu_e[MeV]
70.21755168181654 0.006206087273093519 0.07407856508846018 0.017597877650005332 316.5185077347417 89.2771661002368
71.43578994790998 0.027644495228360377 0.07535555647246353 0.0175978776500052 316.5894798429086 89.8124074562691
72.67502861766434 0.04945246571785267 0.07665456106626496 0.017597877650005228 316.6616753923034 90.35687548400062
73.93562970314778 0.07163636938565421 0.07797595834102777 0.01759787765000538 316.7351154730202 90.91072923592193
75.21796145691394 0.09420268669514797 0.07932013430936638 0.01759787765000533 316.8098215387112 91.47413050632369
76.5223984795798 0.11715800982215896 0.0806874816381126 0.01759787765000522 316.8858154128541 92.04724387856187
77.84932182925448 0.14050904458066893 0.08207839976302188 0.017597877650005325 316.96311929512683 92.630236773136
79.19911913285509 0.16426261238173973 0.08349329500545777 0.017597877650005436 317.0417557678931 93.22327949659658
80.57218469934486 0.18842565222626206 0.08493258069109116 0.017597877650005332 317.12174780279906 93.82654529129692
81.96891963491473 0.21300522273190858 0.08639667727063695 0.017597877650005284 317.20311876748366 94.44021038599915
83.38973196016327 0.23800850419525207 0.0878860124426853 0.017597877650005242 317.2858924324053 95.06445404735784
84.83503672928572 0.26344280068923775 0.08940102127863886 0.01759787765000527 317.37009297778565 95.69945863228664
86.3052561513196 0.28931554219685157 0.0909421463498059 0.01759787765000538 317.45574500067295 96.34540964122833
87.80081971348744 0.3156342867816875 0.09250983785669148 0.017597877650005325 317.54287352212793 97.00249577234631
89.32216430665855 0.3424067227958098 0.09410455376051008 0.01759787765000531 317.63150399453286 97.67090897664707
90.86973435297011 0.3696406711256137 0.09572675991696154 0.017597877650005242 317.7216623090265 98.3508445140514
92.44398193566516 0.39734408747669764 0.0973769302123309 0.017597877650005228 317.8133748030682 99.04250101043964
94.04536693114535 0.4255250646977123 0.09905554670190979 0.01759787765000531 317.90666826813106 99.74608051566989
95.67435714332068 0.45419183514462985 0.10076309975082554 0.017892055534992374 318.00156995752883 100.46178856260559
97.33169327479138 0.4843410207312542 0.10250008817728433 0.018775745774211428 318.10048622561175 101.18570399772256
99.01814146064449 0.5170082040359527 0.10426701939828847 0.020025246310001077 318.2058447860128 101.91428658825437
100.73429318912723 0.5525181669555139 0.1060644095778678 0.02129999675038627 318.31828524079526 102.64750316311726
102.48063871606901 0.5907964457966746 0.10789278377786223 0.022549781036994038 318.43751805132047 103.38670836290729
104.25774423592242 0.6320103592916358 0.10975267611130558 0.023887708108000116 318.5638120290785 104.13237516689382
106.06623539667063 0.676492214395437 0.11164462989845152 0.025339806313660923 318.697770868173 104.88465247088972
107.90674784282342 0.7245234535359056 0.11356919782549418 0.026726883379044414 318.8398212612412 105.64215664334085
109.77980899298537 0.7757858510810522 0.11552694210601787 0.028008654354195556 318.9889635986241 106.39548846211913
111.68603200563659 0.8304189676497289 0.11751843464523576 0.02941848660514751 319.1453310518051 107.14305877628786
113.62612253642692 0.8889903796251314 0.1195442572070575 0.0310000273545607 319.31003653378224 107.89037199216354
115.60075117782822 0.9518318179215621 0.1216050015840337 0.03259969837934959 319.4836179784206 108.6399435927219
117.61049319554543 1.0189345897359714 0.12370126977023699 0.03419210470702347 319.6659546827271 109.3941654142798
119.65602415051524 1.0905481505064962 0.12583367413711752 0.03592218882239359 319.8573917239201 110.15411877028433
121.73815641876267 1.1672766767204164 0.12800283761239192 0.03778190969818496 320.0588603075681 110.92020174565145
123.85759205422588 1.2493614886182018 0.1302093938620144 0.0396255479711905 320.27062777688235 111.69348487044105
126.01496433860267 1.3368161240061027 0.13245398747528928 0.041461386350795104 320.4925793312381 112.47517112638602
128.2110155783424 1.429932568241939 0.13473727415316794 0.04346252473119688 320.7250671173629 113.26594974297757
130.4466887956552 1.52951487508801 0.1370599208997976 0.045590760196347446 320.969220213987 114.06610244230104
132.72270298041246 1.6357091714792171 0.13942260621736857 0.04767926014436641 321.22510082538804 114.87651716166351
135.03976205186157 1.748593799706529 0.14182602030432198 0.04977029748745049 321.49267975935425 115.69799950047124
137.3986835249372 1.8685229353243933 0.14427086525697244 0.05206400529136951 321.77234677231564 116.53110782929468
139.80057355445675 1.9965668028217445 0.14675785527460983 0.05448295484632937 322.0654823434704 117.37614392238619
142.24614757531495 2.1327305435734982 0.1492877168681315 0.05683638595368079 322.37191652081754 118.23384218287305
144.73619757503982 2.2771938463603174 0.15186118907227755 0.059208520968313694 322.69174413674494 119.10477732777403
147.27162660197732 2.430390920319256 0.15447902366151722 0.0618292055008095 323.0254080857181 119.98940983187808
149.85374556019306 2.5937403356179334 0.15714198536966398 0.06457197399617759 323.3745941649684 120.88804723823948
152.4832372283129 2.7670401807274834 0.15985085211327107 0.06721882453614525 323.7388555425644 121.80124809303793
155.16100474728017 2.9506159576823916 0.1626064152188807 0.06990575565196155 324.1184454344821 122.72942464238325
157.8880490867394 3.1450019316856195 0.16540947965419006 0.07289593855263288 324.5138717435153 123.67293532678868
160.66593902373984 3.3520690822739376 0.16826086426320178 0.07600220080988451 324.92718571735776 124.63202719571277
163.4952840125817 3.5713158744339593 0.17116140200542868 0.07897532922519734 325.3576004812541 125.6070903482084
166.37712853614147 3.8032695276021222 0.17411194019922174 0.08202037368123771 325.8055622707938 126.59840218489457
169.31260061973967 4.048620249866702 0.17711334076929286 0.08542133552471287 326.2716886567447 127.60620334892384
172.303551331823 4.309718566586897 0.18016648049850292 0.0889270452590527 326.7583492276527 128.63058410314463
175.35050383107742 4.585737524453315 0.1832722512839939 0.09226446929582366 327.26444376458807 129.67181814230588
178.45466868853612 4.877441713994387 0.18643156039773165 0.09572802473872655 327.7906096931573 130.73004905217363
181.61738960046912 5.18586172672753 0.18964533075154347 0.09956214286511778 328.3377308078966 131.80536363429957
184.84067158507494 5.5134958934314255 0.19291450116672415 0.10348029397253222 328.90808973361146 132.89762523650757
188.12508868773136 5.859506730761704 0.19624002664828616 0.10723125726635341 329.50063467169656 134.00704679883177
191.47199658539387 6.224818666062787 0.19962287866394354 0.11114950466071183 330.116072530961 135.1336328978941
194.88301649425165 6.610906017540677 0.2030640454278977 0.11544544815415358 330.7555888744374 136.2772622126371
198.3602890613904 7.020342674256472 0.2065645321895225 0.11979382346787826 331.42129567013734 137.43754067535426
201.9044613376726 7.452308308070558 0.2101253615270204 0.12397650239191993 332.11220306471756 138.61467605675114
205.5170562570145 7.907903230714149 0.21374757364614289 0.1283699626450635 332.8290718474655 139.80852765902867
209.2000509218192 8.389163756231573 0.21743222668406043 0.1331367755092301 333.57341318817043 141.01869117551004
212.95568685700158 8.89862029273525 0.22118039701847075 0.1379109881763032 334.34705688852574 142.2445530860434
216.7847142491265 9.435507109353031 0.224993179582034 0.1425209986125906 335.149090910276 143.4863497980139
220.6888478651131 10.001107919216421 0.22887168818223044 0.1473848211915132 335.9803024130194 144.74379875149575
224.67051841244387 10.598148441577159 0.23281705582673115 0.15260238957125072 336.84253077264475 146.0161250814302
228.73201076449018 11.228941923303356 0.23683043505437643 0.1577674592771845 337.73719306437926 147.30260528428684
232.87421847820065 11.892825884399452 0.2409129982718618 0.16276966708385543 338.6634726746745 148.60351662363965
237.09907459677976 12.591262929879372 0.2450659380962259 0.1680647442175771 339.6221443059857 149.91845083271977
241.4095830266287 13.327795359770137 0.24929046770324403 0.17367604335428166 340.61534675451054 151.2461733723472
245.80798450797525 14.104290408314728 0.25358782118182577 0.17916063314688135 341.6439533067965 152.5860269646372
250.29536865638684 14.920249387540146 0.2579592538945237 0.18448376658109078 342.70726027181 153.9383214680799
254.87391430339358 15.777295306389933 0.26240604284425445 0.19013115054428797 343.8059831368225 155.30255316107613
259.54734193097937 16.679902122692877 0.2669294870473437 0.19603884001981875 344.9424917462097 156.67695034502995
264.3177234138911 17.62921742422393 0.2715309079130002 0.20173455319505607 346.11701155796936 158.06114921462316
269.1864120746621 18.624978432827973 0.2762116496293318 0.20727097595137622 347.328966229596 159.45546560193614
274.15586021544175 19.66893704821644 0.28097307955601647 0.2131521958171756 348.57896372915343 160.8593430130801
279.2306731431928 20.76658998854091 0.28581658862374093 0.21922189252154145 349.86949367684684 162.27041922778363
284.412585417037 21.918069468750467 0.29074359174052566 0.2249894143101847 351.2000887836266 163.68887481305947
289.7032992122702 23.123430865940225 0.29575552820505524 0.2306016920899494 352.5703075794808 165.1149897852477
295.1055673860831 24.38451504681977 0.300853862127132 0.23656661428271297 353.98060905644974 166.5482047162215
300.6250734626658 25.70790002720107 0.3060400828553784 0.24263779812409947 355.4334521442952 167.985546141962
306.2629978571605 27.092417065261266 0.3113157054123131 0.24831998114039466 356.9277197298895 169.42797804232237
312.0214966673664 28.538529352055203 0.3166822709369256 0.2538541104542591 358.4631014669581 170.8756920374787
317.9036494111742 30.048126085066315 0.3221413471348811 0.2597359108053192 360.03988091456415 172.3281747479247
323.9164360611114 31.628890065835524 0.32769452873648597 0.2656390932017807 361.66030746350987 173.78185544558517
330.06021547034334 33.278110584552124 0.3333434379625472 0.2710787578055842 363.3227610243933 175.23867305073648
336.3377248306841 34.996751726455315 0.3390897249982634 0.27638164452897485 365.0270429856405 176.69867300893014
342.75239563416363 36.78671837750218 0.3449350684752844 0.2817036277739895 366.7732551876847 178.16142771359964
353.1534794647604 39.764880444799736 0.3543117947594048 0.1913757420418265 368.5632457970251 181.44214515816296
357.49269083024575 40.605843246786435 0.3678404361355244 0.1962351536503335 370.39513942729127 179.6832651026314
367.5868787512029 42.64373170652845 0.39841451233322434 0.20737926457841827 372.26881070045994 177.99367205413589
377.6145044971516 44.77796146482945 0.42822583307480694 0.21817442087130212 374.18425749083553 176.36998804897715
387.6072392508483 47.011290317236046 0.4573796827747504 0.2286314098200979 376.1425479489815 174.80776592497162
397.58408181971083 49.34347096212842 0.4859426197021942 0.23865362650335786 378.1420680020603 173.30452614790704
407.57143453282714 51.775920853928596 0.5140021649914679 0.24818149408907253 380.18264288681297 171.8564933301969
417.59531436022667 54.310227300699104 0.5416437545981787 0.2571757537685655 382.2641765278808 170.4598414114307
427.68194572789076 56.94840423232827 0.5689522258401147 0.26561554483414795 384.38684656688184 169.11063075732065
437.85057815232017 59.69100939482571 0.5959925681792703 0.2734899491284297 386.54960838431725 167.8057569075618
448.1229065834812 62.539589027378504 0.6228355690875182 0.2808029633458098 388.75217980057613 166.5416884097289
458.5194025031982 65.49575015605585 0.6495476333438222 0.2876669527976565 390.99427615507426 165.31500255923282
469.0580436365722 68.5628878051517 0.6761736682408482 0.2942873063419378 393.27543963785325 164.12418016582515
479.75775749507443 71.74698341386362 0.7027454042181788 0.30026977200441696 395.59516773161965 162.96930659104183
490.63888629673727 75.04394415697918 0.7293688866047001 0.3054478789199755 397.95311125729603 161.8418416128349
501.71642616992165 78.45518321941601 0.7560921357901282 0.31017401933323496 400.3486982341418 160.73894574327838
513.0035259437392 81.98181868680035 0.782957688822832 0.31477583253311936 402.78113502043635 159.65799585584637
524.5272404171308 85.63658925271045 0.8099871564474805 0.3189905690436099 405.2503908250171 158.60128393422025
536.2958098975681 89.41274746740851 0.8372582667209667 0.32250031540593804 407.7560864453435 157.5609717630664
548.3184839755675 93.31011128007188 0.8648072553778862 0.325803267972272 410.2972643916196 156.53425730996992
560.6192471528698 97.33832294465667 0.8926633928998328 0.3288848878557107 412.8731075256692 155.52170194017071
573.2126742411574 101.49826839112009 0.9208802760691034 0.33149140215302175 415.48395412590855 154.5193306359147
586.1020964646184 105.78636597793526 0.9494950362580249 0.3338948993327695 418.12942481666244 153.52311863170334
599.3201128390031 110.21621526530306 0.9785436939830666 0.3360862456842675 420.80808286670407 152.53409850531006
612.860445665097 114.78009833227593 1.0080524107417375 0.337922859943224 423.519388423576 151.54785618460954
626.7459758137993 119.48464573661896 1.0380697850602343 0.33962153726550603 426.263926491692 150.56237294777364
641.0037484849998 124.3387828679953 1.0686434814445631 0.3410814861498217 429.04133904117657 149.5763386701552
655.613564351023 129.3312919257277 1.0997638445740654 0.3423712358522426 431.84962364736657 148.58716838879843
670.6299433073928 134.48247429375687 1.1315125557995867 0.3434943177435894 434.68879187402194 147.59411432860426
686.0260068562919 139.77814432872873 1.1638788987909163 0.34444661258318465 437.55954505588323 146.59391557696568
701.8688113665169 145.24303530912044 1.1969637714956372 0.34527542002954004 440.4615602408136 145.58556168078644
718.1051794749828 150.85455770453663 1.230700071716412 0.34595297866764785 443.39219174670734 144.5678581709661
734.8107325742789 156.6397133898112 1.2652096313591337 0.34653226058414877 446.35224304333093 143.5388337897452
751.9552026944821 162.5848881306134 1.3004638420516725 0.3469834590332894 449.3424024244641 142.49691697620946
769.5952240610129 168.7095719558028 1.3365561112032993 0.34735285060844223 452.3623894048231 141.44028697754894
787.6994797492563 175.00090479503433 1.373439128055298 0.3476202590896351 455.4088468583903 140.36903737224023
806.3047887992935 181.47067670571505 1.4111832826228388 0.3478151198447925 458.48357591050296 139.2810796604869
825.4442611482045 188.12919409374055 1.4498507832588605 0.3479340431783422 461.5871295346198 138.1745792679637
845.1025693727137 194.9697869436122 1.4894234803978554 0.3479860025687911 464.7192724425523 137.04919333901202
865.3143748055971 202.00344831572497 1.5299534250183293 0.34797936925505635 467.87587687666405 135.90410551262048
886.0851209451491 209.23084863950166 1.571462896571041 0.347920696388222 471.0599151315838 134.7379810611669
907.4261757294148 216.65496933343795 1.6139758461976865 0.3478102414009685 474.2716930347005 133.5499897234325
929.4023766547767 224.2969442011283 1.6576039239985951 0.34765511549847883 477.5110201023164 132.33774482640902
951.9564267411184 232.13604105948386 1.7022452441277653 0.34747041347190954 480.77294680996494 131.10349669808886
975.1341110953513 240.18724375101206 1.7479885712553944 0.3472464930682566 484.06176219100337 129.8448820586691
998.98634225837 248.46684698851774 1.7949223365445244 0.34698768210571895 487.37742484726095 128.56006689703145
1023.5148546959912 256.9745833625359 1.843051064299773 0.346710321921214 490.71942709513365 127.24895562909914
1048.6900720020756 265.6994589194948 1.892317207129065 0.34641573482119625 494.0830324628434 125.91319534952589
1074.5673803853729 274.65976755417756 1.9428251762398399 0.3460919923521022 497.47289006040484 124.5502719429814
1101.2002695487886 283.872558327825 1.9946666517254388 0.3457484298305573 500.8888825459008 123.15850960455613
1128.577683590518 293.3334893366245 2.047821585590562 0.3454013050031577 504.3299917615031 121.73855950497642
1156.6816380743403 303.0356406917218 2.1022519201379724 0.3450461323285632 507.7922253856572 120.29179037094865
1185.5708901437495 312.9984920319446 2.1580660408715917 0.3446822186393499 511.2801267663313 118.81580808536009
1215.2683267426191 323.229133251895 2.2153020023390715 0.3443034137670393 514.7936148893198 117.3101478583112
1245.8114429381885 333.73919003441534 2.2740190333247665 0.34391899386963143 518.3310928584808 115.77420809638065
1277.1712976349397 344.51843185578673 2.3341600171586427 0.3435414951071216 521.8894715714698 114.20975575877817
1309.405401945676 355.5860241777494 2.3958281546448035 0.3431645693966363 525.4730848306887 112.61466647727832
1342.5382886773875 366.9497285062293 2.459060842268754 0.3427886629794177 529.0818842067226 110.98861499881912
1376.5741417845854 378.6103682277619 2.52385455502489 0.3424156641679188 532.7136335653959 109.33231511331529
1411.517547848144 390.56897065270573 2.590202456567413 0.34204667759012164 536.3662857953279 107.64647667377778
1447.4319116513639 402.8466765251759 2.65819238304584 0.34166393394068884 540.0438741161018 105.92922498461677
1484.3424671833563 415.4502218179732 2.727794933568805 0.3412773417166459 543.7463790946406 104.18489113117329
1522.2569592916886 428.38239444101043 2.7991533653232183 0.34091389328546295 547.4708712870953 102.41085689741963
1561.185620689495 441.64676288848585 2.87230049401053 0.3405677188072236 551.216467733508 100.60647517744344
1601.1875048197949 455.26322565109643 2.9473423944250965 0.3402335006203794 554.9868210458568 98.77002896302128
1642.2907711539565 469.24109031142393 3.0243258398025263 0.33991094702696234 558.781937487146 96.90141314536486
1684.4830737824345 483.57595697277014 3.1032216080429964 0.33960128206754536 562.5981454122898 95.00238433922769
1727.7952625455453 498.2781859828424 3.1840812728057077 0.33930533660787887 566.4358348263322 93.07274985157969
1772.291554186734 513.3695008779928 3.2670182417236826 0.3390236237858222 570.2982070044372 91.11089681357686
1818.00203626618 528.8600802287309 3.3520817344740905 0.3387568191392356 574.1852909518561 89.11680119292099
1864.9030177023712 544.7419574180655 3.4392208137172076 0.33850587292423917 578.0926279967849 87.09279150285266
1913.0435724914762 561.0318974438493 3.5285197907285797 0.33827127159854076 582.021979385741 85.03803966315986
1962.4865269345437 577.7513604982852 3.6200879267582167 0.3380533771599037 585.9760320290837 82.95121072852137
2013.263946001876 594.911453864775 3.7139769763264696 0.3378517576275497 589.9548350790684 80.83234465091873
2065.3493091199775 612.5034790187923 3.810128719086374 0.3376673711052165 593.9531011119569 78.68418459458236
2118.8134970359124 630.5518520117962 3.9086664150686734 0.33750206831126217 597.9740527294582 76.50517556078131
2173.7097597872576 649.075132712682 4.009681097772804 0.3373558712258431 602.019805726412 74.29442344393142
2230.072315877809 668.0854672532954 4.113227360698337 0.33722844415721287 606.0904271513187 72.05202030085059
2287.847045335311 687.5653056472282 4.219197640853045 0.3371201885585915 610.1797613821134 69.78153941813648
2347.132475346564 707.5486613750353 4.327764439974669 0.3370311480849191 614.2925763096104 67.48053172986504
2407.984148387645 728.0551272581789 4.439020782037342 0.33696147039595203 618.4303648993331 65.14833390440084
2470.4383744013767 749.0979025514961 4.553024173369913 0.3369111757833956 622.5932101621104 62.78507268486058
2534.436352974377 770.6582256981517 4.669656567567848 0.33688070734398323 626.7740504200112 60.39479475032317
2600.129387485474 792.7882684856481 4.789181977876821 0.3368707260246744 630.9792782513232 57.973846218919704
2667.5355854927116 815.4954617115617 4.911628858642748 0.3368810685879877 635.2097160524316 55.52236629806754
2736.693537509877 838.794181015849 5.037058478835751 0.33690173222440123 639.4654611461091 53.04050695490151
