e[MeV/fm^3], P[MeV/fm^3], rho[fm^-3], v2[1], mu_q[MeV], mu_e[MeV]
70.21755168181654 0.006206087273093519 0.07407856508846018 0.017597877650005332 316.5185077347417 89.2771661002368
71.43578994790998 0.027644495228360377 0.07535555647246353 0.0175978776500052 316.5894798429086 89.8124074562691
72.67502861766434 0.04945246571785267 0.07665456106626496 0.017597877650005228 316.6616753923034 90.35687548400062
73.93562970314778 0.07163636938565421 0.07797595834102777 0.01759787765000538 316.7351154730202 90.91072923592193
75.21796145691394 0.09420268669514797 0.07932013430936638 0.01759787765000533 316.8098215387112 91.47413050632369
76.5223984795798 0.11715800982215896 0.0806874816381126 0.01759787765000522 316.8858154128541 92.04724387856187
77.84932182925448 0.14050904458066893 0.08207839976302188 0.017597877650005325 316.96311929512683 92.630236773136
79.19911913285509 0.16426261238173973 0.08349329500545777 0.017597877650005436 317.0417557678931 93.22327949659658
80.57218469934486 0.18842565222626206 0.08493258069109116 0.017597877650005332 317.12174780279906 93.82654529129692
81.96891963491473 0.21300522273190858 0.08639667727063695 0.017597877650005284 317.20311876748366 94.44021038599915
83.38973196016327 0.23800850419525207 0.0878860124426853 0.017597877650005242 317.2858924324053 95.06445404735784
84.83503672928572 0.26344280068923775 0.08940102127863886 0.01759787765000527 317.37009297778565 95.69945863228664
86.3052561513196 0.28931554219685157 0.0909421463498059 0.01759787765000538 317.45574500067295 96.34540964122833
87.80081971348744 0.3156342867816875 0.09250983785669148 0.017597877650005325 317.54287352212793 97.00249577234631
89.32216430665855 0.3424067227958098 0.09410455376051008 0.01759787765000531 317.63150399453286 97.67090897664707
90.86973435297011 0.3696406711256137 0.09572675991696154 0.017597877650005242 317.7216623090265 98.3508445140514
92.44398193566516 0.39734408747669764 0.0973769302123309 0.017597877650005228 317.8133748030682 99.04250101043964
94.04536693114535 0.4255250646977123 0.09905554670190979 0.01759787765000531 317.90666826813106 99.74608051566989
95.67435714332068 0.45419183514462985 0.10076309975082554 0.017892055534992374 318.00156995752883 100.46178856260559
97.33169327479138 0.4843410207312542 0.10250008817728433 0.018775745774211428 318.10048622561175 101.18570399772256
99.01814146064449 0.5170082040359527 0.10426701939828847 0.020025246310001077 318.2058447860128 101.91428658825437
100.73429318912723 0.5525181669555139 0.1060644095778678 0.02129999675038627 318.31828524079526 102.64750316311726
102.48063871606901 0.5907964457966746 0.10789278377786223 0.022549781036994038 318.43751805132047 103.38670836290729
104.25774423592242 0.6320103592916358 0.10975267611130558 0.023887708108000116 318.5638120290785 104.13237516689382
106.06623539667063 0.676492214395437 0.11164462989845152 0.025339806313660923 318.697770868173 104.88465247088972
107.90674784282342 0.7245234535359056 0.11356919782549418 0.026726883379044414 318.8398212612412 105.64215664334085
109.77980899298537 0.7757858510810522 0.11552694210601787 0.028008654354195556 318.9889635986241 106.39548846211913
111.68603200563659 0.8304189676497289 0.11751843464523576 0.02941848660514751 319.1453310518051 107.14305877628786
113.62612253642692 0.8889903796251314 0.1195442572070575 0.0310000273545607 319.31003653378224 107.89037199216354
115.60075117782822 0.9518318179215621 0.1216050015840337 0.03259969837934959 319.4836179784206 108.6399435927219
117.61049319554543 1.0189345897359714 0.12370126977023699 0.03419210470702347 319.6659546827271 109.3941654142798
119.65602415051524 1.0905481505064962 0.12583367413711752 0.03592218882239359 319.8573917239201 110.15411877028433
121.73815641876267 1.1672766767204164 0.12800283761239192 0.03778190969818496 320.0588603075681 110.92020174565145
123.85759205422588 1.2493614886182018 0.1302093938620144 0.0396255479711905 320.27062777688235 111.69348487044105
126.01496433860267 1.3368161240061027 0.13245398747528928 0.041461386350795104 320.4925793312381 112.47517112638602
128.2110155783424 1.429932568241939 0.13473727415316794 0.04346252473119688 320.7250671173629 113.26594974297757
130.4466887956552 1.52951487508801 0.1370599208997976 0.045590760196347446 320.969220213987 114.06610244230104
132.72270298041246 1.6357091714792171 0.13942260621736857 0.04767926014436641 321.22510082538804 114.87651716166351
135.03976205186157 1.748593799706529 0.14182602030432198 0.04977029748745049 321.49267975935425 115.69799950047124
137.3986835249372 1.8685229353243933 0.14427086525697244 0.05206400529136951 321.77234677231564 116.53110782929468
139.80057355445675 1.9965668028217445 0.14675785527460983 0.05448295484632937 322.0654823434704 117.37614392238619
142.24614757531495 2.1327305435734982 0.1492877168681315 0.05683638595368079 322.37191652081754 118.23384218287305
144.73619757503982 2.2771938463603174 0.15186118907227755 0.059208520968313694 322.69174413674494 119.10477732777403
147.27162660197732 2.430390920319256 0.15447902366151722 0.0618292055008095 323.0254080857181 119.98940983187808
149.85374556019306 2.5937403356179334 0.15714198536966398 0.06457197399617759 323.3745941649684 120.88804723823948
152.4832372283129 2.7670401807274834 0.15985085211327107 0.06721882453614525 323.7388555425644 121.80124809303793
155.16100474728017 2.9506159576823916 0.1626064152188807 0.06990575565196155 324.1184454344821 122.72942464238325
157.8880490867394 3.1450019316856195 0.16540947965419006 0.07289593855263288 324.5138717435153 123.67293532678868
160.66593902373984 3.3520690822739376 0.16826086426320178 0.07600220080988451 324.92718571735776 124.63202719571277
163.4952840125817 3.5713158744339593 0.17116140200542868 0.07897532922519734 325.3576004812541 125.6070903482084
166.37712853614147 3.8032695276021222 0.17411194019922174 0.08202037368123771 325.8055622707938 126.59840218489457
169.31260061973967 4.048620249866702 0.17711334076929286 0.08542133552471287 326.2716886567447 127.60620334892384
172.303551331823 4.309718566586897 0.18016648049850292 0.0889270452590527 326.7583492276527 128.63058410314463
175.35050383107742 4.585737524453315 0.1832722512839939 0.09226446929582366 327.26444376458807 129.67181814230588
178.45466868853612 4.877441713994387 0.18643156039773165 0.09572802473872655 327.7906096931573 130.73004905217363
181.61738960046912 5.18586172672753 0.18964533075154347 0.09956214286511778 328.3377308078966 131.80536363429957
184.84067158507494 5.5134958934314255 0.19291450116672415 0.10348029397253222 328.90808973361146 132.89762523650757
188.12508868773136 5.859506730761704 0.19624002664828616 0.10723125726635341 329.50063467169656 134.00704679883177
191.47199658539387 6.224818666062787 0.19962287866394354 0.11114950466071183 330.116072530961 135.1336328978941
194.88301649425165 6.610906017540677 0.2030640454278977 0.11544544815415358 330.7555888744374 136.2772622126371
198.3602890613904 7.020342674256472 0.2065645321895225 0.11979382346787826 331.42129567013734 137.43754067535426
201.9044613376726 7.452308308070558 0.2101253615270204 0.12397650239191993 332.11220306471756 138.61467605675114
205.5170562570145 7.907903230714149 0.21374757364614289 0.1283699626450635 332.8290718474655 139.80852765902867
209.2000509218192 8.389163756231573 0.21743222668406043 0.1331367755092301 333.57341318817043 141.01869117551004
212.95568685700158 8.89862029273525 0.22118039701847075 0.1379109881763032 334.34705688852574 142.2445530860434
216.7847142491265 9.435507109353031 0.224993179582034 0.1425209986125906 335.149090910276 143.4863497980139
220.6888478651131 10.001107919216421 0.22887168818223044 0.1473848211915132 335.9803024130194 144.74379875149575
224.67051841244387 10.598148441577159 0.23281705582673115 0.15260238957125072 336.84253077264475 146.0161250814302
228.73201076449018 11.228941923303356 0.23683043505437643 0.1577674592771845 337.73719306437926 147.30260528428684
232.87421847820065 11.892825884399452 0.2409129982718618 0.16276966708385543 338.6634726746745 148.60351662363965
237.09907459677976 12.591262929879372 0.2450659380962259 0.1680647442175771 339.6221443059857 149.91845083271977
241.4095830266287 13.327795359770137 0.24929046770324403 0.17367604335428166 340.61534675451054 151.2461733723472
245.80798450797525 14.104290408314728 0.25358782118182577 0.17916063314688135 341.6439533067965 152.5860269646372
250.29536865638684 14.920249387540146 0.2579592538945237 0.18448376658109078 342.70726027181 153.9383214680799
254.87391430339358 15.777295306389933 0.26240604284425445 0.19013115054428797 343.8059831368225 155.30255316107613
259.54734193097937 16.679902122692877 0.2669294870473437 0.19603884001981875 344.9424917462097 156.67695034502995
264.3177234138911 17.62921742422393 0.2715309079130002 0.20173455319505607 346.11701155796936 158.06114921462316
269.1864120746621 18.624978432827973 0.2762116496293318 0.20727097595137622 347.328966229596 159.45546560193614
274.15586021544175 19.66893704821644 0.28097307955601647 0.2131521958171756 348.57896372915343 160.8593430130801
279.2306731431928 20.76658998854091 0.28581658862374093 0.21922189252154145 349.86949367684684 162.27041922778363
284.412585417037 21.918069468750467 0.29074359174052566 0.2249894143101847 351.2000887836266 163.68887481305947
289.7032992122702 23.123430865940225 0.29575552820505524 0.2306016920899494 352.5703075794808 165.1149897852477
295.1055673860831 24.38451504681977 0.300853862127132 0.23656661428271297 353.98060905644974 166.5482047162215
300.6250734626658 25.70790002720107 0.3060400828553784 0.24263779812409947 355.4334521442952 167.985546141962
306.2629978571605 27.092417065261266 0.3113157054123131 0.24831998114039466 356.9277197298895 169.42797804232237
312.0214966673664 28.538529352055203 0.3166822709369256 0.2538541104542591 358.4631014669581 170.8756920374787
317.9036494111742 30.048126085066315 0.3221413471348811 0.2597359108053192 360.03988091456415 172.3281747479247
323.9164360611114 31.628890065835524 0.32769452873648597 0.2656390932017807 361.66030746350987 173.78185544558517
330.06021547034334 33.278110584552124 0.3333434379625472 0.2710787578055842 363.3227610243933 175.23867305073648
336.3377248306841 34.996751726455315 0.3390897249982634 0.27638164452897485 365.0270429856405 176.69867300893014
342.75239563416363 36.78671837750218 0.3449350684752844 0.2820159576097043 366.7732551876847 178.16142771359964
349.3127469329602 38.65679115669434 0.35088117596208035 0.28759239956345484 368.5632457970251 179.62281308437977
356.0179982424811 40.60254779373834 0.3569297844627652 0.2926507180164095 370.39513942729127 181.08586093941702
362.87161894726887 42.62554485678177 0.3630826609245175 0.2976058496429581 372.26881070045994 182.55041400308298
369.8776838050342 44.72802159039085 0.3693416027537498 0.3028324596598386 374.18425749083553 184.01597196044224
377.04571989459646 46.91882012835673 0.3757084383411748 0.30793255850782497 376.1425479489815 185.47847044374714
384.37423920137996 49.19272886637786 0.3821850275959231 0.3125215544923945 378.1420680020603 186.9415202760738
391.8673537720589 51.551645656583794 0.38877326248886857 0.31704011341831206 380.18264288681297 188.40489537630313
399.53022857376277 53.998550771733285 0.3954750676053199 0.32173794710659864 382.2641765278808 369.9308524682442
407.3724291860139 56.54109433027862 0.4022924007072386 0.3262560177033471 384.38684656688184 352.4120639515429
415.3926093188036 59.174483419942426 0.40922725330514964 0.33032373141907057 386.54960838431725 334.5623905706161
423.5953061809909 61.90062597545923 0.41628165123991057 0.3343330679737635 388.75217980057613 316.3841612059948
431.9870027817532 64.72329723895402 0.4234576552745099 0.33844367777413575 390.99427615507426 297.87972521414133
440.5770251421459 67.64881573370899 0.43075736169606577 0.34234063934627335 393.27543963785325 279.05286098533526
449.3643086509324 70.67296114055506 0.4381829029282034 0.34585294088734964 395.59516773161965 259.907715887763
458.3538473549931 73.79767867736162 0.4457364481539887 0.3493367990255738 397.95311125729603 240.44717176094719
476.0768049202739 80.04828082436113 0.46049348401186013 0.019589964586274447 400.3486982341418 220.6759492677538
492.1897163052555 80.37666250730256 0.5122075714226948 0.02117010354734665 402.78113502043635 200.60059848012347
633.9430719814977 84.3628718618771 0.964009874065402 0.03303774628312117 405.2503908250171 180.62556610451693
763.0124280448043 89.20488053683613 1.3763045726401066 0.043020027262157756 407.7560864453435 160.83597789202832
880.1307436660705 94.8283774486321 1.7524698418624558 0.05500383494676142 410.2972643916196 141.27539747317715
984.9519021779072 101.24955307113366 2.092028327249337 0.06893355730267192 412.8731075256692 122.04419827797405
1079.0146256897606 108.38148034036496 2.39964382111466 0.08265114577501464 415.48395412590855 103.17113114991858
1166.0264722246907 116.12286629101463 2.6878960691054115 0.09430699962006295 418.12942481666244 84.6689607878073
1250.738431705733 124.55200966703713 2.976584529109199 0.09900432247928304 420.80808286670407 66.53372271632807
1342.9471775089582 133.6309639403007 3.3065043077971366 0.09173032974577788 423.519388423576 48.540439566594806
1462.2660145425502 143.53692653701953 3.7666040180937292 0.3571713180453129 426.263926491692 30.15168961466855
1487.6594939010388 154.08832611175893 3.826448513912224 0.41727030205159865 429.04133904117657 12.282046439314481
1513.4846097399404 164.91045244906874 3.886520067117056 0.4187942615947682 431.84962364736657 0.0
1540.0786562504338 176.04076461477928 3.9478800406766386 0.4180964036964099 434.68879187402194 0.0
1567.4061804880116 187.45422768588503 4.010562857447023 0.4171251047490476 437.55954505588323 0.0
1595.5930161960066 199.19627371214492 4.074745125859096 0.4161535947340984 440.4615602408136 0.0
1624.5261138817975 211.22424984839802 4.140237207317407 0.4151992339259629 443.39219174670734 0.0
1654.3434211944787 223.58846751701986 4.207239855912295 0.4142351205441428 446.35224304333093 0.0
1684.9772792529268 236.2645326447792 4.27565689460138 0.4133004925802566 449.3424024244641 0.0
1716.5276067114205 249.28830644432693 4.345623585313101 0.41234722753270736 452.3623894048231 0.0
1748.9295450337577 262.6343015720644 4.417014643435483 0.4114321805792378 455.4088468583903 0.0
1782.2441178950914 276.32534877071333 4.489926388382365 0.4104940085876594 458.48357591050296 0.0
1816.5247155946238 290.3807954100168 4.564432455166504 0.40958611509770915 461.5871295346198 0.0
1851.737838482706 304.78820724914937 4.640479058129528 0.40867492624850676 464.7192724425523 0.0
1887.9398332513024 319.56541271397805 4.718102149548376 0.40775440645167116 467.87587687666405 0.0
1925.1347821783793 334.7152623746487 4.797327401470377 0.4068886649068384 471.0599151315838 0.0
1963.3382289406456 350.2433052933291 4.878173463150121 0.40599076744917273 474.2716930347005 0.0
2002.6585444090633 366.18813835008064 4.960779014630313 0.40509221260252115 477.5110201023164 0.0
2042.9894087733364 382.5085200247806 5.044948822852593 0.4042488980692429 480.77294680996494 0.0
2084.407806279114 399.23427600590145 5.130819822520072 0.4033860391071524 484.06176219100337 0.0
2126.9970794176556 416.3950007016931 5.2184957929772375 0.40251466650819356 487.37742484726095 0.0
2170.755646130472 433.9895506004879 5.307962540213223 0.4016773080794289 490.71942709513365 0.0
2215.6266805149476 451.994587507148 5.399093378963209 0.40085996857059136 494.0830324628434 0.0
2261.7037752306246 470.44603221514086 5.4920488619135295 0.4000239801377301 497.47289006040484 0.0
2309.0736488352927 489.3745060311557 5.5869327256122885 0.39918838127738887 500.8888825459008 0.0
2357.7134696923968 508.77095592446824 5.683697517972914 0.3983853637810961 504.3299917615031 0.0
2407.586934744553 528.6197783285024 5.782249358002503 0.3975954613921573 507.7922253856572 0.0
2458.7932719823857 548.9587779820855 5.882753094389517 0.3968118813730728 511.2801267663313 0.0
2511.367889666558 569.8002265306583 5.985244977888002 0.39601813944219 514.7936148893198 0.0
2565.3689434598073 591.163525077477 6.089772992623504 0.3952297518675927 518.3310928584808 0.0
2620.7429347238417 613.0274440668578 6.196229199443295 0.3944680676069856 521.8894715714698 0.0
2677.5870198090693 635.4288619257898 6.304771762467479 0.39371587197373437 525.4730848306887 0.0
2735.939571081062 658.3810588961086 6.415438960982543 0.3929707796525186 529.0818842067226 0.0
2795.803221625223 681.8832548746282 6.528201006672505 0.39223344282755335 532.7136335653959 0.0
2857.1815688056804 705.9351145860461 6.643030846456885 0.3915043203400552 536.3662857953279 0.0
2920.181728118657 730.5768010633913 6.760093697978881 0.3907826079857015 540.0438741161018 0.0
2984.845401366898 755.8227257467761 6.879430078032802 0.39006428078451805 543.7463790946406 0.0
3051.178094611608 781.6726052996906 7.001003442839436 0.3893527901699141 547.4708712870953 0.0
3119.193737025432 808.1304401017503 7.124810124512393 0.38865514465266493 551.216467733508 0.0
3188.9920373674013 835.233470807459 7.251000200415947 0.3879676368574678 554.9868210458568 0.0
3260.6180749444566 862.9972568196579 7.379616417814377 0.38728779098052524 558.781937487146 0.0
3334.0465546931664 891.4100965870896 7.510575213943213 0.38661630534042946 562.5981454122898 0.0
3409.327690123943 920.4895826326389 7.6439288183229035 0.3859532102085197 566.4358348263322 0.0
3486.5696735576857 950.2755915381468 7.779829885990072 0.3852979482221901 570.2982070044372 0.0
3565.8213657833508 980.7849658322524 7.918323605169217 0.3846504290575412 574.1852909518561 0.0
3647.0386700990143 1011.9987955395975 8.059293058076163 0.38401140063357797 578.0926279967849 0.0
3730.303876353772 1043.946825011143 8.20284191978503 0.3833806437823881 582.021979385741 0.0
3815.7230210005096 1076.6677605485945 8.349111786265274 0.382757704130249 585.9760320290837 0.0
3903.3489913790922 1110.179809936124 8.498150388625351 0.38213939754248205 589.9548350790684 0.0
3993.132913900615 1144.4617381813819 8.64982222471939 0.3815267043274604 593.9531011119569 0.0
4085.195299542828 1179.5576466688574 8.80428993565544 0.3809243371693718 597.9740527294582 0.0
4179.626792286444 1215.5003822039564 8.961668310625326 0.3803317245809872 602.019805726412 0.0
4276.484784915445 1252.3096780686485 9.122007852893 0.3797468280461489 606.0904271513187 0.0
4375.6753054299825 1289.9478290911948 9.285109831596046 0.37917042631339726 610.1797613821134 0.0
4477.3668587773545 1328.4767878485507 9.451207981385128 0.378601770525699 614.2925763096104 0.0
4581.654174524224 1367.9303274921256 9.62041089030755 0.378040672167856 618.4303648993331 0.0
4688.599206564085 1408.3297255129626 9.79277181538164 0.3774839622386006 622.5932101621104 0.0
4798.100554387819 1449.6339440378406 9.968068563646547 0.37692829859853827 626.7740504200112 0.0
4910.416489508482 1491.937371314376 10.146649405637552 0.37638234888375166 630.9792782513232 0.0
5025.580783860131 1535.2519620528367 10.328546976052172 0.37585055154484426 635.2097160524316 0.0
5143.660485352647 1579.6007162651806 10.513817528351966 0.3753158835287529 639.4654611461091 0.0
