e[MeV/fm^3], P[MeV/fm^3], rho[fm^-3], v2[1], mu_q[MeV], mu_e[MeV]
70.21755168181654 0.006206087273093519 0.07407856508846018 0.017597877650005332 316.5185077347417 89.2771661002368
71.43578994790998 0.027644495228360377 0.07535555647246353 0.0175978776500052 316.5894798429086 89.8124074562691
72.67502861766434 0.04945246571785267 0.07665456106626496 0.017597877650005228 316.6616753923034 90.35687548400062
73.93562970314778 0.07163636938565421 0.07797595834102777 0.01759787765000538 316.7351154730202 90.91072923592193
75.21796145691394 0.09420268669514797 0.07932013430936638 0.01759787765000533 316.8098215387112 91.47413050632369
76.5223984795798 0.11715800982215896 0.0806874816381126 0.01759787765000522 316.8858154128541 92.04724387856187
77.84932182925448 0.14050904458066893 0.08207839976302188 0.017597877650005325 316.96311929512683 92.630236773136
79.19911913285509 0.16426261238173973 0.08349329500545777 0.017597877650005436 317.0417557678931 93.22327949659658
80.57218469934486 0.18842565222626206 0.08493258069109116 0.017597877650005332 317.12174780279906 93.82654529129692
81.96891963491473 0.21300522273190858 0.08639667727063695 0.017597877650005284 317.20311876748366 94.44021038599915
83.38973196016327 0.23800850419525207 0.0878860124426853 0.017597877650005242 317.2858924324053 95.06445404735784
84.83503672928572 0.26344280068923775 0.08940102127863886 0.01759787765000527 317.37009297778565 95.69945863228664
86.3052561513196 0.28931554219685157 0.0909421463498059 0.01759787765000538 317.45574500067295 96.34540964122833
87.80081971348744 0.3156342867816875 0.09250983785669148 0.017597877650005325 317.54287352212793 97.00249577234631
89.32216430665855 0.3424067227958098 0.09410455376051008 0.01759787765000531 317.63150399453286 97.67090897664707
90.86973435297011 0.3696406711256137 0.09572675991696154 0.017597877650005242 317.7216623090265 98.3508445140514
92.44398193566516 0.39734408747669764 0.0973769302123309 0.017597877650005228 317.8133748030682 99.04250101043964
94.04536693114535 0.4255250646977123 0.09905554670190979 0.01759787765000531 317.90666826813106 99.74608051566989
95.67435714332068 0.45419183514462985 0.10076309975082554 0.017892055534992374 318.00156995752883 100.46178856260559
97.33169327479138 0.4843410207312542 0.10250008817728433 0.018775745774211428 318.10048622561175 101.18570399772256
99.01814146064449 0.5170082040359527 0.10426701939828847 0.020025246310001077 318.2058447860128 101.91428658825437
100.73429318912723 0.5525181669555139 0.1060644095778678 0.02129999675038627 318.31828524079526 102.64750316311726
102.48063871606901 0.5907964457966746 0.10789278377786223 0.022549781036994038 318.43751805132047 103.38670836290729
104.25774423592242 0.6320103592916358 0.10975267611130558 0.023887708108000116 318.5638120290785 104.13237516689382
106.06623539667063 0.676492214395437 0.11164462989845152 0.025339806313660923 318.697770868173 104.88465247088972
107.90674784282342 0.7245234535359056 0.11356919782549418 0.026726883379044414 318.8398212612412 105.64215664334085
109.77980899298537 0.7757858510810522 0.11552694210601787 0.028008654354195556 318.9889635986241 106.39548846211913
111.68603200563659 0.8304189676497289 0.11751843464523576 0.02941848660514751 319.1453310518051 107.14305877628786
113.62612253642692 0.8889903796251314 0.1195442572070575 0.0310000273545607 319.31003653378224 107.89037199216354
115.60075117782822 0.9518318179215621 0.1216050015840337 0.03259969837934959 319.4836179784206 108.6399435927219
117.61049319554543 1.0189345897359714 0.12370126977023699 0.03419210470702347 319.6659546827271 109.3941654142798
119.65602415051524 1.0905481505064962 0.12583367413711752 0.03592218882239359 319.8573917239201 110.15411877028433
121.73815641876267 1.1672766767204164 0.12800283761239192 0.03778190969818496 320.0588603075681 110.92020174565145
123.85759205422588 1.2493614886182018 0.1302093938620144 0.0396255479711905 320.27062777688235 111.69348487044105
126.01496433860267 1.3368161240061027 0.13245398747528928 0.041461386350795104 320.4925793312381 112.47517112638602
128.2110155783424 1.429932568241939 0.13473727415316794 0.04346252473119688 320.7250671173629 113.26594974297757
130.4466887956552 1.52951487508801 0.1370599208997976 0.045590760196347446 320.969220213987 114.06610244230104
132.72270298041246 1.6357091714792171 0.13942260621736857 0.04767926014436641 321.22510082538804 114.87651716166351
135.03976205186157 1.748593799706529 0.14182602030432198 0.04977029748745049 321.49267975935425 115.69799950047124
137.3986835249372 1.8685229353243933 0.14427086525697244 0.05206400529136951 321.77234677231564 116.53110782929468
139.80057355445675 1.9965668028217445 0.14675785527460983 0.05448295484632937 322.0654823434704 117.37614392238619
142.24614757531495 2.1327305435734982 0.1492877168681315 0.05683638595368079 322.37191652081754 118.23384218287305
144.73619757503982 2.2771938463603174 0.15186118907227755 0.059208520968313694 322.69174413674494 119.10477732777403
147.27162660197732 2.430390920319256 0.15447902366151722 0.0618292055008095 323.0254080857181 119.98940983187808
149.85374556019306 2.5937403356179334 0.15714198536966398 0.06457197399617759 323.3745941649684 120.88804723823948
152.4832372283129 2.7670401807274834 0.15985085211327107 0.06721882453614525 323.7388555425644 121.80124809303793
155.16100474728017 2.9506159576823916 0.1626064152188807 0.06990575565196155 324.1184454344821 122.72942464238325
157.8880490867394 3.1450019316856195 0.16540947965419006 0.07289593855263288 324.5138717435153 123.67293532678868
160.66593902373984 3.3520690822739376 0.16826086426320178 0.07600220080988451 324.92718571735776 124.63202719571277
163.4952840125817 3.5713158744339593 0.17116140200542868 0.07897532922519734 325.3576004812541 125.6070903482084
166.37712853614147 3.8032695276021222 0.17411194019922174 0.08202037368123771 325.8055622707938 126.59840218489457
169.31260061973967 4.048620249866702 0.17711334076929286 0.08542133552471287 326.2716886567447 127.60620334892384
172.303551331823 4.309718566586897 0.18016648049850292 0.0889270452590527 326.7583492276527 128.63058410314463
175.35050383107742 4.585737524453315 0.1832722512839939 0.09226446929582366 327.26444376458807 129.67181814230588
178.45466868853612 4.877441713994387 0.18643156039773165 0.09572802473872655 327.7906096931573 130.73004905217363
181.61738960046912 5.18586172672753 0.18964533075154347 0.09956214286511778 328.3377308078966 131.80536363429957
184.84067158507494 5.5134958934314255 0.19291450116672415 0.10348029397253222 328.90808973361146 132.89762523650757
188.12508868773136 5.859506730761704 0.19624002664828616 0.10723125726635341 329.50063467169656 134.00704679883177
191.47199658539387 6.224818666062787 0.19962287866394354 0.11114950466071183 330.116072530961 135.1336328978941
194.88301649425165 6.610906017540677 0.2030640454278977 0.11544544815415358 330.7555888744374 136.2772622126371
198.3602890613904 7.020342674256472 0.2065645321895225 0.11979382346787826 331.42129567013734 137.43754067535426
201.9044613376726 7.452308308070558 0.2101253615270204 0.12397650239191993 332.11220306471756 138.61467605675114
205.5170562570145 7.907903230714149 0.21374757364614289 0.1283699626450635 332.8290718474655 139.80852765902867
209.2000509218192 8.389163756231573 0.21743222668406043 0.1331367755092301 333.57341318817043 141.01869117551004
212.95568685700158 8.89862029273525 0.22118039701847075 0.1379109881763032 334.34705688852574 142.2445530860434
216.7847142491265 9.435507109353031 0.224993179582034 0.1425209986125906 335.149090910276 143.4863497980139
220.6888478651131 10.001107919216421 0.22887168818223044 0.1473848211915132 335.9803024130194 144.74379875149575
224.67051841244387 10.598148441577159 0.23281705582673115 0.15260238957125072 336.84253077264475 146.0161250814302
228.73201076449018 11.228941923303356 0.23683043505437643 0.1577674592771845 337.73719306437926 147.30260528428684
232.87421847820065 11.892825884399452 0.2409129982718618 0.16276966708385543 338.6634726746745 148.60351662363965
237.09907459677976 12.591262929879372 0.2450659380962259 0.1680647442175771 339.6221443059857 149.91845083271977
241.4095830266287 13.327795359770137 0.24929046770324403 0.17367604335428166 340.61534675451054 151.2461733723472
245.80798450797525 14.104290408314728 0.25358782118182577 0.17916063314688135 341.6439533067965 152.5860269646372
250.29536865638684 14.920249387540146 0.2579592538945237 0.18448376658109078 342.70726027181 153.9383214680799
254.87391430339358 15.777295306389933 0.26240604284425445 0.19013115054428797 343.8059831368225 155.30255316107613
259.54734193097937 16.679902122692877 0.2669294870473437 0.19603884001981875 344.9424917462097 156.67695034502995
264.3177234138911 17.62921742422393 0.2715309079130002 0.20173455319505607 346.11701155796936 158.06114921462316
269.1864120746621 18.624978432827973 0.2762116496293318 0.20727097595137622 347.328966229596 159.45546560193614
274.15586021544175 19.66893704821644 0.28097307955601647 0.2131521958171756 348.57896372915343 160.8593430130801
279.2306731431928 20.76658998854091 0.28581658862374093 0.21922189252154145 349.86949367684684 162.27041922778363
284.412585417037 21.918069468750467 0.29074359174052566 0.2249894143101847 351.2000887836266 163.68887481305947
289.7032992122702 23.123430865940225 0.29575552820505524 0.2306016920899494 352.5703075794808 165.1149897852477
295.1055673860831 24.38451504681977 0.300853862127132 0.23656661428271297 353.98060905644974 166.5482047162215
300.6250734626658 25.70790002720107 0.3060400828553784 0.24263779812409947 355.4334521442952 167.985546141962
306.2629978571605 27.092417065261266 0.3113157054123131 0.24831998114039466 356.9277197298895 169.42797804232237
312.0214966673664 28.538529352055203 0.3166822709369256 0.2538541104542591 358.4631014669581 170.8756920374787
317.9036494111742 30.048126085066315 0.3221413471348811 0.2597359108053192 360.03988091456415 172.3281747479247
323.9164360611114 31.628890065835524 0.32769452873648597 0.2656390932017807 361.66030746350987 173.78185544558517
330.06021547034334 33.278110584552124 0.3333434379625472 0.2710787578055842 363.3227610243933 175.23867305073648
336.3377248306841 34.996751726455315 0.3390897249982634 0.27638164452897485 365.0270429856405 176.69867300893014
342.75239563416363 36.78671837750218 0.3449350684752844 0.2820159576097043 366.7732551876847 178.16142771359964
349.3127469329602 38.65679115669434 0.35088117596208035 0.28759239956345484 368.5632457970251 179.62281308437977
356.0179982424811 40.60254779373834 0.3569297844627652 0.29277559776460294 370.39513942729127 181.08586093941702
362.6308812393856 42.55409456081859 0.36285614251840514 0.05977838457473794 372.26881070045994 182.15196830269022
396.7801260870793 44.81096317608234 0.48888338619735056 0.07239839563398598 374.18425749083553 174.46320628401892
427.3717498405298 47.19867102695046 0.6016613918189779 0.08484459805992073 376.1425479489815 166.95914873943545
455.79846988169373 49.78997681942874 0.7066229461683231 0.09849201670283436 378.1420680020603 159.64444144780012
482.2727592311927 52.57832504887728 0.8045380842738945 0.11311630518696236 380.18264288681297 152.51553788859235
507.0206712867869 55.558011535070115 0.8961887871198718 0.12856888562547186 382.2641765278808 145.5672974961174
530.2631035198277 58.724546542694114 0.9823271869506163 0.14469439122896754 384.38684656688184 138.7930741212385
552.1912706894823 62.072348060408466 1.0635958504971461 0.16132493246988222 386.54960838431725 132.1897471863702
572.9854755260127 65.5976119578741 1.1406011909929956 0.17830244152303965 388.75217980057613 125.75152528991484
592.8049342261224 69.29716449851759 1.213875158738738 0.19577749276793077 390.99427615507426 119.4726740876289
611.7513625739757 73.17153557068308 1.2837256604807246 0.2143600161026158 393.27543963785325 113.356455989071
629.8631126456397 77.22484395357088 1.350134852802546 0.23275498414145224 395.59516773161965 107.41896616804024
647.3292743351363 81.44110836975044 1.4136601322176112 0.24924082744642817 397.95311125729603 101.65074133693648
664.3718222288726 85.81925766480244 1.4755267344356964 0.2641117291951476 400.3486982341418 96.03896686369393
681.117000362822 90.360588624704 1.5364031799994287 0.27923371378327166 402.78113502043635 90.56156520643293
697.5568001159673 95.0807617746064 1.5963015579462492 0.29382609225331136 405.2503908250171 85.24542750674766
713.8191840274712 99.96697628921035 1.655718468343996 0.30671248249349015 407.7560864453435 80.05584535322384
729.957306693946 105.01685391913068 1.7149124855772837 0.31946991089604326 410.2972643916196 74.98564548668942
745.9848141781846 110.24148234381231 1.7740881371922599 0.33182521502523654 412.8731075256692 70.05204820801842
761.9727582207148 115.63992597228547 1.833682504494947 0.34258746754964386 415.48395412590855 65.24043211470594
777.9887136698305 121.20589367456176 1.894151349600035 0.3526458745313592 418.12942481666244 60.53119773514716
794.0598809533063 126.95588371257055 1.9562095290066182 0.36161263278018296 420.80808286670407 55.94674827078779
810.2669138111438 132.8791436452217 2.020665751368195 0.36852915932848784 423.519388423576 51.4586650456827
826.6950450296318 138.98425319388897 2.088987340910927 0.3735795005646283 426.263926491692 47.0603971439758
843.4685395598826 145.28395440199307 2.163873619488897 0.3756047149987185 429.04133904117657 42.74841445147203
860.7259876721243 151.7664651166893 2.2484205541949476 0.37223382952266615 431.84962364736657 38.49206874641754
878.9006728894104 158.46658690502554 2.353800849399255 0.4014808379936907 434.68879187402194 34.27798036038856
894.9227803551883 165.36285574461309 2.4226566868083785 0.46372423053763434 437.55954505588323 30.08969308864756
909.2793887392459 172.4487696976985 2.4555541124505225 0.49298126351935334 440.4615602408136 26.072561758782125
923.9880361226362 179.6910664935754 2.488976493297378 0.4915904180125166 443.39219174670734 22.206319342780013
939.1159486886324 187.11546208609366 2.523053982800578 0.49008707158561204 446.35224304333093 18.520195919544776
954.6339570284422 194.70969278800416 2.5577679111486624 0.488575512881841 449.3424024244641 14.968026590691455
970.58890412477 202.49166292308504 2.593183397437164 0.4870011461154604 452.3623894048231 11.56710631460664
986.9499061583717 210.44698401286954 2.6292509735494027 0.48546527694342156 455.4088468583903 8.296274104592031
1003.7463145617442 218.5877535815895 2.6660212094827433 0.4838741683906802 458.48357591050296 5.151907439408482
1021.0032474839652 226.92377016021265 2.7035323214065428 0.4823235131490531 461.5871295346198 2.1312094663963284
1038.705049386366 235.44851578384416 2.7417639654577433 0.48075902515803204 464.7192724425523 0.0
1056.8758850214274 244.1690888124296 2.7807276946247996 0.47917345576881765 467.87587687666405 0.0
1075.51876233802 253.0879545370848 2.8204395096434687 0.47767775720560746 471.0599151315838 0.0
1094.6408395222472 262.2078605907963 2.8609080967944713 0.4761218162226655 474.2716930347005 0.0
1114.2919599721733 271.5478520846268 2.902194389525055 0.4745607130928624 477.5110201023164 0.0
1134.4204966354748 281.08501771733654 2.944204836677425 0.4730912709160249 480.77294680996494 0.0
1155.0637987277591 290.83590038501467 2.9870062682787712 0.4715834846240865 484.06176219100337 0.0
1176.2601257135668 300.8150356055121 3.0306444327821334 0.4700567704209986 487.37742484726095 0.0
1198.008279631327 311.02141847881563 3.07511230718194 0.46858558833281805 490.71942709513365 0.0
1220.2796207810372 321.44118132033987 3.120346917089588 0.46714566611385777 494.0830324628434 0.0
1243.1192820542813 332.09401097623163 3.166426054013992 0.4656688196476111 497.47289006040484 0.0
1266.566933063704 342.9948162542546 3.2133953338656522 0.46418886934687453 500.8888825459008 0.0
1290.6113268292672 354.1384304148499 3.261232292810813 0.4627627664752625 504.3299917615031 0.0
1315.2336058894891 365.5151249083395 3.3098895448631565 0.4613562875056978 507.7922253856572 0.0
1340.4813952074926 377.1454226676752 3.3594466202728723 0.4599574818715997 511.2801267663313 0.0
1366.3707040695108 389.03512096190656 3.409919398899751 0.458536804953523 514.7936148893198 0.0
1392.9272186514904 401.1927972906703 3.461326683051859 0.45712221292474364 518.3310928584808 0.0
1420.1245748163835 413.6063250436305 3.5136162256967265 0.4557520014441181 521.8894715714698 0.0
1448.009292172987 426.29562697143575 3.566864294269791 0.45439548562617027 525.4730848306887 0.0
1476.598704851761 439.26696217193523 3.621087712424566 0.45304847468372955 529.0818842067226 0.0
1505.8926344391307 452.5186416631752 3.6762700003689743 0.45171223428005636 532.7136335653959 0.0
1535.8914278049515 466.0492728591054 3.7323961670900965 0.4503876869859633 536.3662857953279 0.0
1566.6459726855082 479.88020001311077 3.7895451459290297 0.4490734623994239 540.0438741161018 0.0
1598.1750899898486 494.0181988395779 3.8477347912413333 0.44776227290420234 543.7463790946406 0.0
1630.4794969546253 508.4614258658706 3.9069446087912256 0.44646052347588583 547.4708712870953 0.0
1663.5648216132815 523.2111254092765 3.967171663378169 0.4451811230624072 551.216467733508 0.0
1697.4783152116975 538.2869838517171 4.028487638413292 0.443917407378839 554.9868210458568 0.0
1732.2403072814916 553.6963015334751 4.090911410971602 0.44266493883034475 558.781937487146 0.0
1767.8369870146455 569.4312608452203 4.154400626839468 0.4414250942771547 562.5981454122898 0.0
1804.2912102853538 585.5003204705861 4.218978920038196 0.4401980221656796 566.4358348263322 0.0
1841.6538181951623 601.9241747346791 4.28471843963612 0.43898278103593835 570.2982070044372 0.0
1879.9468276245689 618.7107086738677 4.35163917394086 0.4377792902454338 574.1852909518561 0.0
1919.1473667730315 635.8481592374153 4.419682873474234 0.43658902909342334 578.0926279967849 0.0
1959.2936311304506 653.3515330780302 4.488897922663252 0.4354116795328773 582.021979385741 0.0
2000.4351448003888 671.2406415759539 4.559350822956145 0.43424648047623293 585.9760320290837 0.0
2042.5957205513314 689.5239910752791 4.631062715029985 0.4330875299801731 589.9548350790684 0.0
2085.749785291163 708.1881978854971 4.703965911829895 0.4319367432324013 593.9531011119569 0.0
2129.95371352449 727.2559173486111 4.778137001942744 0.43080304789877477 597.9740527294582 0.0
2175.2496451443785 746.7437832374738 4.853629803567503 0.429685462591757 602.019805726412 0.0
2221.663400684398 766.6609944300138 4.930466707599263 0.4285802432464978 606.0904271513187 0.0
2269.1483364630762 786.9857309500683 5.0085508245496415 0.4274889442286689 610.1797613821134 0.0
2317.7835114468508 807.7500311312192 5.0879924253405635 0.4264102304212578 614.2925763096104 0.0
2367.612516788768 828.9705844072139 5.168841663300098 0.4253438220862984 618.4303648993331 0.0
2418.6632054965407 850.6572905790663 5.251122168553792 0.4242837445199763 622.5932101621104 0.0
2470.8849618658837 872.786163764394 5.33472534582116 0.4232236643098908 626.7740504200112 0.0
2524.3985028461134 895.4055987388622 5.419814441906271 0.42218021020863983 630.9792782513232 0.0
2579.219298369526 918.5214376643876 5.506405085564476 0.4211619249975147 635.2097160524316 0.0
2635.3774696853716 942.1443605186579 5.594522250813217 0.4201376508526202 639.4654611461091 0.0
