e[MeV/fm^3], P[MeV/fm^3], rho[fm^-3], v2[1], mu_q[MeV], mu_e[MeV]
70.21755168181654 0.006206087273093519 0.07407856508846018 0.017597877650005332 316.5185077347417 89.2771661002368
71.43578994790998 0.027644495228360377 0.07535555647246353 0.0175978776500052 316.5894798429086 89.8124074562691
72.67502861766434 0.04945246571785267 0.07665456106626496 0.017597877650005228 316.6616753923034 90.35687548400062
73.93562970314778 0.07163636938565421 0.07797595834102777 0.01759787765000538 316.7351154730202 90.91072923592193
75.21796145691394 0.09420268669514797 0.07932013430936638 0.01759787765000533 316.8098215387112 91.47413050632369
76.5223984795798 0.11715800982215896 0.0806874816381126 0.01759787765000522 316.8858154128541 92.04724387856187
77.84932182925448 0.14050904458066893 0.08207839976302188 0.017597877650005325 316.96311929512683 92.630236773136
79.19911913285509 0.16426261238173973 0.08349329500545777 0.017597877650005436 317.0417557678931 93.22327949659658
80.57218469934486 0.18842565222626206 0.08493258069109116 0.017597877650005332 317.12174780279906 93.82654529129692
81.96891963491473 0.21300522273190858 0.08639667727063695 0.017597877650005284 317.20311876748366 94.44021038599915
83.38973196016327 0.23800850419525207 0.0878860124426853 0.017597877650005242 317.2858924324053 95.06445404735784
84.83503672928572 0.26344280068923775 0.08940102127863886 0.01759787765000527 317.37009297778565 95.69945863228664
86.3052561513196 0.28931554219685157 0.0909421463498059 0.01759787765000538 317.45574500067295 96.34540964122833
87.80081971348744 0.3156342867816875 0.09250983785669148 0.017597877650005325 317.54287352212793 97.00249577234631
89.32216430665855 0.3424067227958098 0.09410455376051008 0.01759787765000531 317.63150399453286 97.67090897664707
90.86973435297011 0.3696406711256137 0.09572675991696154 0.017597877650005242 317.7216623090265 98.3508445140514
92.44398193566516 0.39734408747669764 0.0973769302123309 0.017597877650005228 317.8133748030682 99.04250101043964
94.04536693114535 0.4255250646977123 0.09905554670190979 0.01759787765000531 317.90666826813106 99.74608051566989
95.67435714332068 0.45419183514462985 0.10076309975082554 0.017892055534992374 318.00156995752883 100.46178856260559
97.33169327479138 0.4843410207312542 0.10250008817728433 0.018775745774211428 318.10048622561175 101.18570399772256
99.01814146064449 0.5170082040359527 0.10426701939828847 0.020025246310001077 318.2058447860128 101.91428658825437
100.73429318912723 0.5525181669555139 0.1060644095778678 0.02129999675038627 318.31828524079526 102.64750316311726
102.48063871606901 0.5907964457966746 0.10789278377786223 0.022549781036994038 318.43751805132047 103.38670836290729
104.25774423592242 0.6320103592916358 0.10975267611130558 0.023887708108000116 318.5638120290785 104.13237516689382
106.06623539667063 0.676492214395437 0.11164462989845152 0.025339806313660923 318.697770868173 104.88465247088972
107.90674784282342 0.7245234535359056 0.11356919782549418 0.026726883379044414 318.8398212612412 105.64215664334085
109.77980899298537 0.7757858510810522 0.11552694210601787 0.028008654354195556 318.9889635986241 106.39548846211913
111.68603200563659 0.8304189676497289 0.11751843464523576 0.02941848660514751 319.1453310518051 107.14305877628786
113.62612253642692 0.8889903796251314 0.1195442572070575 0.0310000273545607 319.31003653378224 107.89037199216354
115.60075117782822 0.9518318179215621 0.1216050015840337 0.03259969837934959 319.4836179784206 108.6399435927219
117.61049319554543 1.0189345897359714 0.12370126977023699 0.03419210470702347 319.6659546827271 109.3941654142798
119.65602415051524 1.0905481505064962 0.12583367413711752 0.03592218882239359 319.8573917239201 110.15411877028433
121.73815641876267 1.1672766767204164 0.12800283761239192 0.03778190969818496 320.0588603075681 110.92020174565145
123.85759205422588 1.2493614886182018 0.1302093938620144 0.0396255479711905 320.27062777688235 111.69348487044105
126.01496433860267 1.3368161240061027 0.13245398747528928 0.041461386350795104 320.4925793312381 112.47517112638602
128.2110155783424 1.429932568241939 0.13473727415316794 0.04346252473119688 320.7250671173629 113.26594974297757
130.4466887956552 1.52951487508801 0.1370599208997976 0.045590760196347446 320.969220213987 114.06610244230104
132.72270298041246 1.6357091714792171 0.13942260621736857 0.04767926014436641 321.22510082538804 114.87651716166351
135.03976205186157 1.748593799706529 0.14182602030432198 0.04977029748745049 321.49267975935425 115.69799950047124
137.3986835249372 1.8685229353243933 0.14427086525697244 0.05206400529136951 321.77234677231564 116.53110782929468
139.80057355445675 1.9965668028217445 0.14675785527460983 0.05448295484632937 322.0654823434704 117.37614392238619
142.24614757531495 2.1327305435734982 0.1492877168681315 0.05683638595368079 322.37191652081754 118.23384218287305
144.73619757503982 2.2771938463603174 0.15186118907227755 0.059208520968313694 322.69174413674494 119.10477732777403
147.27162660197732 2.430390920319256 0.15447902366151722 0.0618292055008095 323.0254080857181 119.98940983187808
149.85374556019306 2.5937403356179334 0.15714198536966398 0.06457197399617759 323.3745941649684 120.88804723823948
152.4832372283129 2.7670401807274834 0.15985085211327107 0.06721882453614525 323.7388555425644 121.80124809303793
155.16100474728017 2.9506159576823916 0.1626064152188807 0.06990575565196155 324.1184454344821 122.72942464238325
157.8880490867394 3.1450019316856195 0.16540947965419006 0.07289593855263288 324.5138717435153 123.67293532678868
160.66593902373984 3.3520690822739376 0.16826086426320178 0.07600220080988451 324.92718571735776 124.63202719571277
163.4952840125817 3.5713158744339593 0.17116140200542868 0.07897532922519734 325.3576004812541 125.6070903482084
166.37712853614147 3.8032695276021222 0.17411194019922174 0.08202037368123771 325.8055622707938 126.59840218489457
169.31260061973967 4.048620249866702 0.17711334076929286 0.08542133552471287 326.2716886567447 127.60620334892384
172.303551331823 4.309718566586897 0.18016648049850292 0.0889270452590527 326.7583492276527 128.63058410314463
175.35050383107742 4.585737524453315 0.1832722512839939 0.09226446929582366 327.26444376458807 129.67181814230588
178.45466868853612 4.877441713994387 0.18643156039773165 0.09572802473872655 327.7906096931573 130.73004905217363
181.61738960046912 5.18586172672753 0.18964533075154347 0.09956214286511778 328.3377308078966 131.80536363429957
184.84067158507494 5.5134958934314255 0.19291450116672415 0.10348029397253222 328.90808973361146 132.89762523650757
188.12508868773136 5.859506730761704 0.19624002664828616 0.10723125726635341 329.50063467169656 134.00704679883177
191.47199658539387 6.224818666062787 0.19962287866394354 0.11114950466071183 330.116072530961 135.1336328978941
194.88301649425165 6.610906017540677 0.2030640454278977 0.11544544815415358 330.7555888744374 136.2772622126371
198.3602890613904 7.020342674256472 0.2065645321895225 0.11979382346787826 331.42129567013734 137.43754067535426
201.9044613376726 7.452308308070558 0.2101253615270204 0.12397650239191993 332.11220306471756 138.61467605675114
205.5170562570145 7.907903230714149 0.21374757364614289 0.1283699626450635 332.8290718474655 139.80852765902867
209.2000509218192 8.389163756231573 0.21743222668406043 0.1331367755092301 333.57341318817043 141.01869117551004
212.95568685700158 8.89862029273525 0.22118039701847075 0.1379109881763032 334.34705688852574 142.2445530860434
216.7847142491265 9.435507109353031 0.224993179582034 0.1425209986125906 335.149090910276 143.4863497980139
220.6888478651131 10.001107919216421 0.22887168818223044 0.1473848211915132 335.9803024130194 144.74379875149575
224.67051841244387 10.598148441577159 0.23281705582673115 0.15260238957125072 336.84253077264475 1050.4223527291417
228.73201076449018 11.228941923303356 0.23683043505437643 0.1577674592771845 337.73719306437926 1038.928257169127
232.87421847820065 11.892825884399452 0.2409129982718618 0.16276966708385543 338.6634726746745 1027.0279608736546
237.09907459677976 12.591262929879372 0.2450659380962259 0.1680647442175771 339.6221443059857 1014.7115109206745
241.4095830266287 13.327795359770137 0.24929046770324403 0.17367604335428166 340.61534675451054 1001.951429313063
245.80798450797525 14.104290408314728 0.25358782118182577 0.17916063314688135 341.6439533067965 988.7364965782645
250.29536865638684 14.920249387540146 0.2579592538945237 0.18448376658109078 342.70726027181 975.0757533252993
254.87391430339358 15.777295306389933 0.26240604284425445 0.19013115054428797 343.8059831368225 960.960007394013
259.54734193097937 16.679902122692877 0.2669294870473437 0.19603884001981875 344.9424917462097 946.3588124160167
264.3177234138911 17.62921742422393 0.2715309079130002 0.20173455319505607 346.11701155796936 931.269271839401
269.1864120746621 18.624978432827973 0.2762116496293318 0.20727097595137622 347.328966229596 915.6987901741059
274.15586021544175 19.66893704821644 0.28097307955601647 0.2131521958171756 348.57896372915343 899.6395566035953
279.2306731431928 20.76658998854091 0.28581658862374093 0.21922189252154145 349.86949367684684 883.0595859499861
284.412585417037 21.918069468750467 0.29074359174052566 0.2249894143101847 351.2000887836266 865.9648816684814
289.7032992122702 23.123430865940225 0.29575552820505524 0.2306016920899494 352.5703075794808 848.361115506455
295.1055673860831 24.38451504681977 0.300853862127132 0.23656661428271297 353.98060905644974 830.2423906038061
300.6250734626658 25.70790002720107 0.3060400828553784 0.24263779812409947 355.4334521442952 811.5771160754391
306.2629978571605 27.092417065261266 0.3113157054123131 0.24831998114039466 356.9277197298895 792.3796439345767
312.0214966673664 28.538529352055203 0.3166822709369256 0.2538541104542591 358.4631014669581 772.6539613278424
317.9036494111742 30.048126085066315 0.3221413471348811 0.2597359108053192 360.03988091456415 752.396425254969
323.9164360611114 31.628890065835524 0.32769452873648597 0.2656390932017807 361.66030746350987 731.5781368643209
330.06021547034334 33.278110584552124 0.3333434379625472 0.2710787578055842 363.3227610243933 710.2199101128224
336.3377248306841 34.996751726455315 0.3390897249982634 0.27638164452897485 365.0270429856405 688.3242966453017
342.75239563416363 36.78671837750218 0.3449350684752844 0.2820159576097043 366.7732551876847 665.889988075699
349.3127469329602 38.65679115669434 0.35088117596208035 0.28759239956345484 368.5632457970251 642.8932402465266
356.0179982424811 40.60254779373834 0.3569297844627652 0.2926507180164095 370.39513942729127 619.3581470201875
362.87161894726887 42.62554485678177 0.3630826609245175 0.2976058496429581 372.26881070045994 595.286319179872
369.8776838050342 44.72802159039085 0.3693416027537498 0.3028324596598386 374.18425749083553 570.6777840352677
377.04571989459646 46.91882012835673 0.3757084383411748 0.30793255850782497 376.1425479489815 545.5188186154148
384.37423920137996 49.19272886637786 0.3821850275959231 0.3125215544923945 378.1420680020603 519.8301595799518
391.8673537720589 51.551645656583794 0.38877326248886857 0.31704011341831206 380.18264288681297 493.61405218456616
399.53022857376277 53.998550771733285 0.3954750676053199 0.32173794710659864 382.2641765278808 466.8717307490281
407.3724291860139 56.54109433027862 0.4022924007072386 0.3262560177033471 384.38684656688184 439.6009130381834
415.3926093188036 59.174483419942426 0.40922725330514964 0.33032373141907057 386.54960838431725 411.81501970969725
423.5953061809909 61.90062597545923 0.41628165123991057 0.3343330679737635 388.75217980057613 383.51767604144584
431.9870027817532 64.72329723895402 0.4234576552745099 0.33844367777413575 390.99427615507426 354.7125391853929
440.5770251421459 67.64881573370899 0.43075736169606577 0.34234063934627335 393.27543963785325 325.4054908149461
449.3643086509324 70.67296114055506 0.4381829029282034 0.34585294088734964 395.59516773161965 295.60298697709084
458.3538473549931 73.79767867736162 0.4457364481539887 0.3493186232354084 397.95311125729603 265.30951371949067
467.5536981515388 77.027587172091 0.45342020394959914 0.35284678491275834 400.3486982341418 234.5324195146938
477.08678094450386 80.40829475416551 0.46133182050009597 0.009893427250301678 402.78113502043635 203.28190060530662
782.0101582910635 84.8285448558513 1.3788064508240487 0.019099102874156365 405.2503908250171 172.17803393672395
1050.5767601713535 91.04670306654741 2.197595515107178 0.027644625696644776 407.7560864453435 141.37873263035956
1296.2447057625075 98.84743731321294 2.967353474048772 0.03279990888736972 410.2972643916196 110.73560348519507
1579.1389888586455 108.46733370368622 3.907038420685562 0.052797588453221245 412.8731075256692 79.26769656124098
1757.1214242270173 119.9686908113308 4.515409249120347 0.7363935318098473 415.48395412590855 46.66923998060548
1772.251765026896 131.97463348973318 4.554005480818725 0.8681839402051832 418.12942481666244 18.162711093787127
1785.377545798238 144.2206234475858 4.585436836269547 0.9376059188983401 420.80808286670407 0.0
1798.618015613522 156.69685359153993 4.616804398159242 0.941935765678303 423.519388423576 0.0
1812.1212185256577 169.4112626071105 4.6485923377226355 0.9412118265056453 426.263926491692 0.0
1825.8962180924023 182.37121564908537 4.680800511321135 0.9404986227935339 429.04133904117657 0.0
1839.9234842301876 195.55908574444527 4.713402375625969 0.9397571976401871 431.84962364736657 0.0
1854.2262286643804 208.99432306350096 4.746406546546271 0.939013859437412 434.68879187402194 0.0
1868.7893307921397 222.66434078150135 4.779814563987298 0.9382561292049179 437.55954505588323 0.0
1883.6397457295916 236.591492749754 4.813633187795295 0.9374860559254854 440.4615602408136 0.0
1898.7429018198548 250.7452210430828 4.847824069765925 0.9367106937894247 443.39219174670734 0.0
1914.1311908193702 265.1529099591785 4.882407050292265 0.9359143201454971 446.35224304333093 0.0
1929.790298787025 279.80272672933324 4.917383764928456 0.9351236884512915 449.3424024244641 0.0
1945.7404130964221 294.71119437388546 4.952759042330637 0.934302461894644 452.3623894048231 0.0
1961.9559733349085 309.85498633912835 4.988490832545525 0.9334966965263085 455.4088468583903 0.0
1978.4545340623395 325.2494851373858 5.024603354929942 0.9326532395129341 458.48357591050296 0.0
1995.2479166254757 340.9045704293796 5.061106564145375 0.9318208921290321 461.5871295346198 0.0
2012.3270264742782 356.8123526575837 5.097994932525521 0.9309661528703579 464.7192724425523 0.0
2029.689750670791 372.9684940111832 5.135227636076519 0.9300860638352493 467.87587687666405 0.0
2047.3447050038467 389.3815591869433 5.172837014293757 0.929240361400943 471.0599151315838 0.0
2065.294852653489 406.05394336273395 5.210827307200047 0.9283435246535934 474.2716930347005 0.0
2083.5603943582832 423.0018592456755 5.249204467451559 0.9274286658978017 477.5110201023164 0.0
2102.1024765337816 440.19014696796427 5.2879059023623505 0.9265509350987795 480.77294680996494 0.0
2120.9490069529793 457.64404489356565 5.326983998006416 0.9256332662575222 484.06176219100337 0.0
2140.115016101858 475.3755130648449 5.366444257227119 0.9246875284904625 487.37742484726095 0.0
2159.5969284761427 493.38100017072907 5.406280588960551 0.923759115572123 490.71942709513365 0.0
2179.3666751703863 511.6343262125106 5.44643653686425 0.9228334902734829 494.0830324628434 0.0
2199.45627198866 530.1642390687266 5.486969578190116 0.9218659586793869 497.47289006040484 0.0
2219.8803843681953 548.9821998719582 5.527884422544516 0.9208789791780294 500.8888825459008 0.0
2240.6295516030546 568.0795315447242 5.56916777365653 0.9199096730989087 504.3299917615031 0.0
2261.6819259620834 587.4355487632505 5.610772782187112 0.918935837020598 507.7922253856572 0.0
2283.069877498239 607.079139018965 5.652756071774355 0.9179493329317516 511.2801267663313 0.0
2304.7980817394687 627.013657355817 5.695118869297516 0.9169281162268152 514.7936148893198 0.0
2326.8699720045815 647.2403163218275 5.737847323199562 0.9158926584312201 518.3310928584808 0.0
2349.2633030043075 667.7386991564368 5.780903163669305 0.9148703316044227 521.8894715714698 0.0
2372.008994224558 688.536307325926 5.82434045467368 0.9138391740994578 525.4730848306887 0.0
2395.1120059091813 709.6366693237467 5.868160877143826 0.9127960212559572 529.0818842067226 0.0
2418.563132160905 731.0303740977786 5.912339491338305 0.91174174674412 532.7136335653959 0.0
2442.3539178708784 752.7087327846253 5.956853477659952 0.910677005619144 536.3662857953279 0.0
2466.5156567900635 774.6992384805578 6.00175418001313 0.9096006288674126 540.0438741161018 0.0
2491.0536194715246 797.0056048411233 6.047043708061906 0.908506266469729 543.7463790946406 0.0
2515.9561643748098 819.6158460890155 6.0926895319902945 0.9073993089205636 547.4708712870953 0.0
2541.2204574098305 842.5265583142358 6.138682263882562 0.9062906673253757 551.216467733508 0.0
2566.874807138599 865.7625037014465 6.185068427534478 0.9051748447549954 554.9868210458568 0.0
2592.924801509868 889.3275863123775 6.23185052676666 0.9040480771621908 558.781937487146 0.0
2619.350532836281 913.2026573817025 6.278985632840477 0.9029116120902394 562.5981454122898 0.0
2646.1596979397164 937.3935548494171 6.326480778495178 0.9017656262158376 566.4358348263322 0.0
2673.3800095004244 961.924108928613 6.374377945083538 0.9006092765480922 570.2982070044372 0.0
2701.0173988174242 986.7984246842352 6.422680011917327 0.8994425144179949 574.1852909518561 0.0
2729.0455668438703 1011.9916200557259 6.4713339665565135 0.8982668389167365 578.0926279967849 0.0
2757.482286218482 1037.518478376767 6.520364028919221 0.8970820276590672 582.021979385741 0.0
2786.352596468048 1063.4002105210109 6.569806203686039 0.8958873981295632 585.9760320290837 0.0
2815.6627887899076 1089.6411297794732 6.619663724553017 0.8946766905818251 589.9548350790684 0.0
2845.3821544067414 1116.2120803636067 6.669873905607175 0.8934519330595663 593.9531011119569 0.0
2875.539779766076 1143.1378045795218 6.720479519857864 0.8922226619144098 597.9740527294582 0.0
2906.1557080106113 1170.4350584102745 6.771509105994327 0.8909880395399732 602.019805726412 0.0
2937.236621058736 1198.1083760002432 6.822966241804536 0.8897442476136312 606.0904271513187 0.0
2968.741109841917 1226.1195313051412 6.874775607934013 0.8884932035796673 610.1797613821134 0.0
3000.711470687901 1254.504763611038 6.927000095556165 0.8872335679004699 614.2925763096104 0.0
3033.165522755823 1283.2784216057562 6.979661417089789 0.8859651766500853 618.4303648993331 0.0
3066.1103428158626 1312.4452622818628 7.032763473313799 0.8846807586484431 622.5932101621104 0.0
3099.499260706808 1341.9620280235554 7.086220189392011 0.8833722669664539 626.7740504200112 0.0
3133.39390350507 1371.8810247160961 7.140117880383932 0.8820606438672378 630.9792782513232 0.0
3167.8001324045367 1402.2068738357852 7.194466952627431 0.880756650070321 635.2097160524316 0.0
3202.725453282753 1432.9445692394231 7.249271626593553 0.8794387972854594 639.4654611461091 0.0
