e[MeV/fm^3], P[MeV/fm^3], rho[fm^-3], v2[1], mu_q[MeV], mu_e[MeV]
70.21755168181654 0.006206087273093519 0.07407856508846018 0.017597877650005332 316.5185077347417 89.2771661002368
71.43578994790998 0.027644495228360377 0.07535555647246353 0.0175978776500052 316.5894798429086 89.8124074562691
72.67502861766434 0.04945246571785267 0.07665456106626496 0.017597877650005228 316.6616753923034 90.35687548400062
73.93562970314778 0.07163636938565421 0.07797595834102777 0.01759787765000538 316.7351154730202 90.91072923592193
75.21796145691394 0.09420268669514797 0.07932013430936638 0.01759787765000533 316.8098215387112 91.47413050632369
76.5223984795798 0.11715800982215896 0.0806874816381126 0.01759787765000522 316.8858154128541 92.04724387856187
77.84932182925448 0.14050904458066893 0.08207839976302188 0.017597877650005325 316.96311929512683 92.630236773136
79.19911913285509 0.16426261238173973 0.08349329500545777 0.017597877650005436 317.0417557678931 93.22327949659658
80.57218469934486 0.18842565222626206 0.08493258069109116 0.017597877650005332 317.12174780279906 93.82654529129692
81.96891963491473 0.21300522273190858 0.08639667727063695 0.017597877650005284 317.20311876748366 94.44021038599915
83.38973196016327 0.23800850419525207 0.0878860124426853 0.017597877650005242 317.2858924324053 95.06445404735784
84.83503672928572 0.26344280068923775 0.08940102127863886 0.01759787765000527 317.37009297778565 95.69945863228664
86.3052561513196 0.28931554219685157 0.0909421463498059 0.01759787765000538 317.45574500067295 96.34540964122833
87.80081971348744 0.3156342867816875 0.09250983785669148 0.017597877650005325 317.54287352212793 97.00249577234631
89.32216430665855 0.3424067227958098 0.09410455376051008 0.01759787765000531 317.63150399453286 97.67090897664707
90.86973435297011 0.3696406711256137 0.09572675991696154 0.017597877650005242 317.7216623090265 98.3508445140514
92.44398193566516 0.39734408747669764 0.0973769302123309 0.017597877650005228 317.8133748030682 99.04250101043964
94.04536693114535 0.4255250646977123 0.09905554670190979 0.01759787765000531 317.90666826813106 99.74608051566989
95.67435714332068 0.45419183514462985 0.10076309975082554 0.017892055534992374 318.00156995752883 100.46178856260559
97.33169327479138 0.4843410207312542 0.10250008817728433 0.018775745774211428 318.10048622561175 101.18570399772256
99.01814146064449 0.5170082040359527 0.10426701939828847 0.020025246310001077 318.2058447860128 101.91428658825437
100.73429318912723 0.5525181669555139 0.1060644095778678 0.02129999675038627 318.31828524079526 102.64750316311726
102.48063871606901 0.5907964457966746 0.10789278377786223 0.022549781036994038 318.43751805132047 103.38670836290729
104.25774423592242 0.6320103592916358 0.10975267611130558 0.023887708108000116 318.5638120290785 104.13237516689382
106.06623539667063 0.676492214395437 0.11164462989845152 0.025339806313660923 318.697770868173 104.88465247088972
107.90674784282342 0.7245234535359056 0.11356919782549418 0.026726883379044414 318.8398212612412 105.64215664334085
109.77980899298537 0.7757858510810522 0.11552694210601787 0.028008654354195556 318.9889635986241 106.39548846211913
111.68603200563659 0.8304189676497289 0.11751843464523576 0.02941848660514751 319.1453310518051 107.14305877628786
113.62612253642692 0.8889903796251314 0.1195442572070575 0.0310000273545607 319.31003653378224 107.89037199216354
115.60075117782822 0.9518318179215621 0.1216050015840337 0.03259969837934959 319.4836179784206 108.6399435927219
117.61049319554543 1.0189345897359714 0.12370126977023699 0.03419210470702347 319.6659546827271 109.3941654142798
119.65602415051524 1.0905481505064962 0.12583367413711752 0.03592218882239359 319.8573917239201 110.15411877028433
121.73815641876267 1.1672766767204164 0.12800283761239192 0.03778190969818496 320.0588603075681 110.92020174565145
123.85759205422588 1.2493614886182018 0.1302093938620144 0.0396255479711905 320.27062777688235 111.69348487044105
126.01496433860267 1.3368161240061027 0.13245398747528928 0.041461386350795104 320.4925793312381 112.47517112638602
128.2110155783424 1.429932568241939 0.13473727415316794 0.04346252473119688 320.7250671173629 113.26594974297757
130.4466887956552 1.52951487508801 0.1370599208997976 0.045590760196347446 320.969220213987 114.06610244230104
132.72270298041246 1.6357091714792171 0.13942260621736857 0.04767926014436641 321.22510082538804 114.87651716166351
135.03976205186157 1.748593799706529 0.14182602030432198 0.04977029748745049 321.49267975935425 115.69799950047124
137.3986835249372 1.8685229353243933 0.14427086525697244 0.05206400529136951 321.77234677231564 116.53110782929468
139.80057355445675 1.9965668028217445 0.14675785527460983 0.05448295484632937 322.0654823434704 117.37614392238619
142.24614757531495 2.1327305435734982 0.1492877168681315 0.05683638595368079 322.37191652081754 118.23384218287305
144.73619757503982 2.2771938463603174 0.15186118907227755 0.059208520968313694 322.69174413674494 119.10477732777403
147.27162660197732 2.430390920319256 0.15447902366151722 0.0618292055008095 323.0254080857181 119.98940983187808
149.85374556019306 2.5937403356179334 0.15714198536966398 0.06457197399617759 323.3745941649684 120.88804723823948
152.4832372283129 2.7670401807274834 0.15985085211327107 0.06721882453614525 323.7388555425644 121.80124809303793
155.16100474728017 2.9506159576823916 0.1626064152188807 0.06990575565196155 324.1184454344821 122.72942464238325
157.8880490867394 3.1450019316856195 0.16540947965419006 0.07289593855263288 324.5138717435153 123.67293532678868
160.66593902373984 3.3520690822739376 0.16826086426320178 0.07600220080988451 324.92718571735776 124.63202719571277
163.4952840125817 3.5713158744339593 0.17116140200542868 0.07897532922519734 325.3576004812541 125.6070903482084
166.37712853614147 3.8032695276021222 0.17411194019922174 0.08202037368123771 325.8055622707938 126.59840218489457
169.31260061973967 4.048620249866702 0.17711334076929286 0.08542133552471287 326.2716886567447 127.60620334892384
172.303551331823 4.309718566586897 0.18016648049850292 0.0889270452590527 326.7583492276527 128.63058410314463
175.35050383107742 4.585737524453315 0.1832722512839939 0.09226446929582366 327.26444376458807 129.67181814230588
178.45466868853612 4.877441713994387 0.18643156039773165 0.09572802473872655 327.7906096931573 130.73004905217363
181.61738960046912 5.18586172672753 0.18964533075154347 0.09956214286511778 328.3377308078966 131.80536363429957
184.84067158507494 5.5134958934314255 0.19291450116672415 0.10373013393142339 328.90808973361146 132.89762523650757
195.08558352273732 6.634586633638461 0.20311421965474677 0.0024172339696316705 329.50063467169656 153.44573024123252
289.776870967944 6.8634776302791725 0.548323887582543 0.0024172339696316722 330.116072530961 131.65414989943685
639.2342441788765 7.7081978637428925 1.7301222006271662 0.002417233969631675 330.7555888744374 109.00999246100051
1003.0031306616572 8.58751237324416 2.9603193271991177 0.03086960254752176 331.42129567013734 85.43847682510415
1069.5844238725433 10.989585148738268 3.1951465267012296 0.03870169555462476 332.11220306471756 65.17021029264659
1131.0723818586496 13.518298157714085 3.4133480847273345 0.049579476310162324 332.8290718474655 44.24282457501178
1178.1531424646362 16.157303432191814 3.579938973748446 0.7259066776128318 333.57341318817043 25.488261273117402
1181.730742665289 18.936411633161658 3.59082207202554 0.776807928527834 334.34705688852574 14.044244692958335
1185.439629683727 21.817504475098243 3.602104546213945 0.8035837409087003 335.149090910276 2.180268241593936
1189.0586515374184 24.820245933862196 3.6129142240097174 0.8357774056927041 335.9803024130194 0.0
1192.7624580684503 27.938799748072004 3.6239297876493115 0.84159290795973 336.84253077264475 0.0
1196.624257978238 31.187279748211925 3.63537767020025 0.8408896984381893 337.73719306437926 0.0
1200.6370421076554 34.560366081498714 3.6472440719348023 0.840249333181522 338.6634726746745 0.0
1204.8072849694465 38.062954924826016 3.659541917996408 0.8395492592308922 339.6221443059857 0.0
1209.1464735322245 41.70433186352029 3.672300744487329 0.838809512366141 340.61534675451054 0.0
1213.6609699249532 45.489376187154335 3.6855342207557906 0.8381072320060712 341.6439533067965 0.0
1218.345714507951 49.41417372997801 3.6992313976092492 0.8372869117091346 342.70726027181 0.0
1223.215873371472 53.489384328949804 3.713413048073324 0.8365800266861765 343.8059831368225 0.0
1228.2653468519827 57.71267005438336 3.728093789863153 0.8356965901207456 344.9424917462097 0.0
1233.5274898540413 62.106469649536216 3.7433076552021336 0.8347220781103744 346.11701155796936 0.0
1238.9745108982402 66.65174757503648 3.7590229301883387 0.8340235742398727 347.328966229596 0.0
1244.6218512193175 71.35925374520014 3.775259722357208 0.8330114887558402 348.57896372915343 0.0
1250.4925543008935 76.24615137098775 3.7920617146901976 0.832059531602054 349.86949367684684 0.0
1256.5719948571266 81.3023309969784 3.8094107997760376 0.8312394361302857 351.2000887836266 0.0
1262.8662729493606 86.53147944506702 3.8273090275299135 0.8301358118964499 352.5703075794808 0.0
1269.394985005742 91.9468475743488 3.845779207641638 0.8290254054120165 353.98060905644974 0.0
1276.156572372103 97.54926474196681 3.8648410942239324 0.8280891632379062 355.4334521442952 0.0
1283.1507827432984 103.3376492460262 3.884484783951254 0.827091286944488 356.9277197298895 0.0
1290.3810752948464 109.31398456799981 3.9047109154487503 0.8258865963880773 358.4631014669581 0.0
1297.8671133575856 115.49131425805301 3.925540833469727 0.8246369311825061 360.03988091456415 0.0
1305.6102942940968 121.87227684248874 3.946995321320806 0.8235113220935597 361.66030746350987 0.0
1313.6077096652066 128.45358216565324 3.969057564416095 0.8223426416442488 363.3227610243933 0.0
1321.8635901290054 135.23774705147932 3.991729898579188 0.8211299046461509 365.0270429856405 0.0
1330.3836647950316 142.22849452824101 4.015018694326804 0.8198758798670625 366.7732551876847 0.0
1339.1823712580526 149.43664273887575 4.038953788836843 0.8185821706609007 368.5632457970251 0.0
1348.2559381178044 156.8580581523837 4.06351531517232 0.8172530350139589 370.39513942729127 0.0
1357.6091460515092 164.4956038723477 4.088706753827061 0.8158909285170486 372.26881070045994 0.0
1367.2474378188451 172.35265759528758 4.114533281979877 0.8144979895088049 374.18425749083553 0.0
1377.1817801174855 180.4370580212768 4.141014634603729 0.8130757622644609 376.1425479489815 0.0
1387.4095655082551 188.74557364422833 4.16813430088931 0.8116275347801931 378.1420680020603 0.0
1397.9354499360252 197.28087241247596 4.195895190122033 0.8101550300643616 380.18264288681297 0.0
1408.7645309823445 206.0459563239086 4.224301309301847 0.8086599691074294 382.2641765278808 0.0
1419.9033926751476 215.0450017646955 4.253360453107045 0.8071437885914463 384.38684656688184 0.0
1431.3522126877683 224.27699030973662 4.28306368296739 0.8056086016411363 386.54960838431725 0.0
1443.1151369349966 233.74409752364653 4.313412458554612 0.804055808978605 388.75217980057613 0.0
1455.1963094050623 243.44847793281286 4.344408207637113 0.8024598884092704 390.99427615507426 0.0
1467.6027830144799 253.3939205460927 4.376053620206859 0.8007599607897422 393.27543963785325 0.0
1480.3466751354908 263.58728642008685 4.40835580719387 0.7990606314502422 395.59516773161965 0.0
1493.4205887137318 274.02337631595697 4.441304588423924 0.797429713074628 397.95311125729603 0.0
1506.827053291232 284.7029825882448 4.474897314303066 0.7957880866957154 400.3486982341418 0.0
1520.5673029792042 295.62585852855005 4.5091281642258005 0.7940033487920637 402.78113502043635 0.0
1534.6684180803493 306.8084238366061 4.544022502219098 0.7921815667133973 405.2503908250171 0.0
1549.1166026580936 318.2414933914597 4.579563782016152 0.7904805651742848 407.7560864453435 0.0
1563.9096987754065 329.9225052324447 4.615741494138231 0.788685445619496 410.2972643916196 0.0
1579.06630858405 341.8616984186904 4.65256601082421 0.7868071421663458 412.8731075256692 0.0
1594.5898074896213 354.0611545520063 4.690043313376718 0.7850192558606377 415.48395412590855 0.0
1610.4721709807059 366.5152872959282 4.728162337492756 0.7831433404450348 418.12942481666244 0.0
1626.7385947303412 379.2374817036947 4.76693416216029 0.7812167745293905 420.80808286670407 0.0
1643.3717343617643 392.2163127646959 4.806337489425915 0.7793696472808218 423.519388423576 0.0
1660.3872309694773 405.4614881922597 4.846391985211166 0.7774174725950882 426.263926491692 0.0
1677.8030413199074 418.9830016118972 4.887111197688247 0.7755046517116657 429.04133904117657 0.0
1695.5903290335336 432.76098744663386 4.928450222141104 0.7735300938023677 431.84962364736657 0.0
1713.7917811657355 446.82048059380276 4.970448992294262 0.7715603135357529 434.68879187402194 0.0
1732.3791603456225 461.14510504632 5.01308691182459 0.7695676221187142 437.55954505588323 0.0
1751.4033472745698 475.7641549991439 5.056408500566212 0.7675525162644785 440.4615602408136 0.0
1770.8096695946685 490.6418498217982 5.100339049800993 0.7655393522443781 443.39219174670734 0.0
1790.6563659909034 505.8129036652823 5.144939687599029 0.7634824786188332 446.35224304333093 0.0
1810.916234784574 521.2617334811422 5.190190772817222 0.7614560214385975 449.3424024244641 0.0
1831.6286258628238 537.0104915478033 5.236126102345219 0.7593635039058082 452.3623894048231 0.0
1852.7572171731122 553.033415349842 5.282681853651374 0.7573250090292536 455.4088468583903 0.0
1874.3305638287015 569.3488133597559 5.329900078881509 0.7552056807804277 458.48357591050296 0.0
1896.3705878709357 585.9694711419038 5.377805518231566 0.7531277500975744 461.5871295346198 0.0
1918.8620839170578 602.8858386050226 5.426381612228535 0.7510102180035076 464.7192724425523 0.0
1941.8155620886237 620.0980725727799 5.475600904356949 0.7488437913489143 467.87587687666405 0.0
1965.2393735267265 637.6142042538273 5.525497005270022 0.7467771299133368 471.0599151315838 0.0
1989.1394869345359 655.4375210395925 5.576077669441603 0.7446021324167109 474.2716930347005 0.0
2013.5571156314356 673.5905055569989 5.627378417175879 0.7423980010757045 477.5110201023164 0.0
2038.435354204928 692.0337075831538 5.679302330391115 0.740299416044552 480.77294680996494 0.0
2063.8152130599706 710.7954925314585 5.73192473153721 0.7381218618918126 484.06176219100337 0.0
2089.727950752176 729.8926912032164 5.785273109767851 0.7358936965519138 487.37742484726095 0.0
2116.170127363417 749.3219807300252 5.839339087339438 0.7337228382531329 490.71942709513365 0.0
2143.1050086661735 769.0556021663391 5.8940460666406995 0.7315748440351637 494.0830324628434 0.0
2170.5807972713606 789.1262921819055 5.949478948112042 0.7293471164791985 497.47289006040484 0.0
2198.6291754770573 809.5506748416673 6.00566452568961 0.7270913361795 500.8888825459008 0.0
2227.2369569949906 830.3192602902607 6.062580903210708 0.7248934519361416 504.3299917615031 0.0
2256.3772856790915 851.4107371897836 6.120166980556819 0.722702415604072 507.7922253856572 0.0
2286.0999049177085 872.858375773287 6.178507860413073 0.7205000703190283 511.2801267663313 0.0
2316.416615657042 894.6677668965185 6.2376125445135315 0.7182386423964839 514.7936148893198 0.0
2347.3431254171305 916.8442109950857 6.29747955570266 0.7159633876953642 518.3310928584808 0.0
2378.848468466248 939.3653957246964 6.358052139924232 0.7137353726323337 521.8894715714698 0.0
2410.9806793550592 962.2631893855666 6.419411721064473 0.711506166447375 525.4730848306887 0.0
2443.7524546776085 985.5435537775331 6.481568138172585 0.7092692001740453 529.0818842067226 0.0
2477.156405260981 1009.1981775062293 6.544493287155917 0.7070267390093328 532.7136335653959 0.0
2511.1860028523242 1033.219471265466 6.608161497660466 0.7047805385619164 536.3662857953279 0.0
2545.891787015807 1057.6400159010614 6.672653384532448 0.7025284915991978 540.0438741161018 0.0
2581.2874521546987 1082.46618115132 6.737979647984947 0.7002579685294581 543.7463790946406 0.0
2617.3641307058833 1107.6875374220906 6.804104136535807 0.6979804108800831 547.4708712870953 0.0
2654.122421452359 1133.3020165460337 6.871017924505249 0.6957186308295906 551.216467733508 0.0
2691.6086587147756 1159.3391967637392 6.938794139994729 0.6934614640910368 554.9868210458568 0.0
2729.83755135565 1185.8058639706776 7.00744431288011 0.6912014563933084 558.781937487146 0.0
2768.786333211396 1212.6828906283208 7.076912995772486 0.6889414009234631 562.5981454122898 0.0
2808.47266253673 1239.9791808103407 7.147217714324787 0.6866819113555724 566.4358348263322 0.0
2848.944216042501 1267.7240842359427 7.218428230457833 0.6844215920809109 570.2982070044372 0.0
2890.2168279915973 1295.9248417365654 7.290556933657462 0.6821606216836731 574.1852909518561 0.0
2932.2580838933914 1324.5557870224563 7.363532345824765 0.679902145126773 578.0926279967849 0.0
2975.101386129921 1353.6362243016556 7.437398132342658 0.6776459507829404 582.021979385741 0.0
3018.7916261697837 1383.192981150616 7.51221646136799 0.675390961599371 585.9760320290837 0.0
3063.3458316693877 1413.2337775808785 7.588000586042154 0.6731258482961273 589.9548350790684 0.0
3108.7267261725187 1443.7287411198085 7.664666587488393 0.6708546789474834 593.9531011119569 0.0
3154.985873266712 1474.7089360215784 7.742287099875038 0.6685954031783243 597.9740527294582 0.0
3202.1604698502033 1506.1960524772282 7.820911959920187 0.6663465807475966 602.019805726412 0.0
3250.2688685366325 1538.1983357063402 7.900555325728573 0.6641012730843396 606.0904271513187 0.0
3299.2546565410307 1570.6744586467237 7.981108498569435 0.6618630858028478 610.1797613821134 0.0
3349.1913397380085 1603.6693416095968 8.062677091720115 0.659629745438199 614.2925763096104 0.0
3400.1150854422203 1637.2027954667565 8.14530367692304 0.6574011074840698 618.4303648993331 0.0
3452.0455869868415 1671.2835964749463 8.229003294941716 0.6551648280889921 622.5932101621104 0.0
3504.9202522114424 1705.865335033753 8.313652801731186 0.6529075108836242 626.7740504200112 0.0
3558.848974778801 1741.0139357469625 8.39940316492932 0.6506652090193761 630.9792782513232 0.0
3613.8442238680145 1776.7360148212542 8.486270537930647 0.6484565866656613 635.2097160524316 0.0
3669.9271798981035 1813.0409307369632 8.57427089445933 0.64622965976654 639.4654611461091 0.0
