e[MeV/fm^3], P[MeV/fm^3], rho[fm^-3], v2[1], mu_q[MeV], mu_e[MeV]
70.21755168181654 0.006206087273093519 0.07407856508846018 0.017597877650005332 316.5185077347417 89.2771661002368
71.43578994790998 0.027644495228360377 0.07535555647246353 0.0175978776500052 316.5894798429086 89.8124074562691
72.67502861766434 0.04945246571785267 0.07665456106626496 0.017597877650005228 316.6616753923034 90.35687548400062
73.93562970314778 0.07163636938565421 0.07797595834102777 0.01759787765000538 316.7351154730202 90.91072923592193
75.21796145691394 0.09420268669514797 0.07932013430936638 0.01759787765000533 316.8098215387112 91.47413050632369
76.5223984795798 0.11715800982215896 0.0806874816381126 0.01759787765000522 316.8858154128541 92.04724387856187
77.84932182925448 0.14050904458066893 0.08207839976302188 0.017597877650005325 316.96311929512683 92.630236773136
79.19911913285509 0.16426261238173973 0.08349329500545777 0.017597877650005436 317.0417557678931 93.22327949659658
80.57218469934486 0.18842565222626206 0.08493258069109116 0.017597877650005332 317.12174780279906 93.82654529129692
81.96891963491473 0.21300522273190858 0.08639667727063695 0.017597877650005284 317.20311876748366 94.44021038599915
83.38973196016327 0.23800850419525207 0.0878860124426853 0.017597877650005242 317.2858924324053 95.06445404735784
84.83503672928572 0.26344280068923775 0.08940102127863886 0.01759787765000527 317.37009297778565 95.69945863228664
86.3052561513196 0.28931554219685157 0.0909421463498059 0.01759787765000538 317.45574500067295 96.34540964122833
87.80081971348744 0.3156342867816875 0.09250983785669148 0.017597877650005325 317.54287352212793 97.00249577234631
89.32216430665855 0.3424067227958098 0.09410455376051008 0.01759787765000531 317.63150399453286 97.67090897664707
90.86973435297011 0.3696406711256137 0.09572675991696154 0.017597877650005242 317.7216623090265 98.3508445140514
92.44398193566516 0.39734408747669764 0.0973769302123309 0.017597877650005228 317.8133748030682 99.04250101043964
94.04536693114535 0.4255250646977123 0.09905554670190979 0.01759787765000531 317.90666826813106 99.74608051566989
95.67435714332068 0.45419183514462985 0.10076309975082554 0.017892055534992374 318.00156995752883 100.46178856260559
97.33169327479138 0.4843410207312542 0.10250008817728433 0.018775745774211428 318.10048622561175 101.18570399772256
99.01814146064449 0.5170082040359527 0.10426701939828847 0.020025246310001077 318.2058447860128 101.91428658825437
100.73429318912723 0.5525181669555139 0.1060644095778678 0.02129999675038627 318.31828524079526 102.64750316311726
102.48063871606901 0.5907964457966746 0.10789278377786223 0.022549781036994038 318.43751805132047 103.38670836290729
104.25774423592242 0.6320103592916358 0.10975267611130558 0.023887708108000116 318.5638120290785 104.13237516689382
106.06623539667063 0.676492214395437 0.11164462989845152 0.025339806313660923 318.697770868173 104.88465247088972
107.90674784282342 0.7245234535359056 0.11356919782549418 0.026726883379044414 318.8398212612412 105.64215664334085
109.77980899298537 0.7757858510810522 0.11552694210601787 0.028008654354195556 318.9889635986241 106.39548846211913
111.68603200563659 0.8304189676497289 0.11751843464523576 0.02941848660514751 319.1453310518051 107.14305877628786
113.62612253642692 0.8889903796251314 0.1195442572070575 0.0310000273545607 319.31003653378224 107.89037199216354
115.60075117782822 0.9518318179215621 0.1216050015840337 0.03259969837934959 319.4836179784206 108.6399435927219
117.61049319554543 1.0189345897359714 0.12370126977023699 0.03419210470702347 319.6659546827271 109.3941654142798
119.65602415051524 1.0905481505064962 0.12583367413711752 0.03592218882239359 319.8573917239201 110.15411877028433
121.73815641876267 1.1672766767204164 0.12800283761239192 0.03778190969818496 320.0588603075681 110.92020174565145
123.85759205422588 1.2493614886182018 0.1302093938620144 0.0396255479711905 320.27062777688235 111.69348487044105
126.01496433860267 1.3368161240061027 0.13245398747528928 0.041461386350795104 320.4925793312381 112.47517112638602
128.2110155783424 1.429932568241939 0.13473727415316794 0.04346252473119688 320.7250671173629 113.26594974297757
130.4466887956552 1.52951487508801 0.1370599208997976 0.045590760196347446 320.969220213987 114.06610244230104
132.72270298041246 1.6357091714792171 0.13942260621736857 0.04767926014436641 321.22510082538804 114.87651716166351
135.03976205186157 1.748593799706529 0.14182602030432198 0.04977029748745049 321.49267975935425 115.69799950047124
137.3986835249372 1.8685229353243933 0.14427086525697244 0.05206400529136951 321.77234677231564 116.53110782929468
139.80057355445675 1.9965668028217445 0.14675785527460983 0.05448295484632937 322.0654823434704 117.37614392238619
142.24614757531495 2.1327305435734982 0.1492877168681315 0.05683638595368079 322.37191652081754 118.23384218287305
144.73619757503982 2.2771938463603174 0.15186118907227755 0.059208520968313694 322.69174413674494 119.10477732777403
147.27162660197732 2.430390920319256 0.15447902366151722 0.0618292055008095 323.0254080857181 119.98940983187808
149.85374556019306 2.5937403356179334 0.15714198536966398 0.06457197399617759 323.3745941649684 120.88804723823948
152.4832372283129 2.7670401807274834 0.15985085211327107 0.06721882453614525 323.7388555425644 121.80124809303793
155.16100474728017 2.9506159576823916 0.1626064152188807 0.06990575565196155 324.1184454344821 122.72942464238325
157.8880490867394 3.1450019316856195 0.16540947965419006 0.07289593855263288 324.5138717435153 123.67293532678868
160.66593902373984 3.3520690822739376 0.16826086426320178 0.07600220080988451 324.92718571735776 124.63202719571277
163.4952840125817 3.5713158744339593 0.17116140200542868 0.07897532922519734 325.3576004812541 125.6070903482084
166.37712853614147 3.8032695276021222 0.17411194019922174 0.08202037368123771 325.8055622707938 126.59840218489457
169.31260061973967 4.048620249866702 0.17711334076929286 0.08542133552471287 326.2716886567447 127.60620334892384
172.303551331823 4.309718566586897 0.18016648049850292 0.0889270452590527 326.7583492276527 128.63058410314463
175.35050383107742 4.585737524453315 0.1832722512839939 0.09226446929582366 327.26444376458807 129.67181814230588
178.45466868853612 4.877441713994387 0.18643156039773165 0.09572802473872655 327.7906096931573 130.73004905217363
181.61738960046912 5.18586172672753 0.18964533075154347 0.09956214286511778 328.3377308078966 131.80536363429957
184.84067158507494 5.5134958934314255 0.19291450116672415 0.10348029397253222 328.90808973361146 132.89762523650757
188.12508868773136 5.859506730761704 0.19624002664828616 0.10723125726635341 329.50063467169656 134.00704679883177
191.47199658539387 6.224818666062787 0.19962287866394354 0.11114950466071183 330.116072530961 135.1336328978941
194.88301649425165 6.610906017540677 0.2030640454278977 0.11544544815415358 330.7555888744374 164.40732678838668
198.3602890613904 7.020342674256472 0.2065645321895225 0.12004754171675414 331.42129567013734 152.62952393372572
204.06858228069908 7.723462604606231 0.2122895278876085 0.0041298206595426976 332.11220306471756 140.4058676082142
290.49885117974907 8.16261576386773 0.507592538685883 0.00603220162397998 332.8290718474655 127.72289779266782
386.79044948885746 8.845507972841899 0.8376479603729603 0.01155473843035515 333.57341318817043 115.10427779435507
460.2125964552116 9.943729220755582 1.0943366352379726 0.01495762917988417 334.34705688852574 103.47809509514259
536.3291082162715 11.082251778143807 1.3604449873711109 0.02035187755901953 335.149090910276 91.42526759383887
596.5386793596081 12.56454085259113 1.5817198448923349 0.026104519949641095 335.9803024130194 80.27681493470996
654.8193214765496 14.169742136503126 1.7990630724238739 0.02837960923668313 336.84253077264475 69.01259509575138
718.8056189994589 16.044447554025496 2.0521830992260814 0.029874248093742298 337.73719306437926 57.62994866764757
787.7834775138302 18.147917809258267 2.3356977340497918 0.04805226065108181 338.6634726746745 46.082288989367896
827.1583533615819 20.434598487125907 2.494649853875095 0.38293755411282193 339.6221443059857 34.751499493898564
832.9382501822091 22.92356465001019 2.5122570329286087 0.4407320342140868 340.61534675451054 23.691398944983543
838.6936327972543 25.51807116092589 2.529452068514147 0.4599384792129839 341.6439533067965 13.28419259695237
844.4425909671719 28.214736256649537 2.5463225405143373 0.4700371505883756 342.70726027181 3.436952637064506
850.409192622646 31.025248376424955 2.563713958529799 0.4714150278417204 343.8059831368225 0.3459865860790994
856.5915211805147 33.94208896366979 2.5816869867408196 0.4712049965269256 344.9424917462097 0.0006781156420450074
863.0736105940034 36.99241825188079 2.6004265405266054 0.47035179019726625 346.11701155796936 0.0
869.7989150006911 40.15409814417068 2.6198281963200056 0.4697477916591213 347.328966229596 0.0
876.7979258368264 43.43917881039117 2.6399496958545408 0.46887882044276585 348.57896372915343 0.0
884.1101531629408 46.86402415919319 2.6608756726919376 0.46806585892808084 349.86949367684684 0.0
891.7063298493447 50.417116284411414 2.6825513287417886 0.4673725487568521 351.2000887836266 0.0
899.6015010980739 54.10402634032663 2.7050001326346926 0.46644803537693535 352.5703075794808 0.0
907.8364703736338 57.94061732039086 2.7282956493934503 0.46552335335289596 353.98060905644974 0.0
916.3979131248955 61.92290415251644 2.7524296004890823 0.46475193775307844 355.4334521442952 0.0
925.2901845979319 66.05200173510623 2.777402102438846 0.4639363703940136 356.9277197298895 0.0
934.5223941643845 70.33122574346523 2.8032265048146927 0.46296201739391263 358.4631014669581 0.0
944.1368435591253 74.77686117937405 2.8299767511850873 0.46195885166473616 360.03988091456415 0.0
954.1273768342851 79.38758957400631 2.857655921668756 0.461065326092041 361.66030746350987 0.0
964.495030731234 84.16297386629587 2.8862545550766856 0.46014635755527467 363.3227610243933 0.0
975.2504620855515 89.10693863877566 2.915788768193225 0.4592020021701413 365.0270429856405 0.0
986.4064154527089 94.22434254697119 2.946280033497998 0.4582352709730704 366.7732551876847 0.0
997.9873081055591 99.52534790042533 2.9777810102792026 0.4572481991362931 368.5632457970251 0.0
1009.9937755970261 105.00919663663089 3.0102791673192444 0.4562447756723169 370.39513942729127 0.0
1022.437761437815 110.68029716476754 3.043792563148502 0.45522751595116073 372.26881070045994 0.0
1035.3322304990033 116.54349739309524 3.0783416169872373 0.45419862065032657 374.18425749083553 0.0
1048.6977641503508 122.60706684787606 3.1139665521414788 0.4531597764366939 376.1425479489815 0.0
1062.5368097766918 128.8710246985247 3.1506588965470015 0.4521138754113396 378.1420680020603 0.0
1076.8616486205613 135.33984021076392 3.1884361926081075 0.4510625831125621 380.18264288681297 0.0
1091.6852928366654 142.01828925456746 3.2273175470036852 0.4500075005098072 382.2641765278808 0.0
1107.022944296134 148.91210638335184 3.267327385455837 0.44894996672413434 384.38684656688184 0.0
1122.8810870965265 156.02308931635528 3.3084670936606053 0.4478917331171761 386.54960838431725 0.0
1139.2717342173958 163.35550930460775 3.350752273817847 0.44683399442590943 388.75217980057613 0.0
1156.207001242397 170.91366493672894 3.3941984899868727 0.44576010377156106 390.99427615507426 0.0
1173.7068490998581 178.70469355934137 3.4388323172568493 0.44463075110126393 393.27543963785325 0.0
1191.8036837895852 186.74034668685061 3.4846992665194874 0.44351500151682277 395.59516773161965 0.0
1210.4831632157561 195.0149232223177 3.53177154602738 0.4424581038252198 397.95311125729603 0.0
1229.755493622109 203.53180769012968 3.580058740573835 0.4414071763729037 400.3486982341418 0.0
1249.6290578953735 212.29357222464216 3.6295657209613474 0.44028018093831545 402.78113502043635 0.0
1270.1704477714754 221.32490272570968 3.680393245936393 0.43914289507137827 405.2503908250171 0.0
1291.3501575814432 230.6144198098015 3.7324895553468123 0.438095377431968 407.7560864453435 0.0
1313.1696200590713 240.1619800102582 3.785846821605088 0.4370048088482559 410.2972643916196 0.0
1335.680170122372 249.98605374340252 3.8405343761718886 0.43587766380889015 412.8731075256692 0.0
1358.8899328298235 260.0896717053345 3.8965639118940727 0.43481853288794436 415.48395412590855 0.0
1382.783057272969 270.4665699151127 3.9539052152280107 0.43372342103676775 418.12942481666244 0.0
1407.4316732388522 281.14246910383883 4.012652057486498 0.43261169733597704 420.80808286670407 0.0
1432.7980198488121 292.10288213976156 4.07273961528029 0.4315609667677158 423.519388423576 0.0
1458.9193721941253 303.361747461678 4.1342247402656875 0.43046543851255414 426.263926491692 0.0
1485.8447073620048 314.93673980067155 4.197173206457276 0.42940495441983106 429.04133904117657 0.0
1513.5159075077893 326.8050332703942 4.261478533358433 0.42832705564650997 431.84962364736657 0.0
1542.0425268542722 339.0067837255997 4.327297282575086 0.4272634930785868 434.68879187402194 0.0
1571.351125745849 351.51516772981824 4.394523993541367 0.42620499818063884 437.55954505588323 0.0
1601.575225498641 364.3788443526126 4.4633449527988605 0.42514594728703425 440.4615602408136 0.0
1632.594500328862 377.5517926492845 4.5335590194394175 0.4241051091253629 443.39219174670734 0.0
1664.555427423946 391.08799019392916 4.6053783840733375 0.42305330591913926 446.35224304333093 0.0
1697.3862213768937 404.9613156305782 4.678701790572758 0.42203322290166145 449.3424024244641 0.0
1731.1928621240156 419.2101373166122 4.753671901718421 0.4209924503936131 452.3623894048231 0.0
1765.9061118575216 433.806776405504 4.830155236176653 0.4199930089203763 455.4088468583903 0.0
1801.590883251989 448.77583117110623 4.9082541270135485 0.4189679293479882 458.48357591050296 0.0
1838.3038427948418 464.13803524455307 4.988046500992426 0.4179755886993535 461.5871295346198 0.0
1876.0093759889744 479.8800082715456 5.069475501741803 0.416979248336391 464.7192724425523 0.0
1914.7667654897045 496.0203814094156 5.152577544527883 0.41597237169390056 467.87587687666405 0.0
1954.580620324343 512.5624600060476 5.237380830378847 0.41502506381579085 471.0599151315838 0.0
1995.4674212100238 529.5121748828337 5.323905157669072 0.4140422020357155 474.2716930347005 0.0
2037.542053195191 546.9107650783586 5.412296831620974 0.4130583031665065 477.5110201023164 0.0
2080.691126116984 564.7135347952185 5.5023479496902805 0.4121345548398079 480.77294680996494 0.0
2124.996736552663 582.9528002490256 5.5942046378230135 0.4111890649182026 484.06176219100337 0.0
2170.5472189564916 601.6601647955905 5.687976419589394 0.4102339311108194 487.37742484726095 0.0
2217.3407794838195 620.834297557208 5.783648125881411 0.40931576710820305 490.71942709513365 0.0
2265.3165524531605 640.4496834365319 5.881084284497639 0.4084192534907336 494.0830324628434 0.0
2314.5742774349633 660.5451844609784 5.980456083707036 0.40750197304499824 497.47289006040484 0.0
2365.2058325964977 681.1534680552743 6.081872974083342 0.406584829777084 500.8888825459008 0.0
2417.1868284719226 702.2646886173585 6.185284493382855 0.4057031541062788 504.3299917615031 0.0
2470.4782415027207 723.8616744718439 6.290590070245699 0.4048356007709204 507.7922253856572 0.0
2525.185760565501 745.9852774095677 6.397965388213375 0.40397472115577227 511.2801267663313 0.0
2581.3468541363277 768.6485449130996 6.507448680591329 0.4031023969020744 514.7936148893198 0.0
2639.0229097300657 791.8719602239805 6.619090002935758 0.4022356944871257 518.3310928584808 0.0
2698.1567749223245 815.6324335435851 6.732774280714689 0.40139808442324565 521.8894715714698 0.0
2758.8519044923014 839.9697916026811 6.8486700642806095 0.4005706581995421 525.4730848306887 0.0
2821.148899736551 864.8981505659824 6.9668177402310185 0.39975080101612726 529.0818842067226 0.0
2885.0502062580103 890.41635516365 7.087185038448078 0.3989392377319305 532.7136335653959 0.0
2950.5593123210992 916.5237443081454 7.209742645982521 0.3981364809021182 536.3662857953279 0.0
3017.7901776937315 943.2636049658928 7.3346664467528555 0.3973416525454496 540.0438741161018 0.0
3086.786922274177 970.6512515644595 7.461999199887539 0.3965503237552914 543.7463790946406 0.0
3157.554931373053 998.6859610304297 7.591701247859374 0.3957663049847664 547.4708712870953 0.0
3230.1087781952697 1027.3718270885863 7.723768392619616 0.394997326292569 551.216467733508 0.0
3304.5545132981597 1056.7489610636642 7.85836039641361 0.39423931178881055 554.9868210458568 0.0
3380.93982606554 1086.8338935005181 7.995522382226016 0.3934895406196173 558.781937487146 0.0
3459.2373589637446 1117.6136178848296 8.135164788719486 0.39274879008396013 562.5981454122898 0.0
3539.500285392058 1149.1068751844307 8.277342889742586 0.3920171008505591 566.4358348263322 0.0
3621.8435718310748 1181.356520809826 8.42221900098035 0.39129386494672147 570.2982070044372 0.0
3706.318903658397 1214.3804441959796 8.56984083035197 0.39057898946211456 574.1852909518561 0.0
3792.878888424855 1248.1578413031616 8.720083318418641 0.38987330702564993 578.0926279967849 0.0
3881.6108505361685 1282.7205723470745 8.873056548459193 0.3891765825516611 582.021979385741 0.0
3972.627390011535 1318.1101669918244 9.028910972623544 0.38848832082594065 585.9760320290837 0.0
4065.9844469857476 1354.3459603459928 9.18769699037722 0.3878050081415747 589.9548350790684 0.0
4161.629439442204 1391.404547455374 9.34926961924361 0.3871277337430099 593.9531011119569 0.0
4259.690360325107 1429.333266958681 9.513801723264597 0.38646171288263265 597.9740527294582 0.0
4360.263415957107 1468.1673174298035 9.681415248208737 0.3858063207816329 602.019805726412 0.0
4463.409306834998 1507.9276489160793 9.85216352625167 0.3851593103975288 606.0904271513187 0.0
4569.027559426411 1548.5731830496657 10.025834514783917 0.38452154935741767 610.1797613821134 0.0
4677.29719823729 1590.1704726469388 10.202676690364255 0.3838922152199373 614.2925763096104 0.0
4788.318654349366 1632.755606938028 10.382805222605992 0.3832711051216746 618.4303648993331 0.0
4902.157447408207 1676.351170695486 10.56627635624643 0.38265471482771574 622.5932101621104 0.0
5018.7050905619835 1720.9123961282353 10.752852948521054 0.38203934633265746 626.7740504200112 0.0
5138.235864553725 1766.5405774146157 10.942904971818944 0.38143460520667727 630.9792782513232 0.0
5260.785556781926 1813.2484725205693 11.136467177793802 0.3808454124448808 635.2097160524316 0.0
5386.425068671581 1861.0604892937997 11.333598979295234 0.3802530040345147 639.4654611461091 0.0
