e[MeV/fm^3], P[MeV/fm^3], rho[fm^-3], v2[1], mu_q[MeV], mu_e[MeV]
70.21755168181654 0.006206087273093519 0.07407856508846018 0.017597877650005332 316.5185077347417 89.2771661002368
71.43578994790998 0.027644495228360377 0.07535555647246353 0.0175978776500052 316.5894798429086 89.8124074562691
72.67502861766434 0.04945246571785267 0.07665456106626496 0.017597877650005228 316.6616753923034 90.35687548400062
73.93562970314778 0.07163636938565421 0.07797595834102777 0.01759787765000538 316.7351154730202 90.91072923592193
75.21796145691394 0.09420268669514797 0.07932013430936638 0.01759787765000533 316.8098215387112 91.47413050632369
76.5223984795798 0.11715800982215896 0.0806874816381126 0.01759787765000522 316.8858154128541 92.04724387856187
77.84932182925448 0.14050904458066893 0.08207839976302188 0.017597877650005325 316.96311929512683 92.630236773136
79.19911913285509 0.16426261238173973 0.08349329500545777 0.017597877650005436 317.0417557678931 93.22327949659658
80.57218469934486 0.18842565222626206 0.08493258069109116 0.017597877650005332 317.12174780279906 93.82654529129692
81.96891963491473 0.21300522273190858 0.08639667727063695 0.017597877650005284 317.20311876748366 94.44021038599915
83.38973196016327 0.23800850419525207 0.0878860124426853 0.017597877650005242 317.2858924324053 95.06445404735784
84.83503672928572 0.26344280068923775 0.08940102127863886 0.01759787765000527 317.37009297778565 95.69945863228664
86.3052561513196 0.28931554219685157 0.0909421463498059 0.01759787765000538 317.45574500067295 96.34540964122833
87.80081971348744 0.3156342867816875 0.09250983785669148 0.017597877650005325 317.54287352212793 97.00249577234631
89.32216430665855 0.3424067227958098 0.09410455376051008 0.01759787765000531 317.63150399453286 97.67090897664707
90.86973435297011 0.3696406711256137 0.09572675991696154 0.017597877650005242 317.7216623090265 98.3508445140514
92.44398193566516 0.39734408747669764 0.0973769302123309 0.017597877650005228 317.8133748030682 99.04250101043964
94.04536693114535 0.4255250646977123 0.09905554670190979 0.01759787765000531 317.90666826813106 99.74608051566989
95.67435714332068 0.45419183514462985 0.10076309975082554 0.017892055534992374 318.00156995752883 100.46178856260559
97.33169327479138 0.4843410207312542 0.10250008817728433 0.018775745774211428 318.10048622561175 101.18570399772256
99.01814146064449 0.5170082040359527 0.10426701939828847 0.020025246310001077 318.2058447860128 101.91428658825437
100.73429318912723 0.5525181669555139 0.1060644095778678 0.02129999675038627 318.31828524079526 102.64750316311726
102.48063871606901 0.5907964457966746 0.10789278377786223 0.022549781036994038 318.43751805132047 103.38670836290729
104.25774423592242 0.6320103592916358 0.10975267611130558 0.023887708108000116 318.5638120290785 104.13237516689382
106.06623539667063 0.676492214395437 0.11164462989845152 0.025339806313660923 318.697770868173 104.88465247088972
107.90674784282342 0.7245234535359056 0.11356919782549418 0.026726883379044414 318.8398212612412 105.64215664334085
109.77980899298537 0.7757858510810522 0.11552694210601787 0.028008654354195556 318.9889635986241 106.39548846211913
111.68603200563659 0.8304189676497289 0.11751843464523576 0.02941848660514751 319.1453310518051 107.14305877628786
113.62612253642692 0.8889903796251314 0.1195442572070575 0.0310000273545607 319.31003653378224 107.89037199216354
115.60075117782822 0.9518318179215621 0.1216050015840337 0.03259969837934959 319.4836179784206 108.6399435927219
117.61049319554543 1.0189345897359714 0.12370126977023699 0.03419210470702347 319.6659546827271 109.3941654142798
119.65602415051524 1.0905481505064962 0.12583367413711752 0.03592218882239359 319.8573917239201 110.15411877028433
121.73815641876267 1.1672766767204164 0.12800283761239192 0.03778190969818496 320.0588603075681 110.92020174565145
123.85759205422588 1.2493614886182018 0.1302093938620144 0.0396255479711905 320.27062777688235 111.69348487044105
126.01496433860267 1.3368161240061027 0.13245398747528928 0.041461386350795104 320.4925793312381 112.47517112638602
128.2110155783424 1.429932568241939 0.13473727415316794 0.04346252473119688 320.7250671173629 113.26594974297757
130.4466887956552 1.52951487508801 0.1370599208997976 0.045590760196347446 320.969220213987 114.06610244230104
132.72270298041246 1.6357091714792171 0.13942260621736857 0.04767926014436641 321.22510082538804 114.87651716166351
135.03976205186157 1.748593799706529 0.14182602030432198 0.04977029748745049 321.49267975935425 115.69799950047124
137.3986835249372 1.8685229353243933 0.14427086525697244 0.05206400529136951 321.77234677231564 116.53110782929468
139.80057355445675 1.9965668028217445 0.14675785527460983 0.05448295484632937 322.0654823434704 117.37614392238619
142.24614757531495 2.1327305435734982 0.1492877168681315 0.05683638595368079 322.37191652081754 118.23384218287305
144.73619757503982 2.2771938463603174 0.15186118907227755 0.059208520968313694 322.69174413674494 119.10477732777403
147.27162660197732 2.430390920319256 0.15447902366151722 0.0618292055008095 323.0254080857181 119.98940983187808
149.85374556019306 2.5937403356179334 0.15714198536966398 0.06457197399617759 323.3745941649684 120.88804723823948
152.4832372283129 2.7670401807274834 0.15985085211327107 0.06721882453614525 323.7388555425644 121.80124809303793
155.16100474728017 2.9506159576823916 0.1626064152188807 0.06990575565196155 324.1184454344821 122.72942464238325
157.8880490867394 3.1450019316856195 0.16540947965419006 0.07289593855263288 324.5138717435153 123.67293532678868
160.66593902373984 3.3520690822739376 0.16826086426320178 0.07600220080988451 324.92718571735776 124.63202719571277
163.4952840125817 3.5713158744339593 0.17116140200542868 0.07897532922519734 325.3576004812541 125.6070903482084
166.37712853614147 3.8032695276021222 0.17411194019922174 0.08202037368123771 325.8055622707938 126.59840218489457
169.31260061973967 4.048620249866702 0.17711334076929286 0.08542133552471287 326.2716886567447 127.60620334892384
172.303551331823 4.309718566586897 0.18016648049850292 0.0889270452590527 326.7583492276527 128.63058410314463
175.35050383107742 4.585737524453315 0.1832722512839939 0.09226446929582366 327.26444376458807 129.67181814230588
178.45466868853612 4.877441713994387 0.18643156039773165 0.09572802473872655 327.7906096931573 130.73004905217363
181.61738960046912 5.18586172672753 0.18964533075154347 0.09956214286511778 328.3377308078966 131.80536363429957
184.84067158507494 5.5134958934314255 0.19291450116672415 0.10348029397253222 328.90808973361146 132.89762523650757
188.12508868773136 5.859506730761704 0.19624002664828616 0.10723125726635341 329.50063467169656 134.00704679883177
191.47199658539387 6.224818666062787 0.19962287866394354 0.11114950466071183 330.116072530961 135.1336328978941
194.88301649425165 6.610906017540677 0.2030640454278977 0.11544544815415358 330.7555888744374 136.2772622126371
198.3602890613904 7.020342674256472 0.2065645321895225 0.11979382346787826 331.42129567013734 137.43754067535426
201.9044613376726 7.452308308070558 0.2101253615270204 0.12397650239191993 332.11220306471756 138.61467605675114
205.5170562570145 7.907903230714149 0.21374757364614289 0.1283699626450635 332.8290718474655 139.80852765902867
209.2000509218192 8.389163756231573 0.21743222668406043 0.1331367755092301 333.57341318817043 141.01869117551004
212.95568685700158 8.89862029273525 0.22118039701847075 0.1379109881763032 334.34705688852574 142.2445530860434
216.7847142491265 9.435507109353031 0.224993179582034 0.1425209986125906 335.149090910276 143.4863497980139
220.6888478651131 10.001107919216421 0.22887168818223044 0.1473848211915132 335.9803024130194 144.74379875149575
224.67051841244387 10.598148441577159 0.23281705582673115 0.15260238957125072 336.84253077264475 146.0161250814302
228.73201076449018 11.228941923303356 0.23683043505437643 0.1577674592771845 337.73719306437926 147.30260528428684
232.87421847820065 11.892825884399452 0.2409129982718618 0.16276966708385543 338.6634726746745 148.60351662363965
237.09907459677976 12.591262929879372 0.2450659380962259 0.1680647442175771 339.6221443059857 149.91845083271977
241.4095830266287 13.327795359770137 0.24929046770324403 0.17367604335428166 340.61534675451054 151.2461733723472
245.80798450797525 14.104290408314728 0.25358782118182577 0.17916063314688135 341.6439533067965 152.5860269646372
250.29536865638684 14.920249387540146 0.2579592538945237 0.18448376658109078 342.70726027181 153.9383214680799
254.87391430339358 15.777295306389933 0.26240604284425445 0.19013115054428797 343.8059831368225 155.30255316107613
259.54734193097937 16.679902122692877 0.2669294870473437 0.19603884001981875 344.9424917462097 156.67695034502995
264.3177234138911 17.62921742422393 0.2715309079130002 0.20173455319505607 346.11701155796936 158.06114921462316
269.1864120746621 18.624978432827973 0.2762116496293318 0.20727097595137622 347.328966229596 159.45546560193614
274.15586021544175 19.66893704821644 0.28097307955601647 0.2131521958171756 348.57896372915343 160.8593430130801
279.2306731431928 20.76658998854091 0.28581658862374093 0.21922189252154145 349.86949367684684 162.27041922778363
284.412585417037 21.918069468750467 0.29074359174052566 0.2249894143101847 351.2000887836266 163.68887481305947
289.7032992122702 23.123430865940225 0.29575552820505524 0.2306016920899494 352.5703075794808 165.1149897852477
295.1055673860831 24.38451504681977 0.300853862127132 0.23656661428271297 353.98060905644974 166.5482047162215
300.6250734626658 25.70790002720107 0.3060400828553784 0.24263779812409947 355.4334521442952 167.985546141962
306.2629978571605 27.092417065261266 0.3113157054123131 0.24831998114039466 356.9277197298895 169.42797804232237
312.0214966673664 28.538529352055203 0.3166822709369256 0.2538541104542591 358.4631014669581 170.8756920374787
317.9036494111742 30.048126085066315 0.3221413471348811 0.2597359108053192 360.03988091456415 172.3281747479247
323.9164360611114 31.628890065835524 0.32769452873648597 0.2656390932017807 361.66030746350987 173.78185544558517
330.06021547034334 33.278110584552124 0.3333434379625472 0.2710787578055842 363.3227610243933 175.23867305073648
336.3377248306841 34.996751726455315 0.3390897249982634 0.27638164452897485 365.0270429856405 176.69867300893014
342.75239563416363 36.78671837750218 0.3449350684752844 0.2820159576097043 366.7732551876847 178.16142771359964
349.3127469329602 38.65679115669434 0.35088117596208035 0.28759239956345484 368.5632457970251 1000.0966586396767
356.0179982424811 40.60254779373834 0.3569297844627652 0.2926507180164095 370.39513942729127 964.898487086601
362.87161894726887 42.62554485678177 0.3630826609245175 0.2976058496429581 372.26881070045994 928.8975960864624
369.8776838050342 44.72802159039085 0.3693416027537498 0.3028324596598386 374.18425749083553 892.0940264825698
377.04571989459646 46.91882012835673 0.3757084383411748 0.30793255850782497 376.1425479489815 854.4672547324236
384.37423920137996 49.19272886637786 0.3821850275959231 0.3125215544923945 378.1420680020603 816.0482937789664
391.8673537720589 51.551645656583794 0.38877326248886857 0.31704011341831206 380.18264288681297 776.8405015394209
399.53022857376277 53.998550771733285 0.3954750676053199 0.32173794710659864 382.2641765278808 736.8457240145061
407.3724291860139 56.54109433027862 0.4022924007072386 0.3262560177033471 384.38684656688184 696.0605479819454
415.3926093188036 59.174483419942426 0.40922725330514964 0.33032373141907057 386.54960838431725 654.505044856214
423.5953061809909 61.90062597545923 0.41628165123991057 0.3343330679737635 388.75217980057613 612.1846364621325
431.9870027817532 64.72329723895402 0.4234576552745099 0.33844367777413575 390.99427615507426 569.1047922941694
440.5770251421459 67.64881573370899 0.43075736169606577 0.34234063934627335 393.27543963785325 525.2743087546856
449.3643086509324 70.67296114055506 0.4381829029282034 0.34585294088734964 395.59516773161965 480.7028412568618
458.3538473549931 73.79767867736162 0.4457364481539887 0.3493186232354084 397.95311125729603 435.3970989593889
467.5536981515388 77.027587172091 0.45342020394959914 0.35282403402270646 400.3486982341418 389.368071952466
476.9726258790827 80.36760327959247 0.4612364149289199 0.35610018974828783 402.78113502043635 342.63100934061146
486.6100156532322 83.81420550185936 0.4691873643992499 0.3591561821609943 405.2503908250171 295.18650274803514
505.72483212579004 90.73088138135455 0.48482867349097214 0.0031121865764459702 407.7560864453435 247.0418382069921
639.611227486399 91.27390380719737 0.8593300976678008 0.004999502805888227 410.2972643916196 198.21541301388612
1333.4215478260423 98.13542202429926 2.807795872131665 0.013909189336382466 412.8731075256692 149.02635367990803
1963.705365872272 109.2036613543276 4.617986764133249 0.021441030312589288 415.48395412590855 99.51453387179885
2572.590659643836 124.54123781520981 6.429544017006199 0.25233866519002235 418.12942481666244 46.670262410136075
2636.185467239903 142.0974218987399 6.602191903702124 0.468549828782848 420.80808286670407 6.836321336935689
2668.048446207614 160.09973863116298 6.677680650520529 0.5642129173416097 423.519388423576 0.0
2700.7575012289667 178.52846236268044 6.754672343149673 0.5624039491847586 426.263926491692 0.0
2734.3828813189407 197.4046108039598 6.833285008541283 0.5604771526056536 429.04133904117657 0.0
2768.858421872302 216.69594185311576 6.913403233605523 0.5585071817842642 431.84962364736657 0.0
2804.3002942040757 236.4519135410791 6.995177598222492 0.5565553360530933 434.68879187402194 0.0
2840.63089972494 256.63974307109356 7.078511289017791 0.5546008120559955 437.55954505588323 0.0
2877.990985502786 277.31859805773666 7.163581280269895 0.552637432461367 440.4615602408136 0.0
2916.2472514068404 298.42660263550516 7.2501769689472955 0.5506959890749514 443.39219174670734 0.0
2955.5558753395176 320.0310167507187 7.338507570767334 0.5487260590093093 446.35224304333093 0.0
2995.8412994757355 342.10018256336417 7.428480230298531 0.5468043939884213 449.3424024244641 0.0
3037.214480143614 364.68006111062743 7.520230260718459 0.5448350709031713 452.3623894048231 0.0
3079.595150965173 387.73032923515126 7.613607465457584 0.5429339629840904 455.4088468583903 0.0
3123.0545356692364 411.2834617968807 7.708721953544301 0.5409744139321431 458.48357591050296 0.0
3167.6526078052507 435.3648925233209 7.805652237568975 0.5390686454023763 461.5871295346198 0.0
3213.3506283440515 459.9572563225293 7.904342126140677 0.537144881441673 464.7192724425523 0.0
3260.202236317854 485.07510483091164 8.004799722141454 0.5351921321294073 467.87587687666405 0.0
3308.217122271166 510.7268837814551 8.107071503634062 0.5333457617892092 471.0599151315838 0.0
3357.4124304489073 536.9195975206778 8.211178493918812 0.5314203234444275 474.2716930347005 0.0
3407.907383030324 563.7016737171447 8.317260091245696 0.5294844357062374 477.5110201023164 0.0
3459.572418121251 591.0095744892161 8.425084181397098 0.5276578528589182 480.77294680996494 0.0
3512.5012014837107 618.8891237507432 8.534819184588015 0.5257792461151292 484.06176219100337 0.0
3566.7850871614555 647.3771418177222 8.646570112268051 0.5238729135140101 487.37742484726095 0.0
3622.420164520644 676.4701629669513 8.760319071559712 0.5220317504400374 490.71942709513365 0.0
3679.3323527151415 706.1280778739372 8.875904963539494 0.5202256778218235 494.0830324628434 0.0
3737.6342589149262 736.4049853947428 8.993522646912416 0.5183690774645546 497.47289006040484 0.0
3797.4202936262554 767.3383789596998 9.113276567147562 0.5165046274833038 500.8888825459008 0.0
3858.661895502456 798.9136765766498 9.23511157787294 0.5147039846581309 504.3299917615031 0.0
3921.3091470144673 831.1019580807364 9.358904979611538 0.5129242726706211 507.7922253856572 0.0
3985.4803943797856 863.959255107936 9.484855262675623 0.511150494482207 511.2801267663313 0.0
4051.2133185875923 897.4997742955604 9.61299864964013 0.5093450338511847 514.7936148893198 0.0
4118.566997840074 931.7432713236724 9.743372846946194 0.5075435855407964 518.3310928584808 0.0
4187.474455394553 966.6555068138463 9.875847100502831 0.5057948847200873 521.8894715714698 0.0
4258.051054142173 1002.2906909686375 10.010611677704729 0.5040600475180961 525.4730848306887 0.0
4330.337558928537 1038.6641303356637 10.147705083180345 0.502333809277058 529.0818842067226 0.0
4404.330450486769 1075.7688403209593 10.287081719669201 0.5006178619173678 532.7136335653959 0.0
4480.027648320652 1113.5987483250071 10.428700064542362 0.49891346576871864 536.3662857953279 0.0
4557.554491066521 1152.211267911434 10.572755475318006 0.4972189333669279 540.0438741161018 0.0
4636.955201221737 1191.6229330542699 10.7192889260429 0.49552489158001567 543.7463790946406 0.0
4718.227454197469 1231.825542148811 10.868243198875053 0.4938397083437511 547.4708712870953 0.0
4801.382981340042 1272.8207522295563 11.019608501094364 0.4921801692773764 551.216467733508 0.0
4886.537911150641 1314.661316207406 11.173562212099815 0.49053775828729407 554.9868210458568 0.0
4973.739975408316 1357.3650153380354 11.330147745558827 0.4889068135291694 558.781937487146 0.0
5062.951293320088 1400.9077570602094 11.489255075239331 0.4872892092461889 562.5981454122898 0.0
5154.226007301719 1445.3105873905229 11.650939873674366 0.4856852237789884 566.4358348263322 0.0
5247.68813834291 1490.628218187455 11.815379032692869 0.48409370911639105 570.2982070044372 0.0
5343.3893392917635 1536.8798170348716 11.98261859884058 0.4825146396787128 574.1852909518561 0.0
5441.269134761875 1584.030458459818 12.152509292939966 0.4809500399453128 578.0926279967849 0.0
5541.419666789347 1632.1189742819654 12.325168411464494 0.4793995773419093 582.021979385741 0.0
5643.961081748616 1681.1972011898113 12.500758089404194 0.47786233234917486 585.9760320290837 0.0
5748.949203891135 1731.2857781062462 12.679327091763545 0.47633056416110975 589.9548350790684 0.0
5856.315973918412 1782.3446824442249 12.860701585913779 0.47480687723175485 593.9531011119569 0.0
5966.198354948276 1834.4333562923928 13.045068742076085 0.4733031647767101 597.9740527294582 0.0
6078.6981519024 1887.5949664822592 13.232559570566881 0.4718182193497782 602.019805726412 0.0
6193.875848624754 1941.8517881626829 13.423225771994598 0.4703471681358131 606.0904271513187 0.0
6311.612253167084 1997.141711433378 13.616823392874785 0.4688921626609295 610.1797613821134 0.0
6432.099950491079 2053.549219122054 13.813622358855646 0.4674515060719422 614.2925763096104 0.0
6555.443264818297 2111.116791340316 14.013743106573115 0.4660249031047279 618.4303648993331 0.0
6681.707396688565 2169.868359065491 14.217240240287074 0.4646044051009497 622.5932101621104 0.0
6810.762416818697 2229.735229742194 14.423839772608714 0.4631815487862774 626.7740504200112 0.0
6942.901386074876 2290.8441961122726 14.633939006919267 0.46177875120067746 630.9792782513232 0.0
7078.161172325988 2353.2099918353383 14.847576707437076 0.46040755712473747 635.2097160524316 0.0
7216.612236031834 2416.8583871726732 15.064810616956356 0.45902770951305527 639.4654611461091 0.0
