e[MeV/fm^3], P[MeV/fm^3], rho[fm^-3], v2[1], mu_q[MeV], mu_e[MeV]
70.21755168181654 0.006206087273093519 0.07407856508846018 0.017597877650005332 316.5185077347417 89.2771661002368
71.43578994790998 0.027644495228360377 0.07535555647246353 0.0175978776500052 316.5894798429086 89.8124074562691
72.67502861766434 0.04945246571785267 0.07665456106626496 0.017597877650005228 316.6616753923034 90.35687548400062
73.93562970314778 0.07163636938565421 0.07797595834102777 0.01759787765000538 316.7351154730202 90.91072923592193
75.21796145691394 0.09420268669514797 0.07932013430936638 0.01759787765000533 316.8098215387112 91.47413050632369
76.5223984795798 0.11715800982215896 0.0806874816381126 0.01759787765000522 316.8858154128541 92.04724387856187
77.84932182925448 0.14050904458066893 0.08207839976302188 0.017597877650005325 316.96311929512683 92.630236773136
79.19911913285509 0.16426261238173973 0.08349329500545777 0.017597877650005436 317.0417557678931 93.22327949659658
80.57218469934486 0.18842565222626206 0.08493258069109116 0.017597877650005332 317.12174780279906 93.82654529129692
81.96891963491473 0.21300522273190858 0.08639667727063695 0.017597877650005284 317.20311876748366 94.44021038599915
83.38973196016327 0.23800850419525207 0.0878860124426853 0.017597877650005242 317.2858924324053 95.06445404735784
84.83503672928572 0.26344280068923775 0.08940102127863886 0.01759787765000527 317.37009297778565 95.69945863228664
86.3052561513196 0.28931554219685157 0.0909421463498059 0.01759787765000538 317.45574500067295 96.34540964122833
87.80081971348744 0.3156342867816875 0.09250983785669148 0.017597877650005325 317.54287352212793 97.00249577234631
89.32216430665855 0.3424067227958098 0.09410455376051008 0.01759787765000531 317.63150399453286 97.67090897664707
90.86973435297011 0.3696406711256137 0.09572675991696154 0.017597877650005242 317.7216623090265 98.3508445140514
92.44398193566516 0.39734408747669764 0.0973769302123309 0.017597877650005228 317.8133748030682 99.04250101043964
94.04536693114535 0.4255250646977123 0.09905554670190979 0.01759787765000531 317.90666826813106 99.74608051566989
95.67435714332068 0.45419183514462985 0.10076309975082554 0.017892055534992374 318.00156995752883 100.46178856260559
97.33169327479138 0.4843410207312542 0.10250008817728433 0.018775745774211428 318.10048622561175 101.18570399772256
99.01814146064449 0.5170082040359527 0.10426701939828847 0.020025246310001077 318.2058447860128 101.91428658825437
100.73429318912723 0.5525181669555139 0.1060644095778678 0.02129999675038627 318.31828524079526 102.64750316311726
102.48063871606901 0.5907964457966746 0.10789278377786223 0.022549781036994038 318.43751805132047 103.38670836290729
104.25774423592242 0.6320103592916358 0.10975267611130558 0.023887708108000116 318.5638120290785 104.13237516689382
106.06623539667063 0.676492214395437 0.11164462989845152 0.025339806313660923 318.697770868173 104.88465247088972
107.90674784282342 0.7245234535359056 0.11356919782549418 0.026726883379044414 318.8398212612412 105.64215664334085
109.77980899298537 0.7757858510810522 0.11552694210601787 0.028008654354195556 318.9889635986241 106.39548846211913
111.68603200563659 0.8304189676497289 0.11751843464523576 0.02941848660514751 319.1453310518051 107.14305877628786
113.62612253642692 0.8889903796251314 0.1195442572070575 0.0310000273545607 319.31003653378224 107.89037199216354
115.60075117782822 0.9518318179215621 0.1216050015840337 0.03259969837934959 319.4836179784206 108.6399435927219
117.61049319554543 1.0189345897359714 0.12370126977023699 0.03419210470702347 319.6659546827271 109.3941654142798
119.65602415051524 1.0905481505064962 0.12583367413711752 0.03592218882239359 319.8573917239201 110.15411877028433
121.73815641876267 1.1672766767204164 0.12800283761239192 0.03778190969818496 320.0588603075681 110.92020174565145
123.85759205422588 1.2493614886182018 0.1302093938620144 0.0396255479711905 320.27062777688235 111.69348487044105
126.01496433860267 1.3368161240061027 0.13245398747528928 0.041461386350795104 320.4925793312381 112.47517112638602
128.2110155783424 1.429932568241939 0.13473727415316794 0.04346252473119688 320.7250671173629 113.26594974297757
130.4466887956552 1.52951487508801 0.1370599208997976 0.045590760196347446 320.969220213987 114.06610244230104
132.72270298041246 1.6357091714792171 0.13942260621736857 0.04767926014436641 321.22510082538804 114.87651716166351
135.03976205186157 1.748593799706529 0.14182602030432198 0.04977029748745049 321.49267975935425 115.69799950047124
137.3986835249372 1.8685229353243933 0.14427086525697244 0.05206400529136951 321.77234677231564 116.53110782929468
139.80057355445675 1.9965668028217445 0.14675785527460983 0.05448295484632937 322.0654823434704 117.37614392238619
142.24614757531495 2.1327305435734982 0.1492877168681315 0.05683638595368079 322.37191652081754 118.23384218287305
144.73619757503982 2.2771938463603174 0.15186118907227755 0.059208520968313694 322.69174413674494 119.10477732777403
147.27162660197732 2.430390920319256 0.15447902366151722 0.0618292055008095 323.0254080857181 119.98940983187808
149.85374556019306 2.5937403356179334 0.15714198536966398 0.06457197399617759 323.3745941649684 120.88804723823948
152.4832372283129 2.7670401807274834 0.15985085211327107 0.06721882453614525 323.7388555425644 121.80124809303793
155.16100474728017 2.9506159576823916 0.1626064152188807 0.06990575565196155 324.1184454344821 122.72942464238325
157.8880490867394 3.1450019316856195 0.16540947965419006 0.07289593855263288 324.5138717435153 123.67293532678868
160.66593902373984 3.3520690822739376 0.16826086426320178 0.07600220080988451 324.92718571735776 124.63202719571277
163.4952840125817 3.5713158744339593 0.17116140200542868 0.07897532922519734 325.3576004812541 125.6070903482084
166.37712853614147 3.8032695276021222 0.17411194019922174 0.08202037368123771 325.8055622707938 126.59840218489457
169.31260061973967 4.048620249866702 0.17711334076929286 0.08542133552471287 326.2716886567447 127.60620334892384
172.303551331823 4.309718566586897 0.18016648049850292 0.0889270452590527 326.7583492276527 128.63058410314463
175.35050383107742 4.585737524453315 0.1832722512839939 0.09226446929582366 327.26444376458807 129.67181814230588
178.45466868853612 4.877441713994387 0.18643156039773165 0.09572802473872655 327.7906096931573 130.73004905217363
181.61738960046912 5.18586172672753 0.18964533075154347 0.09956214286511778 328.3377308078966 131.80536363429957
184.84067158507494 5.5134958934314255 0.19291450116672415 0.10348029397253222 328.90808973361146 132.89762523650757
188.12508868773136 5.859506730761704 0.19624002664828616 0.10723125726635341 329.50063467169656 134.00704679883177
191.47199658539387 6.224818666062787 0.19962287866394354 0.11114950466071183 330.116072530961 135.1336328978941
194.88301649425165 6.610906017540677 0.2030640454278977 0.11544544815415358 330.7555888744374 136.2772622126371
198.3602890613904 7.020342674256472 0.2065645321895225 0.11979382346787826 331.42129567013734 137.43754067535426
201.9044613376726 7.452308308070558 0.2101253615270204 0.12397650239191993 332.11220306471756 138.61467605675114
205.5170562570145 7.907903230714149 0.21374757364614289 0.1283699626450635 332.8290718474655 139.80852765902867
209.2000509218192 8.389163756231573 0.21743222668406043 0.1331367755092301 333.57341318817043 141.01869117551004
212.95568685700158 8.89862029273525 0.22118039701847075 0.1379109881763032 334.34705688852574 142.2445530860434
216.7847142491265 9.435507109353031 0.224993179582034 0.1425209986125906 335.149090910276 143.4863497980139
220.6888478651131 10.001107919216421 0.22887168818223044 0.1473848211915132 335.9803024130194 144.74379875149575
224.67051841244387 10.598148441577159 0.23281705582673115 0.15260238957125072 336.84253077264475 146.0161250814302
228.73201076449018 11.228941923303356 0.23683043505437643 0.1577674592771845 337.73719306437926 147.30260528428684
232.87421847820065 11.892825884399452 0.2409129982718618 0.16276966708385543 338.6634726746745 148.60351662363965
237.09907459677976 12.591262929879372 0.2450659380962259 0.1680647442175771 339.6221443059857 149.91845083271977
241.4095830266287 13.327795359770137 0.24929046770324403 0.17367604335428166 340.61534675451054 151.2461733723472
245.80798450797525 14.104290408314728 0.25358782118182577 0.17916063314688135 341.6439533067965 152.5860269646372
250.29536865638684 14.920249387540146 0.2579592538945237 0.18448376658109078 342.70726027181 153.9383214680799
254.87391430339358 15.777295306389933 0.26240604284425445 0.19013115054428797 343.8059831368225 155.30255316107613
259.54734193097937 16.679902122692877 0.2669294870473437 0.19603884001981875 344.9424917462097 156.67695034502995
264.3177234138911 17.62921742422393 0.2715309079130002 0.20173455319505607 346.11701155796936 158.06114921462316
269.1864120746621 18.624978432827973 0.2762116496293318 0.20727097595137622 347.328966229596 159.45546560193614
274.15586021544175 19.66893704821644 0.28097307955601647 0.2131521958171756 348.57896372915343 160.8593430130801
279.2306731431928 20.76658998854091 0.28581658862374093 0.21922189252154145 349.86949367684684 162.27041922778363
284.412585417037 21.918069468750467 0.29074359174052566 0.2249894143101847 351.2000887836266 163.68887481305947
289.7032992122702 23.123430865940225 0.29575552820505524 0.2306016920899494 352.5703075794808 165.1149897852477
295.1055673860831 24.38451504681977 0.300853862127132 0.23656661428271297 353.98060905644974 166.5482047162215
300.6250734626658 25.70790002720107 0.3060400828553784 0.24263779812409947 355.4334521442952 167.985546141962
306.2629978571605 27.092417065261266 0.3113157054123131 0.24831998114039466 356.9277197298895 169.42797804232237
312.0214966673664 28.538529352055203 0.3166822709369256 0.2538541104542591 358.4631014669581 170.8756920374787
317.9036494111742 30.048126085066315 0.3221413471348811 0.2597359108053192 360.03988091456415 172.3281747479247
323.9164360611114 31.628890065835524 0.32769452873648597 0.2656390932017807 361.66030746350987 173.78185544558517
330.06021547034334 33.278110584552124 0.3333434379625472 0.2710787578055842 363.3227610243933 175.23867305073648
336.3377248306841 34.996751726455315 0.3390897249982634 0.27638164452897485 365.0270429856405 176.69867300893014
342.75239563416363 36.78671837750218 0.3449350684752844 0.2820159576097043 366.7732551876847 178.16142771359964
349.3127469329602 38.65679115669434 0.35088117596208035 0.28759239956345484 368.5632457970251 179.62281308437977
356.0179982424811 40.60254779373834 0.3569297844627652 0.2926507180164095 370.39513942729127 181.08586093941702
362.87161894726887 42.62554485678177 0.3630826609245175 0.2976058496429581 372.26881070045994 182.55041400308298
369.8776838050342 44.72802159039085 0.3693416027537498 0.3028324596598386 374.18425749083553 184.01597196044224
377.04571989459646 46.91882012835673 0.3757084383411748 0.30793255850782497 376.1425479489815 185.47847044374714
384.37423920137996 49.19272886637786 0.3821850275959231 0.3125215544923945 378.1420680020603 186.9415202760738
391.8673537720589 51.551645656583794 0.38877326248886857 0.31704011341831206 380.18264288681297 188.40489537630313
399.53022857376277 53.998550771733285 0.3954750676053199 0.32173794710659864 382.2641765278808 189.86781153455445
407.3724291860139 56.54109433027862 0.4022924007072386 0.3262560177033471 384.38684656688184 191.32699317636136
415.3926093188036 59.174483419942426 0.40922725330514964 0.33043474137261875 386.54960838431725 192.78593445174437
420.3946995533035 60.83315751678684 0.4135259203924914 0.016372501207220502 388.75217980057613 185.16916270941758
622.0272937740591 65.5484743788596 1.0697532796488924 0.030398874028970013 390.99427615507426 164.89674186416008
747.0798798870901 69.89385841762095 1.4784916002881752 0.041253114349807385 393.27543963785325 144.88275939997405
856.8131927994933 75.0470375627546 1.8402843099309167 0.05378492771001786 395.59516773161965 125.22225569497324
954.1688046606637 80.87271814263526 2.164238274260173 0.066880625089073 397.95311125729603 105.90464783503162
1042.0519329931872 87.30901022134593 2.4603292209223726 0.07865619121764478 400.3486982341418 86.99959866428237
1125.8700647118994 94.33504582447051 2.748714705872939 0.08505513863615505 402.78113502043635 68.4308929518006
1215.212167498067 102.05121893588884 3.0711572233893234 0.08535350383565832 405.2503908250171 50.100491421194114
1315.7311051235636 110.5162880420108 3.452944181849888 0.1571467983166679 407.7560864453435 31.433973194825676
1363.1060365753474 119.58955566034514 3.6136298416869668 0.3300714546618151 410.2972643916196 13.031271508338195
1386.631841789534 128.97339184224262 3.6708416693780617 0.398818259469627 412.8731075256692 0.0
1410.866405977861 138.63718259967266 3.7293447049597517 0.39841927780604713 415.48395412590855 0.0
1435.8305886120138 148.57461536707783 3.789256024835118 0.39767053804677754 418.12942481666244 0.0
1461.6034787081176 158.81316896219943 3.8506819973509954 0.3969113956118435 420.80808286670407 0.0
1488.1443516534969 169.33799971966062 3.9135513224834404 0.3961950035708357 423.519388423576 0.0
1515.4936493100597 180.16359963559813 3.977926367543023 0.3954491451065105 426.263926491692 0.0
1543.704934717989 191.30872250952206 4.043880795260558 0.39472807429513956 429.04133904117657 0.0
1572.715879810774 202.75028369251413 4.111299112676695 0.3939963482051705 431.84962364736657 0.0
1602.6458845362529 214.53051067001687 4.18035540161389 0.39327518215359936 434.68879187402194 0.0
1633.4148462639612 226.62114079613028 4.250931365239906 0.39255865890310027 437.55954505588323 0.0
1665.1684732441665 239.0735134037174 4.323234626793284 0.39184254677900743 440.4615602408136 0.0
1697.7769003112544 251.84038902659566 4.397045366574489 0.3911399180487827 443.39219174670734 0.0
1731.3995773699558 264.9783575245444 4.472598372392015 0.3904306791281642 446.35224304333093 0.0
1765.9581409829166 278.4598363358617 4.549780042422864 0.3897439095102486 449.3424024244641 0.0
1801.5684131240916 292.32546217635604 4.628749426845615 0.38904404822136707 452.3623894048231 0.0
1838.1564628557815 306.547514568375 4.709362980935642 0.38837293109988735 455.4088468583903 0.0
1875.7925015644207 321.1513774929128 4.791731875960356 0.38768551096136283 458.48357591050296 0.0
1914.5383131501837 336.1588782885812 4.875941960604304 0.3870208703050535 461.5871295346198 0.0
1954.355299413349 351.5561436735339 4.961930351724116 0.386354503988394 464.7192724425523 0.0
1995.3101305715786 367.36463413561927 5.0497435531387795 0.38568188587421126 467.87587687666405 0.0
2037.406755892681 383.586853669313 5.1394085950085495 0.3850498926878725 471.0599151315838 0.0
2080.663210553516 400.2291067678728 5.230947046832538 0.3843950581186055 474.2716930347005 0.0
2125.2052837403376 417.33528796910514 5.324521876528582 0.383740286153202 477.5110201023164 0.0
2170.911477995855 434.86028292622706 5.419909102018707 0.3831263430518277 480.77294680996494 0.0
2217.869789546094 452.8367376466863 5.517264969158537 0.38249874030672704 484.06176219100337 0.0
2266.1770069468907 471.29835594734845 5.616711327183754 0.3818654809705917 487.37742484726095 0.0
2315.8316229643697 490.24414544716814 5.718232046032771 0.3812574750172484 490.71942709513365 0.0
2366.76943273401 509.6492060716025 5.821683376183027 0.38066451541582946 494.0830324628434 0.0
2419.0976086610726 529.5530204498374 5.927248908307486 0.380058554878798 497.47289006040484 0.0
2472.9169577040225 549.9905536208348 6.035050520576461 0.37945336749383696 500.8888825459008 0.0
2528.2015008350872 570.9519987849596 6.1450335803967775 0.3788722732981604 504.3299917615031 0.0
2584.9106140592203 592.421027106756 6.257092064350399 0.3783011383228896 507.7922253856572 0.0
2643.1580807141495 614.439329125946 6.371414715657178 0.3777350303258977 511.2801267663313 0.0
2702.9851931013873 637.0210415744222 6.488044166289388 0.37716205257206425 514.7936148893198 0.0
2764.460197490633 660.188924126342 6.6070384011682295 0.37659338086184135 518.3310928584808 0.0
2827.5222285305776 683.9199860347663 6.728273954455254 0.37604441291321233 521.8894715714698 0.0
2892.2827717670098 708.2549643527618 6.851931942269476 0.3755027038883938 525.4730848306887 0.0
2958.7865868472113 733.2091679898614 6.978057343461207 0.3749665201265824 529.0818842067226 0.0
3027.0377033323944 758.7826204772708 7.106617528136141 0.37443631826994483 532.7136335653959 0.0
3097.0412126991764 784.975797592874 7.2375828795473005 0.37391241513562345 536.3662857953279 0.0
3168.920309095719 811.8333110281783 7.371143106117937 0.3733942199200664 540.0438741161018 0.0
3242.7236478302825 839.371785291978 7.5073457825954755 0.37287883572935954 543.7463790946406 0.0
3318.4588914383185 867.5920879198586 7.646151073458421 0.3723687245289815 547.4708712870953 0.0
3396.142752745398 896.4992783695582 7.787555594684825 0.3718688989521297 551.216467733508 0.0
3475.8899897588462 926.1347955419502 7.9317316815819945 0.3713766849486593 554.9868210458568 0.0
3557.7532094319977 956.5165987871275 8.078729499981263 0.3708902948726367 558.781937487146 0.0
3641.7045760957117 987.6328073452387 8.228454802392584 0.37041021606059843 562.5981454122898 0.0
3727.802540436454 1019.5035845550889 8.380968483643553 0.3699364577219608 566.4358348263322 0.0
3816.171926077112 1052.1735715249395 8.536446375297317 0.3694686096144002 570.2982070044372 0.0
3906.869765473707 1085.662220795495 8.694941484403358 0.369006595683083 574.1852909518561 0.0
3999.8466891959 1119.949724911956 8.856321235685863 0.3685509378344358 578.0926279967849 0.0
4095.1979683867958 1155.06968215918 9.020705475143535 0.3681014680232755 582.021979385741 0.0
4193.0461522702 1191.065616057938 9.188257590887 0.36765785115768246 585.9760320290837 0.0
4293.45298618607 1227.9585684782155 9.359033553520701 0.36721781229103545 589.9548350790684 0.0
4396.363909297946 1265.72641836161 9.532879839840634 0.3667820390895171 593.9531011119569 0.0
4501.918136301409 1304.4186981211983 9.70998397979811 0.366353873589091 597.9740527294582 0.0
4610.220563518289 1344.0724673242996 9.890478494157152 0.36593289771721604 602.019805726412 0.0
4721.338210898099 1384.7105448951083 10.074422588521282 0.36551765095471467 606.0904271513187 0.0
4835.164401075107 1426.2922944308466 10.261589433816729 0.36510867582805595 610.1797613821134 0.0
4951.8936283993335 1468.8871492340684 10.452248390455326 0.3647054307479545 614.2925763096104 0.0
5071.635831082635 1512.5335027636634 10.646525350643914 0.3643077723990862 618.4303648993331 0.0
5194.463368924524 1557.2559728643128 10.844482735407137 0.36391344860419395 622.5932101621104 0.0
5320.2613311844625 1603.0104970728996 11.045867123380988 0.3635200878804854 626.7740504200112 0.0
5449.328145395888 1649.9031522687571 11.251080610868923 0.363133815120638 630.9792782513232 0.0
5581.703054630683 1697.9475747134093 11.460160643159519 0.36275776311687835 635.2097160524316 0.0
5717.464383623991 1747.1703900697403 11.673173143263831 0.3623797369551376 639.4654611461091 0.0
