e[MeV/fm^3], P[MeV/fm^3], rho[fm^-3], v2[1], mu_q[MeV], mu_e[MeV]
70.21755168181654 0.006206087273093519 0.07407856508846018 0.017597877650005332 316.5185077347417 89.2771661002368
71.43578994790998 0.027644495228360377 0.07535555647246353 0.0175978776500052 316.5894798429086 89.8124074562691
72.67502861766434 0.04945246571785267 0.07665456106626496 0.017597877650005228 316.6616753923034 90.35687548400062
73.93562970314778 0.07163636938565421 0.07797595834102777 0.01759787765000538 316.7351154730202 90.91072923592193
75.21796145691394 0.09420268669514797 0.07932013430936638 0.01759787765000533 316.8098215387112 91.47413050632369
76.5223984795798 0.11715800982215896 0.0806874816381126 0.01759787765000522 316.8858154128541 92.04724387856187
77.84932182925448 0.14050904458066893 0.08207839976302188 0.017597877650005325 316.96311929512683 92.630236773136
79.19911913285509 0.16426261238173973 0.08349329500545777 0.017597877650005436 317.0417557678931 93.22327949659658
80.57218469934486 0.18842565222626206 0.08493258069109116 0.017597877650005332 317.12174780279906 93.82654529129692
81.96891963491473 0.21300522273190858 0.08639667727063695 0.017597877650005284 317.20311876748366 94.44021038599915
83.38973196016327 0.23800850419525207 0.0878860124426853 0.017597877650005242 317.2858924324053 95.06445404735784
84.83503672928572 0.26344280068923775 0.08940102127863886 0.01759787765000527 317.37009297778565 95.69945863228664
86.3052561513196 0.28931554219685157 0.0909421463498059 0.01759787765000538 317.45574500067295 96.34540964122833
87.80081971348744 0.3156342867816875 0.09250983785669148 0.017597877650005325 317.54287352212793 97.00249577234631
89.32216430665855 0.3424067227958098 0.09410455376051008 0.01759787765000531 317.63150399453286 97.67090897664707
90.86973435297011 0.3696406711256137 0.09572675991696154 0.017597877650005242 317.7216623090265 98.3508445140514
92.44398193566516 0.39734408747669764 0.0973769302123309 0.017597877650005228 317.8133748030682 99.04250101043964
94.04536693114535 0.4255250646977123 0.09905554670190979 0.01759787765000531 317.90666826813106 99.74608051566989
95.67435714332068 0.45419183514462985 0.10076309975082554 0.017892055534992374 318.00156995752883 100.46178856260559
97.33169327479138 0.4843410207312542 0.10250008817728433 0.018775745774211428 318.10048622561175 101.18570399772256
99.01814146064449 0.5170082040359527 0.10426701939828847 0.020025246310001077 318.2058447860128 101.91428658825437
100.73429318912723 0.5525181669555139 0.1060644095778678 0.02129999675038627 318.31828524079526 102.64750316311726
102.48063871606901 0.5907964457966746 0.10789278377786223 0.022549781036994038 318.43751805132047 103.38670836290729
104.25774423592242 0.6320103592916358 0.10975267611130558 0.023887708108000116 318.5638120290785 104.13237516689382
106.06623539667063 0.676492214395437 0.11164462989845152 0.025339806313660923 318.697770868173 104.88465247088972
107.90674784282342 0.7245234535359056 0.11356919782549418 0.026726883379044414 318.8398212612412 105.64215664334085
109.77980899298537 0.7757858510810522 0.11552694210601787 0.028008654354195556 318.9889635986241 106.39548846211913
111.68603200563659 0.8304189676497289 0.11751843464523576 0.02941848660514751 319.1453310518051 107.14305877628786
113.62612253642692 0.8889903796251314 0.1195442572070575 0.0310000273545607 319.31003653378224 107.89037199216354
115.60075117782822 0.9518318179215621 0.1216050015840337 0.03259969837934959 319.4836179784206 108.6399435927219
117.61049319554543 1.0189345897359714 0.12370126977023699 0.03419210470702347 319.6659546827271 109.3941654142798
119.65602415051524 1.0905481505064962 0.12583367413711752 0.03592218882239359 319.8573917239201 110.15411877028433
121.73815641876267 1.1672766767204164 0.12800283761239192 0.03778190969818496 320.0588603075681 110.92020174565145
123.85759205422588 1.2493614886182018 0.1302093938620144 0.0396255479711905 320.27062777688235 111.69348487044105
126.01496433860267 1.3368161240061027 0.13245398747528928 0.041461386350795104 320.4925793312381 112.47517112638602
128.2110155783424 1.429932568241939 0.13473727415316794 0.04346252473119688 320.7250671173629 113.26594974297757
130.4466887956552 1.52951487508801 0.1370599208997976 0.045590760196347446 320.969220213987 114.06610244230104
132.72270298041246 1.6357091714792171 0.13942260621736857 0.04767926014436641 321.22510082538804 114.87651716166351
135.03976205186157 1.748593799706529 0.14182602030432198 0.04977029748745049 321.49267975935425 115.69799950047124
137.3986835249372 1.8685229353243933 0.14427086525697244 0.05206400529136951 321.77234677231564 116.53110782929468
139.80057355445675 1.9965668028217445 0.14675785527460983 0.05448295484632937 322.0654823434704 117.37614392238619
142.24614757531495 2.1327305435734982 0.1492877168681315 0.05683638595368079 322.37191652081754 118.23384218287305
144.73619757503982 2.2771938463603174 0.15186118907227755 0.059208520968313694 322.69174413674494 119.10477732777403
147.27162660197732 2.430390920319256 0.15447902366151722 0.0618292055008095 323.0254080857181 119.98940983187808
149.85374556019306 2.5937403356179334 0.15714198536966398 0.06457197399617759 323.3745941649684 120.88804723823948
152.4832372283129 2.7670401807274834 0.15985085211327107 0.06721882453614525 323.7388555425644 121.80124809303793
155.16100474728017 2.9506159576823916 0.1626064152188807 0.06990575565196155 324.1184454344821 122.72942464238325
157.8880490867394 3.1450019316856195 0.16540947965419006 0.07289593855263288 324.5138717435153 123.67293532678868
160.66593902373984 3.3520690822739376 0.16826086426320178 0.07600220080988451 324.92718571735776 124.63202719571277
163.4952840125817 3.5713158744339593 0.17116140200542868 0.07897532922519734 325.3576004812541 125.6070903482084
166.37712853614147 3.8032695276021222 0.17411194019922174 0.08202037368123771 325.8055622707938 126.59840218489457
169.31260061973967 4.048620249866702 0.17711334076929286 0.08542133552471287 326.2716886567447 127.60620334892384
172.303551331823 4.309718566586897 0.18016648049850292 0.0889270452590527 326.7583492276527 128.63058410314463
175.35050383107742 4.585737524453315 0.1832722512839939 0.09226446929582366 327.26444376458807 129.67181814230588
178.45466868853612 4.877441713994387 0.18643156039773165 0.09572802473872655 327.7906096931573 130.73004905217363
181.61738960046912 5.18586172672753 0.18964533075154347 0.09956214286511778 328.3377308078966 131.80536363429957
184.84067158507494 5.5134958934314255 0.19291450116672415 0.10348029397253222 328.90808973361146 132.89762523650757
188.12508868773136 5.859506730761704 0.19624002664828616 0.10723125726635341 329.50063467169656 134.00704679883177
191.47199658539387 6.224818666062787 0.19962287866394354 0.11114950466071183 330.116072530961 135.1336328978941
194.88301649425165 6.610906017540677 0.2030640454278977 0.11544544815415358 330.7555888744374 136.2772622126371
198.3602890613904 7.020342674256472 0.2065645321895225 0.11979382346787826 331.42129567013734 137.43754067535426
201.9044613376726 7.452308308070558 0.2101253615270204 0.12397650239191993 332.11220306471756 138.61467605675114
205.5170562570145 7.907903230714149 0.21374757364614289 0.1283699626450635 332.8290718474655 139.80852765902867
209.2000509218192 8.389163756231573 0.21743222668406043 0.1331367755092301 333.57341318817043 141.01869117551004
212.95568685700158 8.89862029273525 0.22118039701847075 0.1379109881763032 334.34705688852574 142.2445530860434
216.7847142491265 9.435507109353031 0.224993179582034 0.1425209986125906 335.149090910276 143.4863497980139
220.6888478651131 10.001107919216421 0.22887168818223044 0.1473848211915132 335.9803024130194 144.74379875149575
224.67051841244387 10.598148441577159 0.23281705582673115 0.15260238957125072 336.84253077264475 146.0161250814302
228.73201076449018 11.228941923303356 0.23683043505437643 0.1577674592771845 337.73719306437926 147.30260528428684
232.87421847820065 11.892825884399452 0.2409129982718618 0.16276966708385543 338.6634726746745 148.60351662363965
237.09907459677976 12.591262929879372 0.2450659380962259 0.1680647442175771 339.6221443059857 149.91845083271977
241.4095830266287 13.327795359770137 0.24929046770324403 0.17367604335428166 340.61534675451054 151.2461733723472
245.80798450797525 14.104290408314728 0.25358782118182577 0.17916063314688135 341.6439533067965 152.5860269646372
250.29536865638684 14.920249387540146 0.2579592538945237 0.18448376658109078 342.70726027181 153.9383214680799
254.87391430339358 15.777295306389933 0.26240604284425445 0.19013115054428797 343.8059831368225 155.30255316107613
259.54734193097937 16.679902122692877 0.2669294870473437 0.19603884001981875 344.9424917462097 156.67695034502995
264.3177234138911 17.62921742422393 0.2715309079130002 0.20173455319505607 346.11701155796936 158.06114921462316
269.1864120746621 18.624978432827973 0.2762116496293318 0.20727097595137622 347.328966229596 159.45546560193614
274.15586021544175 19.66893704821644 0.28097307955601647 0.2131521958171756 348.57896372915343 160.8593430130801
279.2306731431928 20.76658998854091 0.28581658862374093 0.21922189252154145 349.86949367684684 162.27041922778363
284.412585417037 21.918069468750467 0.29074359174052566 0.2249894143101847 351.2000887836266 163.68887481305947
289.7032992122702 23.123430865940225 0.29575552820505524 0.2306016920899494 352.5703075794808 165.1149897852477
295.1055673860831 24.38451504681977 0.300853862127132 0.23656661428271297 353.98060905644974 166.5482047162215
300.6250734626658 25.70790002720107 0.3060400828553784 0.24263779812409947 355.4334521442952 167.985546141962
306.2629978571605 27.092417065261266 0.3113157054123131 0.24831998114039466 356.9277197298895 169.42797804232237
312.0214966673664 28.538529352055203 0.3166822709369256 0.2538541104542591 358.4631014669581 170.8756920374787
317.9036494111742 30.048126085066315 0.3221413471348811 0.2597359108053192 360.03988091456415 172.3281747479247
323.9164360611114 31.628890065835524 0.32769452873648597 0.2656390932017807 361.66030746350987 173.78185544558517
330.06021547034334 33.278110584552124 0.3333434379625472 0.2710787578055842 363.3227610243933 175.23867305073648
336.3377248306841 34.996751726455315 0.3390897249982634 0.27638164452897485 365.0270429856405 176.69867300893014
342.75239563416363 36.78671837750218 0.3449350684752844 0.2820159576097043 366.7732551876847 178.16142771359964
349.3127469329602 38.65679115669434 0.35088117596208035 0.28759239956345484 368.5632457970251 179.62281308437977
356.0179982424811 40.60254779373834 0.3569297844627652 0.2926507180164095 370.39513942729127 181.08586093941702
362.87161894726887 42.62554485678177 0.3630826609245175 0.2976058496429581 372.26881070045994 182.55041400308298
369.8776838050342 44.72802159039085 0.3693416027537498 0.3028324596598386 374.18425749083553 184.01597196044224
377.04571989459646 46.91882012835673 0.3757084383411748 0.30793255850782497 376.1425479489815 185.47847044374714
384.37423920137996 49.19272886637786 0.3821850275959231 0.3125215544923945 378.1420680020603 186.9415202760738
391.8673537720589 51.551645656583794 0.38877326248886857 0.31704011341831206 380.18264288681297 188.40489537630313
399.53022857376277 53.998550771733285 0.3954750676053199 0.32173794710659864 382.2641765278808 189.86781153455445
407.3724291860139 56.54109433027862 0.4022924007072386 0.3262560177033471 384.38684656688184 191.32699317636136
415.3926093188036 59.174483419942426 0.40922725330514964 0.33032373141907057 386.54960838431725 192.78593445174437
423.5953061809909 61.90062597545923 0.41628165123991057 0.3343330679737635 388.75217980057613 194.2445223409546
431.9870027817532 64.72329723895402 0.4234576552745099 0.33844367777413575 390.99427615507426 195.70167441052624
440.5770251421459 67.64881573370899 0.43075736169606577 0.34234063934627335 393.27543963785325 197.1549973649513
449.3643086509324 70.67296114055506 0.4381829029282034 0.34585294088734964 395.59516773161965 198.60775365438798
458.3538473549931 73.79767867736162 0.4457364481539887 0.3493186232354084 397.95311125729603 200.05992813734576
467.5536981515388 77.027587172091 0.45342020394959914 0.35282403402270646 400.3486982341418 201.51013545137317
476.9726258790827 80.36760327959247 0.4612364149289199 0.35610018974828783 402.78113502043635 202.95689176523837
486.6100156532322 83.81420550185936 0.4691873643992499 0.3590573204431635 405.2503908250171 204.40314259136073
496.47135452575156 87.36941208352289 0.4772753750283123 0.36197834849888366 407.7560864453435 205.84894995866304
506.56655900314644 91.03873246762508 0.4855028095227629 0.36489385448832223 410.2972643916196 429.75170871918215
516.9034684719422 94.82566064673001 0.4938720713183944 0.36757989436499905 412.8731075256692 408.2955242671398
527.4821139822687 98.72747146381049 0.5023856052822402 0.3700084324005575 415.48395412590855 386.5477689437579
538.3085169951437 102.74629564781578 0.5110458984267782 0.3724093515593818 418.12942481666244 364.51160286168374
549.3947716703991 106.88858307175066 0.5198554806364498 0.37477404613277354 420.80808286670407 342.19899366359
560.7473841545874 111.15641113021425 0.5288169254067018 0.3769207954870195 423.519388423576 319.61443819703345
572.3672561543884 115.54792410382744 0.5379328505957653 0.37886474183026664 426.263926491692 296.75306350898325
584.2609906842314 120.06540490899816 0.5472059191893986 0.3807870372087292 429.04133904117657 273.6178519064546
596.4432130423701 124.71630099334256 0.5566388400788104 0.38276758322343696 431.84962364736657 250.2254831291237
612.2016474107602 130.76340715938827 0.5687485614661836 0.02145034124644002 434.68879187402194 226.57586085351386
767.4508547488823 134.77599295167084 1.0254492354822196 0.03024184914965594 437.55954505588323 202.88686464574852
954.7801075300417 141.4347841976407 1.5784196844959513 0.04105026656965627 440.4615602408136 179.57014734946586
1123.5753830907595 149.2010584180027 2.0810550263435545 0.05379526677554025 443.39219174670734 156.60749884984472
1271.81102070522 158.18891897533734 2.5299758841211384 0.0675302901698227 446.35224304333093 134.18374127676515
1406.4665459314745 168.12601029359305 2.946275816137202 0.08073607628107038 449.3424024244641 112.18153394899117
1531.877985702019 179.06180711078798 3.348510007290062 0.08518659160035236 452.3623894048231 90.70615166268082
1675.2815419171861 190.94782036365152 3.8401228526386073 0.08258127135349524 455.4088468583903 69.37767757179522
1835.4982632050903 204.1243412773246 4.426131726312035 0.3885825592410015 458.48357591050296 47.25749406485168
1866.6225979977619 218.0709539186939 4.515956511204951 0.6382617142116862 461.5871295346198 26.272951229488275
1885.4788853658345 232.2786522079506 4.557053417735609 0.7571859018793878 464.7192724425523 7.518487812024892
1904.4743604851374 246.732812306946 4.597794632723679 0.7600130521707511 467.87587687666405 0.0
1923.8496696647212 261.44024825423566 4.639067647911506 0.7580850060407842 471.0599151315838 0.0
1943.6146223669077 276.403673722876 4.6808977369466005 0.7559487520067849 474.2716930347005 0.0
1963.802570573214 291.64163629894824 4.723312866097365 0.7537829832180041 477.5110201023164 0.0
1984.366718584974 307.12113431551853 4.7662335778215565 0.7517199362165652 480.77294680996494 0.0
2005.3407846650564 322.86589366576743 4.809721878970171 0.7495782484941875 484.06176219100337 0.0
2026.7500451150727 338.8897872848735 4.853799473558537 0.7473858082085822 487.37742484726095 0.0
2048.5915877909497 355.18999535438246 4.898459446923215 0.7452487553467915 490.71942709513365 0.0
2070.8350015775522 371.7431985373059 4.943638526112023 0.7431332230733299 494.0830324628434 0.0
2093.519864651667 388.57675318715883 4.989406496014598 0.7409381087780655 497.47289006040484 0.0
2116.671757314927 405.7043378995019 5.035784467285522 0.7387143483899745 500.8888825459008 0.0
2140.279804855942 423.11799911899743 5.082754545980282 0.7365466165216965 504.3299917615031 0.0
2164.321683760365 440.79979406981624 5.130266137341766 0.7343846201090578 507.7922253856572 0.0
2188.8381918386444 458.7775026133171 5.178389125164814 0.7322104456257179 511.2801267663313 0.0
2213.838803708494 477.05569104721855 5.227130577678642 0.7299768573967871 514.7936148893198 0.0
2239.3359408648225 495.63855466838055 5.2764884071150195 0.7277285702066738 518.3310928584808 0.0
2265.304063966455 514.507392222469 5.3264159742268244 0.7255258853835915 521.8894715714698 0.0
2291.782546290933 533.6888015136049 5.376980134281491 0.7233209693793157 525.4730848306887 0.0
2318.7815767796774 553.1876484625174 5.428188636083228 0.7211073214301429 529.0818842067226 0.0
2346.2947962825137 572.9968440459195 5.480017977199031 0.7188871729315984 532.7136335653959 0.0
2374.316564695173 593.1099086401026 5.532446687755863 0.716662253799587 536.3662857953279 0.0
2402.888224484186 613.5539923780493 5.585540810352046 0.7144304689694678 540.0438741161018 0.0
2432.02075992564 634.3342903054031 5.639308791150754 0.7121792779867882 543.7463790946406 0.0
2461.706499213608 655.4418947431828 5.6937203674699255 0.7099200233617644 547.4708712870953 0.0
2491.9457144022035 676.8749694754245 5.748767975366783 0.7076753266760036 551.216467733508 0.0
2522.7762820677476 698.6581491080409 5.804511520511998 0.7054341188166404 554.9868210458568 0.0
2554.209995221933 720.7969645455611 5.860960119633699 0.7031890027053542 558.781937487146 0.0
2586.227835793463 743.2752719820555 5.91806783067731 0.7009427502208059 562.5981454122898 0.0
2618.844028666875 766.1003773905747 5.975848730604235 0.6986959701496129 566.4358348263322 0.0
2652.0974515519274 789.2966746953023 6.034359804346675 0.6964472734986185 570.2982070044372 0.0
2686.0007940440914 812.8700614702701 6.0936108611661615 0.694196836416415 574.1852909518561 0.0
2720.527117185641 836.798930401816 6.153542834662742 0.6919477896839314 578.0926279967849 0.0
2755.7035471310664 861.0992655715628 6.214191253023783 0.6896999244864013 582.021979385741 0.0
2791.566618748383 885.793325775598 6.275606802593349 0.6874521693764439 585.9760320290837 0.0
2828.1299721003916 910.8873945606474 6.337799986870505 0.6851932188114311 589.9548350790684 0.0
2865.3625959590227 936.3563102839912 6.400701428573341 0.6829271288985197 593.9531011119569 0.0
2903.306477396179 962.2258592635359 6.464370395147033 0.6806718087465455 597.9740527294582 0.0
2941.991841194638 988.5140110864378 6.528847496950276 0.6784258295650218 602.019805726412 0.0
2981.4333820655875 1015.2274718456633 6.594143963072486 0.676182274891719 606.0904271513187 0.0
3021.584512912261 1042.3315750965307 6.660170329738221 0.6739447538539434 610.1797613821134 0.0
3062.5051444820688 1069.8636403492155 6.727012821814456 0.6717110011440717 614.2925763096104 0.0
3104.2245515359523 1097.8400152751515 6.794705948440032 0.6694808784740296 618.4303648993331 0.0
3146.758495944813 1126.267833172315 6.863261645552992 0.6672420250142768 622.5932101621104 0.0
3190.055238251256 1155.1081417385008 6.932578509542432 0.6649810109002647 626.7740504200112 0.0
3234.204237742847 1184.4156509915565 7.002779549885769 0.662733966301813 630.9792782513232 0.0
3279.2155681292684 1214.19580893397 7.073878008077804 0.6605195951409328 635.2097160524316 0.0
3325.1061743415316 1244.4562167393528 7.145886565712379 0.6582865964973124 639.4654611461091 0.0
