e[MeV/fm^3], P[MeV/fm^3], rho[fm^-3], v2[1], mu_q[MeV], mu_e[MeV]
70.21755168181654 0.006206087273093519 0.07407856508846018 0.017597877650005332 316.5185077347417 89.2771661002368
71.43578994790998 0.027644495228360377 0.07535555647246353 0.0175978776500052 316.5894798429086 89.8124074562691
72.67502861766434 0.04945246571785267 0.07665456106626496 0.017597877650005228 316.6616753923034 90.35687548400062
73.93562970314778 0.07163636938565421 0.07797595834102777 0.01759787765000538 316.7351154730202 90.91072923592193
75.21796145691394 0.09420268669514797 0.07932013430936638 0.01759787765000533 316.8098215387112 91.47413050632369
76.5223984795798 0.11715800982215896 0.0806874816381126 0.01759787765000522 316.8858154128541 92.04724387856187
77.84932182925448 0.14050904458066893 0.08207839976302188 0.017597877650005325 316.96311929512683 92.630236773136
79.19911913285509 0.16426261238173973 0.08349329500545777 0.017597877650005436 317.0417557678931 93.22327949659658
80.57218469934486 0.18842565222626206 0.08493258069109116 0.017597877650005332 317.12174780279906 93.82654529129692
81.96891963491473 0.21300522273190858 0.08639667727063695 0.017597877650005284 317.20311876748366 94.44021038599915
83.38973196016327 0.23800850419525207 0.0878860124426853 0.017597877650005242 317.2858924324053 95.06445404735784
84.83503672928572 0.26344280068923775 0.08940102127863886 0.01759787765000527 317.37009297778565 95.69945863228664
86.3052561513196 0.28931554219685157 0.0909421463498059 0.01759787765000538 317.45574500067295 96.34540964122833
87.80081971348744 0.3156342867816875 0.09250983785669148 0.017597877650005325 317.54287352212793 97.00249577234631
89.32216430665855 0.3424067227958098 0.09410455376051008 0.01759787765000531 317.63150399453286 97.67090897664707
90.86973435297011 0.3696406711256137 0.09572675991696154 0.017597877650005242 317.7216623090265 98.3508445140514
92.44398193566516 0.39734408747669764 0.0973769302123309 0.017597877650005228 317.8133748030682 99.04250101043964
94.04536693114535 0.4255250646977123 0.09905554670190979 0.01759787765000531 317.90666826813106 99.74608051566989
95.67435714332068 0.45419183514462985 0.10076309975082554 0.017892055534992374 318.00156995752883 100.46178856260559
97.33169327479138 0.4843410207312542 0.10250008817728433 0.018775745774211428 318.10048622561175 101.18570399772256
99.01814146064449 0.5170082040359527 0.10426701939828847 0.020025246310001077 318.2058447860128 101.91428658825437
100.73429318912723 0.5525181669555139 0.1060644095778678 0.02129999675038627 318.31828524079526 102.64750316311726
102.48063871606901 0.5907964457966746 0.10789278377786223 0.022549781036994038 318.43751805132047 103.38670836290729
104.25774423592242 0.6320103592916358 0.10975267611130558 0.023887708108000116 318.5638120290785 104.13237516689382
106.06623539667063 0.676492214395437 0.11164462989845152 0.025339806313660923 318.697770868173 104.88465247088972
107.90674784282342 0.7245234535359056 0.11356919782549418 0.026726883379044414 318.8398212612412 105.64215664334085
109.77980899298537 0.7757858510810522 0.11552694210601787 0.028008654354195556 318.9889635986241 106.39548846211913
111.68603200563659 0.8304189676497289 0.11751843464523576 0.02941848660514751 319.1453310518051 107.14305877628786
113.62612253642692 0.8889903796251314 0.1195442572070575 0.0310000273545607 319.31003653378224 107.89037199216354
115.60075117782822 0.9518318179215621 0.1216050015840337 0.03259969837934959 319.4836179784206 108.6399435927219
117.61049319554543 1.0189345897359714 0.12370126977023699 0.03419210470702347 319.6659546827271 109.3941654142798
119.65602415051524 1.0905481505064962 0.12583367413711752 0.03592218882239359 319.8573917239201 110.15411877028433
121.73815641876267 1.1672766767204164 0.12800283761239192 0.03778190969818496 320.0588603075681 110.92020174565145
123.85759205422588 1.2493614886182018 0.1302093938620144 0.0396255479711905 320.27062777688235 111.69348487044105
126.01496433860267 1.3368161240061027 0.13245398747528928 0.041461386350795104 320.4925793312381 112.47517112638602
128.2110155783424 1.429932568241939 0.13473727415316794 0.04346252473119688 320.7250671173629 113.26594974297757
130.4466887956552 1.52951487508801 0.1370599208997976 0.045590760196347446 320.969220213987 114.06610244230104
132.72270298041246 1.6357091714792171 0.13942260621736857 0.04767926014436641 321.22510082538804 114.87651716166351
135.03976205186157 1.748593799706529 0.14182602030432198 0.04977029748745049 321.49267975935425 115.69799950047124
137.3986835249372 1.8685229353243933 0.14427086525697244 0.05206400529136951 321.77234677231564 116.53110782929468
139.80057355445675 1.9965668028217445 0.14675785527460983 0.05448295484632937 322.0654823434704 117.37614392238619
142.24614757531495 2.1327305435734982 0.1492877168681315 0.05683638595368079 322.37191652081754 118.23384218287305
144.73619757503982 2.2771938463603174 0.15186118907227755 0.059208520968313694 322.69174413674494 119.10477732777403
147.27162660197732 2.430390920319256 0.15447902366151722 0.0618292055008095 323.0254080857181 119.98940983187808
149.85374556019306 2.5937403356179334 0.15714198536966398 0.06457197399617759 323.3745941649684 120.88804723823948
152.4832372283129 2.7670401807274834 0.15985085211327107 0.06721882453614525 323.7388555425644 121.80124809303793
155.16100474728017 2.9506159576823916 0.1626064152188807 0.06990575565196155 324.1184454344821 122.72942464238325
157.8880490867394 3.1450019316856195 0.16540947965419006 0.07289593855263288 324.5138717435153 123.67293532678868
160.66593902373984 3.3520690822739376 0.16826086426320178 0.07600220080988451 324.92718571735776 124.63202719571277
163.4952840125817 3.5713158744339593 0.17116140200542868 0.07897532922519734 325.3576004812541 125.6070903482084
166.37712853614147 3.8032695276021222 0.17411194019922174 0.08202037368123771 325.8055622707938 126.59840218489457
169.31260061973967 4.048620249866702 0.17711334076929286 0.08542133552471287 326.2716886567447 127.60620334892384
172.303551331823 4.309718566586897 0.18016648049850292 0.0889270452590527 326.7583492276527 128.63058410314463
175.35050383107742 4.585737524453315 0.1832722512839939 0.09226446929582366 327.26444376458807 129.67181814230588
178.45466868853612 4.877441713994387 0.18643156039773165 0.09572802473872655 327.7906096931573 130.73004905217363
181.61738960046912 5.18586172672753 0.18964533075154347 0.09956214286511778 328.3377308078966 131.80536363429957
184.84067158507494 5.5134958934314255 0.19291450116672415 0.10348029397253222 328.90808973361146 132.89762523650757
188.12508868773136 5.859506730761704 0.19624002664828616 0.10723125726635341 329.50063467169656 134.00704679883177
191.47199658539387 6.224818666062787 0.19962287866394354 0.11114950466071183 330.116072530961 135.1336328978941
194.88301649425165 6.610906017540677 0.2030640454278977 0.11544544815415358 330.7555888744374 136.2772622126371
198.3602890613904 7.020342674256472 0.2065645321895225 0.11979382346787826 331.42129567013734 137.43754067535426
201.9044613376726 7.452308308070558 0.2101253615270204 0.12397650239191993 332.11220306471756 138.61467605675114
205.5170562570145 7.907903230714149 0.21374757364614289 0.1283699626450635 332.8290718474655 139.80852765902867
209.2000509218192 8.389163756231573 0.21743222668406043 0.1331367755092301 333.57341318817043 141.01869117551004
212.95568685700158 8.89862029273525 0.22118039701847075 0.1379109881763032 334.34705688852574 142.2445530860434
216.7847142491265 9.435507109353031 0.224993179582034 0.1425209986125906 335.149090910276 143.4863497980139
220.6888478651131 10.001107919216421 0.22887168818223044 0.1473848211915132 335.9803024130194 144.74379875149575
224.67051841244387 10.598148441577159 0.23281705582673115 0.15260238957125072 336.84253077264475 146.0161250814302
228.73201076449018 11.228941923303356 0.23683043505437643 0.1577674592771845 337.73719306437926 147.30260528428684
232.87421847820065 11.892825884399452 0.2409129982718618 0.16276966708385543 338.6634726746745 148.60351662363965
237.09907459677976 12.591262929879372 0.2450659380962259 0.1680647442175771 339.6221443059857 149.91845083271977
241.4095830266287 13.327795359770137 0.24929046770324403 0.17367604335428166 340.61534675451054 151.2461733723472
245.80798450797525 14.104290408314728 0.25358782118182577 0.17916063314688135 341.6439533067965 152.5860269646372
250.29536865638684 14.920249387540146 0.2579592538945237 0.18448376658109078 342.70726027181 153.9383214680799
254.87391430339358 15.777295306389933 0.26240604284425445 0.19013115054428797 343.8059831368225 155.30255316107613
259.54734193097937 16.679902122692877 0.2669294870473437 0.19603884001981875 344.9424917462097 156.67695034502995
264.3177234138911 17.62921742422393 0.2715309079130002 0.20173455319505607 346.11701155796936 158.06114921462316
269.1864120746621 18.624978432827973 0.2762116496293318 0.20727097595137622 347.328966229596 159.45546560193614
274.15586021544175 19.66893704821644 0.28097307955601647 0.2131521958171756 348.57896372915343 160.8593430130801
279.2306731431928 20.76658998854091 0.28581658862374093 0.21922189252154145 349.86949367684684 162.27041922778363
284.412585417037 21.918069468750467 0.29074359174052566 0.2249894143101847 351.2000887836266 163.68887481305947
289.7032992122702 23.123430865940225 0.29575552820505524 0.2306016920899494 352.5703075794808 165.1149897852477
295.1055673860831 24.38451504681977 0.300853862127132 0.23656661428271297 353.98060905644974 166.5482047162215
300.6250734626658 25.70790002720107 0.3060400828553784 0.24263779812409947 355.4334521442952 167.985546141962
306.2629978571605 27.092417065261266 0.3113157054123131 0.24831998114039466 356.9277197298895 169.42797804232237
312.0214966673664 28.538529352055203 0.3166822709369256 0.2538541104542591 358.4631014669581 170.8756920374787
317.9036494111742 30.048126085066315 0.3221413471348811 0.2597359108053192 360.03988091456415 172.3281747479247
323.9164360611114 31.628890065835524 0.32769452873648597 0.2656390932017807 361.66030746350987 173.78185544558517
330.06021547034334 33.278110584552124 0.3333434379625472 0.2710787578055842 363.3227610243933 175.23867305073648
336.3377248306841 34.996751726455315 0.3390897249982634 0.27638164452897485 365.0270429856405 176.69867300893014
342.75239563416363 36.78671837750218 0.3449350684752844 0.2820159576097043 366.7732551876847 178.16142771359964
349.3127469329602 38.65679115669434 0.35088117596208035 0.28759239956345484 368.5632457970251 179.62281308437977
356.0179982424811 40.60254779373834 0.3569297844627652 0.2926507180164095 370.39513942729127 181.08586093941702
362.87161894726887 42.62554485678177 0.3630826609245175 0.2976058496429581 372.26881070045994 182.55041400308298
369.8776838050342 44.72802159039085 0.3693416027537498 0.3028324596598386 374.18425749083553 184.01597196044224
377.04571989459646 46.91882012835673 0.3757084383411748 0.30793255850782497 376.1425479489815 185.47847044374714
384.37423920137996 49.19272886637786 0.3821850275959231 0.3125215544923945 378.1420680020603 186.9415202760738
391.8673537720589 51.551645656583794 0.38877326248886857 0.31704011341831206 380.18264288681297 188.40489537630313
399.53022857376277 53.998550771733285 0.3954750676053199 0.32173794710659864 382.2641765278808 189.86781153455445
407.3724291860139 56.54109433027862 0.4022924007072386 0.3262560177033471 384.38684656688184 191.32699317636136
415.3926093188036 59.174483419942426 0.40922725330514964 0.33032373141907057 386.54960838431725 192.78593445174437
423.5953061809909 61.90062597545923 0.41628165123991057 0.3343704786239048 388.75217980057613 279.7380057254512
437.98861123920983 66.76270472741827 0.42857115135201196 0.0015816143239784676 390.99427615507426 224.73945982453932
902.9388129216941 68.40373331697882 1.7608675266395961 0.005477329122533733 393.27543963785325 168.79475909515722
1820.8088098154237 76.96070841235233 4.434238111301315 0.014045068781459585 395.59516773161965 111.65067651296623
2578.825804122744 90.56336341671476 6.701235159926616 0.3971586441537589 397.95311125729603 51.882983986145405
2617.726393560163 106.77010614043405 6.805160632214389 0.5411203038119115 400.3486982341418 7.581769591437141
2644.280423988652 123.39574760965452 6.871407920643209 0.6272848647816953 402.78113502043635 0.0
2671.422619359267 140.45433780643992 6.938568941228715 0.6275238814054944 405.2503908250171 0.0
2699.3144228814303 157.9294282398618 7.007175717660605 0.6255832751273434 407.7560864453435 0.0
2727.9544932282265 175.81829469192598 7.077212620166731 0.6235481936733542 410.2972643916196 0.0
2757.3935292018523 194.14283016266515 7.148732932363604 0.6214310097723303 412.8731075256692 0.0
2787.639999629623 212.9070395616994 7.221749999217311 0.6194278832015447 415.48395412590855 0.0
2818.6759021920925 232.10132293343995 7.296233864048499 0.6173405697654504 418.12942481666244 0.0
2850.5715031903505 251.75526858562287 7.372253556833394 0.6152085847392978 420.80808286670407 0.0
2883.285740556099 271.84821253597426 7.449747316721049 0.6131783205751979 423.519388423576 0.0
2916.857625128241 292.39871353089706 7.5287703284084015 0.6110463867392739 426.263926491692 0.0
2951.335742874622 313.4279222092485 7.609376960665659 0.6089694936336549 429.04133904117657 0.0
2986.6546893684017 334.90136292511505 7.691455548283919 0.6068414025914972 431.84962364736657 0.0
3022.925738938231 356.86948604663604 7.775143416354575 0.6047296113308507 434.68879187402194 0.0
3060.0746888824187 379.298947587119 7.860354554001324 0.6026100310681608 437.55954505588323 0.0
3098.235978173116 402.24980887561213 7.947249275043132 0.6004776330112058 440.4615602408136 0.0
3137.2793732363266 425.65695669374645 8.035627057927375 0.5983641785750216 443.39219174670734 0.0
3177.354851012078 449.5892988404111 8.125681235169738 0.5962163796900226 446.35224304333093 0.0
3218.390291457752 474.0147391590615 8.217329362230128 0.5941165571666573 449.3424024244641 0.0
3260.49133708395 498.9796623952591 8.310693906381486 0.5919610171540306 452.3623894048231 0.0
3303.578042301807 524.4405418763575 8.405627131857461 0.5898759336591333 455.4088468583903 0.0
3347.719698880734 550.4313397596413 8.502235221875006 0.587722654691393 458.48357591050296 0.0
3392.9737016238128 576.9779594091359 8.60059153787843 0.5856247250733482 461.5871295346198 0.0
3439.302509455347 604.062346787744 8.70064409217302 0.5835025703493466 464.7192724425523 0.0
3486.753374674936 631.6961193354887 8.80238699693998 0.5813447216539105 467.87587687666405 0.0
3535.337728993881 659.8895717956823 8.905872187985524 0.5793004696554584 471.0599151315838 0.0
3585.071846289934 688.6497327907604 9.011119817037818 0.5771644268710681 474.2716930347005 0.0
3636.0687610381706 718.0250912565863 9.118256366082692 0.5750131125849443 477.5110201023164 0.0
3688.2002016684773 747.9475741173258 9.22705429057093 0.5729792956700503 480.77294680996494 0.0
3741.5588445148037 778.4662362021171 9.337680939862796 0.5708835647504014 484.06176219100337 0.0
3796.2311586386227 809.6178262676927 9.450231923981267 0.5687531030164266 487.37742484726095 0.0
3852.2125005922317 841.3981064658369 9.56468929714339 0.5666916310163597 490.71942709513365 0.0
3909.4276450849234 873.7628267215591 9.680890947016241 0.5646657190127513 494.0830324628434 0.0
3967.9875159426765 906.7695641558878 9.79902948601008 0.5625792140010892 497.47289006040484 0.0
4027.9811965624535 940.4555087892516 9.919199764096867 0.5604802086507279 500.8888825459008 0.0
4089.3801227819868 974.8048421153595 10.041348228343832 0.5584492660667459 504.3299917615031 0.0
4152.132662669313 1009.7850780324022 10.165350169894335 0.5564383163858473 507.7922253856572 0.0
4216.354982646273 1045.455565957318 10.2914011721624 0.554430509888113 511.2801267663313 0.0
4282.082259530417 1081.8300800839454 10.419534000637665 0.5523831020690944 514.7936148893198 0.0
4349.368391718652 1118.9266676147345 10.549777898642628 0.550336709536861 518.3310928584808 0.0
4418.146375200716 1156.7081736119462 10.682003718447458 0.548346640205156 521.8894715714698 0.0
4488.529244163015 1195.231874652411 10.816398872461798 0.5463688859642604 525.4730848306887 0.0
4560.555022957896 1234.51258356032 10.9529983116665 0.5443975159933032 529.0818842067226 0.0
4634.21760748581 1274.5410375900276 11.091753272342942 0.5424345102309349 532.7136335653959 0.0
4709.512420827238 1315.3090207870634 11.232619313684454 0.5404813642069204 536.3662857953279 0.0
4786.561532237328 1356.8766702743767 11.375787522351114 0.5385361988072805 540.0438741161018 0.0
4865.40615587494 1399.2599552362958 11.521295194100697 0.5365882583464536 543.7463790946406 0.0
4946.040472292085 1442.4476990319754 11.66908074067559 0.5346472373447018 547.4708712870953 0.0
5028.474054764504 1486.4402899010581 11.819132394632005 0.5327325242927561 551.216467733508 0.0
5112.819782405936 1531.2928229035185 11.971623627255953 0.530834401703336 554.9868210458568 0.0
5199.122107586981 1577.0224430253197 12.126594041287316 0.5289464130648653 558.781937487146 0.0
5287.340779053363 1623.6014716992145 12.28393151399991 0.5270707917241566 562.5981454122898 0.0
5377.526656057477 1671.0505923706783 12.44368805915563 0.5252079280758384 566.4358348263322 0.0
5469.799479266471 1719.426351985611 12.606035252088432 0.5233565550918815 570.2982070044372 0.0
5564.207315606145 1768.747199005224 12.771015169222691 0.5215167073284785 574.1852909518561 0.0
5660.687667712489 1818.9739326724498 12.93847736827567 0.5196908120568029 578.0926279967849 0.0
5759.328592326053 1870.1460034955946 13.108534457993342 0.5178785522305898 582.021979385741 0.0
5860.2455083268605 1922.3165480616995 13.281342905169454 0.5160789220196662 585.9760320290837 0.0
5963.4903262267835 1975.5053966074288 13.456947329590086 0.5142828911183059 589.9548350790684 0.0
6068.992353838637 2029.6674211890725 13.635172237431753 0.5124935737811267 593.9531011119569 0.0
6176.8833393759705 2084.8636890862763 13.816198643942535 0.5107249969845853 597.9740527294582 0.0
6287.260704854735 2141.138158233225 14.000152801583386 0.508975823438 602.019805726412 0.0
6400.180650560885 2198.51219206001 14.18708206424541 0.5072404048601378 606.0904271513187 0.0
6515.523350014478 2256.918010535382 14.376744213810719 0.5055213519380306 610.1797613821134 0.0
6633.474504477014 2316.442751195349 14.569400686738662 0.5038167335885131 614.2925763096104 0.0
6754.133072500419 2377.128985678058 14.7651660921344 0.5021262696960438 618.4303648993331 0.0
6877.559596498338 2438.999628772573 14.964090482636744 0.5004405754889465 622.5932101621104 0.0
7003.622963480124 2501.9794022702663 15.165901343229134 0.49874962058210315 626.7740504200112 0.0
7132.604879397828 2566.1984151822635 15.370981471212488 0.497080137218882 630.9792782513232 0.0
7264.540176409092 2631.67131826289 15.579368854758824 0.4954459166700804 635.2097160524316 0.0
7399.494235531689 2698.4227461173537 15.791116454102285 0.49380076903092984 639.4654611461091 0.0
