M[M_sun], R[km], Lambda[1], P_c[MeV/fm^3], rho_c[fm^-3]
0.24162668629717493 15.618656898711224 2160425.4255784233 3.5677272577965504 0.1711233750220791
0.253643592514007 15.277277076897052 1723231.7779424875 3.784812250790936 0.17388808137395484
0.2660390906710041 14.981289881692662 1383094.3314624433 4.011386024166422 0.17666647429332505
0.2788134452379353 14.723536269339181 1116416.7480470494 4.247704898743217 0.17945724378965688
0.2919669877285892 14.498466680399579 905983.1269095977 4.494393915566258 0.18226695349878724
0.30550346370254317 14.301223219007705 725461.3142287806 4.751607645876554 0.18509128944347927
0.3194185801935031 14.128165982307223 605135.7474881619 5.020030085012674 0.1879369079919722
0.33371495980783367 13.975997376763694 497695.1563676128 5.299882906385051 0.19080038561052257
0.3483959561957519 13.842069241673622 411031.36185190943 5.591897491296738 0.19368807495670576
0.3634567759220594 13.72405699169604 340673.66967793036 5.896237626185979 0.19659497455360314
0.37891081123694637 13.620037338349725 283331.52714609023 6.213768823325105 0.19952879531795445
0.3947413631051582 13.5284991501343 236415.35467199274 6.544750740273379 0.20248575556057571
0.41096557021365754 13.447938507180549 197884.3144923075 6.889881293632324 0.20546949084091426
0.4275734982344308 13.37710506420066 166099.3221637116 7.249867528837259 0.2084831108005402
0.4445671250101019 13.314983179642862 139821.0316795412 7.624971703178495 0.2115222148252616
0.4619487510819354 13.260586904759545 117993.53489355132 8.016136236041994 0.21459286333020466
0.4797109605834331 13.213190392079497 99833.22200637194 8.42406906879371 0.2176967522036262
0.4978672868651645 13.172019616339696 84653.82299681813 8.849215603592596 0.22083141531067427
0.5164046458887646 13.136432753758594 71946.8454862424 9.292440041898761 0.22400013232313692
0.5353223519054251 13.10586559250522 61284.953550454426 9.754631333109707 0.22720588434627792
0.554628297485283 13.07983505989539 52306.181794362026 10.236598923518406 0.23045002208875187
0.5743090112488488 13.057869005632938 44735.66627691108 10.738820147233039 0.2337293212888872
0.5943630420596978 13.039553884409107 38333.94284121502 11.262527337703089 0.2370498153945637
0.6148005035386538 13.024531729449832 32906.54848654756 11.808663764627877 0.24041319437321643
0.6356010802242151 13.012454083106881 28298.136493656995 12.378208254765456 0.24382109085484374
0.6567713618746139 13.003047399263329 24374.912718950167 12.9718583540997 0.24727155263225095
0.6783033617826488 12.99597949403095 21031.429850212473 13.590923681752772 0.25076917403186894
0.7001897867014367 12.991070600153169 18175.734909469364 14.23660984214608 0.25431668467988616
0.722421829279838 12.987999386264006 15732.485753088875 14.91010629013841 0.25791606875164264
0.745008404062052 12.986647923218166 13636.11468282995 15.612452909004785 0.26156732642745906
0.7679276437677671 12.986757582787229 11837.518284906273 16.344895297018013 0.2652721485066424
0.7911714589105251 12.988131599362902 10290.877739892341 17.10905898039148 0.26903532470494446
0.8147445828277686 12.990662842295087 8958.145547654301 17.906398697264414 0.27285928699497425
0.8386252554554868 12.994129307767782 7809.155844830874 18.738290084249343 0.27674521042146594
0.8628043034945808 12.998401687658562 6815.900111531311 19.606056646189206 0.2806933902705744
0.8872781653869883 13.003336193521612 5956.681889097585 20.511793752204888 0.284710276639468
0.9120373412895942 13.008835968031207 5212.2494649057135 21.457295113412297 0.2887988820483448
0.9370552023543405 13.014728046384493 4566.239815272391 22.44405785338332 0.29295923438091775
0.962332665914018 13.020930630681653 4005.300590060492 23.474080853665917 0.2971949224914289
0.9878555203294263 13.027321788762453 3517.2494612047485 24.54979850979666 0.3015121483226698
1.0135973408412655 13.03378056170562 3092.500958033255 25.673168200927332 0.30591265742336776
1.0395593748395067 13.040239288413483 2722.078601777969 26.846120254895062 0.31039748301369996
1.0657095487407389 13.046561691557423 2398.9199679173907 28.071765451683184 0.31497546942009935
1.0920401487479323 13.05269525694544 2116.2868481749238 29.352175517067078 0.3196471795973707
1.1185367279995881 13.0585262157076 1869.0548249272038 30.69007160458202 0.3244170642301177
1.1451658175389474 13.063980135207796 1652.5066099315757 32.088888773664756 0.32929342091229685
1.1719288280078755 13.06899205982854 1462.5214310107765 33.55052804156516 0.3342736890930205
1.1987819590582567 13.073452156745129 1295.7530737315722 35.079549745934585 0.339371559396583
1.2257249594262996 13.07732572324107 1149.2385512547896 36.67799960665228 0.34458393282502725
1.2527209335448048 13.080492179990898 1020.4213005518717 38.35089239914414 0.3499250210415482
1.2797610253585676 13.082935505802041 906.912516505479 40.100487568502324 0.35539152821868913
1.3068037583141374 13.084518047274168 806.9625594827421 41.932260894304406 0.3609980418975038
1.3338403034948478 13.085239691937108 718.7952232684004 43.84965099971749 0.3667462458240405
1.3608468431945053 13.085034650377567 640.7934667929248 45.857410519784004 0.37264425489626307
1.3877768999283728 13.08377703289765 571.9674648847509 47.96083869916462 0.37870184299479276
1.4146329527468404 13.081491153898243 510.96424537089047 50.16465077336399 0.38492445622082927
1.4413549763023463 13.07804260651284 456.9926716160888 52.47414204114037 0.3913194633064325
1.467948798340718 13.073447385300595 409.1221218843415 54.89568823898851 0.39789835228189946
1.4943566396908745 13.067586071388215 366.63082862257215 57.43547656708362 0.40467017969658764
1.52056840168847 13.060445154325633 328.93308732424725 60.100132095858385 0.4116447118198457
1.5465506412346945 13.051962666192612 295.36892320075896 62.89675718140018 0.41883248307136145
1.5722671229758394 13.042087833943823 265.5396384081864 65.8329746542528 0.42624485922102484
1.5976903652220875 13.030763928098214 238.98978632415188 68.91697516464113 0.4338941059165802
1.622777627114722 13.017948472706216 215.297749867446 72.15756911474215 0.4417934631656879
1.6475293415600132 13.003616413513921 194.1543047531304 75.56424366261513 0.449957226474765
1.6718780632197165 12.987687558311125 175.28342418636495 79.146980202062 0.45839981170164124
1.6958154321725762 12.970146101827956 158.410039495016 82.91587106059247 0.4671340844049412
1.7192803998719 12.950906573583497 143.3245753775302 86.88369422954685 0.47618178211311385
1.7422823286846467 12.930007835312235 129.81481495839893 91.0620832925923 0.4855574821140796
1.7647632184266344 12.907367790357796 117.71417242368199 95.46500053331123 0.49528261229837656
1.7866899981556221 12.882938961612552 106.85129185244824 100.10623405724259 0.5053751827387182
1.8080301667347756 12.85669049021942 97.11373272969948 105.00223955878266 0.5158606366744466
1.828742103270259 12.828565434223748 88.35603317237614 110.16954999500362 0.526761499762929
1.8488226071033917 12.798608605628697 80.48493200282623 115.62571945665151 0.5381008833258737
1.8682100224501537 12.766707872184018 73.40234248740859 121.39108236809824 0.5499086059667386
1.8868825740322477 12.732868520818943 67.02820661338521 127.48698391126743 0.5622142023059777
1.9048068852356423 12.69706317405501 61.275756702899365 133.93592661208345 0.5750472133400988
1.9219513890588495 12.659258540433585 56.09152898700767 140.76342668054122 0.5884433718020573
1.9382669145190157 12.61937925248318 51.40719604752927 147.9972284631245 0.6024412140291588
1.9537674546420531 12.577548008816523 47.17654291136188 155.66591390720956 0.6170768207409473
1.9683864460767677 12.533630286483657 43.35228606926975 163.80301742824113 0.6323974380268491
1.9821057186928395 12.48764352825407 39.8914384046716 172.44219743980096 0.6484442810304165
1.9948984949648856 12.439578432952397 36.75672279430672 181.622913526565 0.6652711342996536
2.0067311445857827 12.38941375773684 33.915202837185376 191.3870504601864 0.6829320659663499
2.0175895684940297 12.337169327800538 31.33706244110634 201.78061531855306 0.7014862740518822
2.027430209020411 12.282796619170872 28.999948943691646 212.8536330228202 0.7209967408653167
2.036245333572063 12.226343711255854 26.877510251977775 224.66134699906343 0.7415330651403164
2.04399459447683 12.167763957413275 24.949451497412472 237.26509785328258 0.7631730338370609
2.0506588675079986 12.107072756002015 23.194322451973413 250.7315783944394 0.7859987599355225
2.056235983364404 12.04434116946537 21.598937466437885 265.133825116904 0.8100982901162502
2.0606891936253184 11.979505998672218 20.146622549061313 280.5537509783378 0.8355719842833059
2.0639996012060804 11.91262423269168 18.826340020698897 297.08074403744536 0.8625258155592402
2.0661674186402603 11.843737812111746 17.62357040870844 314.8152359967541 0.8910805802165773
2.0671668384631023 11.772859582525523 16.527845342382925 333.8666720699865 0.9213624225911844
