M[M_sun], R[km], Lambda[1], P_c[MeV/fm^3], rho_c[fm^-3]
0.24162668629717493 15.618656898711224 2160425.4255784233 3.5677272577965504 0.1711233750220791
0.25364526888326566 15.277251838217447 1723117.5636648021 3.7848536520219613 0.17388859742032695
0.26604321061020925 14.98121710241698 1382859.3382184315 4.011473058348731 0.1766675260500542
0.27882081966564537 14.723397167944235 1116334.8883133729 4.247840510926071 0.1794588166866148
0.29197774179079483 14.498271370121914 905738.8097214857 4.494581664882512 0.1822690441309981
0.30551492456785445 14.301110662183156 738517.8881886137 4.75185390793764 0.1850939495437372
0.3194341962761406 14.127990176816434 604991.401937538 5.0203366744369555 0.1879400889755818
0.3337348267484015 13.975779333447514 497642.53269292065 5.300257895589774 0.1908041611295945
0.3484182251432325 13.841882247554489 410916.602691746 5.592341817142046 0.19369237393148894
0.3634842612976392 13.723822032035558 340560.5363847906 5.896761271958781 0.19659989274551656
0.37893960513445357 13.61986431160538 283230.1985058736 6.214378126735201 0.19953435143140547
0.3947751925631551 13.52832467411479 236347.4388266836 6.545445069309879 0.20249184388823324
0.4110030770143694 13.447732495765045 197813.9190293426 6.890674053425425 0.20547624231598105
0.42761334507799237 13.37694827028853 166025.28678868906 7.250766159557453 0.20849054494218902
0.4446122454612667 13.314813123583807 139761.160404629 7.6259737216588315 0.21153019153666083
0.46199517774748644 13.260458413894156 117929.79534887936 8.017259121379167 0.2146015497561015
0.47976565552233064 13.213066186813673 99773.93146194867 8.425321578279691 0.21770616932398462
0.4979257728362965 13.171894302013396 84607.15104444961 8.8505931194877 0.22084138911432208
0.5164690787442499 13.136305891151633 71911.99414065565 9.29396485866841 0.2240108671282565
0.5353892643406574 13.105777694823983 61247.8042083303 9.756313790844501 0.22721740334250712
0.5547025455752856 13.079742810213096 52282.59975839694 10.238442675727182 0.23046225541906928
0.5743874081106858 13.057779738656468 44709.79000227426 10.740831781168325 0.23374223660187796
0.5944479669322063 13.039500796014345 38312.110815249594 11.264729793287456 0.2370635763769111
0.6148886636942289 13.024463573755597 32886.45030906617 11.811070054758769 0.2404278286320187
0.6356972443349197 13.012399171132405 28277.0444200932 12.380832204260383 0.24383662745450804
0.6568718732416226 13.003001543146562 24358.250728595303 12.974687913245965 0.24728772523201567
0.6784082412820908 12.995961437612552 21015.970084664725 13.593999034899875 0.2507862967742556
0.7003014722921393 12.991046925522507 18162.160543203547 14.239947481221172 0.2543347915347621
0.7225369064742672 12.988022630688635 15720.086135932606 14.913723766805774 0.25793519571440116
0.7451322717165719 12.986650763174016 13626.202358879564 15.616333603862483 0.261587161965405
0.7680577648734102 12.98675405034558 11829.035443716823 16.34909176832062 0.2652930668635745
0.7913073866391607 12.98814735911904 10283.647049558369 17.113592292476447 0.26905736866650537
0.8148849047795063 12.990683207883487 8950.529417939284 17.91129131113863 0.2728825020979687
0.8387738527352236 12.994147902587745 7802.762794548308 18.743520298044164 0.2767692405476679
0.8629589922037278 12.998425000557704 6809.739385384896 19.611692473005903 0.28071867467117095
0.887444026151991 13.003383586895252 5951.34978431498 20.517862321232116 0.28473687004989184
0.9122054287796608 13.00887197333604 5207.752887815304 21.463825411753433 0.2888268428947521
0.937230616153202 13.014775653458823 4562.503360790375 22.45102267628025 0.2929881622900628
0.9625177126909036 13.020984801642546 4001.6779159690204 23.48156761506515 0.2972253284540048
0.9880441679233596 13.027378030681671 3514.079384506404 24.557842454584293 0.30154410309667123
1.0137923993600164 13.033821318447838 3089.949863456824 25.681738189540944 0.30594573065991437
1.0397601648210693 13.040287700580883 2719.4420057449993 26.8553210701667 0.31043224203700953
1.065915245443796 13.046610071088887 2396.5495395879643 28.08164016897516 0.3150120002932186
1.0922522508304804 13.052738755132237 2114.009830079767 29.362689135432237 0.3196850221680907
1.1187550960553625 13.058576105455115 1866.9385867574742 30.701349662154527 0.3244568483090046
1.1453921810914125 13.064037860145495 1650.7170198286358 32.10089445761037 0.3293346712598217
1.1721584720052125 13.069033772242047 1460.9779320671955 33.56340219575952 0.3343170763200364
1.1990190940204346 13.073490325799998 1294.3843314145147 35.09335314309021 0.33941720348886717
1.2259685296483784 13.077356527925405 1148.0991001711345 36.69269218610909 0.34463132881199254
1.2529681991712012 13.080509659670295 1019.3513376260037 38.36654966987125 0.3499743674234025
1.2800151499365298 13.082945693930768 905.9653447443784 40.117255586924124 0.35544340286585313
1.3070685249446243 13.084555551176424 806.0690024939344 41.950115421947864 0.36105201883951904
1.3341036733969063 13.085234734166566 717.957162091642 43.8687922442851 0.36680314350201815
1.3611137262808704 13.085028521300273 640.0584130107123 45.877798369123326 0.3727035399926618
1.3880549575472727 13.083775986644456 571.269798812372 47.98256024818534 0.3787636695351743
1.4149013686898277 13.08144791314045 510.36554091342475 50.18794424175023 0.3849897270862408
1.4416353841067162 13.077999588815285 456.47449392893 52.498970446328705 0.3913876328046802
1.468231073686195 13.073391523432319 408.6484735827519 54.92216153474518 0.39796961363295796
1.4946428232099798 13.067516495643236 366.1974322781422 57.46371361437905 0.40474474105869274
1.5208558272959813 13.060360086599797 328.5452367377414 60.130261460433985 0.41172279751639174
1.5468417648194825 13.051860484831138 295.0347741575423 62.92891801092649 0.4189143349394052
1.5725595862704893 13.041967033105026 265.22251856431456 65.8673176439415 0.42633073809443894
1.5979727932948447 13.03061844246194 238.68663447745206 68.95366362125506 0.4339842932584422
1.6230832726858784 13.017798512570394 215.028539675859 72.19678013016767 0.44188826286622573
1.6478238015046143 13.003432464103204 193.90567116799153 75.60616940954688 0.45005696683314605
1.6721721679427732 12.987483670675065 175.07146499387358 79.1916104043101 0.45850393345288337
1.6961087386034457 12.969919701332119 158.21322637802567 82.96364122923713 0.46724386011335733
1.7195890217356886 12.950687375780738 143.14649813847277 86.93485031433094 0.47629762547587723
1.7425731256223553 12.92974070942789 129.6529594310325 91.11664658529536 0.4856788653563178
1.759230733043879 12.908662968060575 120.18385679371735 96.18471849067947 1.4617995900034197
