M[M_sun], R[km], Lambda[1], P_c[MeV/fm^3], rho_c[fm^-3]
0.24162668629717493 15.618656898711224 2160425.4255784233 3.5677272577965504 0.1711233750220791
0.2536454264213929 15.277227007747399 1723071.6198706552 3.7848436984585883 0.17388847335396126
0.26604225476693905 14.981227297020178 1382936.1995807046 4.011452133720769 0.17666727318827416
0.27881964583066904 14.723429836075177 1116424.9816257348 4.247807907062216 0.17945843853092705
0.2919747296716903 14.498336932628238 905806.0390754772 4.494536525965176 0.18226854149867736
0.30551199440081156 14.301154867877566 738566.3342400333 4.7517947009824075 0.18509330999562254
0.3194298775063153 14.12804738950897 605021.8950569902 5.020262963030451 0.1879393241912893
0.3337301390667833 13.975818500987659 497618.2456215466 5.30016773875091 0.1908032533998244
0.34841290294060107 13.84192650455759 410934.830150499 5.592234989484053 0.1936913403445106
0.36347812828173415 13.723872584655705 340626.96880123933 5.896635373022321 0.19659871027606227
0.3789326706090175 13.619904958003278 279329.9043536909 6.214231632552665 0.1995330155808512
0.39476666725659776 13.528363914655719 236371.27935553488 6.545278131693632 0.20249038007086043
0.410994160459169 13.44777968106446 197829.85717031843 6.890483449096017 0.20547461904952782
0.4276041903138829 13.376984901992316 166043.9271766705 7.2505500994149985 0.20848875753200197
0.444601609368067 13.314858989384264 139765.18441766434 7.625732802607489 0.21152827366610172
0.461982954889519 13.260491090223976 117948.65543065697 8.016989140480646 0.21459946123558127
0.47975250973587796 13.213094119847916 99789.4469247724 8.425020429674673 0.21770390510747292
0.4979124210622034 13.171913806753926 84620.26992429931 8.85026191334105 0.22083899104030683
0.5164528305768878 13.136346601239183 71921.41973838078 9.29359823406692 0.2240082860682056
0.535374128079041 13.105791144055127 61260.37227149356 9.755909261271764 0.22721463371892217
0.5546832575754936 13.079773838953596 52289.68748358737 10.238001932151914 0.23045934706832236
0.5743680236152552 13.05780225728748 44714.90390873246 10.74034810010429 0.23373913121962123
0.5944278912351887 13.039492996903105 38315.26873173056 11.264200228092436 0.23706026764398946
0.6148680362135269 13.024471533242926 32890.32983163017 11.810491476106746 0.24042430990847724
0.6356752682131671 13.01242063795588 28282.94799933068 12.380201287556023 0.24383289174988565
0.6568482898533918 13.002994515327254 24361.898222060358 12.9740075558184 0.24728383658795342
0.6783825561620008 12.995975329132987 21019.75801005425 13.593259573554002 0.2507821796515953
0.7002745249797903 12.991046373960382 18165.192596968565 14.239144949909914 0.25433043776323094
0.7225117644726851 12.988004754774739 15723.827497548504 14.912853944606995 0.25793059663655427
0.7451022606015599 12.986653511295843 13628.626931587325 15.615400487060716 0.2615823924912752
0.7679153437923115 12.986704607186208 11838.078148973813 16.278646245148447 0.2695705370205332
0.7813554382769923 12.97906640541778 10855.137735402219 17.278567180878845 0.6097235384470956
0.7856986452216526 12.955685222050928 10414.678973085904 18.43554452901315 0.8660542789668405
