M[M_sun], R[km], Lambda[1], P_c[MeV/fm^3], rho_c[fm^-3]
0.24162668629717493 15.618656898711224 2160425.4255784233 3.5677272577965504 0.1711233750220791
0.2536401665847614 15.277410237619522 1723314.1909317938 3.784766575102745 0.1738875120485362
0.26603361556118194 14.981389720083532 1383159.7085504662 4.011290005734348 0.17666531396723964
0.2788054038175705 14.723725998968327 1116634.958960116 4.2475552901234686 0.17945550855512318
0.2919568219219988 14.49862987305809 906116.696770655 4.494186791959056 0.18226464712935017
0.3054881608488706 14.301459777669898 738846.3270658089 4.751335975690189 0.1850883548869762
0.31940028645891316 14.128367803042893 605242.0184787838 5.019691868160676 0.18793339886159302
0.33369451607265116 13.97618796355571 497853.8786337313 5.299469239989448 0.19079622067631552
0.34837180404824897 13.842263310853664 411160.5638978748 5.591407343672012 0.19368333264360157
0.3634295302177691 13.724236944860925 340787.95851296105 5.895659987218401 0.19658954924617822
0.3788771558645239 13.620270018429293 283435.41530837235 6.213096704449588 0.19952266640309355
0.39470640750776 13.528685630361101 236521.45192747173 6.543984840452697 0.2024790396538283
0.41092564863558256 13.448087640510465 197970.90271980283 6.889006829534428 0.20546204353770198
0.42752782221980407 13.377272875714587 166168.75785586663 7.24887629665308 0.20847491059071152
0.4445163832490436 13.31513925473608 139884.50236383235 7.623866443611868 0.21151341624843167
0.4618926457584497 13.26076309188824 118050.99368661027 8.01489767381738 0.21458328205006272
0.4796523906024022 13.21333795325644 99872.38465081913 8.422687548276205 0.21768636510066483
0.4978020417098431 13.172157997178303 84701.44123039371 8.847696219515736 0.22082041432077493
0.5163502565129321 13.136473686098768 71879.06042178572 9.2907582099876 0.22398829212163235
0.5352467596334086 13.105976669924525 61320.39055133335 9.752775653105678 0.22719317937870168
0.554546724387162 13.079948949223471 52345.15709497443 10.234557302568815 0.23043642568966652
0.5742211671585542 13.057956278289874 44765.17150710132 10.736601456600871 0.23371507660776436
0.594272709620138 13.039631448405004 38358.80683449146 11.260098217414061 0.23703463820703977
0.6147022613415012 13.024589531080379 32930.3687370065 11.806009868472014 0.24039705425666083
0.6354985506559935 13.012481670649167 28319.857169887546 12.375314341674141 0.2438039557806931
0.6566615916097206 13.00308328689616 24394.178664261988 12.968737713124158 0.24725371632811383
0.6781863928727545 12.996021506308029 21048.08422703255 13.587532007550182 0.25075029009859284
0.7000662345073179 12.99108513539436 18190.136746764587 14.232928954131575 0.2542967156827617
0.7222920823983753 12.988013222085842 15746.428151707669 14.906116839799775 0.2578949750238676
0.744872631236602 12.986658209056776 13648.531054259149 15.608173222762565 0.2615454515102169
0.7677825371621253 12.986768070400089 11847.742515964024 16.340267430937324 0.26524907975493905
0.7910208941276639 12.988127838816025 10300.593304239437 17.10405971473361 0.2690110149689436
0.8145874342131421 12.990643837429552 8966.879225321629 17.901003273123866 0.2728336860932187
0.8384597139193243 12.994104459941742 7815.621906800463 18.73252242987045 0.2767187110338595
0.8626345306414159 12.998358099059596 6822.485440652994 19.599841784822747 0.28066550810713103
0.887100146070773 13.003300227998622 5962.332400620704 20.505101780581782 0.284680951382209
0.9118517703371097 13.00879976791585 5217.130599837716 21.45009408092519 0.28876804931256034
0.9368633764069431 13.014683660957994 4570.816784591135 22.43637775258168 0.29292733561457407
0.9621332119182159 13.020868131378606 4009.4193723951207 23.465825328113503 0.29716139434920497
0.9876497826876286 13.027268346046643 3501.592360257758 24.540928713246124 0.30147691283166467
1.013388876236613 13.033732221669544 3096.0672580993396 25.663718461380878 0.3058761890585409
1.0393392438278228 13.04017960116908 2725.0390144862904 26.835975077126594 0.3103591563589282
1.0654843822242497 13.046516211157137 2401.4853473647227 28.060877361280404 0.3149351896391949
1.091804609989264 13.052634636258803 2118.6736372251253 29.340583095947906 0.31960545399912454
1.1182947217563672 13.058477392231715 1871.146397038716 30.677636488866046 0.3243731985536542
1.1449184468645053 13.06393869935107 1654.2474526102449 32.07563883710128 0.32924785690787717
1.17167184207723 13.068955204760918 1464.10127618556 33.53633346419436 0.33422585190375875
1.1985212057152375 13.073413265392148 1297.282776907286 35.06433085124065 0.33932123463768177
1.2254590825370062 13.077291348456098 1150.6632775377275 36.66180054855294 0.34453167717115907
1.2524472806709221 13.08046413033128 1021.6516402594568 38.3335268552616 0.349870010805434
1.279482608845743 13.08290696598905 908.0469134445884 40.08200079632207 0.35533433632159495
1.3065186058327096 13.084506551004598 807.993351602887 41.91257650036887 0.36093853299246403
1.3335484379213929 13.085235270347198 719.6685726044647 43.828548359981525 0.3666835178652636
1.3605516173765786 13.085038598198421 641.6077690040821 45.834933839462344 0.3725788957631139
1.3874771295733854 13.083801629426357 572.6712238718483 47.936892004405266 0.37863368297134636
1.4143281045058271 13.081525596709866 511.6113324533128 50.13897156981917 0.38485250026258994
1.4410533392743183 13.07810636059694 457.57628495731944 52.44677108199412 0.3912443129076291
1.467635997390186 13.07351307679246 409.64551133005125 54.86650436918209 0.3978197945529851
1.4940415322107652 13.06766314186148 367.1402977275847 57.40434881983145 0.4045879852939611
1.5202500908611782 13.060539162079653 329.3627296830014 60.06691881437691 0.41155863359497796
1.5462299824671462 13.052076924894807 295.762180963295 62.86130505301887 0.4187422545860618
1.5719446248759157 13.042219239636323 265.8970213418569 65.79511764715747 0.4261501931145023
1.5973607584756395 13.03091010131403 239.28622037367526 68.87653335630472 0.4337946921082444
1.622452623348346 13.018122588204607 215.59618266029048 72.1143473997569 0.4416889668757329
1.6472048438091313 13.00381631886109 194.41807534353242 75.51803032611951 0.44984728604242014
1.6715526267505498 12.98791539172513 175.51904623104764 79.09778655008863 0.4582850434743993
1.695492871524669 12.970398395188443 158.63783197045078 82.86321732062584 0.46701308626385046
1.7189660019259714 12.951211389569597 143.51969530937725 86.82730946175042 0.4760540983558885
1.7419720630972326 12.930336797100052 130.00358363972458 91.00194402317767 0.4854236943761014
1.764450246690546 12.90771267797118 117.87658290563631 95.40052765967582 0.4951411444175273
1.7863786724701345 12.883305415594638 107.0084666670753 100.037371448445 0.5052265802164527
1.8077209011453577 12.857087759382482 97.24449779886264 104.92863026537051 0.5157043271855948
1.8284477744467376 12.829023448974446 88.48378134955156 110.09052924801813 0.5265958390184143
1.8485246568736453 12.799071287066795 80.59761770428717 115.5410915446971 0.5379260712626232
1.867919112602257 12.76721232613251 73.50558842754556 121.30041793114513 0.5497240463979117
1.886598767749924 12.733412160581919 67.12179321626984 127.38977413781052 0.5620191030663001
1.9045316149433582 12.697638558015962 61.36006590364711 133.8319718943899 0.5748419744497184
1.921684618383617 12.659877014571094 56.16954570586157 140.65177320655397 0.5882258283750599
1.9380173311092173 12.620064276290526 51.47944286957372 147.87720789817206 0.6022103485010775
1.9535144865670804 12.578221482507256 47.24487392827553 155.5371873030806 0.6168328709404082
1.9681523077046608 12.534371401313454 43.411965151505456 163.66447385803383 0.6321381350209558
1.9818855298289224 12.488429889573517 39.94702709681637 172.29322731903844 0.6481692239904845
1.994688412893247 12.440409653321701 36.806570660754154 181.46264584468474 0.6649792044948715
2.0065387469248943 12.390298251561044 33.96098594917708 191.21444494782605 0.682621770966688
2.017410332999741 12.338093179003915 31.379983999529003 201.5945244683144 0.7011559811490574
2.02726550564421 12.283770364765104 29.040146300483084 212.65325862696875 0.7206461978477939
2.0360967843231563 12.227367391032715 26.912695825123706 224.44483539102978 0.7411588196714198
2.0438647177127907 12.168837980974004 24.9810900116726 237.0313946926117 0.762774548479779
2.050548933302297 12.108199299651183 23.224949663947786 250.47848900627147 0.7855721084351187
2.056138562345102 12.045489026815103 21.627415060932414 264.8599718594742 0.809642582385348
2.0606168279983366 11.98072796947508 20.174190813515143 280.2572572988193 0.8350851310796388
2.063954425094226 11.913912774579076 18.84958077417766 296.7594339354834 0.8620052356213596
2.0661379657964902 11.84506615255443 17.645615771762422 314.46620183514034 0.8905218451735698
2.067158352347984 11.774243772890147 16.54838754584573 333.48761293785213 0.920763728971008
