M[M_sun], R[km], Lambda[1], P_c[MeV/fm^3], rho_c[fm^-3]
0.24162668629717493 15.618656898711224 2160425.4255784233 3.5677272577965504 0.1711233750220791
0.25364363981550947 15.277281729039334 1723113.4647246602 3.784814186147513 0.1738881054972409
0.26603947163181496 14.981274648179392 1353466.3458035118 4.0113900926669865 0.1766665234587533
0.278814163827024 14.723557780534854 1116467.0374873173 4.247711238026062 0.1794573173157848
0.29196796650440454 14.498468729889149 905961.261051823 4.4944026919734 0.1822670512261177
0.30550379956087254 14.301227006766512 738649.2763649503 4.7516191574010485 0.1850914137899139
0.319419514048123 14.12814375006586 605105.3113730899 5.020044416445156 0.18793705668611566
0.3337170282524142 13.975964183913412 497696.38815750857 5.299900435024487 0.1908005620948364
0.34839699690932274 13.84206045540077 411025.9860167432 5.591918260901437 0.19368827590834475
0.36345923312620054 13.724043702051837 340662.00472168776 5.896262103363374 0.19659520444843315
0.3789120876370665 13.62002546934038 283318.4556418034 6.2137973042731955 0.19952905502990775
0.39474416494249526 13.528474149186296 236416.42075231517 6.544783195415324 0.20248604014832583
0.41096780469531247 13.447906040529224 197879.36253668918 6.889918349497548 0.20546980642421242
0.4275751401553652 13.377084117489863 166095.16746404005 7.2499095331397925 0.20848345829137027
0.44456937949913133 13.314958704656098 139807.39632302726 7.625018539816991 0.21152258767501989
0.4619501758702155 13.260612542104338 117991.65922384235 8.01618872193826 0.2145932693510453
0.4797148437536507 13.213167859679007 99825.93016664583 8.424127613207823 0.21769719237577675
0.4978708762729712 13.17199957900395 84651.37637560438 8.849279990657505 0.22083188150053468
0.516407550574035 13.136430497961713 71944.39083157603 9.292511313569403 0.2240006340801415
0.5353256188447376 13.105858599545751 61281.3598305138 9.754709972605625 0.2272064227538933
0.5546317186560618 13.079835860384064 52306.739274740605 10.236685443420658 0.23045059827754935
0.5743125662298589 13.05786475106089 44733.87052293731 10.738914171610539 0.2337299249545159
0.5943670098673437 13.039551295644799 38331.94668616107 11.26263028050454 0.23705045858305004
0.6148046462899972 13.024512497848976 32906.061752451285 11.808776233962849 0.24041387837442402
0.63560557847446 13.012436420092522 28295.865810398005 12.378330896680756 0.24382181702672462
0.656776124865597 13.00302661709163 24373.034187772348 12.971990605406061 0.24727230852648593
0.6783076883841943 12.995980805827577 21030.677671078905 13.591067420387443 0.2507699743300769
0.7001948524346054 12.991055641924502 18175.291138644592 14.236765838776698 0.25431753096922066
0.7224275698632819 12.988005922982763 15732.06330677437 14.910275364948037 0.25791696271389436
0.7450146810187415 12.986646529914589 13636.144884212224 15.612634285266907 0.2615682535025994
0.7679338537392926 12.986756926487688 11837.698648591366 16.345091430857877 0.26527312618464205
0.7911770986349744 12.988128930481825 10290.140822653339 17.10927085611776 0.26903635498485423
0.8147514008200014 12.990663447066115 8957.883137249957 17.90662736444235 0.27286037200438307
0.8386309075769983 12.994132899625649 7808.473327185655 18.738534528668932 0.27674633351709504
0.8628109144596037 12.99839251163955 6815.5565122224425 19.606320046094186 0.28069457197983044
0.8872853705742454 13.003341305063701 5956.317316230243 20.512077375269786 0.28471151951971485
0.9120449715303287 13.008839356795788 5212.000231982035 21.4576003141164 0.28880018882937764
0.9370641189282342 13.014724498958117 4565.959006766086 22.444383360405915 0.292960586351774
0.9623401721109168 13.020929677737112 4005.077967212742 23.474430751704723 0.2971963435313294
0.9878650473752693 13.027321555175291 3517.1849185028577 24.550174445701415 0.3015136417375543
1.0136064132011344 13.033791876629698 3092.3251072018725 25.67356871954709 0.30591420310185696
1.0395688392603788 13.040236507867403 2721.811463475839 26.846550252411184 0.31039910746688637
1.0657188638517903 13.046561877380501 2398.769416675257 28.07222694078482 0.31497717666895714
1.0920495522985183 13.05268985861418 2116.0669823805492 29.35266686221547 0.3196489481382175
1.1185454217708888 13.058535992379825 1868.9131377397603 30.69059867162599 0.3244189234932684
1.1451760705721203 13.063983563184943 1652.429301993123 32.089449842437 0.32929534868933524
1.1719384988656965 13.068996361919739 1462.3681986429472 33.55112969296039 0.3342757167202553
1.198791040578499 13.073465307154187 1295.63926183831 35.080194819431675 0.339373692479758
1.2257377532846028 13.077323498738975 1149.2982516736113 36.67868623038348 0.34458614776689706
1.2527321971985435 13.080486818065674 1020.3992698185069 38.351628472589624 0.3499273527608601
1.279773061823816 13.08293187117124 906.895521247463 40.10127117295837 0.3553939524290908
1.3068155426921142 13.084521410793345 806.9167072165883 41.93309526866811 0.3610005643376124
1.3338523076276725 13.085236671774556 718.7615072944745 43.850545498088195 0.3667489047357987
1.3608596868587923 13.085034761011203 640.754132570426 45.85836326799281 0.3726470253586332
1.3877886951255536 13.083780203461702 571.914666730936 47.96185376640699 0.3787047322038354
1.4146453104974017 13.081488300944521 510.9284118070696 50.16573928938845 0.38492750636268674
1.4413681462146914 13.078040114257067 456.9724261112777 52.475302278062095 0.3913226488823164
1.467961132665145 13.073444618976826 409.104963721424 54.89692533384668 0.397901682318771
1.4943705200280057 13.067582325508722 366.61341051432584 57.43679607300644 0.4046736639192077
1.5205813741647967 13.06044045028936 328.9120945459616 60.10154001931555 0.41164836070807764
1.5465642417215737 13.051958177491306 295.35236232271956 62.8982600231706 0.41883630792314835
1.572280759959926 13.042082772463617 265.5271095419291 65.83457945452504 0.4262488722216601
1.5977041425627345 13.030759176134922 238.97794167631196 68.91868955270733 0.4338983202149421
1.6227910161971473 13.01794271582504 215.28764870271164 72.15940136380866 0.4417978929582074
1.6475432766527287 13.0036075791615 194.14230353016498 75.56620275031632 0.449961887097979
1.6718927964383317 12.987676144390827 175.27691240847525 79.14906564862146 0.4584046770246054
1.6958287194569406 12.970136518527228 158.39823325717867 82.91810321106114 0.4671392138802171
1.7192946996587055 12.950895533465692 143.31878489629023 86.88608457343611 0.4761871950659515
1.7422954139178015 12.929994651920321 129.80676689896143 91.06463282490269 0.48556315388502114
1.7647761143965588 12.907352138035195 117.70385248955559 95.46773381235654 0.4952886097229135
1.7867035997349003 12.882924380744008 106.8469066338203 100.10915346289681 0.5053814826894651
1.8080429702503689 12.856673861146922 97.10681202125912 105.00536022834676 0.5158672634228071
1.8287554446405443 12.828545446562114 88.35057496075434 110.17288843953499 0.5267684795623918
1.8488351610776494 12.79858784624901 80.48194737358345 115.62930733852389 0.5381082946517391
1.8682225510377888 12.766687614155138 73.39877883709728 121.39492621479243 0.5499164306299954
1.886894727554643 12.732845718263352 67.02683373642547 127.49110530161302 0.5622224739035162
1.9048185264319022 12.697039250632933 61.27065374703359 133.94033401040153 0.5750559149128637
1.9219623670192487 12.659231825751988 56.088305245781484 140.76816054031238 0.5884525951610875
1.9382777188092217 12.619351922313188 51.404172196079735 148.00231713008662 0.6024510023332375
1.9537777959335987 12.577517620174191 47.17387873824511 155.67137175578645 0.6170871639103388
1.9683967238653546 12.533599342421107 43.35003376166945 163.80887752950946 0.6324083847447192
1.9821144583728587 12.487610060490638 39.88897038371829 172.44851374470312 0.6484559433968078
1.9949072116148747 12.439543153143456 36.75370018349887 181.62970893022208 0.6652835122216385
2.006746005435192 12.389393503208236 33.91048801735529 191.39436908628073 0.6829452227482534
2.0175968492180294 12.337131004706452 31.336097647148563 201.7885058403497 0.7015002789497355
2.02743720339825 12.282755904218616 28.999105535635092 212.86212929569083 0.721011604586388
2.0362505612207986 12.226301263566533 26.87547715663039 224.67052765400172 0.7415489341209376
2.044000085863807 12.167718781963298 24.948002760159845 237.27500761178447 0.7631899308856326
2.0506632920874774 12.107025740955617 23.192343153336694 250.74231035681544 0.7860168515982475
2.056240261636492 12.044291587891651 21.59759323388082 265.14543772115707 0.8101176141644054
2.0606919801207506 11.979453952822574 20.146110842483914 280.56630987377997 0.8355925837948884
2.0640023491249635 11.912570210189173 18.825455909484955 297.09436944494735 0.8625478911608092
2.0661689439309896 11.843681484275207 17.62257425183382 314.83003731487 0.8911042742156857
2.0671659775947036 11.772802278849287 16.526519522127288 333.8827469097287 0.9213878115165081
