M[M_sun], R[km], Lambda[1], P_c[MeV/fm^3], rho_c[fm^-3]
0.24162668629717493 15.618656898711224 2160425.4255784233 3.5677272577965504 0.1711233750220791
0.25363683931731823 15.277480395707782 1723281.4753240524 3.7846889755616306 0.17388654480769147
0.26602423502837697 14.981660484504843 1383395.593493154 4.011126881446659 0.17666334270649228
0.2787913655487228 14.72397594587256 1116866.662393008 4.247301127934904 0.17945256065675008
0.29193737434086625 14.498933590013621 906350.0015907253 4.493834928247198 0.18226072904525534
0.3054644540599167 14.301761102303857 725862.5200833144 4.750874469765521 0.18508336974219247
0.31937196492952064 14.128696276063133 605468.6507265333 5.019117326551918 0.18792743777064946
0.3336588112253612 13.976551049871006 498096.34700031066 5.2987665445297285 0.19078914569901875
0.3483298601966128 13.842623461189408 411372.5076238521 5.590574746174552 0.19367527703377396
0.3633819300726287 13.724575614412181 340991.64042341703 5.8946787916962515 0.19658033365019106
0.3788235321573647 13.620577976252287 283613.9209101161 6.211955046224324 0.19951225585472512
0.39464388732295147 13.529006277581082 236698.68762934662 6.542683911095512 0.20246763226083528
0.41085604953725857 13.448442367116343 198115.069160076 6.8875215272415184 0.20544939408009263
0.42745124368421583 13.377592000534154 166314.15924524638 7.247192694637491 0.20846098258270676
0.4444353144311355 13.315394546821976 140000.51909848634 7.621989200916166 0.2114984721895108
0.4618024365572331 13.261002791798225 118156.94113130204 8.012794063507053 0.21456700892361646
0.47955111146121315 13.213589651919396 99970.5575489903 8.420341180100637 0.2176687236921471
0.4976935564996981 13.172381120721024 84783.6284218857 8.8451157496083 0.22080173061609512
0.5162170135755083 13.136752496853761 72068.13253415063 9.287901900309617 0.2239681835234292
0.535119685112961 13.106164441390213 61388.29492173007 9.749624153244547 0.2271716025424663
0.5544109528717263 13.080096468481283 52401.87322812802 10.231090087015582 0.23041333538664716
0.5740737030917766 13.058088670500927 44817.83191299838 10.732833592745664 0.23369088575467578
0.5941193391724796 13.039753092520643 38405.5751145979 11.255973073782986 0.23700886423498296
0.6145367894905586 13.024680805509368 32968.888611854316 11.801503096450578 0.2403696455633874
0.6353200562721321 13.012587449896078 28121.679860810033 12.370400074483358 0.2437748580400033
0.6564700491424831 13.003131696012044 24428.084269828556 12.963438516482343 0.24722342829314706
0.6779890593214183 12.996067406871894 21077.20348819134 13.581772676905157 0.2507182236885783
0.6998577383295694 12.99111860905688 18214.815364838032 14.22667863579536 0.2542628074007408
0.722071362667288 12.98803997340655 15766.831373989871 14.89934269879826 0.25785915758686084
0.7446402557295965 12.9866697219661 13667.690669792899 15.600906373030654 0.2615083081946793
0.76754199463672 12.986745095083231 11865.755559065185 16.3324095278656 0.26520991007895667
0.7907672778006356 12.988099330984445 10315.393470125968 17.09557135630308 0.2689697389562953
0.8143218676358203 12.990598543463063 8980.783751202593 17.89184244647315 0.2727902186257915
0.8381819514861701 12.99406005445093 7828.120986627814 18.722729753080102 0.2766737187508749
0.8623439397572606 12.998309313710687 6833.36178415776 19.5892900182492 0.2806181689851665
0.8867978506963257 13.003242751615787 5972.237910690152 20.49374018536786 0.28463116311033837
0.911538068916917 13.00871706134687 5226.213688821752 21.437868445696576 0.28871570268289626
0.9365371547078414 13.014606741375205 4579.086649856025 22.423338982048293 0.2928731799849285
0.9617954911154987 13.02079052194873 4016.420746203506 23.451809918266925 0.29710447360543396
0.9872994893057166 13.027180093079954 3527.2301718467015 24.52587075729366 0.30141709472101286
1.013022594791257 13.033637035917247 3101.5803441586836 25.647676216187563 0.3058142789447779
1.0389650480199755 13.040089421971057 2730.0181400960164 26.81875257938244 0.31029409286369813
1.0650977831837811 13.046425053052035 2405.7712845528454 28.04239407144503 0.31486681191294347
1.0914064388390634 13.052552622052998 2122.5644445834037 29.320904483226872 0.3195346230760586
1.1178855625329323 13.058390227979258 1874.6740128248393 30.656527808729372 0.3242987363166637
1.1445009051905568 13.063859741669475 1657.4872674926212 32.05300115165577 0.3291695669853302
1.171239607008902 13.068874327355466 1466.9844322868087 33.512239011421805 0.3341446511136732
1.1980814818338774 13.073362288554357 1299.890093059291 35.03849823882918 0.3392358131916741
1.2250045212339031 13.077233479128598 1153.0128227350997 36.63430468785132 0.3444429797808034
1.251982683958585 13.080411815350784 1023.7055419526387 38.30405168441083 0.3497766399257787
1.2790081227656096 13.082877410573976 909.9219720923368 40.05062309366704 0.3552372641921935
1.3060350235597504 13.084477968427146 809.6266476278108 41.879166684146284 0.3608375300564582
1.333055738402757 13.085230679885893 721.1534031182531 43.79273221670163 0.3665770537646904
1.3600501823325184 13.08505289042934 643.0215891240982 45.79678635438589 0.3724679680584557
1.3869683133232582 13.083839030805427 573.8882868164804 47.89625039689855 0.3785180038369859
1.413802520720623 13.081561631395939 512.7200140418265 50.09539065085798 0.38473038172494417
1.4405300960530762 13.078185926883021 458.57897030585355 52.400319973709955 0.39111677556800706
1.4671014753090232 13.073601503184554 410.5809425376091 54.81697760047965 0.3976864773988333
1.4935064421490085 13.067792817622836 367.92725534799814 57.35152428647454 0.40444849942214
1.519709881991454 13.060705770181414 330.0872921443593 60.010556290803535 0.4114125599231859
1.545685531926295 13.052267908871519 296.43113300598856 62.80114455576793 0.41858914133758657
1.5713970326731523 13.042448597065945 266.51972689437076 65.73087763338975 0.4259895530519893
1.596811686719944 13.031167957542495 239.83234854962157 68.80790873889833 0.43362599948932873
1.6219042717090255 13.018417237696047 216.0915234026502 72.04100735818074 0.44151165410014154
1.6466432008977965 13.004149077943376 194.86198228781336 75.43961588970768 0.4496607399564864
1.6710082962159634 12.98829590570183 175.93401512667 79.01391186207469 0.4580886177284692
1.69494040247082 12.970821319271003 159.00694180352176 82.77387895091331 0.4668077869504466
1.7184285129765344 12.95168900381105 143.85363017292892 86.73164308103638 0.47583746107232605
1.7414290587002912 12.930854191764126 130.30644517563564 90.89990979017621 0.4851967057651242
1.7639132730071871 12.908281892013909 118.15725107734468 95.29114387381816 0.4949011319671431
1.7858462118434284 12.883924703693827 107.25904056990932 99.92054290401389 0.5049744692860333
1.8071849231837747 12.857736097912467 97.48409192924072 104.80375185324658 0.5154391476156942
1.8279324440658697 12.829756517838975 88.6890946191298 109.95641337351411 0.5263145767813934
1.848009355706401 12.799835860761283 80.7917399052843 115.3975280299765 0.5376295185811707
1.8674244214681084 12.768065082539508 73.68271003229194 121.1466182008692 0.5494109665083833
1.8861169906960205 12.734326097988728 67.28340520365016 127.22487579308884 0.5616881534041906
1.9040452829359438 12.69856187184102 61.50707464656045 133.65539883289784 0.5744929944800704
1.9212203342787215 12.660888459059128 56.303972216908605 140.46238433482742 0.5878568268319886
1.93758082036751 12.621181896720556 51.60405517254276 147.6736329230704 0.6018187619079828
1.953095779810301 12.57940982176223 47.35257101684588 155.3188516839354 0.6164191030864244
1.9677484798706117 12.535611342309602 43.51536296194244 163.42937112787274 0.6316979206685145
1.9815085322899733 12.489772099987032 40.039748054649806 172.04057247133844 0.6477027244389161
1.99434804608632 12.441860221549026 36.89081068174969 181.19083894535933 0.6644841044589341
2.006206917959005 12.391782850977314 34.038926679036976 190.921723392785 0.6820955419165236
2.0170972353497034 12.339645844264851 31.45269424174933 201.27894405704927 0.7005958570485025
2.026983772060545 12.285413123166649 29.106688023034984 212.31284668811682 0.7200497197356067
2.0358401429555815 12.229081474628249 26.97365126381157 224.07769198918973 0.7405242035608945
2.0436431522634697 12.170654688204916 25.038108679583782 236.6346862911886 0.7620974601928324
2.0503575695953282 12.110101694627652 23.27731827770551 250.04935242191678 0.7848486811554588
2.0559769941019983 12.04746701265765 21.675500022863822 264.3956462163658 0.8088699175384645
2.0604866361758005 11.98278999491574 20.21759943859193 279.7542170857899 0.8342585573935177
2.0638602605732053 11.916064998343133 18.890853541470328 296.2145859879759 0.8611223162965296
2.066084265268267 11.847317637587338 17.68239958042229 313.8744780721407 0.8895746118121142
2.0671440867229682 11.776584862310521 16.582084993239516 332.84501500294954 0.9197487968631901
