M[M_sun], R[km], Lambda[1], P_c[MeV/fm^3], rho_c[fm^-3]
0.24162668629717493 15.618656898711224 2160425.4255784233 3.5677272577965504 0.1711233750220791
0.2536416421278002 15.277373209550454 1723276.7337996108 3.7847965640796297 0.17388788584666592
0.26603761169164525 14.981285742649975 1383015.0300859895 4.011353047719874 0.1766660757924299
0.2788118250744887 14.723549811342833 1116539.6233994672 4.2476535170726955 0.17945664783970935
0.2919643139083684 14.4985136892003 906021.3936673038 4.4943227805389245 0.18226616139374832
0.30549751070165276 14.301313054661696 738742.0175176634 4.751514342316996 0.18509028158696353
0.31941198239428553 14.128253647832114 605181.1341777929 5.019913925795092 0.18793570279525648
0.3337065957366117 13.976104381935858 497745.5765307958 5.2997408335820255 0.1907989551731375
0.34838752752131935 13.842092641699793 411074.8866053816 5.591729150364776 0.19368644621188003
0.3634483260987291 13.724092008042444 340714.27718151454 5.8960392353864615 0.1965931112252301
0.37890024849734805 13.620090998979913 283355.85607856227 6.213537982116255 0.19952669032408066
0.39472883443525814 13.528579887185074 236454.63464955296 6.544487688503689 0.20248344895192108
0.4109521705161727 13.447994629279702 197916.2660647379 6.889580953475134 0.2054669330181028
0.4275582176591689 13.377163350818718 166126.75022634317 7.249527082268337 0.20848029437332447
0.4445513757385759 13.31502632212951 139845.37513430018 7.624592091318845 0.21151919287076915
0.4619291822824027 13.260680660808108 118016.10660046825 8.0157108380543 0.21458957253285035
0.4796911051191165 13.213235930258502 99841.00205759848 8.423594567891904 0.21769318462018472
0.4978457486435677 13.172055096689487 84667.59309492228 8.848693749467564 0.2208276368638379
0.516380641465806 13.136471680170875 71960.30404914136 9.29186238999014 0.22399606561768784
0.5352963297462661 13.105902029053729 61296.74739391419 9.753993967275353 0.22720152060239854
0.5546002834870553 13.079861696644539 52318.20831240949 10.235897689676667 0.2304453521449181
0.5742779032068833 13.057898912134874 44747.02831011262 10.738058092309153 0.2337244286602208
0.5943336434193021 13.039561975632562 38010.029960755106 11.261693002460571 0.23704460245287007
0.6147667513454732 13.024553259062698 32914.51384230365 11.807752220844515 0.24040765066613637
0.6355653767026492 13.012479781852289 28074.158324873384 12.377214266786666 0.24381520537826445
0.6567336410665096 13.003057835745862 24381.21315577305 12.970786486433848 0.24726542627621298
0.6782630580567636 12.996003125388484 21037.140934597817 13.589758715025145 0.25076268780924277
0.7001460176299903 12.991084647216462 18180.758537786714 14.235345530814335 0.2543098257292067
0.7223772723531452 12.988009310182802 15735.62980243731 14.908735987406578 0.2579088234445599
0.7449619126952677 12.986656755273378 13640.688509631565 15.610982909885879 0.26155981276705215
0.7678788596213957 12.98675781968237 11841.379391232518 16.34330569662352 0.2652642247473614
0.791119960749214 12.988129683962995 10294.20896304217 17.107341801917705 0.2690269746475119
0.8146905046058781 12.990652167774586 8960.855697620043 17.904545435100093 0.27285049339851913
0.8385697809423154 12.994119083967357 7811.148138750734 18.736308957916062 0.27673610817102684
0.8627463134899735 12.998389222143603 6818.223494656935 19.603921899015255 0.28068381300631945
0.8872169383311737 13.003323975873847 5958.516006663026 20.509495111131656 0.2847002036378752
0.9119741969639081 13.008827608594588 5214.0441996119725 21.45482160196659 0.288788291188631
0.9369895342429811 13.014710846878891 4567.6649569889605 22.441419774587732 0.2929482773034952
0.9622645061560438 13.020907815626405 4006.910658731884 23.47124510541781 0.2971834056752105
0.9877857357520843 13.027303228086344 3518.688306137732 24.546751746434033 0.3015000449781966
1.013525396028869 13.033758382382667 3093.8906028379306 25.669922215088658 0.30590013053887477
1.0394836571164723 13.040219019092136 2723.165237912935 26.842635368754014 0.3103843177413809
1.0656337727145604 13.04655399140836 2399.5907126080288 28.068025355075957 0.31496163317643056
1.0919587224369962 13.052670184710827 2116.93785463922 29.34819346430874 0.3196328466524335
1.118453664337481 13.058509887399287 1869.7414340688515 30.685800060419258 0.3244019960812944
1.1450812758820221 13.06396911333611 1653.0527672492074 32.08434167810187 0.3292777975398137
1.1718408566341514 13.068981801503218 1463.0552802108996 33.545652065259056 0.3342572565501347
1.1986911903284858 13.073442033306588 1296.2580056738116 35.07432187911236 0.33935427225827974
1.2256350041325939 13.077310605436562 1149.7497322316979 36.67243501845292 0.3445659823248759
1.2526263713290682 13.080482526615944 1020.8523970496592 38.344927075699154 0.3499061242046034
1.2796651314365188 13.08292729921919 907.3244206667604 40.09413705834442 0.35537188186182894
1.3067059518562938 13.084515041692503 807.3018425260957 41.9254989510217 0.36097759951853026
1.333739011333824 13.085227540498167 719.0226057950031 43.84240182286669 0.3667246975214417
1.3607455855481982 13.085035049242986 641.0675781173264 45.84968929677302 0.372621802628596
1.3876738181565267 13.083783898956828 572.2129105770337 47.952612455667676 0.37867842845031124
1.414527757079796 13.08150196463635 511.18528576231785 50.155829321309426 0.38489973754002826
1.441248574053235 13.078061046471378 457.180891931252 52.464739382302554 0.39129364712813575
1.4678421741865533 13.073466918102213 409.3069564404968 54.88566274643258 0.3978713654589844
1.4942481418049338 13.06761210048158 366.80355146897165 57.424783242382176 0.4046419434278719
1.5204589296097375 13.060476306224919 329.0744735967212 60.08872226726728 0.4116151411858294
1.5464414086586784 13.052000415576916 295.51190930084954 62.88457817191999 0.41880148652396015
1.5721565706225926 13.042132758375326 265.66356346730385 65.81996941622556 0.4262123380223644
1.5975792548879701 13.030818499755979 239.09728202503493 68.90308187711884 0.43385995352133105
1.6226665487421 13.018017439024897 215.394135859099 72.14272073940558 0.44175756454077075
1.6474181828685734 13.003684296154296 194.24724704144356 75.54836745349458 0.4499194573495066
1.6717672613760843 12.987766481862494 175.3593394243214 79.13008004574492 0.45836038383030386
1.695704858609381 12.970233912255493 158.48373931715784 82.89778210248429 0.46709251603189217
1.7191689959293814 12.950998526013398 143.39289123274625 86.86432337132076 0.47613791664987537
1.7421738792165669 12.930116654356715 129.8851409389346 91.04142247056686 0.4855115193900482
1.7646549289452058 12.90748259111844 117.7710790532992 95.44285075643289 0.4952340107421006
1.7865839350407688 12.883065585635508 106.90488125927035 100.08257604037004 0.5053241297646812
1.8079245374555821 12.856827160729733 97.1605625018812 104.97695064729038 0.515806935617885
1.828637899270555 12.828712876075109 88.39743940335835 110.14242530191457 0.5267046732654075
1.8487198495109232 12.79876713858475 80.52442685118136 115.59664463785302 0.5380408247831846
1.8681102744395848 12.766884223711383 73.43864340956006 121.35993343012812 0.5498451981438438
1.886785429857865 12.73305481258907 67.0598483152099 127.45358600939306 0.5621471729834024
1.904711994696782 12.697260987483041 61.30522239442303 133.90021115997104 0.5749766999480794
1.9218602022646625 12.659471055346 56.1179779971219 140.72506590579894 0.588368630424994
1.9381792746215343 12.619603725615228 51.43152946495254 147.95599269590198 0.602361894979299
1.9536845675719894 12.5777924763738 47.204307021095175 155.62168667585553 0.6169930057103231
1.9683063520315462 12.533885303934772 43.37316477613594 163.75546500190634 0.6323085099351489
1.9820310069715052 12.487916352610245 39.91078887458374 172.39101424642905 0.6483497768601099
1.9948265670732113 12.439864232557577 36.77306220817544 181.56784828393717 0.6651708321966842
2.0066664172935678 12.389719555165739 33.92975293075393 191.3277456682916 0.6828254530307066
2.0175273873994812 12.3374885738996 31.352032690688073 201.7166766186784 0.7013727891666375
2.0273736773379385 12.283134510281895 29.012918350807574 212.78478610778248 0.7208762973064383
2.03619363193834 12.22669559984372 26.890423524646533 224.58695480250057 0.7414044764575304
2.043949415198281 12.168131496960072 24.96054969829863 237.18479803450657 0.7630361152695808
2.0506211908362078 12.107457480442962 23.20484239216018 250.64461666913084 0.7858521621233852
2.056199139436649 12.044721118212909 21.608862130477885 265.0397280205771 0.8099417070810362
2.0606653783591202 11.979924589966869 20.15632463362175 280.45198662156616 0.8354050670527539
2.0639886305061035 11.913074238924478 18.834705128151015 296.97033842964447 0.862346938692003
2.066157042873894 11.844192759578263 17.630910090095334 314.6953028277208 0.8908885908019939
2.067164050041826 11.77333449422319 16.53415288435063 333.7364205225924 0.9211567006764956
