M[M_sun], R[km], Lambda[1], P_c[MeV/fm^3], rho_c[fm^-3]
0.24162668629717493 15.618656898711224 2160425.4255784233 3.5677272577965504 0.1711233750220791
0.2536380263166572 15.277437987339756 1723278.8152583584 3.784724013485303 0.1738869815385072
0.2660290307738827 14.981515681653121 1383293.427254214 4.01120053511345 0.17666423276758805
0.2787981083555998 14.723831994587368 1116726.6514357794 4.247415886032294 0.17945389167774306
0.29194613008123693 14.498773703251315 906214.6943034384 4.493993798876611 0.1822624981065858
0.3054750322268047 14.301636363683338 738996.8008475208 4.751082843564587 0.18508562057690978
0.31938383261362985 14.12859307670078 605364.489717141 5.019376735043416 0.18793012923387126
0.3336759607367448 13.976356642006149 497987.0660391397 5.299083812788803 0.19079234006394438
0.34834833851543884 13.842475563990602 411274.19967625727 5.590950662834406 0.19367891413086916
0.36340325542044655 13.72442247214491 340887.4891869001 5.895121796952556 0.1965844944493082
0.3788484202738945 13.620415743748023 283526.36522994953 6.212470495940238 0.1995169561354924
0.3946717659418658 13.52887033562784 236617.30015567815 6.543271266613276 0.20247278257524762
0.4108872180842816 13.44827015536989 198043.96281121258 6.888192120409775 0.205455105132917
0.42748666471849467 13.377425998497225 166252.00320289543 7.2479528120180134 0.20846727083899444
0.4444719199620132 13.315275731621904 139952.94260073462 7.622836738412031 0.2115052191329427
0.4618432521532006 13.260908538752947 118114.32360020737 8.013743794895278 0.21457435586372922
0.47959636733532734 13.213476421285963 99928.07222382557 8.421400503772066 0.21767668832524892
0.49774391405318147 13.172264294220543 83870.15949643683 8.846280757037674 0.22081016576765317
0.5162701525547073 13.136662352679918 72034.81161033323 9.289191432666286 0.22397726191161313
0.5351760643530609 13.10608592352564 61361.23783477373 9.751046944903212 0.22718134372728904
0.5544724453989521 13.080039822100979 52377.1317957287 10.232655402688652 0.23042375977839819
0.5741409722913475 13.058013760977653 44793.1884431397 10.734534629827662 0.23370180693965756
0.5941905139659628 13.039709362208013 38384.89289642884 11.257835395697354 0.23702050005600508
0.6146114626679301 13.024639749788408 32952.373989819396 11.803537693320418 0.24038201930700595
0.6354001732296963 13.012540378387742 28339.006954819095 12.372618621584762 0.24378799422201347
0.6565549108842406 13.00309776488449 24411.30975263153 12.96583082666323 0.24723710175712807
0.6780774105442888 12.996059624569067 21063.79236856348 13.584372696277406 0.25073269989985614
0.6999519736839278 12.991099741252802 18204.36000862635 14.229500290228554 0.2542781150137518
0.7221709179526551 12.988027464936136 15756.647184655974 14.902400808299664 0.25787532696455784
0.7447449691858687 12.986666575955063 13658.693734936429 15.604186892279435 0.26152507603302466
0.7676515791031171 12.986743559838073 11857.702615158933 16.335956846414692 0.26522759257222567
0.7908821495599551 12.988109411209523 10308.710140616591 17.099403257788577 0.26898837219562854
0.8144400298598959 12.990630909903803 8974.328528876911 17.895977892748224 0.27280984102266814
0.8383082765476941 12.994084030418918 7822.578288650363 18.727150409504844 0.2766940293798375
0.8624747379304043 12.998335207393767 6828.290839176905 19.59405331451893 0.280639538891475
0.8869341430828469 13.003278845293263 5967.904093986197 20.498869021153943 0.28465363846399155
0.9116801212366615 13.008750726882996 5222.1226590874885 21.44338728769299 0.28873933276614006
0.9366850622391234 13.014637013631646 4575.461427484052 22.429224853491327 0.29289762654399587
0.9619476603008097 13.020819594554267 4013.421162600336 23.45813661396973 0.29713016819652754
0.9874576043355026 13.027234959696656 3524.448624565561 24.532668021615727 0.3014440970253516
1.0131860023291057 13.033680921795037 3098.7506722050857 25.654917754798728 0.30584222543692
1.0391317478789217 13.04013034363643 2727.654892676537 26.82652683446299 0.3103234625994859
1.065273256753561 13.046462135852805 2403.783184308187 28.050737390339776 0.31489767747748826
1.0915850373739675 13.052587554112709 2110.065383342145 29.3297873173695 0.3195665958248841
1.1180697873877554 13.058429516634767 1872.938244869308 30.666056099843466 0.32433234798098654
1.1446866539739509 13.063888191713357 1656.1390572432654 32.06321954905107 0.32920490617857756
1.1714354694244231 13.068906952251139 1465.7221930158792 33.52311491271067 0.334181304022369
1.19828205477764 13.073392478653476 1298.729085899824 35.05015863422431 0.3392743709581055
1.2252083806348768 13.077256179163692 1151.9192705567614 36.646715769227804 0.34448301600812986
1.2521927040988812 13.080435284268631 1022.7764058591482 38.31735608507758 0.34981878535047634
1.2792218824986914 13.0828920820208 909.0773838127426 40.06478616373652 0.35528107999941244
1.3062542307158227 13.084500688403113 808.8900404240528 41.894246900752414 0.3608831198359013
1.3332782935331882 13.085226050019395 720.4898171107599 43.808898450552384 0.36662510817225535
1.360275547909643 13.085047296833228 642.3899238730129 45.81400476604551 0.37251803686061746
1.3871971801243823 13.083814004426392 573.3259217636298 47.914594443137894 0.37857021691417003
1.4140372166444295 13.081532689053422 512.2312411297949 50.11506122467014 0.3847855008405079
1.4407659993172666 13.078146470288726 458.13002546375856 52.42128588274226 0.3911743400989625
1.4673417423856567 13.073554284613145 410.180947537696 54.83933156310506 0.39774665024594835
1.4937483503020648 13.067735646455157 367.56874420921105 57.375366525656744 0.4045114560694998
1.519952702621853 13.060634371394125 329.7509067335172 60.03599520543331 0.41147848947053023
1.5459323842226966 13.052180646274142 296.1391380721472 62.82829745892805 0.4186582476348806
1.5716443665803468 13.042341628324456 266.23054007006385 65.759871564998 0.42606205594719243
1.5970595398723695 13.031052949300374 239.5996882185799 68.83888136107866 0.4337021362016013
1.622153401024027 13.018282229748527 215.8566147480801 72.07410794274345 0.44159168073220195
1.6469026842744523 13.003999149807742 194.66206692679287 75.47500640827828 0.4497449331614702
1.6712567948913537 12.98812284260595 175.7481833770946 79.05176819072919 0.45817727654851204
1.6951799196835322 12.97061400222094 158.83374698032688 82.81419909273335 0.46690044251891777
1.7186755174557709 12.951477820850002 143.70491333725298 86.77481879087604 0.47593523281225947
1.7416747725264348 12.930621807635411 130.17354390592627 90.945959051216 0.48529914842081406
1.764156140052211 12.908025472719144 118.03288840996356 95.34050961081454 0.4950094514169466
1.786086952529133 12.883649382999424 107.14652312590216 99.97326808011195 0.5050882479286359
1.8074333239417195 12.857458829953359 97.37847336175633 104.86010948301512 0.515558823160638
1.8281647827472465 12.829420886084161 88.59593838157922 110.0169392547161 0.5264415091434832
1.848248695973123 12.799506186537899 80.70857839911096 115.46231699687999 0.5377633502298397
1.8676487675260298 12.767676458983471 73.60427030935071 121.21602602877826 0.5495522554108747
1.886334167183213 12.733913420389962 67.20795763425158 127.29929155774677 0.5618375052500854
1.9042739348511102 12.698176909273696 61.43971130516433 133.7352129064346 0.5746509421640955
1.9214260076474767 12.660418304988776 56.24474122515853 140.54785060853575 0.5880233476343537
1.9377712461373713 12.620648549110571 51.547207728589555 147.765500030651 0.6019954728600877
1.9532915977191068 12.578904137680459 47.30408979040692 155.41737883989143 0.6166058219096685
1.9679383420775245 12.535081506535382 43.46800936597049 163.53546347476112 0.6318965715891246
1.9816781766558775 12.489169841054306 39.99392026710384 172.15458416154473 0.6479132345591017
1.9945075716836878 12.441221912752185 36.851878836267794 181.31349172889853 0.6647075182048279
2.0063570041431076 12.391112290751147 34.00537681674475 191.05381238763576 0.682332999886736
2.017248055421173 12.338975376019281 31.422116868411347 201.42134628374973 0.7008486069540744
2.027109522188382 12.284667964960297 29.076268233765038 212.466530713287 0.7203191286816695
2.0359469542339905 12.22828141712089 26.945243411013873 224.24335743906923 0.7408105602349463
2.0437427409604085 12.169834982088794 25.012260384709162 236.8138761609058 0.762403584321751
2.0504512568047795 12.109259740940029 23.25412313581031 250.24298587044143 0.7851751033809793
2.056051793932542 12.046581595353544 21.653132509998592 264.60515473689645 0.809218551888816
2.0605488212829117 11.981867370091612 20.198024152097965 279.9811908541009 0.8346315107667596
2.06390539760405 11.915102530641798 18.872364854413018 296.46047589707507 0.8615208700315035
2.066108004678353 11.846300390305855 17.665303902773204 314.14145853948094 0.8900019950293094
2.0671499502271744 11.775528954976 16.566706538900046 333.13494512615716 0.9202067183333418
