M[M_sun], R[km], Lambda[1], P_c[MeV/fm^3], rho_c[fm^-3]
0.24162668629717493 15.618656898711224 2160425.4255784233 3.5677272577965504 0.1711233750220791
0.25364371430180466 15.277292494759621 1723129.7557511707 3.7848143071294484 0.17388810700522236
0.26603935378009297 14.981265896649315 1383071.6394228276 4.0113903469949115 0.1766665265321562
0.27881422121526456 14.723520133638067 1116519.9980533724 4.247711634304063 0.17945732191201244
0.29196790494982217 14.498440017944066 905905.7573960776 4.494403240599863 0.18226705733520066
0.30550391267567173 14.301224282661366 738642.3889730129 4.751619877004092 0.18509142156300015
0.31941950771530897 14.128134061049044 605143.1525883856 5.020045312325291 0.18793706598121782
0.3337171116568161 13.975999012442127 497695.48275179946 5.299901530767398 0.19080057312714935
0.3483970619663551 13.842059906149617 411025.6498677267 5.5919195592426245 0.1936882884701529
0.36345929837893165 13.724012968627958 340666.55410999694 5.896263633471398 0.19659521881953151
0.37891220780242346 13.620026009324508 283319.89385442436 6.213799084664036 0.19952907126492847
0.39474360254067103 13.528476367600875 236411.5295344727 6.5447852242402 0.20248605793837918
0.41096782499693607 13.447899187491874 197878.69336017861 6.889920665922054 0.20546982615185555
0.42757510822473277 13.377078836847241 166093.34474463825 7.249912158900331 0.20848348001361428
0.44456957221766785 13.314952006236032 139817.1863304851 7.625021467655985 0.21152261098250086
0.4619504234091832 13.260591132460675 117987.12566977028 8.016192002923184 0.21459329473211625
0.4797142532277064 13.213191200963283 99826.65911466426 8.4241312729225 0.21769721989171492
0.49787089318582983 13.172000262546705 84650.08563391022 8.849284015607763 0.22083191064289429
0.5164077348206578 13.136430183536854 71943.43137591006 9.29251576889009 0.2240006654458769
0.5353258058583645 13.105859302862974 61281.118450764414 9.754714888503974 0.22720645641073553
0.5546317428542229 13.079818155466654 52304.04760491373 10.236690851939349 0.23045063429617396
0.5743127779275821 13.057854663335114 44735.16485514916 10.738920049249483 0.23372996269077856
0.5943671082833217 13.039554755822556 38331.165359569735 11.262636715652828 0.237050498789973
0.6148049042664395 13.024512337008092 32906.01157846498 11.808783264634945 0.24041392113264076
0.6356059507068672 13.012434878955133 28296.067786003056 12.378338563262671 0.24382186242112502
0.6567764662339334 13.003040596763823 24373.68898420532 12.971998872691705 0.2472723557789005
0.6783081059278198 12.995988488069083 21030.725935438313 13.591076405771174 0.2507700243582862
0.7001946231249846 12.991070823451839 18174.4389587024 14.23677559043492 0.25431758387244247
0.7224286202464487 12.988007751183236 15731.926169535203 14.910285934152508 0.2579170185972625
0.7450150331316718 12.986643959156376 13636.117135449858 15.612645623462761 0.2615683114559357
0.7679343599728299 12.986752997591877 11838.115118633077 16.345103691583603 0.2652731873012847
0.791177464483797 12.9881280894788 10290.286141933388 17.109284100905153 0.26903641938977024
0.8147518790910683 12.990661421850152 8957.827706018488 17.906641658902522 0.27286043983057445
0.8386330939589121 12.99412436190487 7808.589576417413 18.738549809401245 0.27674640372415354
0.8628124254123656 12.99839579808802 6815.5552872062035 19.606336511778967 0.28069464585097365
0.8872864880152186 13.003339547331583 5956.283004425417 20.512095105152884 0.28471159721481165
0.9120456054084992 13.008845552664429 5212.018908906905 21.457619392870004 0.2888002705190756
0.9370641556551322 13.014731950790818 4566.029149985311 22.444403708556695 0.29296067086640787
0.9623413174936861 13.020934223040353 4005.067233232416 23.47445262459817 0.29719643236364873
0.9878655609603186 13.027328578853236 3517.1714528147863 24.550197946286737 0.3015137350942235
1.0136068671618443 13.033779023790057 3092.3998890510816 25.673593756859162 0.30591429972566614
1.0395695898797914 13.040241801125315 2721.923472640981 26.84657713252393 0.31039920901511203
1.0657196180713084 13.046565573400883 2398.7408117981263 28.072255789517286 0.31497728339296294
1.0920498711359024 13.052692971011618 2116.050570827891 29.35269757732582 0.31964905869375554
1.1185473691898156 13.058529296342359 1868.9316361272756 30.69063161980533 0.324419039720106
1.1451767777645754 13.063982850990762 1652.4046007844677 32.0894849161529 0.3292954691991684
1.1719387466642808 13.068999913993705 1462.368898722704 33.55116730360405 0.33427584347200223
1.1987923821074247 13.073456400922915 1295.5301987609348 35.08023514450755 0.3393738258238518
1.2257381455693712 13.07732632428819 1149.270080255466 36.678729152875846 0.34458628622821313
1.2527323318627461 13.080487960428501 1020.3680648132521 38.35167448631893 0.34992749852226734
1.2797731155795347 13.0829324123904 906.899642451044 40.10132015798079 0.3553941039723853
1.3068161534298803 13.084525268031362 806.8933145516389 41.933147427457115 0.3610007220215336
1.3338533536094788 13.085240212413774 718.748388473988 43.85060141539791 0.3667490709509615
1.3608596901117236 13.085037551099557 640.743014494606 45.85842282666329 0.37264719854715656
1.38778945524226 13.083779952869566 571.9112497009987 47.96191722081649 0.37870491281556834
1.4146461714468013 13.081489983247195 510.93121666920894 50.165807335293664 0.384927697034812
1.4413693162501606 13.07803988702785 456.99299958693763 52.47537480744736 0.3913228480208339
1.467961959799699 13.073444914405627 409.10649447896486 54.8970026678453 0.3979018904879871
1.4943717338190243 13.067580874218907 366.6172567061358 57.43687855876279 0.40467388172705016
1.5205822438547805 13.060441868275268 328.90793754214184 60.10162803231405 0.41164858880967853
1.5465650890191296 13.051957876676225 295.3512798992023 62.89835396979716 0.41883654702478207
1.5722815144030775 13.042081405035646 265.5237770185159 65.83467977488563 0.42624912308507135
1.5977049499450022 13.030756940554157 238.9752742474387 68.91879672373521 0.4338985836621138
1.6227966791027084 13.017939970324175 215.18776889657707 72.15951590269103 0.44179816987660986
1.6475444448368135 13.003606201800482 194.14254639805088 75.56632521827659 0.4499621784463542
1.6718925486438199 12.987675755246142 175.27090229763752 79.14919601566602 0.45840498116942885
1.6958296545600398 12.970135933628276 158.4007241328583 82.91824274903271 0.4671395345380694
1.7192944806262127 12.950897211024477 143.31509268915877 86.88623400058563 0.4761875334449256
1.7422964010178585 12.929995343014026 129.806086056734 91.06479220343017 0.48556350844357965
1.7647767253255342 12.90735142339092 117.70456369837639 95.46790467749351 0.49528898463917637
1.78670483343348 12.882922412071089 106.84879810456505 100.1093359634169 0.50538187651767
1.8080439052368875 12.856672653313716 97.10861823259661 105.00555531053863 0.5158676776802504
1.8287565254064562 12.828545212528528 88.35194428911696 110.17309713556689 0.5267689158902797
1.8488360997640139 12.798587390357698 80.48471470429753 115.62953162773441 0.5381087579558518
1.8682233580721312 12.766685892007562 73.39675748713762 121.39516650523774 0.5499169197732854
1.8868950742845443 12.732844342452163 67.02508745542129 127.49136294226979 0.5622229909862586
1.9048192098589993 12.697037801165392 61.27042995936985 133.94060953040483 0.5750564588748984
1.9219630613002312 12.659229166615601 56.08631411721739 140.76845646857225 0.5884531717418735
1.9382790593842691 12.619350757921186 51.40359108338434 148.00263523860968 0.6024516142308085
1.9537785023659378 12.577515557786212 47.17346564429859 155.6717129431726 0.6170878104945889
1.9683973466142424 12.533597468958156 43.3489747397895 163.8092438631665 0.6324090690590349
1.9821145052465559 12.487608102444668 39.88922047397082 172.44890859733317 0.648456672449017
1.994907674786712 12.4395407642289 36.753986855600296 181.6301337330914 0.6652842860059552
2.0067464983096417 12.389391152896039 33.90911158988854 191.39482659774714 0.6829460452221036
2.0175981036600756 12.337129786163882 31.335912409730238 201.78899910318822 0.7015011544426175
2.0274396530355268 12.282752122954195 28.998906293085845 212.8626604263415 0.7210125337676848
2.036251111659354 12.226298817893435 26.875793205354032 224.67110156803878 0.7415499261450136
2.044000384284023 12.16771544140154 24.94810597880688 237.2756271049414 0.7631909871783727
2.0506638155373724 12.107022972387137 23.19287632274618 250.7429812492189 0.7860179825711919
2.05624125959843 12.044288367355414 21.597717997835357 265.146163666026 0.8101188221788438
2.0606917984108724 11.979450608164917 20.145459345490888 280.5670949751461 0.8355938715438597
2.0640031469332523 11.91256586575962 18.82544775000523 297.09522121838546 0.8625492711864007
2.0661687952370014 11.843678304283427 17.6224310177581 314.83096259940385 0.891105755414235
2.0671668918352726 11.772798171314928 16.52705643719425 333.88375180748096 0.921389398672237
