M[M_sun], R[km], Lambda[1], P_c[MeV/fm^3], rho_c[fm^-3]
0.24162668629717493 15.618656898711224 2160425.4255784233 3.5677272577965504 0.1711233750220791
0.2536452367540261 15.277260096389472 1723021.6100494517 3.7848488456534173 0.1738885375112617
0.266042815295033 14.981209033510751 1382948.49469425 4.01146295427173 0.17666740394824665
0.27881984755050493 14.7234263260606 1116335.4969709183 4.247824767169083 0.17945863408275908
0.2919764407721886 14.498285913814625 905734.9496091644 4.494559868177863 0.18226880141963306
0.3055135632091701 14.301105804836409 738560.241381389 4.751825318024959 0.1850936407181156
0.31943199859161675 14.128030353673449 604990.0043901168 5.020301080569611 0.18793971967547013
0.333732359413648 13.975846515560468 497597.7094299253 5.300214360489906 0.19080372280337662
0.348415607137907 13.841900283326941 410908.8440621809 5.592290231963238 0.1936918748306934
0.36348138825150994 13.723842710460854 340604.99129010114 5.896700477544969 0.19659932175151656
0.37893528781176683 13.619907609007344 283232.53926805535 6.214307387172503 0.19953370637176962
0.39477111113882796 13.528344334966327 236362.27787833102 6.545364457894741 0.20249113703502317
0.41099872838178 13.447757131678587 197809.6377631739 6.890582013667179 0.20547545846677684
0.4276100164720056 13.376938942919251 166029.8119041156 7.250661827508876 0.20848968182988917
0.44460790135696415 13.314819915143184 139763.19377441567 7.62585738554527 0.21152926542639303
0.46198971173784975 13.260476350204696 117939.94059672666 8.017128751636674 0.2146005412407439
0.4797591197667302 13.21307081399704 99773.02645711253 8.425176157996557 0.2177050759667493
0.497919427891971 13.171899885050276 84613.4116193448 8.850433184737922 0.22084023111839882
0.5164614879402599 13.136325363310947 71916.21089257424 9.293787820704093 0.22400962076995068
0.535382509636723 13.105772217624379 61252.06802127251 9.756118448932623 0.2272160659283779
0.5546912573582474 13.079763317563472 52281.81560788209 10.238229846408386 0.23046085101446073
0.5743782035455908 13.057789624078655 44713.05268452311 10.740598217707719 0.23374073705211196
0.5944383688797409 13.039499846319183 38313.88639691134 11.264474072754544 0.23706197863039388
0.6148792183749568 13.024462009761482 32887.95795100464 11.810790666003653 0.24042612948223774
0.6356868519473716 13.012403321085213 28279.981555259976 12.380527541836152 0.2438348235256873
0.6568605616712947 13.002990886549552 24359.425795802304 12.974359376242 0.24728584744922397
0.6783955144761581 12.995961549234028 21018.033428335035 13.593641956987211 0.2507843086601048
0.7002884058439345 12.991050702902465 18163.31004030379 14.239559947190829 0.25433268914373386
0.7225264495855704 12.98799305684604 15721.56044835916 14.913303738367258 0.2579329748657158
0.7451179239854453 12.986650613406727 13627.27958465012 15.61588301079347 0.2615848588325264
0.7680423189504737 12.986749943802 11829.937840517245 16.348604507207014 0.2652906379891325
0.7912916334144201 12.988150851777965 10284.866440905918 17.11306591705112 0.26905480908105767
0.8148684676979991 12.990683919576215 8951.36729440711 17.910723212916494 0.2728798065125257
0.8387565861271217 12.994140416891822 7803.4925903669955 18.742912997076676 0.2767664503139482
0.8629406728401442 12.998424657717345 6810.21714170295 19.611038070907096 0.2807157387816634
0.8874262198149776 13.003373253189032 5951.820050297024 20.517157667320436 0.2847337821471926
0.9121855342698266 13.00887940289104 5208.241082510012 21.463067139551423 0.28882359619276887
0.9372093339682185 13.014765037989136 4562.990772001499 22.450213944980916 0.29298480328066717
0.9624971488371508 13.020977020738636 4002.1913144892333 23.480698272920993 0.29722179779725066
0.9880223798564712 13.027365862893495 3514.4329933990584 24.556908408272857 0.3015403925740885
1.0137690068080811 13.033821726913455 3090.2612529983453 25.680743055303804 0.3059418902452412
1.0397358704095594 13.040284262568518 2719.734831441462 26.85425267882775 0.3104282058469157
1.0658916521531203 13.046613578797865 2396.584953098816 28.0804935176765 0.3150077583314626
1.0922289230459024 13.052734734297584 2114.4409491551596 29.361468288964456 0.31968062787041024
1.1187290486744386 13.058571605121847 1867.1176668566918 30.700040040501833 0.3244522285337634
1.1453647336739632 13.064033142670302 1650.7792621175033 32.099500336071905 0.32932988119553097
1.1721309935378277 13.069034260127879 1461.0485430799044 33.56190721642208 0.33431203808553034
1.1989903745051194 13.073488857579235 1294.5145602051368 35.091750247423136 0.3394119031474422
1.2259404653820032 13.07734864896841 1148.241431151946 36.690986026744305 0.34462582500598954
1.2529404786430582 13.080517181521934 1019.4983993692135 38.36473332058796 0.3499686479136366
1.2799859167288619 13.082944834611368 906.0822959065626 40.11530839622305 0.3554373789083384
1.3070393266889957 13.084550430008893 806.1956557875113 41.94804204870255 0.36104575071808376
1.334071967918372 13.085242756112766 718.0192440634735 43.86656943465874 0.3667965361622561
1.3610828927472658 13.085030114262766 640.1571898751806 45.87543078196963 0.37269665537083124
1.3880244323888389 13.083778978503837 571.3682571511248 47.98003776743888 0.37875648974069537
1.4148687491255139 13.081450995015823 510.4313826043817 50.18523919774038 0.38498214725482316
1.4416023042932715 13.078005730474576 456.5304073267313 52.49608713455783 0.3913797163108409
1.4681974328374612 13.073400345086654 408.6971619143765 54.91908718373927 0.3979613380329601
1.4946095943689037 13.067524431650895 366.2440089985544 57.460434417936476 0.40473608217340595
1.5208225175783698 13.060367683491302 328.59389080963086 60.126762484962455 0.4117137292887427
1.5468064990848371 13.051872523225 295.0642570044191 62.9251830935295 0.4189048292776908
1.5725253928929237 13.041979751972306 265.2566079480282 65.86332928022794 0.42632076469999686
1.5979393233355035 13.030633279699135 238.7277249995377 68.9494028417142 0.43397381943597824
1.623047735966269 13.017818244845273 215.05854227894443 72.192226363812 0.44187725331490063
1.6477898845599748 13.003455436543621 193.9246642113292 75.60130033336611 0.4500453834163009
1.6721371134978127 12.987508831311924 175.09603343798202 79.1864272126686 0.4584918411260833
1.6960746889977056 12.96994573599157 158.2344820992252 82.95809333149637 0.4672311110605072
1.7195538931647583 12.950717622570206 143.16298189516166 86.92890913975683 0.4762841716385804
1.7425358528674701 12.92977043090881 129.67942972047734 91.11030966135367 0.48566476803308545
1.7635595373591846 12.907709857867099 118.24915481079707 95.69639962986095 0.8607997432692701
1.766576553018644 12.880336670801631 114.57309724351626 102.23793480225656 1.7252001438192968
