M[M_sun], R[km], Lambda[1], P_c[MeV/fm^3], rho_c[fm^-3]
0.24162668629717493 15.618656898711224 2160425.4255784233 3.5677272577965504 0.1711233750220791
0.2536419426898314 15.277370881497731 1723267.3763769208 3.7848026045681613 0.17388796113844143
0.2660379339361557 14.981267074322057 1383020.250098777 4.011365745951073 0.17666622924305994
0.2788113755837794 14.723605099806955 1116522.5285804085 4.247673302563869 0.17945687732159088
0.291965061297503 14.49851614959546 905969.0025312018 4.4943501723898525 0.18226646640836572
0.30549966234335324 14.301328781862685 738746.6248663568 4.751550270507084 0.18509066967998647
0.31941417188358223 14.128233082581746 605192.5542637554 5.019958654888585 0.18793616687686532
0.33371093388527323 13.976092106703467 497738.91628132097 5.299795541052769 0.1907995059865918
0.34839088126193823 13.842107691543378 411060.9380562432 5.59179397270915 0.19368707338589386
0.363451649182566 13.724076264578636 340699.24012122245 5.89611562878306 0.19659382872817752
0.37890418771894874 13.620075541360015 283348.3714375421 6.213626870891757 0.19952750088268417
0.3947342365904696 13.528531268176307 236452.77805589713 6.544588980274665 0.20248433714391406
0.41095753202406776 13.447946059404462 197901.34868847908 6.889696603477331 0.20546791794205213
0.42756449230351046 13.377117248424371 166111.19568698085 7.249658175573324 0.2084813788746403
0.44456110542760563 13.314957006275469 139828.33193448355 7.624738265511738 0.21152035651133427
0.4619364499916031 13.260630936620972 118005.6036226724 8.015874642499996 0.214590839692668
0.47969867995721566 13.21321932003667 99832.85676540365 8.423777279701628 0.21769455835756743
0.4978538827314965 13.172054133228317 84662.82245158489 8.848894694883654 0.22082909179450777
0.5163899251076436 13.136453471064911 71952.71128415108 9.292084820587554 0.22399763154296057
0.535306559298599 13.105887564607087 61291.816754035826 9.75423939093634 0.22720320090269197
0.5546110256891413 13.079861465304345 52314.60427069297 10.236167705897358 0.23044715034761423
0.5742911367526013 13.05787431121744 44742.2764783677 10.73835152783441 0.2337263126071879
0.594345108739952 13.039585125835755 38337.73367425117 11.26201426963163 0.23704660973596858
0.6147799468923495 13.02452687328864 32912.261045277846 11.8081032172245 0.2404097853097512
0.6355783767738371 13.012468223166229 28303.180250799724 12.3775970083089 0.24381747161921816
0.6567492391933036 13.00305550560217 24379.27332726542 12.971199215510469 0.24726778526636742
0.6782787568909684 12.995991207907808 21034.351889133155 13.590207291779565 0.2507651853644305
0.7001640397947941 12.99106888336746 18042.659798059452 14.235832360014385 0.2543124668013767
0.7223943784673821 12.988000174794228 15735.10753095962 14.909263628313141 0.25791161328092865
0.7449804968276093 12.986640522783617 13639.180430597344 15.611548938605246 0.26156270593040387
0.7678970094516958 12.986754591105356 11839.937992838924 16.34391777734358 0.26526727581623577
0.7911386000618406 12.98813480375566 10292.867615450921 17.10800300598577 0.2690301898589924
0.8147120294854805 12.990655735605213 8959.728376308352 17.905259037466685 0.2728538793907236
0.8385913655855801 12.99411458266166 7810.180964764817 18.737071793694852 0.27673961300672856
0.8627677879085135 12.998386016467494 6817.083020048067 19.604743885484137 0.28068750074120563
0.8872404015809225 13.003333219599005 5957.965035536563 20.510380203748106 0.2847040822509563
0.9119997994356995 13.008825644178648 5213.434703987434 21.455774027017124 0.2887923691968875
0.9370146192267691 13.0147178534613 4567.230360241484 22.442435564990078 0.29295249631852316
0.9622908638192053 13.020919188806236 3983.9488783433567 23.472337006603578 0.2971878402103613
0.9878134524509633 13.02731449535634 3518.1057542736603 24.547924896873834 0.30150470534797325
1.0135521670953327 13.033773953248607 3093.496822580358 25.671172074175253 0.3059049539857992
1.039513089165545 13.04021981639549 2722.70596604715 26.843977213693748 0.31038938698993784
1.0656616501793867 13.04654858518097 2399.431049355002 28.0694654657238 0.31496696077192504
1.091989771118698 13.052673686324352 2116.679505191424 29.349726737298784 0.3196383654937633
1.1184855026067788 13.058516305559511 1869.4606856745195 30.68744479818826 0.3244077980003509
1.1451144219902958 13.063974904969603 1652.8536057049478 32.08609251329902 0.32928381323710076
1.1718746621418752 13.068983170068842 1462.8835289268811 33.547529531117036 0.33426358380365095
1.198726011995971 13.073447122190789 1296.0767423509624 35.07633483492863 0.3393609285574506
1.2256686847104814 13.077317400126573 1149.5801750876221 36.67457762366749 0.3445728940376299
1.2526637995213108 13.080485354875604 1020.6760307575631 38.347223977196684 0.34991340028501666
1.2797023262983258 13.082928886888329 907.1849134775532 40.09658226951992 0.35537944652831366
1.3067431887227015 13.084518789822457 807.1965073271548 41.9281025773419 0.36098547067534387
1.333778581839004 13.085233522559754 718.8962791015128 43.845193049119274 0.3667329944893803
1.3607840776299835 13.085034836100364 640.9688630128261 45.85266227544394 0.3726304476467224
1.3877138280494627 13.083780862685119 572.1217397038284 47.95577988253727 0.37868744396964976
1.4145684241039145 13.081496074854506 511.10100879153083 50.15922592044564 0.3849092551851209
1.4412893043131065 13.07805299964256 457.1030889620635 52.468359762733904 0.3913035873363609
1.4678829479269793 13.073459472282043 409.24288731233395 54.889522935250945 0.39788175639304363
1.4942902387469177 13.06760096896225 366.7271078974031 57.42890056472024 0.40465281542728954
1.520500716364461 13.060465509355277 329.01936181558267 60.09311546249854 0.41162652694568624
1.5464830618662473 13.051987824413775 295.4539087134091 62.8892675214508 0.4188134212913359
1.5721982500542575 13.042115207919675 265.61606978776285 65.82497688417192 0.42622485981239455
1.5976215748601936 13.030797960685252 239.05461321496472 68.90843126531384 0.4338731033549959
1.6227019397879876 13.017959829475888 215.35399946670097 72.14843785836425 0.4417713867067958
1.647461103726634 13.003658770790068 194.2082618883338 75.55448031116434 0.44993399969303854
1.6718095500148307 12.987736662323693 175.3345838321472 79.1365871459716 0.45837556482068664
1.6957476813193921 12.970199026176443 158.456431600661 82.90474691560293 0.467108521152154
1.7192128614567177 12.950966558524417 143.37634650096098 86.87178174084215 0.4761548061872537
1.7422157339179827 12.93007489020652 129.8596614728683 91.04937750133814 0.4855292164053727
1.7646960237499636 12.907439055214732 117.74638802051065 95.45137906089755 0.49525272374637397
1.7866246422302552 12.883017337629111 106.88642700799825 100.09168504370987 0.5053437865987057
1.8079655631999907 12.856773693208142 97.14148120471386 104.98668757211189 0.515827611998153
1.828677798890719 12.8286558784811 88.38195553433108 110.1528828418919 0.5267266043835441
1.8487597051747309 12.798705162176985 80.51239554058256 115.60783919189771 0.5380639488688973
1.8681490538329966 12.766815822918273 73.42359705423614 121.37192654784421 0.5498696117365265
1.8868224777374656 12.732983102023448 67.04755986147838 127.46644500590413 0.5621729808867965
1.9047484001517143 12.697185118342357 61.292120906003724 133.91396244166978 0.5750038492478878
1.9218953185356566 12.659389683103521 56.107914366054494 140.73983566357012 0.5883974075297873
1.9382137789212266 12.61951894153354 51.423927708904564 147.97186935156782 0.6023924345163851
1.9537153115041939 12.57770230213878 47.19299158191144 155.6387150712264 0.6170252762241173
1.968336867366529 12.53378738406879 43.36496439766057 163.77380180293807 0.6323428443853975
1.9820601988806026 12.487814378432045 39.90108704435958 172.4107207316714 0.6483861627304474
1.994854429721523 12.439754848896406 36.76657506698365 181.5890493773268 0.6652094502822632
2.006691505718386 12.38960233019296 33.925957391502465 191.35057900360056 0.6828665007914362
2.0175511929128453 12.33736613437674 31.344587394546313 201.74129401925413 0.701416482624353
2.027394746664692 12.283002455307761 29.007981254896794 212.81129317973057 0.7209226698429437
2.0362141083106593 12.226560231551467 26.88543354702634 224.61559680557517 0.7414539848417142
2.043966574632123 12.167990279935946 24.95632447342943 237.21571446547068 0.7630888306244064
2.050635433177295 12.107309795491911 23.200642989282997 250.67809791211906 0.7859086039309998
2.056211323234491 12.04456601847696 21.605142814746625 265.075956351655 0.8100019931287715
2.0606748472215726 11.979766205567607 20.15358940796762 280.4911668092205 0.8354693316796158
2.0639962472509676 11.912905745422139 18.832035521240076 297.0128454361733 0.8624158076590324
2.0661611797950514 11.84401706012122 17.627946454333568 314.74147786033376 0.8909625079472773
2.0671651820774586 11.77315294664076 16.53121108574366 333.78656802724163 0.9212359046543346
