M[M_sun], R[km], Lambda[1], P_c[MeV/fm^3], rho_c[fm^-3]
0.24162668629717493 15.618656898711224 2160425.4255784233 3.5677272577965504 0.1711233750220791
0.2536418385632436 15.277374312375107 1723264.2528765136 3.784800587829065 0.1738879360007615
0.266038380079894 14.981277335305679 1383070.541585064 4.0113615063869075 0.17666617801042903
0.27881096798643024 14.723608650935885 1116509.7097903094 4.247666696768225 0.17945680070431613
0.2919648358088067 14.498514708805796 906010.6936515357 4.494341027047115 0.1822663645728518
0.30549904283461077 14.301305249549342 738736.6785762855 4.7515382751202075 0.18509054010691464
0.31941357380218055 14.12823470835187 605168.2133525045 5.019943721123625 0.18793601193328996
0.33370973704634393 13.97608068580628 497741.1105509949 5.299777275780241 0.190799322085605
0.3483897494226216 13.842121255379052 411064.6001968406 5.591772330353078 0.19368686399014526
0.3634517528460394 13.724064297066965 340704.98547291703 5.896090123160892 0.19659358917397657
0.37890298548791546 13.620076874917668 283351.85898829147 6.213597193391262 0.1995272302596137
0.39473304986339824 13.528538952334863 236442.69678868604 6.544555161736405 0.2024840406010201
0.4109556672315217 13.447953982372113 197903.78110652466 6.889657991094559 0.2054675891027974
0.4275626038724683 13.377122173200071 166116.40996650673 7.249614407063748 0.20848101678897749
0.44455539731449223 13.315016066522091 139838.65421145913 7.624689461872501 0.2115199680029853
0.46193416659428915 13.26063827783689 118010.66160234019 8.015819952556928 0.21459041662174347
0.47969803774273867 13.213204591844544 99841.65562903191 8.42371627705351 0.2176940997029337
0.49785108836392056 13.172094620587202 84667.32068137605 8.848827604477622 0.22082860603130258
0.5163868284721699 13.13646051717294 71955.16805955677 9.292010556795198 0.22399710872123255
0.5353025645743116 13.105901718198828 61294.51559236781 9.754157450305598 0.22720263989376022
0.5546078157275844 13.079847305054424 52314.84209902287 10.236077554387766 0.23044654997372857
0.5742874825568448 13.057877668104233 44744.40386301458 10.738253557164455 0.2337256836051393
0.5943419479139519 13.039550834433843 38006.85719219634 11.2619070066142 0.23704593955469463
0.6147756003533991 13.024530002431465 32912.18934497794 11.80798602829904 0.24040907260555902
0.6355741907001937 13.01246851920614 28304.492296963523 12.377469220392731 0.2438167149774843
0.6567436253139031 13.00305979451842 24379.72693975256 12.97106141541944 0.2472669976575547
0.6782725033486334 12.995993286413379 21035.65769937133 13.590057522936345 0.25076435149163695
0.7001583492996645 12.991076172042483 18179.51251223491 14.235669819510019 0.2543115850112077
0.7223900913675176 12.987989662231454 15735.023685981596 14.909087461655574 0.2579106818214036
0.7449741971052368 12.986656338993159 13639.571712087663 15.611359955078358 0.2615617399719722
0.7678911853059084 12.986760394789014 11840.493268736998 16.34371341802044 0.26526625713626495
0.7911322447306003 12.988132300812678 10292.754631813365 17.10778224539553 0.2690291163749979
0.8147036110840216 12.990662969456125 8960.154768934492 17.905020782157962 0.2728527488863198
0.8385824947333963 12.994125807458778 7810.357871112434 18.736817100357957 0.2767384428226274
0.8627615231886878 12.998386329416778 6817.545405907255 19.604469442916415 0.28068626949048614
0.8872327591594782 13.003332673385483 5958.3748948188495 20.51008469128542 0.28470278726952486
0.9119904392653199 13.008829835500094 5213.606039190121 21.455456033568723 0.2887910076410282
0.9370069568608737 13.014712707171805 4567.340252702283 22.44209641508923 0.2929510876829177
0.9622817983391263 13.020917337905694 4006.518951785263 23.47197244476219 0.2971863596164016
0.9878038259674533 13.027307667974629 3518.2542020153896 24.547533207433148 0.30150314935176914
1.0135435727496334 13.033762433753168 3093.675106960035 25.670754773162944 0.30590334354082505
1.0395027022865082 13.040218243645445 2722.8300028073936 26.843529200289957 0.31038769447597186
1.065654135628627 13.046552585731774 2399.3895132234425 28.0689846431736 0.3149651820002342
1.0919796673210895 13.052678690503246 2116.862485244627 29.349214809530757 0.31963652286812366
1.1184749169751884 13.058514221390743 1869.5543528801174 30.68689565428793 0.32440586085965883
1.1451023929520723 13.063970991647643 1652.9902447364598 32.08550794533908 0.329281804719168
1.1718624051141837 13.06899216462718 1462.8826708705183 33.546902683339965 0.3342614712620115
1.1987165382522067 13.073438518196932 1296.1387769267753 35.07566274932786 0.3393587061525717
1.2256581492904164 13.077318255137973 1149.6636789057663 36.67386225031932 0.3445705863539461
1.2526509932497027 13.080484451755222 1020.7440988021383 38.34645708682818 0.34991097094444834
1.2796892310473456 13.082928546185588 907.2346911329914 40.09576586097411 0.35537692083301736
1.3067313354729049 13.084512874302874 807.2348192533074 41.927233276530536 0.36098284264729263
1.3337651641663857 13.085230065779776 718.962571331605 43.84426111159329 0.36673022428909047
1.360771261107975 13.08503814288019 641.0006884007261 45.85166965361269 0.3726275612372746
1.3877004934035462 13.083785071243478 572.1544124806871 47.95472233742718 0.3786844338548835
1.414554684239393 13.081499191082543 511.1133668524754 50.158091858072 0.3849060774173737
1.4412768389429202 13.078057914471227 457.12762235239757 52.46715098307875 0.39130026848031846
1.467869550121692 13.073463609138354 409.2723203254047 54.888234087038235 0.3978782870454493
1.4942764371018153 13.06760296537788 366.75649508327734 57.42752586326601 0.4046491854580565
1.5204865261765157 13.060468641256001 329.0459815727378 60.0916486509118 0.4116227254382178
1.5464694727538917 13.051990520975032 295.4763647267244 62.88770182796406 0.41880943647693397
1.5721843065570928 13.04212355516259 265.63325500546296 65.82330497516871 0.4262206789981164
1.5976070845468442 13.030804779187205 239.06460539249628 68.90664519357234 0.4338687128442575
1.6226882828407614 13.017964695794358 215.38052660014336 72.14652900597147 0.44176677171192147
1.6474459055320672 13.00366734820264 194.22202749271148 75.55243932649205 0.44992914423887104
1.671793915734232 12.98774693473458 175.3379658945187 79.1344145286047 0.458370496129226
1.695733183093741 12.9702105975293 158.46016706140267 82.90242147325496 0.4671031772924112
1.7191972119503434 12.950970923611548 143.38160626380133 86.86929150561113 0.47614916702967447
1.7422015362429384 12.930088781588388 129.8653449475266 91.04672143657504 0.48552330763893714
1.7646841061372043 12.907451612515253 117.75509389821819 95.44853158616317 0.4952464757509965
1.7866111880134108 12.88303295899202 106.891557600323 100.08864367982396 0.5053372234673857
1.8079523917588285 12.856792230850727 97.149764160113 104.9834365517312 0.5158207084495602
1.8286642718331043 12.82867567125749 88.39000851914378 110.14939121502641 0.5267192818888234
1.848745799096964 12.798724830773656 80.5164455244638 115.60410148308112 0.5380562280522664
1.8681367779676004 12.766838878203195 73.43145320380864 121.36792220594748 0.5498614603638523
1.8868100423536294 12.733007783077765 67.05346375348809 127.4621515546857 0.5621643639644591
1.904736904230977 12.697209683806847 61.29861350509755 133.90937106424036 0.5749947844432322
1.9218827532827294 12.65941707240974 56.110086959101075 140.73490422513314 0.5883877992123808
1.9382018238736232 12.619544911138737 51.425100014339236 147.96656832831067 0.6023822377344077
1.9537050464536938 12.577734389104508 47.19616620966537 155.63302949069467 0.617014501479875
1.968326938555503 12.53382070260181 43.36634829051447 163.76767935454959 0.6323313805046895
1.9820508389630975 12.487845983986366 39.90427843106356 172.40414095473045 0.6483740138917438
1.994845673992546 12.439790989325527 36.769277224238415 181.58197055987293 0.6651965561181176
2.006683009298755 12.38964318230431 33.926167961545545 191.34295518979334 0.682852795369921
2.0175432453039965 12.337406407694026 31.346447744110044 201.7330745152736 0.7014018938155747
2.0273877393069566 12.283047148081058 29.009433052723555 212.80244272385443 0.7209071864998944
2.03620752969159 12.226605230273732 26.886297393116468 224.60603350513125 0.741437454449227
2.0439608289051674 12.168037750056733 24.95786264204231 237.205391742481 0.7630712294334474
2.05063019512048 12.107359294459467 23.201597112713692 250.6669188064451 0.7858897584857464
2.056207299610449 12.044618046684999 21.60576515854643 265.06386000102754 0.8099818640985442
2.0606719399044238 11.97981687913256 20.154985011195393 280.4780848410839 0.8354478742070703
2.0639935776352787 11.912962099272393 18.83271724835759 296.99865264888774 0.8623928128005504
2.0661598211688434 11.844076141099604 17.628931282407994 314.7260603231967 0.890937827502717
2.0671645222282833 11.773213262547204 16.532814049245847 333.7698240844733 0.9212094589342288
