M[M_sun], R[km], Lambda[1], P_c[MeV/fm^3], rho_c[fm^-3]
0.24162668629717493 15.618656898711224 2160425.4255784233 3.5677272577965504 0.1711233750220791
0.25364494050888026 15.277274330824214 1723219.8586355965 3.784838166039351 0.1738884043950244
0.2660416239055989 14.981238374243707 1383000.6878747577 4.0114405033655185 0.17666713264229472
0.27881754345658505 14.723480542217061 1116413.9116148138 4.247789785188959 0.17945822834450637
0.29197368953066893 14.498352315801743 905925.4209967678 4.494511436929481 0.18226826212644204
0.30551031633575393 14.30116835633108 738613.3287380679 4.75176179276517 0.1850929545240701
0.3194288192766323 14.128039422918489 605026.9622771528 5.02022199310364 0.1879388991124857
0.3337253797529129 13.975907463705546 497646.968023604 5.300117628336689 0.1908027488711014
0.3484099049025521 13.841952355673229 410957.4443840135 5.592175613348226 0.19369076586406264
0.36347350377728493 13.723917248877994 340626.54486728617 5.8965653970183505 0.19659805304662448
0.37892878605139596 13.619934871928455 283267.9622284866 6.214150209699279 0.19953227310246782
0.39476287675827776 13.52838173841544 236379.10400918382 6.545185346408307 0.20248956646925492
0.4109891450610259 13.447800974696348 197836.19902702127 6.8903775099310876 0.20547371682714363
0.4275987775708009 13.376994015895411 166054.24440956043 7.250430012045002 0.20848776407996575
0.4445956673703428 13.31488405135949 139779.23472781354 7.625598898830585 0.21152720770593772
0.461978821376907 13.260510171216376 117958.72649573747 8.0168390843891 0.21459830043039801
0.47974528664164084 13.213136618931632 99792.54630929929 8.424853050908514 0.21770264665314262
0.4979045195551113 13.171928857524644 84625.26253987162 8.8500778289605 0.22083765819073845
0.5164449848671746 13.136348897746405 71925.98164564873 9.293394464611323 0.22400685151853467
0.535364762382573 13.105804468489373 61262.11305741388 9.755684424837495 0.22721309436968032
0.554672958955283 13.079793106151056 52293.41212533025 10.237756968593878 0.23045773061833427
0.574358108523559 13.057805873112498 44718.78974459 10.740079272712048 0.23373740526449072
0.5944166250465117 13.039497881085095 38319.95484327857 11.263905899256706 0.23705842867209756
0.614855994709364 13.024479644371596 32893.683244730535 11.81016990669606 0.24042235422993355
0.6356627668530107 13.012413246317635 28284.637607490644 12.379850629922933 0.24383081548002028
0.656835062555172 13.003014185335836 24363.63471786439 12.973629420263086 0.24728167532018103
0.6783681430888853 12.99596873368349 21022.34231154404 13.592848589650286 0.2507798914033286
0.7002592100948287 12.991065121167829 18166.72159545167 14.238698913540487 0.254328017994158
0.7224964308206664 12.987987822982737 15724.260691694812 14.912370510015407 0.25792804053563645
0.7450855683087708 12.986641774081452 13629.618176475615 15.614881875283164 0.26157974169187714
0.7680089574373034 12.986754484886822 11832.542826353727 16.34752190461855 0.26528524148675514
0.7912562172241807 12.988138974796763 10286.838154203391 17.111896412654996 0.2690491221772067
0.8148334862279938 12.99067246355504 8953.480272478568 17.90946101161026 0.2728738174575793
0.8387179609324237 12.99413640806676 7805.03958675043 18.741563697751214 0.27676025098169393
0.8629030922248975 12.998401001640527 6811.908284824201 19.609584126001135 0.28070921584782543
0.8873851662750724 13.003361286886287 5953.348325065543 20.515592077227293 0.2847269214886558
0.9121427679230718 13.00886462929575 5209.403172892125 21.461382425272 0.2888163827340957
0.9371654589283738 13.01475187464516 4563.679098439972 22.44841712527998 0.29297734031458345
0.9624509718807956 13.020962372909658 4003.0794050942527 23.478766794339386 0.29721395348883256
0.9879740197683237 13.027351133650658 3515.221113026165 24.554833177124678 0.3015321486658953
1.013718800455173 13.033808495559768 3090.638950009468 25.678532105669927 0.3059333577647992
1.0396849707685065 13.040266067011583 2720.406244305081 26.851878975551408 0.3104192384233694
1.0658380847876519 13.046589462353532 2397.314624443451 28.077945946558295 0.3149983337581275
1.0921732801636392 13.05272105222012 2114.8028310227237 29.358755880493103 0.3196708648653407
1.1186729555514732 13.0585556326625 1867.583735756629 30.697130403932494 0.3244419646022253
1.1453069700158593 13.064012095089751 1651.4159265952885 32.09640296948461 0.3293192389490153
1.1720720442723076 13.069021412066888 1461.415596799442 33.55858577959088 0.3343008445009547
1.1989306993724838 13.073475283409188 1294.916506893392 35.08818905957925 0.33940012726468266
1.2258778343608618 13.07734666710593 1148.602993022464 36.687195424122464 0.34461359710870415
1.2528762722134905 13.080504371623482 1019.7001704027225 38.360697916269636 0.34995594081229847
1.279920155321684 13.082945791372625 906.3041150852753 40.1109823121905 0.35542399544959297
1.306965688830585 13.084524572344076 806.453167307182 41.943435634921414 0.36103182483135476
1.3340051180894283 13.085239892622818 718.2771103765655 43.8616310323394 0.36678185667660945
1.3610139301113642 13.085030012802786 640.337362619056 45.870170740942164 0.37268135988604595
1.3879473231942334 13.083766488960121 571.5598504800519 47.97443361480387 0.3787405385132363
1.4147959756291486 13.081458842345166 510.57697457258706 50.179229465609005 0.3849653073231049
1.4415293403921967 13.078017271025963 456.68128338272254 52.48968136543203 0.39136212846885576
1.4681255040453107 13.073413213335066 408.8264139795565 54.912257006046666 0.3979429524229922
1.4945365137903808 13.067544224846616 366.36863530239754 57.45314916159938 0.40471684508285266
1.5207484069040316 13.060392567438717 328.7013940524986 60.118988975568776 0.4116935828334768
1.5467347091249124 13.051896344889753 295.15250808359264 62.91688542596248 0.4188837110540389
1.57244936974752 13.042010906979755 265.33832682864346 65.85446856946668 0.42629860740196535
1.5978688613191 13.030668788056657 238.69344434498566 68.93993694823723 0.43395055043395886
1.6229620090016965 13.01784881271401 215.13326280561316 72.18210959072447 0.4418527941916492
1.6477130202821275 13.003501798115174 194.0022312594416 75.59048309200836 0.4500196494554612
1.6720616123642964 12.987562005784843 175.14666865689475 79.17491215558961 0.45846497662965885
1.695998931430759 12.970000265926583 158.287416964326 82.94576807699828 0.46720278766156753
1.7194791032671504 12.950782056731398 143.21054441205993 86.91571022125892 0.47625428258217406
1.742459783620868 12.929827339967783 129.7243407021201 91.09623158563252 0.4856334494965593
1.7649425638080927 12.907174042187238 117.62011172615716 95.50161011403117 0.49536294189299823
1.7868681145344967 12.882737184748432 106.7671677319414 100.14533680337517 0.5054595647684477
1.8082052903007066 12.856465251690949 97.03702403521608 105.0440382512688 0.5159493962855544
1.82891841725122 12.828330208487035 88.28694430867802 110.21426581955969 0.5268549886573192
1.8489912848092183 12.79834086573412 80.42293575010892 115.67377658002705 0.5382001527595291
1.8683652651505143 12.766394160672641 73.35065240809564 121.44256823158632 0.5500134123173364
1.8870405771457153 12.73256519028538 66.97249429240911 127.54208172402608 0.5623246174475176
1.9049623100846897 12.696736584418813 61.2272213266165 133.9949615055934 0.5751637665500592
1.9221021387335093 12.658907016379839 56.04655838541553 140.82683473332946 0.5885669148017527
1.9384131323549736 12.6190061577417 51.36559422633155 148.06538942074457 0.6025723250223602
1.9539066134443699 12.57714991028181 47.14098827517269 155.7390203344636 0.6172153647386502
1.968519728822667 12.53321033720693 43.320738356083254 163.88151237866862 0.6325440672465861
1.982231067216756 12.487196328637648 39.855766532852144 172.52680371582855 0.6486004972684426
1.9950149371552324 12.439101706910503 36.7277229543958 181.71393785187252 0.665436936370325
2.006848050014587 12.38893272038177 33.88569124232186 191.48508397823227 0.6831083019974762
2.017691251012995 12.336644393233517 31.31390267446971 201.88631013230224 0.7016738719203535
2.0275230828947057 12.282250448653782 28.977940732452 212.96744269937327 0.7211958440854297
2.036328519763717 12.2257659129944 26.857059905225896 224.78432503503942 0.7417456356031926
2.0440681698222547 12.167158772520324 24.930167408176217 237.39784340793048 0.76339937720195
2.0507219089775823 12.106435924677362 23.176976443903406 250.8750762126396 0.7862402524234109
2.056289354212974 12.04367428990003 21.58339290917582 265.28934913389014 0.8103570364500998
2.06073064217149 11.97881052464564 20.13308756546592 280.72198670401775 0.8358479300299432
2.0640305275455844 11.911900347489865 18.81315990975683 297.2632679792729 0.8628215370498442
2.066185377783755 11.842983931538003 17.61116233043115 315.0135139514887 0.8913979842238352
2.067170918644241 11.772079518545409 16.515918993568942 334.0820118842211 0.921702534626545
