M[M_sun], R[km], Lambda[1], P_c[MeV/fm^3], rho_c[fm^-3]
0.24162668629717493 15.618656898711224 2160425.4255784233 3.5677272577965504 0.1711233750220791
0.2536437686254894 15.277293627863907 1723219.5969711526 3.7848155367543876 0.17388812233190404
0.2660394584765983 14.981278061708164 1382971.8587930077 4.011392931910267 0.17666655776933277
0.27881420846597066 14.72353318173328 1116414.198939473 4.247715661959812 0.17945736862674957
0.2919676072685183 14.498447932208249 905968.2100263297 4.494408816682992 0.18226711942618046
0.30550477367465484 14.301206603776674 738642.7456429932 4.751627190846237 0.185091500566454
0.31942077234888544 14.128129535736143 605127.8390485265 5.020054417800024 0.18793716045403258
0.3337177531609745 13.975945674146676 497701.01643967436 5.299912667593989 0.19080068525651378
0.3483977231906694 13.842054323647515 411022.2346133481 5.591932755224819 0.19368841614491072
0.36345876568940627 13.72403772286564 340672.4156167644 5.8962791850714105 0.19659536488344992
0.37891309608281404 13.620024890124167 283313.4197676299 6.213817180074337 0.19952923627328215
0.39474473467252935 13.528472865711302 236419.37303236144 6.544805844670975 0.20248623875170024
0.4109688767034585 13.447920668457641 197879.62767153088 6.889944209443671 0.2054700266583653
0.4275773158510902 13.377069392831364 166101.34509131644 7.249938846436956 0.20848370079276535
0.4445710224489563 13.314946734101646 139809.54587192644 7.625051225444069 0.2115228478736282
0.46195191433709154 13.260608988176907 117990.04534162555 8.01622535000129 0.21459355269872535
0.4797163377763698 13.213165324797822 99816.13068729267 8.424168469319264 0.217697499556619
0.4978719853815116 13.172007017031854 84646.7311303293 8.849324924172755 0.2208322068383837
0.5164106357745178 13.136406816199605 71943.75518744688 9.292561051639929 0.22400098423925882
0.5353270584427572 13.105863433696875 61280.500975073846 9.75476485245902 0.22720679849041925
0.5546333249779376 13.079839252569679 52304.155155786444 10.236745822775415 0.23045100038049798
0.5743151646126294 13.057865817729834 44734.68714807903 10.738979788117687 0.23373034623281722
0.5943721737361614 13.039527820500357 38331.121925160296 11.262702120922192 0.23705090744327958
0.6148074151736114 13.02451320205876 32905.22480411764 11.808854722677365 0.2404143557167638
0.6356111041052261 13.012438012785859 28295.488751258337 12.378416484554444 0.2438223237988756
0.6567793686773633 13.00303414785109 24373.238401599025 12.972082899406626 0.24727283604114622
0.6783120626905786 12.99597550856218 21030.513690624444 13.591167731082285 0.250770532833151
0.7001984769961004 12.991060851046363 18174.331437759454 14.236874703999106 0.2543181215683654
0.7224321915684275 12.98800355476859 15731.586762399875 14.910393357087536 0.2579175865828134
0.7450184287344894 12.986642313483273 13635.678286389371 15.612760862267626 0.2615689004802652
0.7679381726383004 12.986755638120934 11837.391359320936 16.345228306795516 0.2652738084768615
0.791181579432283 12.988129463228615 10289.92547586821 17.109418717923035 0.26903707398674304
0.8147539312139435 12.990672309631302 8957.2538489541 17.90678694458779 0.27286112920076266
0.8386376100204307 12.994124049971726 7808.571930814376 18.738705119362603 0.27674711729306645
0.862817308421722 12.998394698204091 6815.47103475081 19.606503865368666 0.28069539666098625
0.8872908760783386 13.003345175820492 5956.180327158875 20.512275307813685 0.2847123868908122
0.9120505307879546 13.008845376825763 5211.959239477046 21.45781330519854 0.28880110079551186
0.9370703514758655 13.014726405871034 4565.89592603216 22.444610522799707 0.2929615298550312
0.9623465448072113 13.020932098817905 4005.007623849483 23.474674936047187 0.2971973352364984
0.9878715165042412 13.027322532093184 3517.124113784905 24.550436801303963 0.30151468395181713
1.013612617197773 13.033786678757236 3092.279323290683 25.67384823088928 0.3059152817899573
1.039575340463599 13.040241016454985 2721.83965794128 26.846850336457628 0.31040024113037784
1.06572531884544 13.046567847393503 2398.7240381823285 28.072549002163406 0.31497836811403956
1.092056662190113 13.052697546138333 2116.111077856832 29.35300975951364 0.31965018235795084
1.1185536826727964 13.058530870164496 1859.8164249699114 30.690966498532795 0.32442022102651674
1.1451832520751086 13.063983969595752 1652.3449415271023 32.089841398476764 0.32929669403732115
1.1719455684039704 13.068997828761322 1462.3076566496147 33.55154957084964 0.3342771317520333
1.198800710767717 13.073454626972625 1295.64115806765 35.080645000810044 0.33937518110753184
1.225745066032624 13.077324935829665 1149.2441155506017 36.679165408902705 0.3445876935226248
1.2527400675308813 13.080494454807747 1020.3431504649444 38.35214216120231 0.34992898001377337
1.2797807001404646 13.082932101420559 906.8652173294952 40.10181803262756 0.35539564423021325
1.3068242980828975 13.084519080400899 806.9009225307957 41.93367755978391 0.3610023246918722
1.3338603905721096 13.085238731477613 718.7380267701425 43.85116974878066 0.3667507603316954
1.3608679564847166 13.085034486629711 640.743705678635 45.859028170301656 0.37264895880422716
1.3877981841197315 13.08377858115221 571.8958760009567 47.96256216018493 0.3787067485212019
1.4146542199306067 13.08148899705647 510.8995159560588 50.166498941993 0.38492963499300015
1.4413773890905432 13.078038921094112 456.95025545169375 52.47611198361924 0.39132487203040583
1.4679715016992056 13.073443498843346 409.0984571905749 54.897788677456106 0.39790400628449857
1.4943795477586466 13.067581239921456 366.59834759648527 57.4377169301566 0.4046760954894318
1.5205908890909134 13.060437832796058 328.9048819438824 60.102522581881544 0.41165090719664277
1.5465737544669664 13.051955826857702 295.3440592549221 62.89930882800733 0.41883897721484153
1.572290252497318 13.042079374143508 265.5175684311423 65.83569941494196 0.42625167282055215
1.597713662153601 13.030754266404639 238.96395878828505 68.91988599315093 0.4339012612975949
1.6228008584319729 13.017938293797613 215.27788411960378 72.16068005811624 0.4418009844322772
1.6475528938505601 13.003600558129826 194.13644227626364 75.56756996394795 0.449965139666808
1.671902117052145 12.987670666636607 175.2649390972529 79.15052104672556 0.45840807245173143
1.6958389290572704 12.970128916553952 158.39465326578838 82.91966099240841 0.46714279365721617
1.7193195291194379 12.950920232167082 143.30275606322135 86.88775275654012 0.47619097267992033
1.7423055546113457 12.929985167715142 129.80072821091883 91.06641210415201 0.4855671121264217
1.7647856956531298 12.907342217526486 117.70050563253486 95.46964132700236 0.4952927952359738
1.7867138182841678 12.882911351915581 106.85168381149235 100.11119087382986 0.5053858793338681
1.8080517609691358 12.856662801010133 97.10284666737249 105.00753809988957 0.5158718881375933
1.828764469906299 12.828533958669876 88.34759045902219 110.1752182947674 0.5267733506699233
1.8488448160509112 12.79857365482921 80.47756875561045 115.63181127471869 0.5381134669198756
1.8682316730682051 12.766672517402508 73.39594423661536 121.39760878746694 0.5499218913649074
1.8869025379917752 12.732829791697604 67.02143544533615 127.49398157070307 0.5622282465526298
1.9048260539750395 12.697022172861194 61.26770247448581 133.94340988313192 0.5750619876406835
1.9219702099055116 12.659212850517791 56.085089256875406 140.77146424939843 0.5884590320427242
1.938287165522202 12.619331571665542 51.40224908190237 148.00586845818341 0.6024578334895213
1.9537849353563679 12.577496651289954 47.17184037792032 155.67518073482898 0.6170943823069086
1.9684029194931005 12.533577995977568 43.34724781336396 163.81296724001578 0.6324160243579328
1.9821210399790679 12.487585667392796 39.88700226698209 172.4529218395348 0.6484640824619434
1.9949136261806522 12.439518502329289 36.75326964230071 181.63445138801376 0.665292150674264
2.0067522835847877 12.38936738023741 33.90985709409486 191.3994767013636 0.6829544047691445
2.0176018680284256 12.337103957540519 31.332974761832656 201.79401258230018 0.7015100528735023
2.02744190831448 12.282727019923248 28.997516443830428 212.86805879243656 0.7210219778861942
2.0362532309124113 12.226272104747888 26.873125130835906 224.676934783166 0.7415600089962301
2.044003916386374 12.16768733197393 24.947128970467272 237.2819235849652 0.7632017232552177
2.0506670952312245 12.106991992575141 23.192115719924683 250.74978923988374 0.7860294421688787
2.056243455795506 12.044257158644612 21.597379112032307 265.15354211931 0.8101311003537874
2.060693569413948 11.979417670166002 20.145019639928076 280.57507469426946 0.8356069601404853
2.064003884884199 11.912531128826725 18.82476476836691 297.10387859210596 0.8625632976830657
2.0661698517286724 11.843642941512007 17.62165949486092 314.84036713996176 0.8911208102339374
2.0671673605079612 11.772762067723075 16.526474362180547 333.89396553718535 0.9214055304424382
