M[M_sun], R[km], Lambda[1], P_c[MeV/fm^3], rho_c[fm^-3]
0.24162668629717493 15.618656898711224 2160425.4255784233 3.5677272577965504 0.1711233750220791
0.25364467683933484 15.277245173732423 1723122.8240054192 3.784832358016097 0.1738883320008164
0.26604067510493173 14.981257733604807 1353380.6800084563 4.01142829365629 0.17666698509516437
0.27881736158130194 14.723455279907183 1116470.9734784767 4.247770760632607 0.17945800768832207
0.2919722166601102 14.498387647445815 905874.5080461518 4.494485098216508 0.18226796883876017
0.305508055193071 14.301182572099744 738637.7185874133 4.751727245469679 0.18509258134734427
0.31942553987615585 14.128106113758411 605065.6180010855 5.020178982646939 0.18793845286239694
0.3337228341107579 13.975941496487446 497663.92328269157 5.30006502224961 0.1908022192150938
0.3484067716515822 13.84197895475428 410976.60922446905 5.592113280189351 0.1936901627736033
0.363470917124317 13.723925429675809 340637.66428359697 5.896491936243571 0.1965973630874818
0.3789252034335553 13.61995440179569 283280.47645186394 6.214064732191605 0.19953149365051945
0.39475786438211297 13.52841689327457 236388.9055130714 6.545087940818685 0.20248871235382243
0.4109840107699074 13.447821443824658 197842.217706841 6.890266295664944 0.2054727696797839
0.42759230482618005 13.377028633417506 166062.0348989472 7.250303945318288 0.20848672116224376
0.44458940662648055 13.314905347343167 139786.23025395 7.625458327989604 0.21152608867165676
0.4619717619623596 13.260528292995055 117966.7391500358 8.016681557299998 0.21459708183100862
0.4797380732919625 13.213138898479782 99806.54623668117 8.424677339004562 0.21770132554526564
0.4978958349191687 13.171958328191579 84633.49409318595 8.849884580045476 0.22083625898602477
0.5164361523125915 13.136365236908189 71928.89702487881 9.29318055099754 0.2240053455533577
0.5353555002275419 13.10581769882888 61268.857961300106 9.755448395902603 0.22721147839065464
0.5546631846683989 13.079793340822844 52297.45073165476 10.237497866162672 0.230456008696084
0.5743473745804596 13.057831029112904 44723.37977575558 10.739797063863222 0.2337355933962639
0.5944050110045089 13.039518593620826 38320.85276105261 11.263596920125478 0.23705649816489427
0.6148434965070559 13.024486804929854 32896.63063012629 11.809832331683172 0.24042030121062372
0.6356492633819418 13.012436336869852 28287.376207350757 12.37948251952174 0.24382863587101994
0.6568211947245259 13.003004580817716 24366.46809417876 12.973232464914501 0.2472794064861877
0.6783543946158842 12.995968778621865 21023.970585228024 13.59241715185504 0.2507774892732738
0.7002435366656712 12.991061614286886 18168.68429157584 14.238230679613268 0.2543254778022507
0.7224796191061539 12.987993324710365 15726.112653252736 14.9118630175961 0.25792535723191484
0.7450686971016706 12.98663919784634 13631.472295480145 15.614337455904979 0.26157695898114347
0.7679906959751965 12.986755415873056 11834.009446322705 16.34693318480673 0.26528230686614923
0.7912381024820079 12.988142830017448 10286.939557635009 17.111260437242056 0.269046029644133
0.8148117821443267 12.990667185986055 8954.22459960512 17.90877462948356 0.2728705606234668
0.8386959613914389 12.994142322854254 7805.999250991371 18.74082995348045 0.2767568798064193
0.8628789633279735 12.998404186372598 6812.553120715412 19.60879347789002 0.28070566870838654
0.887362532603574 13.00335739409042 5954.074185805732 20.514740719242575 0.28472319070596164
0.9121194826681378 13.008862437141266 5210.0541195673 21.46046629072432 0.28881246011126316
0.9371406240448164 13.014743410824247 4564.232285365377 22.447440030764156 0.292973282020238
0.9624256837143809 13.02095541613579 4003.629796401773 23.477716476324126 0.29720968783529267
0.9879478464660396 13.0273406276679 3515.653682631531 24.553704690984286 0.301527665726177
1.013691554597783 13.033798888259746 3091.4032342163277 25.677329820035947 0.30592871791299053
1.0396564991157546 13.040262777896688 2720.7641951028586 26.850588190119268 0.3104143620684379
1.0658094899264774 13.046582865885613 2397.5677779852613 28.076560618121757 0.3149932088258538
1.0921410303711523 13.05271839827305 2114.935618762377 29.35728091942406 0.31966555591112283
1.1186426424878255 13.058550582569891 1867.8921730180798 30.695548198043927 0.324436383268429
1.14527474070077 13.064007486667172 1651.6774281503915 32.09471868335611 0.32931345190777334
1.1720394202512556 13.069012178100106 1461.6926437922157 33.55677965369537 0.3342947576704675
1.1988975109399123 13.07347381703018 1295.0759704484888 35.08625256784096 0.3393937238114882
1.2258442315345293 13.077341040032705 1148.753894945543 36.685134186789746 0.34460694787614143
1.2528409346043063 13.080496043783612 1019.886078872052 38.35850356699509 0.3499490310167976
1.279884163192804 13.082944018776825 906.4542902179934 40.10862990580359 0.3554167178901201
1.3069285635831585 13.084519570368792 806.5585561196846 41.940930799057725 0.36102425233305785
1.333967428247356 13.085235813641013 718.3944862753392 43.858945678897925 0.3667738744174188
1.3609766858298817 13.08503176564766 640.4202269604702 45.86731049743224 0.37267304268645385
1.3879092269890594 13.083773242727498 571.6385616615103 47.97138626224414 0.3787318647641445
1.4147589416726243 13.08146349369143 510.67761126187474 50.17596158289368 0.38495615035560843
1.4414902306966362 13.078026465159358 456.72906449706943 52.48619814102755 0.39135256483969244
1.4680860191385623 13.073423900147413 408.89282497757387 54.90854301393422 0.3979329550241724
1.4944955273669478 13.067552944411815 366.42712295369506 57.44918772610017 0.40470638471057574
1.5207089846639497 13.060400649953179 328.7393487122177 60.114762059444864 0.4116826280159947
1.5466919738434188 13.051911683687983 295.1993092375279 62.912373507351916 0.4188722278624616
1.5724082296245872 13.042027901335326 265.3881022081435 65.84965050640709 0.4262865592421707
1.59782243180325 13.030690085166489 238.84280451054187 68.93478982938434 0.4339378978175658
1.6229201083047498 13.017869145690023 215.16041258973317 72.17660857069916 0.4418394944837637
1.6476734509873185 13.003525849910252 194.04138636732694 75.58460120960984 0.45000565659662584
1.6720208140624429 12.987592304590327 175.17791263362352 79.1686508526361 0.4584503690815023
1.6959586025098479 12.97003189373904 158.31852723047456 82.93906625253408 0.46718738688846767
1.7194382945219486 12.950817283203008 143.23521858044492 86.90853336919979 0.4762380305433385
1.7424150529213274 12.929840663543136 129.74778903305122 91.0885767189251 0.4856164202357904
1.7649025748235851 12.907218996073729 117.64307682041942 95.49340347522194 0.4953449346949974
1.7868279526060962 12.882779721901905 106.79268309883767 100.13657124623452 0.5054406490764211
1.8081658460685155 12.856515180005232 97.05519433764574 105.03466831315922 0.5159294992023385
1.8288749937360167 12.828374884314833 88.30177174037236 110.20424191123537 0.5268340313314505
1.8489536128654436 12.798400521628768 80.43739345358703 115.66300360242789 0.5381778995052781
1.8683281158324958 12.766457149198825 73.36278933147817 121.43102658103165 0.5499899177463501
1.8870067347438977 12.73263243630231 66.98871405617906 127.52975047828207 0.5622999374354719
1.9049285219481802 12.696809486358209 61.23718642279084 133.98172746353734 0.5751376384419069
1.9220680202483778 12.658986230220172 56.05565536596619 140.81262027625047 0.5885392196338779
1.9383808249950483 12.619090357933215 51.37627673120927 148.05010940696945 0.6025429331556357
1.9538768304846048 12.577240467548325 47.15069496925441 155.7226315911221 0.6171843064294817
1.9684896397364646 12.533301243303796 43.32619226407839 163.86391556941913 0.6325111962606684
1.98220233140343 12.487296157256331 39.86760458133257 172.5078367782992 0.6485654768920966
1.9949896155657114 12.439211076752965 36.734444256947086 181.69353201649156 0.6653997668582355
2.006823246559353 12.389044982741309 33.891714912644694 191.46310670225552 0.683068793184875
2.017668437789577 12.336762120841316 31.318653217347393 201.86261520371323 0.7016318157594199
2.027501974776175 12.282372323433798 28.983024363683068 212.94192842340638 0.7211512083860963
2.0363098052523347 12.225895176919076 26.86139861665685 224.7567551945015 0.741697980477478
2.0440509384239105 12.167293871341652 24.934332476675664 237.36808366157578 0.7633486341006382
2.050708409656032 12.10657870854263 23.18071847269632 250.84291150224766 0.7861861314670534
2.0562784357428905 12.043823569974995 21.58766434512195 265.2545089205092 0.8102991149770304
2.0607214023853997 11.978966366658351 20.136616137408613 280.6842698261905 0.83578606557178
2.0640238107500277 11.912063721378649 18.816473356302144 297.22234753581665 0.8627552385992745
2.066179591591248 11.843153845248484 17.613223199555005 314.9690612639584 0.8913268242142699
2.0671694916095413 11.772251925735048 16.51904151282778 334.03373369401356 0.9216262830815467
