M[M_sun], R[km], Lambda[1], P_c[MeV/fm^3], rho_c[fm^-3]
0.24162668629717493 15.618656898711224 2160425.4255784233 3.5677272577965504 0.1711233750220791
0.2536241831871406 15.277795603054525 1723786.6322317347 3.784467397926486 0.17388378294936196
0.2659992362512111 14.982140029800403 1383980.9064540945 4.010661122674318 0.17665771428660057
0.27875363639085815 14.724630945025092 1117501.4132968262 4.246575473535184 0.1794441441592512
0.29188248618443363 14.499792780964402 907172.5106603507 4.492830380818747 0.18224954317649625
0.3053954500418021 14.302689861917418 739815.6409088285 4.749556971652297 0.1850691382480867
0.3192859060445233 14.129698867974513 606223.9250101966 5.017477219374995 0.18791042102566569
0.33355857807696676 13.977540849419654 498765.6539864883 5.296760709411089 0.1907689502676564
0.3482105711676727 13.843640119289939 412000.77818570595 5.588198222978122 0.1936522835180895
0.36324323800421143 13.725597092739541 341573.76516058977 5.8918782607656315 0.19655403047103515
0.37866606084961874 13.621576915080931 284133.5713053244 6.2086966870887705 0.19948254354272868
0.3944699299065167 13.529958320936986 237138.08306008656 6.538971154442919 0.2024350764006806
0.4106589173739269 13.449327838576917 198531.2944431988 6.883282794060669 0.20541329524960916
0.4272311925654017 13.378471465606914 166682.82074488373 7.24238829359952 0.20842123700418214
0.444192357101713 13.31623251484888 140332.25522132046 7.616632454759394 0.2114558290457264
0.4615368318707428 13.261803764670944 118448.14819144575 8.006791664312784 0.21452057551311746
0.47926352082616497 13.214287662670273 100240.33146270142 8.413646423658642 0.21761838848280116
0.4973825504316845 13.17301536532363 85023.89721171198 8.837753356507696 0.2207484237443382
0.515877099829158 13.137346081333394 72274.13610726233 9.279752891035917 0.22391081399011084
0.5347556726068678 13.106703409516792 61573.77365574316 9.740633397567509 0.227110047070017
0.5540203100824433 13.080592064949524 52567.925328476966 10.221199110182601 0.23034746533942208
0.5736566850751548 13.058520350491758 44963.931434995124 10.722085388927914 0.233621878956789
0.5936730694612348 13.0401239853526 38197.31945445557 11.244206246156846 0.2369353448830388
0.6140611388836319 13.025000887339395 33085.71499075598 11.788648289566765 0.2402914668897621
0.6348156615057916 13.012842529243187 28455.540812183008 12.3563836126697 0.24369186552954153
0.6559352758886708 13.003333845405901 24519.605610413266 12.948324755064483 0.24713704423057212
0.6774224615296893 12.996235722104323 21157.526918811942 13.565347339554895 0.25062677181082327
0.6992609960257088 12.991227606308048 18286.911102248567 14.208853856342392 0.25416610710226983
0.7214441422919502 12.988096117725416 15830.473401895068 14.880024973989373 0.25775701749392477
0.7439806136693883 12.986688794916908 13725.413475571537 15.58010213445278 0.2614015756220516
0.7668476435501598 12.986726167164855 11916.40085368974 16.310003166292 0.2650982199862218
0.7900440495988329 12.988050016690163 10360.326851699252 17.071368421337546 0.2688520482793593
0.8135553410668523 12.99051292754802 9020.17443558215 17.865723324808727 0.27266628526110054
0.8373871889903967 12.993932342633324 7863.704278413881 18.69458829680857 0.27654347493756587
0.8615195624630332 12.998153184839202 6864.914410528963 19.55920766093532 0.2804832084198491
0.8859349238254047 13.00305479157138 6000.428072856294 20.461350601419788 0.28448922693139356
0.9106398061422674 13.008509177125907 5250.84823740126 21.403017325897466 0.2885664802803473
0.9356086094561218 13.014389155950932 4600.936902596576 22.38608579276212 0.29271812566854444
0.9608276136418425 13.020566102005514 4036.443916252996 23.411860238091155 0.2969422260840336
0.9862979748419811 13.026930458225586 3545.077746033608 24.482951479953723 0.30124659680687893
1.0119899164390298 13.033374582786042 3117.3133476949583 25.6016579014619 0.30563565306888685
1.037890407680173 13.039816097749743 2744.4027011807675 26.769668122728365 0.31010866062507486
1.0639943857778307 13.04616260904923 2418.564847417788 27.989718955862816 0.3146719437555091
1.090272936977618 13.052298882236647 2134.034629426653 29.26472964931664 0.31933212155537516
1.116713483512519 13.05814602473372 1884.8822818403576 30.596376128572626 0.3240865473671791
1.1432932115092163 13.063621991856182 1666.654136206906 31.988495697258294 0.3289464820307843
1.1700032546349233 13.068651669341323 1475.2880924436533 33.443585399801215 0.3339132813640282
1.196808177423436 13.073137583194578 1307.3523589046483 34.96489585236039 0.3389924300532739
1.2237085366064848 13.07706162130017 1159.5609252217969 36.55596671731381 0.34419027361430665
1.2506548128139314 13.080272539149682 1029.7307544993987 38.22007900343968 0.349510632881104
1.2776541013329168 13.082770809117454 915.3139243595937 39.961234169607714 0.354960724724064
1.3046588828426224 13.084440160834228 814.4959892088423 41.78353812784467 0.36054725668601667
1.3316556451226984 13.085235858478624 725.512702184789 43.69070930805874 0.3662737889178408
1.3586108015515255 13.085067306409407 646.9207539451054 45.688127606632634 0.37215200318016445
1.3855175703515632 13.083943467272611 577.400598513174 47.779933715452394 0.3781855944532365
1.412333038270748 13.081731953815465 515.8986510854483 49.971268489209955 0.38438257774946144
1.439032978660616 13.078406195569956 461.4516823627651 52.26802974453097 0.3907535561635472
1.4655861637808871 13.073897058644713 413.1555579405946 54.675935102636394 0.3973068163605793
1.4919771052465844 13.068179307267588 370.27158914454606 57.20109807463379 0.4040512913453249
1.5181697299069 13.061163411060031 332.21242086340817 59.84994270909593 0.41099604608817614
1.5441269254394223 13.052822540615777 298.3757898829916 62.629595220806856 0.4181520177845844
1.5698302971314295 13.043088738620543 268.26028720067353 65.54780286720388 0.42553140895597436
1.595240102449101 13.031918681402212 241.4028040588744 68.61253139136564 0.43314572407683477
1.6203370253851106 13.019280877446311 217.48993035543498 71.8322168878376 0.4410068654878373
1.6450782051495854 13.005116039607644 196.15588902926146 75.21639223956628 0.44912969618282444
1.6694237509443828 12.989375998816861 177.0970723064799 78.77514749257915 0.45752943600060175
1.6933654569973884 12.972017247201501 160.05798905664184 82.51936785091875 0.4662225258573475
1.7168604799412857 12.953020813576133 144.8268994996478 86.45935537936253 0.47522086339613284
1.7398613328247632 12.93229700338302 131.1817121479036 90.6087051039854 0.4845474726440878
1.7623746471390485 12.909900313409992 118.94815206867223 94.9798509637243 0.494218085814068
1.7843211303874074 12.885686908237236 107.98189891726578 99.58796561550925 0.5042565850963634
1.8056978624362632 12.859687728663117 98.14231342680071 104.44701368429438 0.5146793049660476
1.8264565446443495 12.83184026278681 89.29361941354956 109.57480833909631 0.5255142905659417
1.8465614307695 12.80208935891337 81.3401979669005 114.98906741202794 0.5367857798934121
1.866009693150557 12.770488846731785 74.18648070849218 120.70906288423588 0.5485202642298529
1.8847261877970314 12.736899064995615 67.73823244234535 126.7557773074455 0.560746676486507
1.9027220478634663 12.701405442561892 61.92688361477518 133.15207724334502 0.5734966012072811
1.9199121801951484 12.663914416662399 56.691924986000345 139.9263024339694 0.6017406159596419
1.9359596291203474 12.624440653847783 52.023447049181996 147.1416029766861 0.6577838924144367
1.9507568174769114 12.582719406687175 47.85829581647787 154.84227224362908 0.7154687511931455
1.9642302505345628 12.53846801562789 44.136147000233564 163.06517386918415 0.7750316070573221
1.976399494498585 12.491604191557464 40.79922902690838 171.8506046370044 0.8367232483809885
1.987240722283383 12.442059168690747 37.79550768792354 181.24365182535547 0.900833060900652
1.9967756975934423 12.389819640242445 35.08804630667166 191.29326204451476 0.9676548783685587
2.0049729594522123 12.334764173732948 32.64089494034208 202.0536436248614 1.0375123248660814
2.011872199689702 12.277030517648472 30.424093960592018 213.58479118830903 1.110758404711072
2.017452840255034 12.216583632937866 28.41499152047089 225.95277513045775 1.1877715708444316
2.0217181082695084 12.153436445479983 26.591415131209086 239.23070519986098 1.2689639444443255
2.0246854385329036 12.087669064513758 24.932664847097946 253.499993073487 1.3547910046025093
2.026356965590769 12.019360200790697 23.42084750569049 268.85124892500176 1.4457534762150637
2.0267088803224893 11.948459783541722 22.046797524511742 285.38462361396944 1.5423917044268722
