M[M_sun], R[km], Lambda[1], P_c[MeV/fm^3], rho_c[fm^-3]
0.24162668629717493 15.618656898711224 2160425.4255784233 3.5677272577965504 0.1711233750220791
0.2536434391090627 15.277292454977509 1723332.4176969135 3.78481021612793 0.173888056012862
0.26603828711804584 14.981309000069459 1383051.1370670756 4.011381746907374 0.17666642260517373
0.27881315747344115 14.72355273890521 1116485.056913756 4.247698234190743 0.17945716649089147
0.29196651393743533 14.498474613305563 905941.5531234511 4.494384688846695 0.1822668507571235
0.30550137693391505 14.301265611744617 738674.8878970114 4.751595543710965 0.18509115871699358
0.3194178357129992 14.128173296013475 605123.8557485333 5.020015018263446 0.18793675166863374
0.33371499010410227 13.975972495831883 497657.0760068734 5.299864478399414 0.19080020007128476
0.3483948703338773 13.8420782629745 411037.51216601353 5.5918756560749605 0.1936878636949284
0.3634562406309014 13.724041077513846 340679.30588271 5.896211893186063 0.19659473286382226
0.37891011787891293 13.620034786327313 279417.34308266727 6.213738881157724 0.19952852228144066
0.3947406351339949 13.528490136132751 236426.36627576867 6.5447166200364855 0.20248545637219234
0.41096430569402886 13.447920722179758 197891.15981904094 6.88984233665998 0.20546915906699012
0.4275705679708368 13.37710947221285 166103.67130060884 7.249823369582837 0.2084827454823454
0.4445652759789791 13.314973732849266 139823.1609424346 7.624922463703038 0.21152182284737608
0.46194405920684795 13.260630480502563 116677.35965310602 8.016081057523158 0.21459243647975154
0.4797087157144044 13.213193574499035 99824.87396719746 8.42400752098345 0.2176962894501353
0.49786526692504884 13.172012025194702 84654.96935698159 8.849147913434912 0.22083092520501085
0.516402550183472 13.13642076849982 71948.41061080762 9.292365113998573 0.2239996048260484
0.5353196921321449 13.105864282018953 61285.37443457573 9.754548659467629 0.22720531831876256
0.5546246323844232 13.079839627761897 52308.54301321102 10.236507965268308 0.23044941634228916
0.5743052973879652 13.057874434934341 44739.22568483302 10.738721299592124 0.2337286866564134
0.5943611496192486 13.03955585596028 38336.268837902484 11.262419114208255 0.23704913921220952
0.6147959815264071 13.024519127454367 32907.546593529645 11.808545525987144 0.24041247528500398
0.6355956434710579 13.012444127227157 28299.324168214065 12.378079321804773 0.24382032743321633
0.656766766870741 13.003029226699994 24375.74614291016 12.9717193188969 0.24727075796404582
0.6782975870380844 12.995984104028771 21031.847287132736 13.590772570066973 0.25076833268248766
0.700184517885003 12.991060230489186 18039.848622305293 14.236445843793872 0.25431579498082146
0.7224167579626757 12.988005052715101 15733.496252435756 14.909928542882877 0.2579151289349003
0.7450028964648586 12.986654199692452 13540.818689877182 15.612262229409588 0.2615663517998512
0.767920825491685 12.986758018976959 11838.127150088623 16.344689103012527 0.26527112068124026
0.7911648753371261 12.988129643168323 10291.445343016045 17.108836237199814 0.26903424158023054
0.81473759491026 12.990653960936072 8958.549918271594 17.90615830150923 0.272858146334305
0.8386173237449384 12.994129024083481 7809.287781536933 18.73803310215248 0.276744029721697
0.8627967275122335 12.998400308708517 6816.2836639725365 19.60577973654442 0.28069214795163605
0.8872687719555288 13.003351401518536 5956.831913385496 20.511495582345617 0.28470897001291273
0.9120312267630528 13.008829666334169 5212.520283386391 21.456974259418068 0.28879750824445666
0.937047993517676 13.014724102469456 4566.486661449256 22.443715651765974 0.29295781307021934
0.9623245914073478 13.020928380440191 4005.6910228139623 23.47371301030257 0.2971934285702335
0.9878479142590306 13.027321882062465 3517.491037419305 24.549403293411025 0.30151057831558775
1.01358800246954 13.033774013648777 3092.9959650509923 25.672747141282677 0.3059110324731076
1.039549791503966 13.040235659587372 2722.2522261144795 26.845668204793686 0.3103957752498174
1.0656992573517496 13.046556221050027 2398.9763727506383 28.07128029525954 0.3149736746155261
1.0920283122955114 13.052689032891221 2116.2657409108806 29.351658973715608 0.31964532035846466
1.1185254153034894 13.058530702723536 1869.06872727447 30.689517507742313 0.32441510961761105
1.1451547464860001 13.06398185257046 1652.5844719809058 32.08829893169504 0.329291394273386
1.1719162416449602 13.068992638849396 1462.5796633362386 33.54989553621536 0.33427155748477766
1.1987705356428193 13.073456396686627 1295.8460095311755 35.078871592177975 0.33936931692595773
1.225714186630192 13.077321456502498 1149.4201659198802 36.67727777231849 0.34458160429920404
1.2527076504704797 13.080492102773196 1020.460031755211 38.35011857982778 0.349922569751592
1.2797477074961134 13.082934281082515 906.996740880381 40.099663781265676 0.35538897969618843
1.3067913183282804 13.08451780165894 807.0156551630782 41.93138373423027 0.3609953901097105
1.3338267190668203 13.085237504633398 718.7901782200632 43.84871063324786 0.366743450568571
1.3608332868148485 13.085034687318174 640.823581492661 45.85640891715658 0.37264134237187996
1.3877634287899858 13.083781295676008 572.002769131087 47.95977158261618 0.37869880563662317
1.414618621924988 13.08149150515033 510.9911111001645 50.16350644271011 0.3849212496802292
1.441341300148387 13.07804268570164 457.0275396386719 52.47292231283019 0.3913161143894855
1.4679339828733617 13.073450407047147 409.1508973610813 54.89438771269876 0.397894851499022
1.4943431750364309 13.067590566743283 366.6599088409772 57.43408940508252 0.40466651682464566
1.5205537192603076 13.060448810861596 328.94377588657363 60.098651983845556 0.411640875841918
1.5465363454325918 13.051968186265135 295.385913953673 62.895177285438876 0.4188284621105326
1.5722526417998675 13.042092317418222 265.5547945628475 65.83128757336151 0.4262406404675728
1.5976758968924991 13.030773129898927 239.00258137440184 68.91517287855294 0.43388967554783286
1.6227628548688373 13.017958223479836 215.31129135943848 72.15564292628716 0.441788806257757
1.6475146919292696 13.003624103578508 194.1597668180979 75.56218413410788 0.4499523269052536
1.6718638757720727 12.987697256064124 175.29390292683678 79.14478783783416 0.45839469694097995
1.6958012408339882 12.970157711009128 158.4181152137654 82.91352447308098 0.4671286919536742
1.7192659841576645 12.95091756411133 143.33217620424142 86.88118134051214 0.4761760916558152
1.74226889638609 12.930021863663496 129.82413382927786 91.05940305601175 0.48555151957424747
1.7647486364885123 12.90738142128724 117.72076676625275 95.46212713256293 0.4952763074155356
1.7866767266669892 12.882954594835304 106.85771221751968 100.10316499046881 0.5053685598257681
1.8080162551414365 12.856708079156377 97.11931036975399 104.99895891308044 0.5158536702164214
1.8287282828885374 12.828583974603815 88.36181384663615 110.16604041334749 0.5267541621612619
1.848809148969155 12.798629220064262 80.4911847142616 115.62194765453889 0.5380930920842578
1.8681977689534608 12.766729071999505 73.4078022503775 121.38704148357466 0.5499003802066676
1.8868698746627677 12.732892589990644 67.03282319242597 127.48265125997784 0.5622055067094104
1.904794507582127 12.697089067419196 61.278201627055054 133.93129329596712 0.5750380657354532
1.9219395972194104 12.65928613304945 56.09427698719023 140.758450173788 0.5884336756744322
1.9382553755870835 12.619408124370672 51.40943718326517 147.99187896791975 0.6024309240089786
1.9537565460672974 12.577580086834661 47.17934447278285 155.66017631265993 0.6170659474249345
1.968375675253132 12.533664465970606 43.354448829038894 163.79685696916528 0.6323859302380984
1.9820956211845884 12.487678192731634 39.893534447549655 172.43555740183177 0.6484320209263131
1.9948896914135645 12.439615394476146 36.757460201565245 181.61576984172046 0.6652581219786564
2.0067222721018503 12.38945486889788 33.91534112903572 191.37935674473147 0.6829182348818044
2.0175811802294583 12.337211397979871 31.339914717120145 201.7723204062269 0.7014715514007289
2.0274221768128387 12.282840720313242 29.00139969373652 212.8447013240528 0.7209811153926897
2.0362373233567235 12.22638966443017 26.8788358062355 224.65169585588947 0.741516382909579
2.043988839951448 12.167811609471109 24.951263512255473 237.2546802536199 0.763155270872659
2.050654003182076 12.107122833155595 23.19588082445454 250.7202964703354 0.7859797411616368
2.0562271631374824 12.044370459952903 21.601210346686695 265.12161743750323 0.8100779758284761
2.060687053897663 11.979559726564823 20.14930940410379 280.5405485321853 0.8355503291987734
2.063998413953217 11.912679441057314 18.827465093292098 297.06642044778476 0.8625026087774733
2.0661663807218043 11.84379914988621 17.624525643378114 314.7996762633447 0.8910556721437529
2.067165987949846 11.77292073064026 16.528255463114164 333.84977358353825 0.9213357327816809
