M[M_sun], R[km], Lambda[1], P_c[MeV/fm^3], rho_c[fm^-3]
0.24162668629717493 15.618656898711224 2160425.4255784233 3.5677272577965504 0.1711233750220791
0.2536434293098184 15.277287147371899 1723226.6630094333 3.784808532528801 0.17388803502761108
0.266038029252486 14.981315050095265 1383050.486339043 4.0113782076556745 0.17666637983540567
0.27881232818873863 14.723595395353263 1116487.5204032434 4.247692719558 0.179457102529462
0.29196644546325556 14.498490932916916 905987.1130937295 4.494377054135047 0.18226676574283737
0.30550101482510866 14.301289326312336 738667.3402980065 4.7515855296986516 0.18509105054654856
0.3194164923794649 14.12820546322408 605142.3910621096 5.020002551195796 0.18793662231799504
0.3337143428332575 13.975985582051733 497695.07261720934 5.29984923006741 0.19080004654588303
0.3483936322309071 13.84203412228911 411025.4290546981 5.591857588418705 0.1936876888853839
0.3634547508764871 13.724065687549281 340674.2202406185 5.89619060030859 0.19659453287661097
0.378908368095296 13.620054148066544 283323.8730601561 6.213714105402765 0.19952829635638739
0.3947383144783231 13.528530929258393 236435.7553754492 6.544688387138975 0.20248520880782195
0.4109630406458031 13.447921640094064 197893.20401177573 6.88981010161037 0.20546888453978074
0.42756969725975275 13.377125561118456 166107.04851822808 7.24978682991355 0.2084824431990257
0.4445630906318058 13.314976613251428 139822.48873939065 7.624881720416386 0.2115214985046165
0.461943716804781 13.260607681432527 117999.32205906075 8.016035399992635 0.21459208328184043
0.4797069700198188 13.213192508235236 99827.73612937861 8.42395659320577 0.21769590654444287
0.4978629229995334 13.172018189451954 84658.72025908955 8.849091903197209 0.22083051966695855
0.5163991984791869 13.136434483135702 71946.98286312251 9.292303114925762 0.22399916834871061
0.5353148753861888 13.105891900590553 61287.217333268265 9.75448025122296 0.22720484995970897
0.5546213552301479 13.079851745641962 52310.96704395567 10.236432701975115 0.2304489151181168
0.5743020593342532 13.057865044266343 44335.81386413873 10.738639508273454 0.23372816153081175
0.5943577696494242 13.039538807504101 38336.64133044499 11.262329564906867 0.23704857970655396
0.6147922094929417 13.024521591455482 32909.16168963708 11.808447689731505 0.24041188027733348
0.6355927595799219 13.012460975942274 28300.289230310733 12.377972636624028 0.24381969574234477
0.6567636768051734 13.003039489424067 24376.38825113856 12.971604274703452 0.24727010041861217
0.6782943845783046 12.995980282533415 21032.83053515763 13.59064753330227 0.25076763651128114
0.7001799525164597 12.991056222518607 18040.501876187955 14.236310144086929 0.2543150588032885
0.7224114455150761 12.988002390548344 15733.572464607652 14.909781466792449 0.2579143512881695
0.7449982598106555 12.986653648464594 13637.514455631548 15.612104452594316 0.261565545349429
0.7679157302188828 12.986753394081648 11838.585069728 16.344518488980263 0.2652702702130809
0.791159314383691 12.988128884204304 10291.781309934444 17.108651929746973 0.2690333453554991
0.8147319672913452 12.990655309782763 8958.786192049794 17.905959387670094 0.27285720250236134
0.8386118475304907 12.994117785229404 7809.532184613767 18.73782046415903 0.27674305276013894
0.8627900141625079 12.998400084784814 6816.56245884117 19.605550609778973 0.28069112000434215
0.8872635693168629 13.003346130717002 5956.725937167332 20.511248864124347 0.28470788885541287
0.9120224075200325 13.00882957605654 5212.545976460618 21.456708771551963 0.2887963715022958
0.9370403040613009 13.014725554968594 4566.550687640387 22.443432500130033 0.29295663701952573
0.962316856075735 13.020919121209145 4005.7890123061047 23.47340864181848 0.2971921924393829
0.9878405663909707 13.027318481253177 3517.6323233915055 24.549076275578514 0.30150927922898185
1.0135805247290206 13.033770118630374 3093.0783331496295 25.672398739875465 0.3059096879249788
1.0395416486514641 13.040230267506063 2722.232810907596 26.845294160886255 0.310394362179289
1.0656920139814274 13.046552359816284 2399.104646167956 28.070878858136908 0.31497218952505124
1.092019588271568 13.052684687813596 2116.3101287830527 29.35123156605394 0.3196437819533123
1.118516237722791 13.05852400110313 1869.1887031051726 30.689059027182015 0.3244134922977258
1.1451453134562484 13.063980932876252 1652.5207474306928 32.08781087452029 0.32928971735700524
1.1719066350004685 13.068996785870409 1462.6283703969768 33.54937217811085 0.33426979371400495
1.1987603199036907 13.073455250352755 1295.8757235920093 35.07831046327487 0.33936746142479757
1.2257045663238886 13.077317981141155 1149.4479261910305 36.67668050084645 0.34457967759389085
1.2526982864659568 13.080483740352214 1020.4794562403586 38.349478294554956 0.3499205414682122
1.279737513855829 13.082934873189709 907.0044815644525 40.09898215115483 0.3553868709603434
1.3067801873048268 13.084521501668958 807.045103396661 41.93065794198806 0.3609931959298053
1.3338153559903283 13.085238812690756 718.8159006988359 43.84793254241341 0.3667411376802121
1.3608234731969893 13.085033701541994 640.8543922489519 45.8555801579436 0.37263893245266705
1.387751914406198 13.083782960917071 572.0263398173735 47.95888861553139 0.3786962924272719
1.4146072363809028 13.0814948354965 511.00242185640366 50.16255958684128 0.3849185964857391
1.441329690725371 13.078044905314565 457.05370418967556 52.47191307113821 0.3913133433899295
1.467922992855179 13.07345299629249 409.16175932241055 54.89331161687818 0.3978919548426046
1.4943310319621335 13.06759109781444 366.6629032616073 57.432941624913916 0.40466348605262925
1.5205419980251849 13.060454755607509 328.9580234828605 60.09742729479515 0.4116377018387852
1.5465245548588775 13.05197226956108 295.40174656837974 62.89387003302508 0.4188251350492083
1.5722401446035068 13.042098182262675 265.56310208671266 65.82989163392855 0.42623714974917754
1.5976639948236901 13.030778750293358 239.0160266024973 68.91368161604831 0.4338860097353751
1.6227506333807944 13.017965769175007 215.3183839706014 72.15404914458944 0.4417849530031033
1.647502381160642 13.003632718958247 194.1731183811225 75.56048002439462 0.44994827286863026
1.671852348768235 12.987705743415601 175.30190621138007 79.14297381736982 0.4583904648519904
1.6957894589901505 12.970165701731565 158.42591373886273 82.91158284565178 0.46712423009949683
1.7192543707577952 12.950927852588748 143.34010002541717 86.87910211251084 0.47617138322739183
1.7422564686640114 12.930033922726583 129.8253214913258 91.0571853619237 0.48554658602120543
1.7647369915437074 12.907394424957992 117.72687640561603 95.45974961161608 0.49527109060370356
1.7866653864769326 12.882969363124584 106.86304396524467 100.10062557258355 0.5053630798721412
1.8080048223211207 12.856724066963329 97.12549464513194 104.99624443185601 0.5158479060098515
1.8287168875208875 12.82860043546832 88.36658895564253 110.1631365075298 0.5267480908666586
1.8487979784815602 12.79864537650806 80.49427250215234 115.61882678453904 0.5380866454437676
1.8681876549652305 12.766750943873777 73.41012676838598 121.38369797176819 0.5498935740418901
1.8868594932934786 12.73291299763572 67.03540469728883 127.47906633733696 0.5621983117982747
1.9047843686924786 12.697109285336051 61.28141690577874 133.92745960016524 0.5750304968295884
1.9219297830191548 12.65930835375473 56.096964058119454 140.75433251912395 0.5884256529172817
1.9382463749968228 12.619432824339032 51.41346643749356 147.98745269979318 0.6024224098620166
1.9537574031070921 12.577640429440928 47.18143031900227 155.6554289282914 0.6170569506563361
1.9683674533579478 12.533691761195037 43.35640822446413 163.79175970400436 0.6323764085044166
1.9820873697908747 12.487707487307125 39.8962214492105 172.43006333088476 0.6484218767250187
1.9948817957161198 12.43964676918578 36.76089284245578 181.6098590512243 0.6652473553918099
2.0067150166979113 12.389488967469653 33.91711994465365 191.37299085717976 0.6829067908494053
2.017575375719659 12.3372451832876 31.340844796097237 201.76545708715983 0.7014593696863956
2.027416625283292 12.28287638208739 29.003239899953737 212.8373111268881 0.7209681866848915
2.0362321435521396 12.226427578128195 26.880395624460945 224.64371039057636 0.7415025798426783
2.043983363406418 12.167851421456854 24.951487437751357 237.2460606228295 0.7631405736103486
2.0506492384427313 12.107165265248454 23.1966801463741 250.71096169975812 0.7859640048484648
2.056223423958357 12.044414134769578 21.601733370604588 265.1115167000757 0.8100611676145563
2.0606838885898413 11.979604668962942 20.14952661413175 280.52962472878295 0.8355324116187005
2.0639963552705267 11.912726457219879 18.828367795026168 297.0545690168509 0.8624834073358079
2.066164901158814 11.843845450699368 17.624729966186894 314.78680205605406 0.8910350630700423
2.0671652827720193 11.772972374123567 16.529491204917957 333.83579170295434 0.9213136495181634
