M[M_sun], R[km], Lambda[1], P_c[MeV/fm^3], rho_c[fm^-3]
0.24162668629717493 15.618656898711224 2160425.4255784233 3.5677272577965504 0.1711233750220791
0.25363657402674333 15.277482236281928 1723365.0931659495 3.784684051348896 0.17388648342975527
0.26602337200916054 14.98164585890836 1383376.9821123183 4.011116530273734 0.17666321761867634
0.2787911792111399 14.723971710938338 1116816.1768359868 4.247285000125263 0.17945237359846233
0.291936795949785 14.498929960329376 906325.798453824 4.4938126011325235 0.18226048042765158
0.3054631120873583 14.301774926096538 739143.2212034723 4.750845185860354 0.18508305342012749
0.3193700171082242 14.128717801083697 605485.0634767441 5.019080870709861 0.18792705952721747
0.33365778293265 13.976539978182647 498099.52828302525 5.298721957705069 0.19078869678367735
0.3483272141692859 13.842644886334105 411380.50523743674 5.590521917627114 0.19367476590304486
0.36337962585626216 13.72460190700038 336064.67423323303 5.8946165354375815 0.1965797489262348
0.37882002375266627 13.62060076228078 283622.02364078304 6.21188260971604 0.1995115953209888
0.3946398967403642 13.529044576434693 236701.62455098896 6.542601370124307 0.20246690848802518
0.41085185958131903 13.448458894872946 198133.6884066279 6.88742728952194 0.20544859151212738
0.42744619143271034 13.377596170159558 166315.8630990302 7.247085876882548 0.20846009890679518
0.44442857360002885 13.315444270888186 140011.3081751789 7.621870098892048 0.21149752406081646
0.46179558901317863 13.261033599950595 118162.47179612337 8.012660601331703 0.2145659764857906
0.479545241313773 13.213622527228967 99984.15835014767 8.420192318294445 0.21766760445946953
0.4976865513994611 13.172396715638735 84790.18245961991 8.844952037485072 0.22080054527037415
0.5162097546081202 13.136766533204474 72073.43253587176 9.287720690532351 0.22396690779530012
0.5351112084782195 13.106175335720092 61393.59051352561 9.74942421865367 0.22717023368442563
0.5544016065537828 13.080131867700544 51917.10704644798 10.230870125950284 0.23041187053175938
0.5740651843673362 13.058106927599114 44821.366055020735 10.732594561154098 0.23368935109781522
0.5941100480753966 13.039757949254284 38409.013616492564 11.255711379910812 0.23700722916693392
0.6145255312518696 13.024720872207013 32971.984170798496 11.80121719625502 0.24036790681318448
0.6353092075760197 13.012606583824757 28357.05709149757 12.370088327674454 0.24377301216401523
0.6564587894693641 13.003153981848344 24236.66295168686 12.963102354523533 0.2472215069292402
0.677976072891382 12.996083327758146 21079.229468436493 13.581407330400863 0.2507161895371246
0.6998437705848269 12.991127361375137 18216.72962858027 14.226282148304303 0.2542606564367513
0.7220588285537605 12.988030924595774 15768.518325157977 14.898912988277646 0.25785688554535774
0.744626283450777 12.986666810234777 13669.246728462947 15.600445412965815 0.26150595207259475
0.7675266103773266 12.986744047982969 11866.637863561278 16.331911081779353 0.2652074254502313
0.7907504057325131 12.98810720197182 10316.589094882811 17.095032925848567 0.26896712075132284
0.8143050994676114 12.990603627982436 8981.709225587949 17.891261367801498 0.27278746144904364
0.8381640252614405 12.994058089340783 7828.790980955878 18.72210860222964 0.2766708648841091
0.8623255408057572 12.998305810274639 6834.063799572009 19.588620726959242 0.28061516629724836
0.8867768384337636 13.003239555075183 5972.687778153043 20.49301953665559 0.2846280051159429
0.9115176927661701 13.008723732098055 5226.9031694360965 21.43709300246888 0.28871238245955355
0.9365169106971503 13.014606006373375 4579.50086963879 22.42251197241316 0.29286974505773206
0.9617735388769896 13.020789478573102 4016.7958408197087 23.45092097521159 0.29710086334355557
0.9872765407329733 13.027181534229301 3527.662495176277 24.524915702410116 0.30141330074134637
1.0129981795601306 13.033637883934428 3101.79983397338 25.646658743556632 0.305810352321941
1.0389401446274453 13.040081495847604 2730.3360579494515 26.81766026460868 0.3102899662951755
1.0650735017719886 13.046417598856731 2406.083944174768 28.041221808671157 0.314862475203204
1.0913814280200231 13.052535793190279 2122.875038761117 29.319656423579467 0.3195301308276405
1.1178587275287175 13.058384422493324 1874.9425663508764 30.65518906989182 0.32429401382866613
1.1444740716063717 13.063853395896517 1657.6880551790684 32.0515654617155 0.3291646018110196
1.1712118229306827 13.068870159996607 1467.1579034765812 33.51071095036743 0.33413950139037024
1.1980532437321612 13.073354175576048 1300.0720926095248 35.03685996804871 0.33923039587433934
1.2249754972366171 13.077229742198677 1153.1123711078635 36.63256095660944 0.34443735477374093
1.2519587633274398 13.080425934207177 1023.8203406092641 38.302182457069485 0.3497707186233367
1.2789785182081517 13.082873907853092 910.0386959291903 40.04863323763014 0.35523110824238324
1.3060036530961563 13.084482036909032 809.7330177739054 41.877047985274665 0.3608311249087878
1.333025583675194 13.085228748596954 721.2582880688481 43.79046095451858 0.3665703023988721
1.3600182616766834 13.085054602509643 643.11152507848 45.79436728228462 0.37246093372539135
1.386936003577147 13.0838445066536 573.9610469545208 47.89367319687931 0.3785106682937929
1.4137697023173557 13.081564352285953 512.7995293082912 50.092627105310534 0.3847226379657712
1.4404970510069839 13.078189630888453 458.65219720692556 52.39737446404059 0.3911086883020421
1.4670677237751308 13.073607715233047 410.626300490228 54.8138371035306 0.3976780237458525
1.4934729033378313 13.067803308487392 367.98739974067496 57.34817472514015 0.40443965473477117
1.5196749517472263 13.060717679228386 330.13564019256387 60.00698243976226 0.41140329764195827
1.5456509547593063 13.052280716712927 296.47483754390163 62.79732993781645 0.41857943283162447
1.5713642350661963 13.042460098558816 266.56107991569917 65.72680440533613 0.4259793674438179
1.596775890474536 13.03118517626054 239.86566482753327 68.80355756583923 0.43361530346206567
1.6218686359166012 13.018436107103158 216.11559642296834 72.03635727484847 0.4415004116851571
1.6466081043452905 13.004169026774951 194.8941801165537 75.43464414740536 0.4496489122993711
1.6709728811331257 12.988320381373892 175.96306944469188 79.00859375953735 0.45807616283089764
1.6949042633043794 12.970846966047146 159.0294924548197 82.76821476779918 0.4667947706741471
1.7183940015811576 12.951719140654875 143.87491023989253 86.72557779796966 0.47582372619035596
1.7413948329210323 12.930887185964243 130.3228831002164 90.89344088060606 0.48518231482245067
1.7638789548613398 12.90831801186714 118.17615102977375 95.28420913346733 0.4948859155983611
1.7858127730915598 12.883965187199639 107.27690817086291 99.91313629807283 0.504958486151739
1.807150680698081 12.85778054885525 97.49628298462363 104.79583503949381 0.5154223362450959
1.8279004031261161 12.829798714273881 88.70499711319758 109.94791110757258 0.5262967461826867
1.8479766724637368 12.799884843260305 80.80264075451868 115.38842699254451 0.5376107189783628
1.8673936657411423 12.768117060091685 73.69235481133255 121.13686842889742 0.5493911195455415
1.8860864172580887 12.734384117883799 67.29474934971788 127.21442264778935 0.5616671740249817
1.9040154889756586 12.698616985156768 61.523041653233726 133.64418250549303 0.5744707902404679
1.9211920498908228 12.66095394886066 56.3123933429624 140.4503791463663 0.5878334361595239
1.937553132614314 12.621253794364023 51.61222051832072 147.66072875879456 0.601793940105976
1.9530708152692189 12.579483182472066 47.363102751580875 155.3050121407737 0.6163928757667753
1.967722764091724 12.535693391901445 43.52071585665267 163.4144691058675 0.6316700176153998
1.981485532369544 12.4898578780486 40.045990102880964 172.02455823703613 0.647673155906237
1.9943251439877165 12.441949689410908 36.896055887472265 181.17361115080303 0.6644527237922729
2.006185762445286 12.391878403230816 34.04428091471032 190.90317038961422 0.6820621889602136
2.0170776922929776 12.339746398185737 31.456669998482745 201.25894269851537 0.7005603566100761
2.026965604809179 12.28551807368491 29.11067615056302 212.29126097546762 0.7200118798619543
2.0358233451022234 12.22918705745744 26.977942546805153 224.05442368231056 0.7404839837385141
2.04362864696057 12.170770030509846 25.041266159370306 236.60951874590583 0.7620544644984393
2.050345165418747 12.110223921382344 23.280620822327005 250.02215657767843 0.7848028351093916
2.055966678287935 12.047598712882719 21.67885104711266 264.3662210859841 0.8088209524119453
2.0604788301275168 11.98292545443176 20.22100308822333 279.72233940692513 0.8342061773852366
2.063854143532542 11.916202762542792 18.893314317275834 296.1800073839299 0.8610661951823043
2.0660810454796104 11.847461077816837 17.684902298787428 313.8369826024213 0.8895145889398848
2.067143081625915 11.776733817383276 16.584608631107717 332.8042969891206 0.9196844860128793
