M[M_sun], R[km], Lambda[1], P_c[MeV/fm^3], rho_c[fm^-3]
0.24162668629717493 15.618656898711224 2160425.4255784233 3.5677272577965504 0.1711233750220791
0.2536440713768769 15.277262085051083 1723250.327983134 3.7848222562937046 0.17388820608772002
0.2660400184204165 14.981271400864037 1382948.7110961971 4.011407057734893 0.17666672847158685
0.278815668301447 14.723494329470096 1116377.572635768 4.247737671980621 0.17945762390982256
0.29197011186897653 14.498389110329514 905855.9772062287 4.494439288472271 0.1822674587366262
0.3055061411729165 14.30118949460899 738648.295751624 4.751667159076462 0.18509193229962093
0.3194215572671447 14.128145705293427 605111.935138122 5.020104176899577 0.1879376767238957
0.3337200526269799 13.975937384906958 497655.12816468324 5.299973527598291 0.1908012980157721
0.34840134075550006 13.842024779882145 411005.15118025447 5.592004868098717 0.19368911385680326
0.36346385161087874 13.72398948938355 340635.9423623174 5.89636417094619 0.19659616308877076
0.37891742796569405 13.619997686465444 283308.4218175314 6.213916067413356 0.19953013800674588
0.3947506561858098 13.528449871886698 236406.18132472318 6.544918530816261 0.20248722685696288
0.41097547675733137 13.44788438845898 197871.77400466966 6.890072869810737 0.20547112238404147
0.427583932841424 13.377042706410384 166082.9268118019 7.25008468837229 0.20848490730572028
0.4445782329017042 13.314946552050136 139801.34646248215 7.625213845867255 0.21152414243676135
0.46195978711518526 13.260566016024562 117980.19820226895 8.016407585419048 0.21459496243701273
0.4797245797516761 13.21317322495791 99811.80453700863 8.42437174078979 0.21769902787390902
0.49788217016283026 13.17197727694669 84640.21317785542 8.849548482212313 0.2208338254941091
0.5164199793303538 13.136401693662972 71937.08872794089 9.29280851413577 0.22400272639065702
0.5353385528415864 13.105845632017576 61277.34378285711 9.755037897286547 0.22720866789983954
0.5546456590887611 13.07981988992171 52299.00105678478 10.237046229765534 0.230453000973863
0.5743274419548697 13.05785568336115 44729.51613098168 10.739306252007694 0.23373244223211692
0.5943845516747617 13.039522082750475 38328.10305828797 11.263059551284238 0.2370531406746498
0.6148222404259458 13.024500826960146 32902.07883374917 11.809245231057742 0.24041673065926533
0.6356259420599798 13.012456692597281 28060.482023281544 12.378842314234173 0.24382484516800712
0.6567973576271073 13.00301194522065 24371.18197022155 12.972542094907226 0.24727546061432568
0.6783295442373688 12.995967827471356 21027.92165511145 13.591666813117769 0.2507733115882125
0.7002167318827774 12.991053488611794 18172.23297288685 14.237416348589564 0.2543210600167036
0.7224504312707567 12.988004466427748 15729.590977857404 14.910980412193402 0.25792069056445016
0.745038529696181 12.986641066208259 13634.039312310593 15.613390630932134 0.26157211943993613
0.7679595668458377 12.986759006659144 11836.48249427364 16.345909317442626 0.265277203144134
0.7912042693048698 12.988136598925228 10288.860690766367 17.11015438843475 0.2690406513033226
0.8147793339993107 12.990665046183166 8956.494898154515 17.90758091944882 0.2728648965547063
0.8386622898891586 12.994129536746811 7807.423134481997 18.739553876972856 0.2767510168951266
0.8628423571264127 12.99840178579245 6814.530236546264 19.60741844167899 0.2806994997880976
0.8873214645320591 13.003363014298197 5955.2375882317265 20.51326010469341 0.2847167024234343
0.9120778526563748 13.00885161575866 5211.201724558238 21.458873025947955 0.2888056382128795
0.9370985304629593 13.014731482374815 4565.268365551245 22.44574075300355 0.29296622418784246
0.9623816171218826 13.020950221563373 4004.5274337477854 23.475889859319942 0.2972022694008979
0.9879024537409343 13.027331819722981 3516.5638080548783 24.551742136211487 0.3015198694277332
1.0136436559509254 13.033794827410581 3091.8432907392644 25.675238924652135 0.3059206487450207
1.0396089589260016 13.040239975130715 2721.4818501808786 26.848343390601503 0.3104058816200798
1.0657594491368507 13.04657556338029 2398.3310255627093 28.074151405651346 0.3149842961013199
1.0920910520728235 13.052704430360663 2115.850895039926 29.354715833143956 0.3196563231754855
1.1185888451567125 13.058537145867787 1868.6025193791083 30.69279661107388 0.32442667686709376
1.1452199317179739 13.063992444874506 1652.06800317948 32.09178957682649 0.32930338778624296
1.1719831322988303 13.069004382893153 1462.0359507805297 33.55363866685033 0.3342841722209504
1.1988401336609051 13.073461458224408 1295.487428083186 35.08288487452675 0.3393825877626818
1.2257846546377877 13.077330207785657 1149.0527057452655 36.6815495604076 0.3445953844263209
1.2527805843958175 13.080491805779435 1020.1528951136393 38.3546874590675 0.3499370144587707
1.2798222341119034 13.082939869755842 906.6848721961022 40.1045389387037 0.3554040618046168
1.3068667010883612 13.084524321148232 806.7472265829637 41.93657475890047 0.3610110833637253
1.3339031194490376 13.085236927009253 718.586368562144 43.85427572315449 0.36675999289382605
1.3609114758662886 13.08503643979786 640.5938523526771 45.862336411909524 0.3726585787214322
1.3878424267384664 13.08377497236943 571.8080561382767 47.9660867994056 0.3787167807822022
1.4146993528185583 13.081483440195319 510.832091355761 50.170278627350946 0.38494022608790307
1.4414220631069563 13.078032619120261 456.87786692182345 52.48014071500062 0.3913359334173439
1.4680175233263584 13.073433311700773 409.01685852553595 54.90208429350614 0.3979155693103556
1.494425745780862 13.06756870838549 366.5249814049694 57.442298714467626 0.4046881939243541
1.520637645848778 13.060424435536886 328.8306957653861 60.107411392363176 0.41166357743304227
1.546620820723213 13.05193725263668 295.287476426238 62.90452723916375 0.4188522584861167
1.5723372101092772 13.042057299235116 265.4618501282206 65.84127187449683 0.4262656074416511
1.5977615029477594 13.030730152300569 238.912250612727 68.92583899463014 0.43391589492977956
1.622848129601617 13.017909388448732 215.23747721120077 72.16704233119948 0.44181636637473615
1.6475998232128442 13.003572370672192 194.0920019542387 75.57437268462535 0.44998132317808653
1.6719493392628644 12.987637111968027 175.2315551909575 79.15776254862023 0.45842496679280353
1.6958859842896505 12.97009088454141 158.35760966716646 82.92741192682702 0.46716060528193576
1.7193667533620611 12.950879663301382 143.2776263716914 86.89605302268711 0.47620976869893467
1.7423492443208903 12.929941665030105 129.77643072918448 91.07526515697151 0.48558680691025347
1.7648322454406717 12.907292964456891 117.67715767244628 95.47913244991837 0.4953136208789162
1.7867585352005386 12.882857082720031 106.81865421549453 100.12132833099567 0.5054077555266309
1.8080975380620334 12.856604273666107 97.08267943017368 105.01837445842973 0.5158948991676672
1.8288079339432333 12.828471036183656 88.32803972657429 110.18681089265344 0.5267975877083819
1.8488886047993043 12.79850615874417 80.46645341128438 115.64427006723375 0.538139202486013
1.8682650362602207 12.766568271497276 73.3864006599402 121.41095644232395 0.5499490622988266
1.8869441496095771 12.732750365994773 67.00760537990178 127.50829302565255 0.5622569695285203
1.9048666758946124 12.696937375582152 61.254519849091594 133.95871453168664 0.5750922037689817
1.9220097704504289 12.659122028430126 56.07431556314575 140.7879025778428 0.5884910601577141
1.9383244801400699 12.619234314381655 51.392238278689014 148.02353890524097 0.6024918234735961
1.9538194768280341 12.577394371082441 47.159445760808275 155.69413321881265 0.6171302991612281
1.9684375089234527 12.533467642275266 43.336205851074816 163.83331661011522 0.6324540371503936
1.9821537819722652 12.487469634131234 39.87981597873756 172.4748554591003 0.6485045804922988
1.9949439534803752 12.439396376848864 36.74599034250864 181.6580487668852 0.6653351336270745
2.006780222445838 12.389239059536653 33.9019933978201 191.4248910744188 0.6830000924923855
2.0176280469626766 12.33696755281302 31.32797685618559 201.82141298526977 0.7015586858859465
2.027465638527041 12.282584323386155 28.990434277507934 212.8975627989881 0.7210735933804875
2.036276723036603 12.226121657388838 26.869108586684685 224.70881547228572 0.7416151155263452
2.044022793872488 12.16753004709002 24.942575979214805 237.3163362684608 0.7632604000417808
2.0506837927355424 12.1068264997098 23.1873944577102 250.78698253469628 0.786092024317476
2.0562560612189706 12.044084156553497 21.59327909553422 265.1938684077488 0.8101982056406577
2.0607055934209613 11.979237267476028 20.14193972829249 280.61868725478547 0.8356784948904661
2.0640127563145816 11.91234466736999 18.821717339691 297.1511949518387 0.8626399586640309
2.0661743111677233 11.843447347520407 17.618704340011853 314.8917672405492 0.8912030916853562
2.0671683609140388 11.772559901734 16.52366237671282 333.94978838053436 0.9214936981644106
