M[M_sun], R[km], Lambda[1], P_c[MeV/fm^3], rho_c[fm^-3]
0.24162668629717493 15.618656898711224 2160425.4255784233 3.5677272577965504 0.1711233750220791
0.25364409140532257 15.277266808065539 1723154.5500838251 3.784821457782781 0.17388819613466658
0.2660400584437967 14.981264764389985 1383001.6568230533 4.011405379102283 0.17666670818630242
0.2788149284845103 14.723524430415228 1116465.9859470518 4.2477350564322 0.17945759357340244
0.29196985949867166 14.4984097386713 905865.6856927605 4.494435667370583 0.1822674184148185
0.3055048131374036 14.301247281628488 738657.880714639 4.751662409464338 0.18509188099474522
0.31942142805113366 14.128143752201126 605103.9789239528 5.020098263786654 0.18793761537306686
0.3337196650180356 13.975934065522525 497661.7015122955 5.299966295304036 0.19080122519856949
0.34840091149304275 13.842028401342843 411007.40862509276 5.5919962985622576 0.1936890309441806
0.36346377010761527 13.723986648012215 340639.3022903879 5.896354071635937 0.19659606823391163
0.378916870602067 13.620006632704289 283310.7617730869 6.213904316108565 0.19953003084899568
0.39474913383483223 13.528466886101612 236412.8505679067 6.544905139714188 0.2024871094350882
0.410974852073848 13.447869424380858 197875.20896592454 6.890057580390768 0.20547099217292505
0.427582320885548 13.377058017473813 166084.00939208711 7.250067357155035 0.20848476392900153
0.44457725249367613 13.314932446098013 139804.18097012668 7.625194520751025 0.21152398859641017
0.46195875712049733 13.26057116123418 117981.60229212871 8.016385929319906 0.21459479490957764
0.47972342587137046 13.21315492453875 99811.30658854364 8.424347584830521 0.21769884625486474
0.49788118461907727 13.172005797464369 84645.39074140365 8.849521915456942 0.22083363313944912
0.5164184677624246 13.136408338704008 71936.93348869402 9.292779106641394 0.22400251936006327
0.5353374122783179 13.105877044424446 61276.7829483292 9.755005449655455 0.22720844574618154
0.554645135031913 13.079810732509022 52300.384149185906 10.237010530483413 0.23045276323057043
0.5743269304367485 13.057837077820828 44730.288526701646 10.739267456186408 0.23373219315092683
0.5943831588087556 13.039522124575214 38327.622263441 11.263017075476808 0.23705287528503635
0.6148201445136663 13.024503369554722 32902.5388357212 11.809198824328151 0.24041644842892151
0.6356249350303128 13.012440733171172 28292.467121380974 12.378791709990798 0.2438245455365271
0.656794724484534 13.003035706171174 24371.07176016689 12.97248752553333 0.2472751487181617
0.6783273320052183 12.995983522527055 21027.567124684792 13.591607503696597 0.2507729813692453
0.7002145665600216 12.991065469539153 18172.526758810392 14.237351981101817 0.2543207108199411
0.722447912589822 12.987996492461887 15729.585717334145 14.910910648185814 0.25792032169584433
0.7450367623846399 12.986637322414795 13634.180970187257 15.613315790905935 0.26157173690736557
0.7679566558074751 12.986752389059895 11836.28569876979 16.345828387881134 0.2652767997305678
0.7912009714952908 12.988133826081146 10288.93777219141 17.110066963153795 0.269040226183786
0.8147760924952232 12.990659542084842 8956.58656154864 17.907486565333965 0.27286444885117794
0.8386565334544354 12.994127671291148 7807.484541608797 18.739453012527473 0.27675055347518873
0.8628391258855328 12.998397312343732 6814.699111949902 19.607309755385565 0.2806990121812439
0.8873186207477923 13.003359958830256 5955.491308563676 20.513143073427493 0.2847161895742811
0.9120729512298706 13.00884767690126 5210.979542310676 21.45874709076193 0.28880509899488216
0.9370952361214424 13.01473745961871 4565.372494656525 22.445606438505717 0.29296566632188553
0.96237813712778 13.020949793270715 4004.5244391760543 23.475745479914067 0.29720168303323136
0.9878967385529509 13.027337133755033 3516.5191153518585 24.551587012291854 0.30151925319404127
1.013640500841806 13.033786285937497 3091.856550971314 25.67507365669324 0.3059200109441385
1.0396058370395675 13.040246363555417 2721.5543114313546 26.848165958115192 0.31040521131209675
1.065755326865406 13.046569599815559 2398.408853713549 28.07396097805249 0.3149835916268275
1.0920869319918165 13.052698105614489 2115.808485293087 29.3545130853547 0.3196555934079319
1.1185848013557187 13.058537373817899 1868.635894133996 30.69257912242737 0.3244259096618003
1.1452159396827089 13.06399829530317 1652.0909875390532 32.0915580571747 0.3293025923075232
1.1719781674181446 13.069005748432645 1462.0410967946955 33.55339040042504 0.33428333553749984
1.198834423500343 13.073456852541714 1295.5267371051382 35.08261868952718 0.3393817075610512
1.2257806400606208 13.077333788010355 1149.098967667374 36.68126622929814 0.3445944704440205
1.25277586741618 13.080497449584266 1020.1900617169293 38.35438583198944 0.34993606466401783
1.2798171466901642 13.082934861466185 906.7165853558507 40.1042155872603 0.35540306146327566
1.3068614889136658 13.084523384583584 806.7591401405958 41.936230456553844 0.3610100424855699
1.3338981657321543 13.085233682255762 718.5886685769871 43.8539066096051 0.36675889569746584
1.3609056967823485 13.085034755773606 640.6337202546711 45.861943260590316 0.37265743549080155
1.3878372387366376 13.083778429393927 571.8072846763602 47.96566793101011 0.37871558854753495
1.4146938875800916 13.081486490126894 510.82466455350277 50.16982944873283 0.38493896743991457
1.4414174533583057 13.078030824328463 456.8862704565797 52.47966193923501 0.3913346188784733
1.4680107057695313 13.07343730112001 409.0089766598416 54.90157380057303 0.39791419515518983
1.4944202203508488 13.067571292061297 366.52735540318747 57.44175421261984 0.40468675613948185
1.5206320513752911 13.060426588470797 328.844532482378 60.106830402750866 0.41166207169340246
1.5466156500787567 13.051940173173616 295.29108660667384 62.90390707892513 0.4188506801290045
1.572331601534231 13.042060694955234 265.4678017568462 65.84060963814274 0.42626395143812496
1.5977556660853012 13.030733695374145 238.9133768355579 68.92513153353327 0.43391415585319565
1.6228422012270882 13.017913175942587 215.239003242677 72.1662862309705 0.4418145383660884
1.6475950767635021 13.003573728060609 194.09936924861034 75.57356424013597 0.44997939990780506
1.6719442001453912 12.987641499072321 175.23665389843595 79.15690195793023 0.4584229590445696
1.6958808552105655 12.970094598830203 158.36567192008232 82.92649079331055 0.4671584885197977
1.7193611541095921 12.950883978131058 143.27902212253014 86.89506660447609 0.4762075349470137
1.7423460183797288 12.9299440711796 129.7748195654967 91.07421304348097 0.48558446634500607
1.7648273020034861 12.907299810734104 117.68309794845423 95.4780045054973 0.49531114591699865
1.7867532165507782 12.88286217746982 106.8212403624428 100.12012357350253 0.5054051557122275
1.8080919758451375 12.856611263054967 97.08353207445211 105.01708664043888 0.5158921644834642
1.82880263636203 12.828478240625396 88.33350562498578 110.18543319972662 0.526794707318949
1.8488828633523122 12.79851406460465 80.46440511166347 115.64278943144909 0.53813614400341
1.8682598976977756 12.766576190401613 73.3881831878515 121.40937016971212 0.549945833229093
1.886939322288606 12.7327596451148 67.00836006684622 127.50659221003957 0.5622535560051561
1.9048618768090106 12.696947461043855 61.25543664245328 133.9568956797796 0.5750886127905687
1.9220051020143143 12.65913240557134 56.07552952462534 140.7859489930749 0.5884872538316755
1.938319823610992 12.619247815871804 51.39309575368148 148.02143888832717 0.60248778398658
1.9538168753463023 12.577404985819811 47.16283554887198 155.6918808371036 0.6171260306724229
1.9684335437197242 12.53347843121482 43.34217445479511 163.8308982139452 0.6324495195662497
1.9821500570687147 12.487483150940315 39.87993998052886 172.47224878043716 0.6484997675451556
1.9949404777869948 12.439410871734683 36.746356595831024 181.65524435611422 0.6653300253539698
2.006776998000467 12.389253737669303 33.90367309601901 191.42187071965242 0.6829946627643981
2.017625498824944 12.336983506591341 31.32897320818451 201.81815659664417 0.7015529061173523
2.0274631566142514 12.282600507796777 28.991788104854862 212.89405640298907 0.7210674591504681
2.0361745865348366 12.226514543834087 26.888230754239512 224.75398958997826 0.8938335971183141
2.0376577504308977 12.178152056375078 25.704765883486612 239.82804746322836 1.8276390896084318
