M[M_sun], R[km], Lambda[1], P_c[MeV/fm^3], rho_c[fm^-3]
0.24162668629717493 15.618656898711224 2160425.4255784233 3.5677272577965504 0.1711233750220791
0.25363198766388617 15.277611105208214 1723508.935355685 3.7846051750337764 0.17388550027453847
0.26601546846462504 14.98179348788369 1383586.2486231413 4.010950727210919 0.1766612139865125
0.2787775021143291 14.724210053469323 1117144.2966041823 4.247026671945365 0.1794493773808678
0.29191747934915174 14.499235326321289 906594.5976058695 4.493454980491609 0.18225649823881557
0.3054381254715985 14.302134748434227 739391.4292420534 4.750376143081068 0.18507798686292962
0.3193384826410769 14.12909903696942 605726.619708247 5.018496962689466 0.1879210012561381
0.3336214908059848 13.976953777397421 498353.5392669382 5.298007827333682 0.19078150667579405
0.3482838807815806 13.842978862424168 411608.464005573 5.589675794216969 0.1936665794262912
0.36332909328305324 13.724971012024621 341202.9782271641 5.893619428225734 0.19657038388429077
0.378764287151514 13.62095946919199 279887.61114048 6.210722470276086 0.19950101624619526
0.3945771126262731 13.529374372350182 236867.8646615114 6.541279415231958 0.20245531672949288
0.41078243989776814 13.448768356364836 198275.78642081242 6.8859180234979425 0.2054357379693281
0.4273687729338696 13.377896567551579 166449.7936298103 7.245375158686522 0.20844594657357896
0.44434304229113614 13.315731035385687 140136.10440527645 7.619962668049437 0.21148233968483526
0.46170144948987574 13.261308255203254 118273.00161022593 8.010523220262664 0.2145494421152232
0.4794416925332575 13.213856800897476 100078.43852464393 8.41780834617936 0.217649680321896
0.4975770411467693 13.172631685626545 84875.37061902643 8.842330273650788 0.22078156258002044
0.5160868229275299 13.136979970635803 72150.52225244588 9.284818749656065 0.22394647795061615
0.5349819341761499 13.106372137083124 61457.511475583284 9.74622245628289 0.2271483127244437
0.5542632912183594 13.08029245148705 52466.34794083427 10.227347705350498 0.23038841258466553
0.5739159006882512 13.058245599811697 44872.119266674956 10.728766791841002 0.2336647756331306
0.5939503197485788 13.039897040313772 38451.89995037228 11.251520759742798 0.23698104609628948
0.6143568564339178 13.024802618828929 33014.93464974976 11.796639009579605 0.24034006379966213
0.6351288729733435 13.012678936640041 28395.520337609436 12.365096318616143 0.24374345410795906
0.656267666043963 13.003209170841378 24460.46646418663 12.957719444486159 0.2471907404228327
0.6777743709070893 12.996132800192312 21107.59928342813 13.57555716908476 0.25068361740626854
0.6996323831313803 12.991163430338915 18242.474580986272 14.219933420603672 0.25422621427912556
0.7218348791719423 12.988055167080459 15791.344692486351 14.892032369219434 0.257820505118728
0.7443904507207763 12.986676040715336 13688.914362629552 15.593064499262917 0.26146822573769907
0.7672789883842663 12.98672849208976 11885.255760439102 16.32393004463026 0.2651676419817563
0.7904931790040706 12.988074726056931 10333.130896516694 17.086411778706037 0.2689251990321341
0.8140292904842293 12.990562282301909 8995.78323137855 17.881957475912074 0.27274331514728845
0.8378826213887073 12.993999245477506 7842.462327756833 18.712092512794317 0.27662454413171433
0.8620342435799657 12.998257828381908 6845.195381525006 19.57790468345961 0.2805670901683205
0.886470587165235 13.003178707929692 5946.607644544813 20.481481361461967 0.2845774430432221
0.9111984186180915 13.008644528063174 5235.785560706223 21.424677688497784 0.2886592236804427
0.9361880221876325 13.014531976546353 4587.18592127404 22.40927119292382 0.29281475039788996
0.9614295482514703 13.020701280586529 4024.064969626253 23.436688807558333 0.2970430622819266
0.986921322373992 13.027090068426826 3533.9319754661797 24.509625278697722 0.301352559146642
1.0126311370517156 13.033539259970327 3107.6198611472323 25.630301680874116 0.3057469914232749
1.0385548125225357 13.039974830845592 2735.403461882629 26.80017274541979 0.31022390159664953
1.064679303297867 13.046322987304347 2410.751054134171 28.022454616082047 0.31479304719721607
1.0909759094294034 13.05244527657955 2126.920162166043 29.299675996376806 0.3194582135577557
1.1174412988930862 13.058300710375413 1878.3985669084323 30.633757246522034 0.3242184116829817
1.144042372361914 13.063775808418434 1660.8931327473 32.02858188167167 0.32908511565039533
1.1707724258187642 13.068795419880853 1470.101815290059 33.48624891120702 0.3340570617962579
1.1975969235564763 13.073271241700523 1302.6333514718087 35.01063401614972 0.339143673761281
1.2245143752108791 13.077163748912039 1155.5175998095822 36.60464709504052 0.3443473089772925
1.2514807552793554 13.080358522446385 1026.021142987085 38.2722600886777 0.34967593111990686
1.2784939464510776 13.082833461504217 911.9328190062295 40.01678025240943 0.3551325657475052
1.305513978058827 13.084459179997593 811.50419641358 41.8430772489655 0.36072828257298556
1.332530723831359 13.085251935687735 722.7956238272182 43.75410433351431 0.3664622317189876
1.359508032486151 13.085071530628372 644.505928721362 45.755645135714985 0.3723483349831729
1.3864167520345705 13.083866587162557 575.2223931503406 47.85231924063505 0.37839272024041787
1.4132443025737873 13.08161340440914 513.9488164906677 50.04839227199947 0.3845986870880542
1.4399635082863285 13.078272912052576 459.65368112645984 52.35022765934109 0.3909792408407185
1.4665288950041233 13.073715576298001 411.54665175929074 54.7635699712693 0.3975427136661516
1.4929271128605275 13.067937724031458 368.8178726149396 57.2945620519006 0.40429808773943304
1.5191253282394386 13.060873115859282 330.8822470313141 59.94978064759424 0.41125504885383946
1.54509796414309 13.052474964730834 297.1559440923542 62.73627542674304 0.4184240442468938
1.570806282464569 13.042689665098132 267.15388554116174 65.66161172895555 0.4258163451311667
1.5962226399939492 13.031460497528357 240.42588074342194 68.73391742128487 0.4334441144804649
1.6213171609016324 13.018754044441105 216.60195997916378 71.96193428607167 0.44132048068942514
1.6460569877347984 13.004516473677443 195.35740655432568 75.35507441814157 0.4494596177991211
1.6704045915312802 12.988687927796818 176.36845328645475 78.92348216935743 0.45787683306423727
1.6943455242809862 12.971277741266917 159.41382830236577 82.67756576310467 0.46658645952537187
1.71783818678447 12.952198952680769 144.22286301603867 86.62851133853427 0.47560391841734145
1.7408427030114249 12.93141262033895 130.63904105307483 90.78991652264533 0.4849520112319344
1.7633226992900448 12.908869260056665 118.45928168344022 95.17323196626548 0.49464240691352296
1.7852713590126688 12.884595063238127 107.52876871549734 99.79460976329108 0.5047027110318081
1.8066211176555553 12.858466286626124 97.72918243007837 104.66865598502599 0.5151514594069714
1.8273744679470196 12.830542375662347 88.91516169973795 109.81185594272358 0.5260114169465676
1.847461778241846 12.800690478409896 80.99972512577341 115.24279276475019 0.5373098889182483
1.8668903508947519 12.76898074502856 73.8710050407951 120.98085608274671 0.5490735355809253
1.88558410726248 12.735280263438481 67.45500915302962 127.04715837538158 0.5613314759648844
1.9035456255731142 12.699642511839796 61.670076648337414 133.46470984754228 0.5741154998004321
1.9207343794324876 12.662025598444759 56.4496182279513 140.25828736483606 0.5874591683202903
1.937120335944501 12.62241717062515 51.73641688035318 147.45425706328845 0.6013967815270627
1.9526617990447437 12.580747119404938 47.47680472248172 155.08344309796692 0.6159727742442712
1.9673237003635526 12.537003977451132 43.62690723073055 163.17604090537287 0.631223576539141
1.9811111084100885 12.491245469594157 40.13973700350355 171.76834032574513 0.647200077547325
1.993963522296044 12.443384764928574 36.98469813111013 180.8979830294901 0.6639506633475011
2.0058536363722705 12.39340852168418 34.123201631176265 190.60634692505968 0.6815285858581219
2.016765477529703 12.341338934956834 31.53237823907397 200.93895498311144 0.6999924099794195
2.026680351566161 12.28719416343055 29.178166753103614 211.94593470126495 0.7194065209934727
2.0355673855442262 12.230950545771385 27.041127012673996 223.6821880835402 0.7398405656443667
2.043403545865314 12.172617848234783 25.09870287178543 236.20691056349796 0.7613666573175443
2.0501569686440626 12.112172893439256 23.33263517738274 249.58711245435245 0.7840694490543598
2.055814858752682 12.049650157932698 21.727213482662386 263.89552810609246 0.8080376919467199
2.060351134991166 11.985034544103389 20.26536498116553 279.21242872193505 0.8333683144399533
2.0637692806246286 11.918412998038411 18.934469269040825 295.626908863517 0.860168515646122
2.0660265047866573 11.8497497166432 17.7225671959015 313.2372444425429 0.8885545261053368
2.0671350075343633 11.779129464082512 16.61866066442596 332.15241707106793 0.91865382254965
