M[M_sun], R[km], Lambda[1], P_c[MeV/fm^3], rho_c[fm^-3]
0.24162668629717493 15.618656898711224 2160425.4255784233 3.5677272577965504 0.1711233750220791
0.253643635135802 15.277302025931526 1723204.4258593952 3.7848130437010763 0.1738880912571972
0.26603879355298876 14.981303217221607 1383010.6826078752 4.011387691019285 0.1766664944362582
0.2788137546134473 14.723537343963288 1116459.3630748293 4.2477074959284336 0.17945727391309152
0.29196790494398445 14.498456720729862 905871.3899906146 4.494397511233299 0.18226699353737427
0.3055036084441594 14.301223969855391 738673.8967958112 4.751612362111809 0.1850913403878211
0.31941856201133184 14.128163584841401 605124.2404656191 5.020035956554195 0.1879369689114817
0.33371675642614584 13.975954663423652 497689.6659901006 5.299890087810488 0.19080045791556058
0.3483963825713392 13.842065641994827 411029.15924390283 5.5919060005333066 0.19368815728591038
0.36345833885090945 13.724028841229364 340670.1914117512 5.896247654400534 0.19659506874071644
0.37891154484688366 13.620027126510363 279412.7594285114 6.213780491868369 0.19952890172101917
0.39474289257227096 13.528491612858037 236416.8519354816 6.544764037027398 0.20248587215514544
0.41096683797114575 13.447904933260304 195382.14023360985 6.889896475283107 0.20546962013422307
0.42757442132630546 13.377079711566754 166100.60594428517 7.249884737841252 0.20848325316621993
0.44456865950305796 13.314973231291194 139818.50999568484 7.624990891969035 0.21152236758037263
0.46194913056131454 13.260596951108536 116678.2080458763 8.016157739307701 0.21459302967534954
0.4797121271943476 13.21318281289827 99824.56964987665 8.424093054206006 0.21769693254039568
0.49786964669986605 13.171997762993394 84652.78343718551 8.84924198271128 0.22083160630676446
0.5164056788980382 13.136428353298552 71942.32187542273 9.292469241607098 0.22400033789090398
0.5353233868509619 13.105864025127968 61283.45649945047 9.754663551379696 0.2272061049296084
0.5546290127203584 13.079843880680018 52307.16174338837 10.236634370351242 0.2304502581508307
0.5743104115897255 13.057857486500463 44734.87670883582 10.738858668611229 0.23372956860806762
0.594366621463369 13.03954854385701 38331.30270063579 11.262569512913176 0.23705007890603955
0.6148021145154179 13.024514578263739 32906.041070038824 11.808709842808327 0.24041347460543333
0.6356027125509149 13.012439033429548 28298.05340769918 12.378258500597335 0.2438213883641427
0.6567743941380189 13.003024860855387 24374.875911643492 12.971912536846974 0.2472718623186157
0.678304767565365 12.995988666888715 21030.826717652315 13.590982570794733 0.25076950191027725
0.7001920380460146 12.991068574598147 18175.189018296893 14.236673753219868 0.25431703140058065
0.7224254952235863 12.98800279343671 15732.351950006907 14.910175559267275 0.25791643500363814
0.7450113201142874 12.986653265194901 13636.556950314005 15.612527217968042 0.26156770624558817
0.7679306120027355 12.986751076759758 11837.658185043687 16.34497565207399 0.2652725490564427
0.7911734242485887 12.98814014252824 10290.898341055678 17.109145784804287 0.2690357468054095
0.8147474552871845 12.99065814021686 8958.01629170436 17.906492381033125 0.27285973151775805
0.8386290164924066 12.99412620333114 7809.036949473008 18.738390231858233 0.27674567054791105
0.8628077722682381 12.998399733092086 6815.9859963235 19.60616455974251 0.28069387441063054
0.887281338089003 13.00333929112549 5956.301807725799 20.511909951059142 0.2847107858408643
0.9120404449362134 13.008835216419321 5212.092322391105 21.45742015248722 0.2887994174294539
0.9370589155101405 13.01472772307687 4566.21481396308 22.44419121182716 0.2929597882759707
0.9623360072683713 13.020923755260048 4005.1848428987923 23.474224204948968 0.29719550468358324
0.9878595009322838 13.027330419316922 3517.3092221317047 24.549952528620178 0.3015127601663395
1.013601001158606 13.033780329789588 3092.400410111248 25.673332291126012 0.3059132906790465
1.0395634219778105 13.04023452603838 2721.9685609813855 26.84629642239659 0.3103981485427983
1.0657126277569675 13.046559119585497 2398.771211664631 28.0719545210696 0.31497616886997337
1.0920430605046143 13.052689500999858 2116.2358249232097 29.35237681827023 0.3196479041581025
1.1185407888244632 13.058527450431958 1869.0065348751166 30.690287540792763 0.3244178259590934
1.1451704430422625 13.063979961289228 1652.4790502689289 32.089118640143674 0.3292942107108775
1.1719317199930133 13.06900063193554 1462.485973854158 33.550774534450284 0.3342745197994579
1.1987870269748009 13.073452139804433 1295.7338535916276 35.079814028535466 0.3393724333074969
1.2257305950670683 13.077321955200935 1149.3281728804166 36.67828091207969 0.34458484027279096
1.2527254108972457 13.08049320254606 1020.4007364079919 38.35119396374674 0.34992597633209965
1.2797655237040306 13.082936065318144 906.8998136734684 40.100808606203245 0.355392521402084
1.3068091762928957 13.084523006287178 806.9443286640012 41.93260273205107 0.36099907532480013
1.333844040720446 13.085239639798877 718.7780800093237 43.85001746980026 0.36674733516265084
1.360852059183543 13.085034801927089 640.7898369338496 45.85780085437226 0.37264538993622276
1.3877821400337949 13.083777546287301 571.9513449758355 47.961254565370446 0.37870302668425904
1.414637572801825 13.08149377673522 510.93398582710205 50.16509673094087 0.3849257058431052
1.4413597600453638 13.078042748502902 456.999608343906 52.47461738218984 0.39132076841485947
1.4679532722255315 13.073446103643882 409.11210011119135 54.89619506810658 0.39789971657473405
1.4943623349896136 13.06758569324658 366.63280475865344 57.436017159333474 0.4046716071579674
1.5205738000297697 13.060442947815197 328.9211959828956 60.10070891203217 0.41164620674326485
1.5465561525268083 13.051960509130918 295.35914157537945 62.89737288480293 0.41883405008547203
1.5722719378959813 13.042086788545971 265.5333916795392 65.83363212917924 0.42624650331801506
1.5976960267908666 13.030762577603484 238.98498586991306 68.91767753673511 0.433895832483408
1.6227833798921798 13.017947154026539 215.29349926145966 72.1583197734513 0.4417952780184802
1.6475348078026502 13.003613260446604 194.14883187893832 75.5650462859831 0.44995913589673653
1.6718836603136498 12.987683417540767 175.27896342074212 79.14783459353268 0.4584018049871675
1.6958214535275973 12.970141105201856 158.40453228904647 82.916785555316 0.4671361859111524
1.7192868018622927 12.95090205383994 143.32373813740512 86.8846735346516 0.4761839997573488
1.7422882573089 12.930002668779846 129.8120350956981 91.06312781572376 0.48555980579357194
1.7647684824909402 12.907360884361585 117.7111012334457 95.46612033573709 0.4952850693949386
1.7866965962070933 12.882931659577862 106.85157119248667 100.10743011397594 0.5053777637772593
1.8080338717835167 12.856685043720997 97.10824126804474 105.00351807140753 0.5158633515986853
1.8287473650671462 12.82855779375857 88.35364650623376 110.1709177279141 0.5267643593286172
1.84882778789059 12.798599638913126 80.48635006169629 115.62718938155041 0.5381039196834827
1.8682164846384175 12.766699166823694 73.40155025719275 121.39265715922407 0.5499118116643743
1.886890024216648 12.732857365902284 67.02860193856793 127.48867240921275 0.5622175911078813
1.9048129148795165 12.697052328775426 61.274176010629816 133.9377322845922 0.5750507782982873
1.9219561573495327 12.659246483706577 56.09074936414064 140.76536610090795 0.588447150530456
1.938271530776062 12.619367894747253 51.40517629424025 147.99931324424998 0.6024452242093781
1.9537720430211387 12.577535584856143 47.174861731043315 155.66814993813097 0.6170810582433732
1.9683901706654192 12.533618589044561 43.350547638127644 163.80541825776785 0.6324019227963572
1.982109519394623 12.487629217695343 39.890799771156935 172.44478517093384 0.6484490589930166
1.9949024193024596 12.439563719204708 36.75472563260282 181.6256975391546 0.665276205417188
2.0067416974649173 12.389414944519881 33.91163672431184 191.39004883113117 0.6829374561737573
2.0175931001207528 12.337153652469162 31.337873121164595 201.7838479886469 0.7014920117224223
2.027432554578999 12.282780353411297 28.999149564351992 212.8571138621795 0.7210028303855238
2.036246806310574 12.226326971659521 26.87730465879483 224.66510822171907 0.7415395665032186
2.0439968587015405 12.167745494079023 24.949188441086413 237.26915778103995 0.7631799563868386
2.050661158605842 12.107053037040211 23.19400059785411 250.73597516916863 0.7860061719038738
2.056237782495373 12.044321532273482 21.59811110021972 265.1385826798513 0.8101062069774031
2.0606911433703607 11.979484000993752 20.146773818611038 280.55889622511955 0.8355804236855737
2.064001348674968 11.912601838910147 18.825943024065527 297.0863262207716 0.8625348596964506
2.0661678191296042 11.843714806545657 17.623359046371263 314.8212999355883 0.891090287389966
2.067164399623183 11.772837222224558 16.526659788937003 333.8732577541295 0.9213728241532275
