M[M_sun], R[km], Lambda[1], P_c[MeV/fm^3], rho_c[fm^-3]
0.24162668629717493 15.618656898711224 2160425.4255784233 3.5677272577965504 0.1711233750220791
0.25364093488339906 15.277369353251926 1723249.0463216365 3.784780939495804 0.17388769109376606
0.26603500849742845 14.981362859822656 1383100.3081807925 4.011320202069833 0.17666567887213333
0.2788082656121716 14.723648548186402 1116495.9443065664 4.247602339490614 0.1794560542568802
0.29196018493907183 14.498549329889899 906038.5385988184 4.49425192845196 0.18226537243931606
0.30549314741341904 14.301376628200783 725595.7324398605 4.751421410394007 0.185089277744832
0.3194035308759663 14.128374879995492 605245.9365204424 5.019798229863082 0.18793450240530735
0.33370086599716475 13.976118973257007 497812.8908937486 5.2995993281902845 0.1907975304486426
0.34837856172097353 13.842218807541586 411125.88866173336 5.59156148260771 0.19368482398020662
0.3634366378214997 13.724206644054425 340753.1381884708 5.89584163898212 0.19659125535798466
0.37888852364528247 13.620176885261639 283396.93161544605 6.213308066458176 0.19952459377011544
0.3947169433710809 13.52863350276012 236492.69843863772 6.544225692699533 0.20248115160265762
0.4109382353443339 13.448058688904228 197945.33785597826 6.889281820523206 0.2054643854763579
0.4275410596317615 13.377233248880044 166144.97156947645 7.24918800586107 0.208477489281105
0.44453416907823307 13.315066299703146 139867.19278683892 7.624214008992912 0.2115161830923486
0.46191053491488776 13.260730891756333 118038.42500965152 8.015287156233072 0.21458629501143112
0.4796711387200167 13.213281274366548 99858.6401672259 8.423121983638799 0.21768963144726203
0.497823080613755 13.172108699026966 84688.61610090938 8.848174005572927 0.22082387369597126
0.5163572099982652 13.136507894376315 71975.13238014498 9.29128707681119 0.22399201537704144
0.5352702186050476 13.105946674200439 61310.22303786346 9.753359185088943 0.2271971745475406
0.5545743514404288 13.079902538858308 52334.61600705559 10.235199301842792 0.23044070115438647
0.5742522266181799 13.057914954436944 44758.29789397266 10.737299133470138 0.2337195559093783
0.5942999685430734 13.039604541353723 38353.05722437742 11.260862061046577 0.23703941071587847
0.6147334979855026 13.024573820440528 32923.22030611533 11.806844389405919 0.2404021295363064
0.6355294653920761 13.012473802749122 28312.821940425365 12.376224331768318 0.2438093438995647
0.6566962057948023 13.003057781645776 24388.25834938366 12.96971899368459 0.24725932492540423
0.6782230509313392 12.99601748449319 21043.321438990733 13.58859850886897 0.25075622809220305
0.7001054192793785 12.99108282660858 18185.39254826142 14.234086392171749 0.2543029948406184
0.7223337680375436 12.988012458553165 15740.230328859854 14.907371297683918 0.25790160781557253
0.7449148355933705 12.98665794471225 13644.337407959423 15.609518938076581 0.2615523299142539
0.7678294750321846 12.986759317451138 11844.452921192484 16.341722621675434 0.2652563335157941
0.7910685473881044 12.988126033361848 10297.655879231435 17.10563168100259 0.2690186589085972
0.8146355204244174 12.990649944152176 8963.74304682347 17.902699798885592 0.2728417359866506
0.8385117719740572 12.994110173126753 7813.321299912892 18.734335991620483 0.2767270434117388
0.8626878825395204 12.998374970604168 6820.305471149649 19.601795955151253 0.2806742752369643
0.8871565794105365 13.003325676405598 5960.70802923918 20.5072059606305 0.28469017222544074
0.9119089247580856 13.008808633687735 5215.737178949688 21.45235831542586 0.2887777441089993
0.9369259777060357 13.014691953089955 4569.337516812598 22.43879261164753 0.2929373655643213
0.9621925910435907 13.020909884279423 4008.1214096252024 23.46842110522612 0.29717193657133983
0.9877153959152687 13.02728217861724 3519.792859019046 24.543717620794112 0.3014879918373963
1.0134512490567662 13.033747639285775 3094.760767988945 25.666689706668443 0.3058876556663352
1.0394082182740754 13.040194234478191 2724.1243356803093 26.839164969891073 0.3103712071993899
1.0655557522406771 13.046536301850285 2400.4581697526664 28.064300826136293 0.31494785452433344
1.0918792597647144 13.052651757577712 2117.946036961313 29.344228003093313 0.3196185734268636
1.118370744765072 13.058493081994705 1870.469955542593 30.68154633658811 0.32438699079484556
1.1449953523262113 13.06395335616017 1653.6596374095536 32.07981357197876 0.3292622394131752
1.1717528290364414 13.068963175902422 1463.6327373801287 33.54079647818741 0.3342408927210713
1.19860288159697 13.073425384240457 1296.7910278434383 35.069115901562895 0.3393370575018674
1.225543313715112 13.077300108939522 1150.2342804133505 36.666893754224674 0.3445481070642448
1.2525329609633558 13.080472487088374 1021.2867887321543 38.338986789321034 0.3498873066795978
1.279570332383579 13.08291215196367 907.7031697506179 40.08781323110312 0.3553523180529985
1.3066093688306382 13.08451220526479 807.7150462544815 41.918765450948044 0.3609572431276868
1.3336407502041412 13.085233192668507 719.3788466460346 43.835183180961835 0.3667032399844938
1.3606446628152804 13.085041320210804 641.3379286237914 45.84200063435481 0.3725994450427097
1.3875708922279 13.083792210137805 572.4550452431929 47.94442094291726 0.37865511276074576
1.414423084023047 13.081512353291057 511.40079127989213 50.14704516672265 0.3848751233708423
1.4411506211204825 13.07809156520976 457.3992229887263 52.45537652634189 0.3912679402336267
1.4677347934918477 13.07348887453382 409.4846631533835 54.87567974557407 0.39784449301607683
1.4941407550633188 13.067638118212344 366.9554770467436 57.41413529681882 0.40461382698508247
1.520349870510733 13.06051028469686 329.2331331326284 60.07736092048076 0.4115856962011767
1.5463308590589864 13.052040755515335 295.64173504016634 62.87245098028316 0.41877062185708996
1.5720454814896372 13.042178642825366 265.7816673767211 65.8070195852972 0.4261799553759754
1.5974676561607422 13.030871062880607 239.20206264013683 68.88924786088953 0.43382594682641534
1.6225545507806154 13.018071255449593 215.50058672302492 72.1279357982905 0.44172181927952286
1.6473070154002463 13.00375334249464 194.33840663234875 75.53255916635177 0.4498818498090236
1.67165586859568 12.987843784007325 175.44676151934502 79.1132522799416 0.4583211248452069
1.6955946235879857 12.970318579847921 158.55430121507834 82.87977074273542 0.4670511259796469
1.7190591220920675 12.951097961639903 143.46638989508108 86.84503573755059 0.47609423964908226
1.742065342661539 12.930221726932729 129.94983213775177 91.02085053302694 0.4854657544012799
1.7645502803350466 12.907606719981775 117.8195003667402 95.42079642234884 0.49518561860862675
1.7864770988476106 12.883190676669338 106.9556939180501 100.05902010900186 0.5052732970867339
1.8078180244509297 12.856964300700444 97.20825493008655 104.95177101745475 0.5157534666211505
1.828544214457893 12.82888234220264 88.44543715192458 110.11538230557265 0.5266479598176146
1.8486213751215388 12.798925324972341 80.56837309005932 115.5676958718479 0.5379810266220693
1.8680112101765298 12.767053301748042 73.47516974294591 121.32891975230163 0.549782065661034
1.8866880271976556 12.733240920348894 67.09207124207506 127.42033337165832 0.5620804352047962
1.9046179591719543 12.697457328260743 61.33197825928445 133.86465128268247 0.5749064937090679
1.9217527597168722 12.659632021698776 56.14519405377952 140.68687252092622 0.5882942151870517
1.9380989650762124 12.619858589024293 51.45818995936574 147.9149371879391 0.6022829226670935
1.9535944259001148 12.578020500208027 47.22320891420952 155.57765310139536 0.6169095576788982
1.9682266254187706 12.534138558978654 43.39158591573588 163.70804830930754 0.6322197253063486
1.981955139292357 12.48818804797363 39.928128166353574 172.34005599730526 0.6482556880247624
1.9947541965782312 12.440146631015507 36.791078660335764 181.51302549409453 0.6650709717248248
2.006600513698165 12.3900194436687 33.947127908202475 191.26870249622982 0.6827193104121748
2.017467279711286 12.337803887862282 31.367431371803097 201.65302054056744 0.7012598059071448
2.0273188752880884 12.283466751643457 29.026891841873773 212.71624408309302 0.7207563871349831
2.0361434540573082 12.227045018675435 26.901851703657847 224.51289275512337 0.7412764584454716
2.0439048181235413 12.16849913878627 24.971298795891343 237.10485530991463 0.7628998055804878
2.050582525251771 12.107843006346865 23.214911926722767 250.55804254482192 0.7857062177189202
2.0561676452294133 12.045121307133888 21.61833700108564 264.94605125220426 0.8097858234959583
2.060639809032658 11.980343963829215 20.165070429309313 280.35051663235106 0.8352383707393836
2.0639720166767668 11.91351070102699 18.84294885648463 296.86042823088223 0.8621688644761761
2.066146475844356 11.84464699530605 17.638295991973084 314.57590914644044 0.8906974650011938
2.067161446529543 11.773809896062147 16.542031197421835 333.6067562975518 0.9209519063905491
