M[M_sun], R[km], Lambda[1], P_c[MeV/fm^3], rho_c[fm^-3]
0.24162668629717493 15.618656898711224 2160425.4255784233 3.5677272577965504 0.1711233750220791
0.253645541253158 15.277246784626925 1723146.4801780125 3.7848440488071295 0.1738884777208868
0.2660423193269082 14.981219950504792 1382939.64541638 4.0114528702308485 0.1766672820885638
0.2788193193225046 14.72342185130052 1116330.0718671111 4.247809054658861 0.17945845184131873
0.29197484201730217 14.49831878575461 905779.0495609076 4.494538114770183 0.18226855919038984
0.30551187476169184 14.301160344384314 738602.5852191589 4.751796784952313 0.1850933325064748
0.31942988471365175 14.128032431595653 605025.5487404872 5.020265557524682 0.18793935111016835
0.3337321551713049 13.975832785861497 497620.81117564766 5.300170912086175 0.190803285350045
0.34841303528411977 13.841923344464206 410951.84795242955 5.592238749591984 0.1936913767245892
0.36347832546514275 13.723858497200725 340611.2969435607 5.896639804391724 0.19659875189642148
0.37893246124307733 13.619912492782987 283253.83354731224 6.21423678882165 0.19953306259981582
0.39476760551254014 13.528378085318481 236363.16132293618 6.545284007517247 0.20249043159389568
0.4109942222181244 13.447777257163935 197819.69368813472 6.890490157923314 0.20547467618471632
0.4276040588211472 13.376997975127207 166041.00955698313 7.2505577042154306 0.20848882044456699
0.444602236842759 13.314841905627668 139769.28908275886 7.625741282370062 0.21152834117046426
0.46198353156776656 13.260485435244808 117946.23604825554 8.01699864313449 0.21459953474629131
0.4797538019010391 13.213072478545147 99796.86330917227 8.425031029337596 0.21770398480212005
0.4979129124543221 13.171912796447515 84619.90823405777 8.850273570936883 0.22083907544628156
0.5164537006142611 13.136337660069293 71920.00584299458 9.293611138280605 0.22400837691467446
0.5353745970378956 13.105790563889382 61258.483395269104 9.755923499618211 0.22721473120217875
0.5546840231924008 13.079752555427634 52287.67823051005 10.23801744511285 0.23045944943426494
0.5743686973332576 13.057801857150142 44715.96782787077 10.740365124320952 0.23373924052036563
0.5944286739605855 13.039490320109259 38316.438939752654 11.264218867273712 0.2370603841019314
0.614871859612231 13.024454074659735 32613.07577807301 11.810511840390975 0.2404244337573024
0.6356761869720625 13.012407378220033 28281.600308646997 12.38022349395393 0.24383302323561543
0.6568491939267896 13.002995256437844 24361.059484732556 12.974031502352917 0.24728397345652497
0.6783833723276185 12.995966015748477 21019.438585345983 13.593285600329638 0.25078232456170907
0.7002753543132572 12.991044494294867 18165.330066936607 14.239173196512953 0.254330591002431
0.7225118154611454 12.988001543428643 15722.448809420204 14.912884559593762 0.2579307585095297
0.7451031493084302 12.986640884580451 13627.85790917849 15.615433329776256 0.2615825603614516
0.7680270924098804 12.986757032148965 11831.228262700584 16.34811823309545 0.26528821403464814
0.7912755696632171 12.988151590698983 10285.702944310604 17.112540608649187 0.2690522546841834
0.8148520742836529 12.990683483303048 8952.241415622653 17.910156267151272 0.27287711639540824
0.8387390156629632 12.99413994534342 7804.315930496619 18.74230692884216 0.27676366574399874
0.8629213255338154 12.998417998921672 6811.036077132537 19.610384998141534 0.2807128088560358
0.8874061927666904 13.003383635270543 5952.613600572806 20.516454445895736 0.2847307005218733
0.912166167072384 13.008863341495077 5208.603970181816 21.462310409999056 0.2888203560959647
0.9371898028628443 13.014761818508436 4562.925688880247 22.44940685999202 0.2929814511091078
0.9624753984791754 13.020976389446036 4002.4960323478563 23.479830701817225 0.29721827433321774
0.9880001540564199 13.02735272946885 3514.772911969088 24.555976266275838 0.3015366896164429
1.0137462925704466 13.033815211215684 3090.621520443607 25.679749951183013 0.305938057665178
1.0397128722277647 13.040272461108062 2720.034736892378 26.85318646874347 0.3104241778972093
1.0658686374087518 13.046593626356527 2396.9562531464135 28.079349209242014 0.31500352503698
1.092203269078645 13.052732662513336 2114.660520231356 29.360249938538313 0.3196762425569471
1.1187043444219482 13.05856085665194 1867.3823360019258 30.698733098523526 0.3244476182112472
1.1453381839927474 13.064015055849707 1651.028473351589 32.09810906894901 0.32932510093873096
1.172105059526552 13.069028808721551 1461.2527597281646 33.560415300485296 0.3343070101750004
1.1989632646679496 13.073480764102602 1294.669376766514 35.09015063898549 0.33940661367599373
1.225913128236437 13.077346169798725 1148.4309425661324 36.689283368723906 0.3446203324947815
1.2529112046144963 13.0805051539282 1019.5672125826852 38.36292070130699 0.34996294014929036
1.2799557582233174 13.082949295387479 906.1659987866002 40.11336520761054 0.3554313673319487
1.3070087708978853 13.084546004521208 806.2881236904374 41.94597293986763 0.3610394954886072
1.3340422300442023 13.08523859468778 718.1376405903796 43.86435120077977 0.3667899424239817
1.3610520277466434 13.08503080221925 640.2483190496112 45.87306807211022 0.37268978493151
1.3879926490121375 13.083780456395761 571.4336715527638 47.97752048688734 0.3787493247476499
1.4148367313984869 13.081454981211063 510.5010875184634 50.18253973535821 0.38497458306374144
1.4415698950125189 13.078010268572037 456.58715884380376 52.493209776785285 0.39137181616445027
1.4681650251778853 13.073408886775338 408.75832959787294 54.91601918615376 0.3979530795352272
1.4945759788135078 13.067532526164822 366.29986771520856 57.45716200361361 0.4047274411966518
1.5207891843161634 13.06037769310163 328.6412495686001 60.12327075201424 0.4117046798314025
1.546773521432786 13.051883129976629 295.10428696314636 62.92145591341498 0.4188953433079754
1.572491574558421 13.041993139137059 265.28844827973785 65.85934918580857 0.42631081198394283
1.5979042907326797 13.030652007882297 238.7566463930671 68.9451509039 0.43396336734819324
1.6230130146337618 13.017836885979001 215.08367571041742 72.18768205550508 0.4418662666301139
1.6477545557061601 13.003476071842906 193.95545402676544 75.59644137924529 0.45003382407959647
1.6721033967460337 12.987532129713482 175.1203940056673 79.18125480437142 0.4584797739567022
1.696040721594905 12.969968249573315 158.25397315145068 82.95255698676385 0.46721838855643627
1.7195203324486688 12.950746173437285 143.18442093738926 86.92298034913212 0.4762707458448359
1.7425020161163811 12.929798604547393 129.6931941941568 91.1039859573895 0.4856507001194369
1.7649836091547262 12.907133650892819 117.59490739748601 95.50992345183516 0.49538118321241836
1.7868938983708136 12.882654210527475 106.75159609845116 100.15421634655291 0.5054787264373972
1.8082452990707254 12.856413318555903 97.02121514202526 105.05353005705255 0.5159695521550318
1.8289487902274153 12.828259738694323 88.26907630712587 110.22442012595867 0.5268762186108752
1.8490300000914133 12.798281076097899 80.41507660003613 115.68468973144212 0.5382226955645136
1.868401210400549 12.766329600559041 73.33353001039228 121.4542600879193 0.5500372126522429
1.8870769667041798 12.732495800272423 66.96070522390721 127.5545734806218 0.5623496187093247
1.9049983544348528 12.696662106821263 61.21591807168909 134.00836784693942 0.5751902348305082
1.9221360723164223 12.658828031498741 56.03590448348504 140.84123429525656 0.5885949706242632
1.938446056009157 12.618921853201698 51.35678630226051 148.08086846101344 0.6026020997264476
1.953938166713427 12.577060414624263 47.13359074639398 155.75562259097546 0.6172468276766495
1.968548158489757 12.533113472989584 43.311254969856186 163.8993384902586 0.6325773665711815
1.982259977822333 12.487095196319407 39.85368848698781 172.54601787216035 0.6486359741072768
1.9950417610571396 12.438993902178074 36.72052375437482 181.73460972394736 0.665474590471941
2.0068740395809224 12.388817738557224 33.88082101937289 191.50734784868843 0.6831483260244102
2.017714055629166 12.336525314314434 31.306498771741573 201.91031413324467 0.7017164766542268
2.0275455637584714 12.282125297091 28.973744318283053 212.99328985968967 0.7212410621460167
2.0363471967601425 12.225634710002296 26.852758042363558 224.81225467765276 0.7417939126553603
2.044084080855239 12.16702109571864 24.92587844590419 237.4279916383262 0.7634507827042383
2.0507359056516044 12.106291750912522 23.17310099905984 250.90766091695207 0.7862950800695648
2.0563010590582977 12.043522984053109 21.580172608154182 265.3246120337263 0.8104156089706395
2.0607398479813077 11.978652480651077 20.130163898988098 280.7601963615453 0.8359106027615083
2.064036643183667 11.911734353560865 18.809821833039884 297.30472322335896 0.8628887019732605
2.066185714880101 11.842808647620489 17.609367280727586 315.05854779049076 0.8914700745426031
2.0671727284856596 11.771901484207127 16.51391907117095 334.1309214386508 0.9217797833608989
