M[M_sun], R[km], Lambda[1], P_c[MeV/fm^3], rho_c[fm^-3]
0.24162668629717493 15.618656898711224 2160425.4255784233 3.5677272577965504 0.1711233750220791
0.2536362213215448 15.277462933322177 1723412.8924897008 3.7846761282132495 0.17388638467169168
0.2660224990522399 14.981674127465075 1383445.3496328236 4.011099875113988 0.1766630163509
0.27879009987433057 14.723970386491729 1116809.0404742747 4.2472590503490695 0.17945207262016397
0.2919347923913069 14.498964673991088 906346.262755754 4.493776676705774 0.1822600804008221
0.3054604758114429 14.301798262198073 739158.2594449278 4.750798068035112 0.18508254445768918
0.31936643366809864 14.128746909235733 605535.1986607722 5.019022213360266 0.18792645093457577
0.3336526469921351 13.976650378532495 498133.42579812073 5.298650217787594 0.19078797448174642
0.3483228952801738 13.842635854973091 411396.5146352827 5.590436917007626 0.19367394349866845
0.3633736868604219 13.72466641976286 341003.2039864998 5.894516365941683 0.19657880811313122
0.37881432220333633 13.620671744167517 279725.6545046851 6.2117660605865614 0.19951053253326226
0.394634149044786 13.52906312893675 236710.3060272864 6.5424685633466755 0.20246574395199854
0.4108448286249381 13.44846446559638 198154.72752970867 6.88727566323232 0.20544730019901747
0.4274391131554808 13.377607604895324 166333.726074134 7.246914009973866 0.20845867709590535
0.4444193346788359 13.315483497184845 140025.00431156802 7.62167846728634 0.2114959985500163
0.46178496248542467 13.261076207362521 118170.71382506732 8.012445865118089 0.2145643153275715
0.4795348107432707 13.213616556741787 99986.79977264996 8.419952805082072 0.2176658036549458
0.4976754872971143 13.172417311104292 84798.98285397557 8.844688631134503 0.22079863809585115
0.5161949650053704 13.136788529348307 72081.96695162787 9.287429131742854 0.2239648552032455
0.5350986970740587 13.106187236774685 61401.89490575502 9.749102533094971 0.2271680312548127
0.5543880621233052 13.08013022792042 52407.864920192915 10.23051621943529 0.23040951365242887
0.5740501172369616 13.058108787808822 44826.543961640964 10.732209971773432 0.23368688191486045
0.5940942602356817 13.039768869435717 38413.0152328159 11.255290328949565 0.2370045984329086
0.6145070999726769 13.024735797664729 32975.8885163942 11.800757199584655 0.24036510926594115
0.635290340000467 13.012616705939553 28362.284809521283 12.3695867463257 0.24377004226363042
0.6564395752182075 13.00315030600101 24431.03209451376 12.962561491622523 0.2472184155786893
0.6779551538668465 12.996081055543105 21081.580007025757 13.580819512626274 0.2507129167252415
0.6998234975088635 12.991122313023558 18219.21980319774 14.22564422806991 0.254257195688346
0.7220315234694631 12.988076817064748 15770.874107377078 14.898221615933805 0.25785322999916105
0.7446025963952148 12.986660461290887 13671.097588334727 15.59970376365512 0.2615021612532739
0.7675011963692924 12.986746521746303 11869.271024657543 16.33110912195104 0.26520342788162565
0.7907249885331532 12.988096380616142 10318.336774504305 17.094166636118178 0.26896290827771424
0.8142770619226263 12.990602570251319 8982.934024973567 17.89032646253233 0.27278302539039034
0.8381387287212572 12.994041520924753 7831.295031926301 18.72110922594424 0.27666627326716886
0.8622959383082469 12.998300161903245 6835.194258236542 19.587543899189022 0.28061033525016316
0.8867476787632728 13.00322430553315 5973.875659923171 20.491860081910556 0.2846229242054738
0.9114850856135118 13.008718383568302 5227.629101674466 21.43584539115896 0.2887070405492165
0.9364829710994454 13.014594762263583 4580.374946631358 22.421181398079398 0.29286421860946377
0.9617389546851068 13.020789293430884 4017.5481209716345 23.449490759274283 0.2970950548116756
0.9872408372341183 13.027180996927946 3528.2120822475104 24.523379122701826 0.301407196639614
1.0129611449768752 13.033628723665466 3102.4825829965916 25.64502174323296 0.30580403482242347
1.0389016421285213 13.040071726547596 2730.812495478641 26.81590285532462 0.31028332711935624
1.065033604343987 13.046407813796057 2406.4826765925964 28.039335776252834 0.31485549794917883
1.091338832143584 13.05253300223606 2123.3003178745685 29.317648446420115 0.31952290334277106
1.1178168466428349 13.058374480836601 1875.2184456008602 30.653035205565132 0.3242864159326868
1.1444309813467248 13.063849824310454 1658.0134969202172 32.0492556202081 0.32915661348053654
1.1711677736029453 13.068862206933243 1467.4709876456473 33.50825249995207 0.33413121615899366
1.198002018356716 13.073328904552337 1300.3302749676943 35.03422421052955 0.33922168013877896
1.2249297788795885 13.077222041174272 1153.4155481497708 36.62975553253517 0.34442830490994764
1.251911494175041 13.080419763436698 1024.0799140084107 38.2991751339435 0.3497611920829443
1.2789278813238303 13.082867491657256 910.2438942229267 40.04543184600493 0.3552212042062107
1.3059543932959286 13.084484123584145 809.9372083599789 41.87363931064807 0.3608208199689797
1.3329737811001838 13.085227875377393 721.4152826027722 43.78680683674945 0.3665594404710917
1.3599673101807563 13.085058360640813 643.2347133667603 45.79047536842378 0.37244961656856057
1.3868838231654161 13.083846621946428 574.0863717809651 47.88952688798811 0.3784988665602309
1.413717322308933 13.08156794678318 512.9127299141858 50.08818100697637 0.3847101795082687
1.4404432549617503 13.078198350988814 458.7436209432124 52.39263562479898 0.3910956772249743
1.4670136385159216 13.073616406374715 410.72393628070137 54.808784572760906 0.3976644232416983
1.4934173706695222 13.0678155127195 368.069090741709 57.34278585678829 0.40442542515331686
1.5196201936152305 13.060737300045119 330.2045286434086 60.00123274070228 0.41138839625713475
1.545595896357437 13.052301205676 296.5449918142398 62.79119290109859 0.41856381358526146
1.571306840692444 13.042483625622486 266.62919988998704 65.72025132663799 0.42596298066383487
1.5967247607812374 13.031224681022874 239.92220467156872 68.79655734123514 0.43359809555233747
1.6218123157633284 13.018468193066385 216.14436176454066 72.0288761777793 0.44148232478395966
1.6465508816345455 13.004205677122176 194.93940037818172 75.4266455824692 0.4496298839029405
1.6709170487475544 12.988358656741395 176.00368083991924 79.00003799042328 0.45805612537821344
1.6948478853543216 12.970889256163044 159.06891149946958 82.75910224397067 0.4667738301209292
1.718338356502597 12.951766662229867 143.9136808889746 86.71582001185719 0.47580162960573336
1.741338752528604 12.930941424743098 130.35519462525815 90.8830337673603 0.48515916282619953
1.7638234688955312 12.908376038352664 118.20161162254104 95.2730526282551 0.4948614357347989
1.7857578102257663 12.884028494304845 107.29726840577617 99.9012206924489 0.5049327727917464
1.8070972598574404 12.857848128617956 97.52196821891906 104.78307493785911 0.515395200861232
1.8278461263267374 12.829873619274759 88.72865410313098 109.93423290244654 0.5262680608194782
1.8479252463034457 12.799966888810815 80.82766415405689 115.37378554105766 0.5375804747919675
1.8673424309875652 12.768205138260125 73.70770092788975 121.12118335907319 0.5493591904913162
1.886036589874002 12.734477717759836 67.30628792442134 127.19760606652939 0.5616334232805749
1.903973330319911 12.698747535301088 61.53278436521936 133.62613820359874 0.5744350691003602
1.9211455684926058 12.661062654767894 56.326590219875506 140.4310658150803 0.5877958064456901
1.9375081638097988 12.621366694728891 51.62154277226848 147.6399692685129 0.6017540081935703
1.9530265346400209 12.579604015655336 47.37438416932037 155.28274793223844 0.6163506828629222
1.967690250953805 12.535855789486755 43.53249498662063 163.39049572925057 0.6316251290492142
1.98144623678095 12.489995294958941 40.055981769618626 171.9987956905619 0.6476255881809909
1.9942897311506234 12.442092829664032 36.90645410836339 181.1458964086957 0.6644022410052377
2.006152331786141 12.392031652386208 34.05353554113772 190.87332385811513 0.6820085334925824
2.0170465840966703 12.339907721724202 31.465025993922225 201.22676628905987 0.7005032466572336
2.026936956369893 12.285686234861956 29.117839980782865 212.25653592756842 0.7199510066609424
2.0357974454867747 12.229370314656267 26.984575415369708 224.01699197002014 0.7404192821326974
2.043605562825571 12.17095505113704 25.04647398157843 236.5690318926524 0.7619852976269837
2.0503259523636723 12.110417783605127 23.285307826057004 249.97840698378488 0.7847290831831973
2.0559502949340396 12.047799184386603 21.683438164150758 264.3188854602646 0.8087421831806062
2.0604655883201124 11.983135222791322 20.224977922052794 279.67105863056537 0.834121915055417
2.063845149667242 11.916424155872523 18.897163465930607 296.12438194416626 0.860975915029449
2.0657231908225224 11.84884091576759 17.726216955234747 314.01572129643904 1.0607137767437922
