M[M_sun], R[km], Lambda[1], P_c[MeV/fm^3], rho_c[fm^-3]
0.24162668629717493 15.618656898711224 2160425.4255784233 3.5677272577965504 0.1711233750220791
0.25364380236497497 15.277270349750077 1723190.499030075 3.784817332543607 0.17388814471555036
0.2660396851094668 14.981256847617658 1383008.5319857989 4.011396707017306 0.1766666033892734
0.27881457733143894 14.723515707607005 1116447.091496583 4.247721544102099 0.1794574368507359
0.291968219818536 14.498443311293185 905894.0582972649 4.494416960212074 0.18226721010626679
0.3055071692708967 14.301134259969214 738642.9966571507 4.751637872272114 0.18509161594623927
0.31941942708853427 14.128177140818249 605063.6040095075 5.020067715804153 0.18793729842595797
0.33371849000051157 13.975939009800758 497671.9475290688 5.299928932275229 0.19080084901486588
0.348398688883341 13.842046170040552 411017.24763780186 5.591952027191397 0.1936886026064889
0.36345982729049164 13.724026459203781 340654.46399055835 5.896301897292902 0.19659557820144058
0.3789142045121103 13.620012185199718 283323.14092586184 6.213843607398652 0.19952947725865933
0.39474584753403996 13.528476335136263 236403.52694507138 6.544835959659124 0.20248650281946295
0.4109704996423273 13.447924057794987 197874.25579122416 6.8899785934600395 0.2054703194870774
0.427578442487842 13.377066944954489 166083.84488407194 7.249977822133454 0.20848402322871384
0.44457284822430565 13.314938419016872 139808.92581743325 7.625094685095368 0.211523193840397
0.4619534780235323 13.260603771006387 117988.63719446049 8.016274051641794 0.21459392944528824
0.47971860329109645 13.213160589697457 99816.62538787592 8.424222792712234 0.2176979079925914
0.49787513602569 13.172000573555815 84647.02003476972 8.849384669019003 0.22083263941659753
0.5164126493345395 13.136416039504986 71943.47163933597 9.292627184789078 0.22400144982075174
0.5353308892424262 13.10585700337121 61280.936650717675 9.754837822304895 0.2272072980806093
0.554637299543806 13.079832113400599 52304.950415011415 10.236826104957967 0.2304515350285156
0.5743189895132313 13.057852220979628 44733.19281477663 10.739067033810791 0.23373090637719227
0.5943753205097918 13.039555444289034 38330.68009898943 11.262797642162155 0.23705150426171545
0.6148110723229189 13.024526291834968 32904.411657607976 11.80895908374987 0.24041499040620723
0.6356153758971498 13.012462155390443 28297.702366190315 12.378530284949115 0.24382299761945678
0.6567839747093259 13.003023888782094 24372.10521901903 12.972205616534593 0.24727353744192715
0.6783164206236998 12.995975674116387 21029.582338381108 13.591301107535042 0.2507712754375062
0.7002034572673839 12.991053092545828 18173.599230072057 14.237019454908745 0.2543189068491148
0.7224373116402222 12.987996807944114 15731.140050955162 14.910550243534288 0.2579184161005961
0.7450235799073154 12.986656062675626 13635.249699259684 15.612929163512561 0.2615697607245907
0.7679440280999047 12.986751315798209 11837.332614983297 16.345410301959742 0.2652747156771092
0.7911874760558832 12.988130336104458 10289.558536804077 17.109615320388553 0.2690380299979577
0.8147619997820209 12.99066722527522 8957.369122652126 17.906999128292085 0.27286213599726766
0.8386436843517264 12.994133395839453 7808.500047001301 18.738931943193748 0.2767481594312088
0.8628234624989396 12.998394181396467 6815.305002269465 19.606748278542085 0.28069649318875206
0.8872940745794111 13.003365572489855 5955.758143492369 20.512538486664333 0.2847135401813422
0.912058279914589 13.00884247521207 5211.740184427491 21.45809650661293 0.28880231338195683
0.9370773421235444 13.01473395796247 4565.630233545097 22.444912567077015 0.2929627843750012
0.9623546894358918 13.020931308542115 4005.024950880593 23.474999613558648 0.2971986538483435
0.987880410185245 13.027328743568793 3516.9158854047073 24.550785640246513 0.3015160697233343
1.0136207887340318 13.033784632763975 3092.096534935851 25.674219880972398 0.30591671605920384
1.0395849725871262 13.040239186681406 2721.7269140919057 26.84724934108423 0.31040174849800856
1.0657346859233148 13.046565429108798 2398.612132997539 28.072977229018527 0.314979952311384
1.0920658314553657 13.052703221844785 2115.8554448784425 29.353465690909825 0.3196518234310338
1.1185628779883836 13.05853046344118 1868.8147274223866 30.691455577699116 0.32442194628496746
1.1451931653081509 13.06398590115443 1652.230574790664 32.09036202918942 0.32929848287316976
1.1719561112450518 13.069003151041066 1462.265709953565 33.55210785988518 0.33427901324364506
1.1988111773220578 13.073456648070946 1295.5604198440158 35.08124358309481 0.33937716045687155
1.2257562476617652 13.077325547628348 1149.205134801242 36.67980254743358 0.3445897488328985
1.2527499080484843 13.080490434295953 1020.2836373106334 38.3528251863795 0.3499311436878007
1.2797919531251325 13.082937726486618 906.8027056898165 40.102545163979904 0.3553978937316985
1.306835357825773 13.08452147961263 806.8666803877596 41.934451802884915 0.36100466534606385
1.3338712538113382 13.085240959611962 718.6558549776954 43.85199978390084 0.36675322762533513
1.3608811727792678 13.085033302769718 640.7056801674329 45.859912258286705 0.37265152961199344
1.3878097414001946 13.083776146297216 571.8786230495776 47.96350407711083 0.37870942952083037
1.414666020185792 13.081487442085155 510.8669150513917 50.1675090159216 0.3849324653314605
1.4413889861130977 13.078035697567325 456.93412824363674 52.47718861113299 0.3913278280461811
1.467983625269199 13.073442401838344 409.06933019066173 54.89893662557707 0.39790709635438626
1.494391652665997 13.067577286576888 366.5726828164974 57.43894135203389 0.404679328637785
1.5206037850294523 13.060433114803248 328.885451997953 60.10382905136148 0.41165429314854696
1.5465862554566059 13.05195113406613 295.3281115400609 62.900703377652874 0.41884252645456105
1.5723023038529267 13.042074388736348 265.4988838344755 65.8371885778859 0.4262553966558127
1.5977265364951314 13.030748015132431 238.94673353113635 68.92147684921359 0.43390517193033384
1.6228135060994342 13.017929054600428 215.2679289024327 72.16238028467066 0.4418050950365668
1.6475653187447 13.003593469963086 194.1255115876858 75.5693878920779 0.44996946447474734
1.6719145714111063 12.987661320716647 175.2598728503688 79.15245623116296 0.4584125872148839
1.6958526867857096 12.97011871783503 158.3885266614023 82.92173231307149 0.46714755354606724
1.7193322390781338 12.950910728167825 143.29989065184438 86.88997087554993 0.47619599562814224
1.7423181432917576 12.929972475155125 129.79538239703518 91.06877794480211 0.48557237525103353
1.7647980697138383 12.90732943920617 117.69566476249281 95.47217767919783 0.49529836055903054
1.7867255751360016 12.88289649459184 106.83404901802383 100.1138999460111 0.5053917253941055
1.8080646372018117 12.856646050540105 97.10107967778853 105.0104339393366 0.515878037458729
1.828775731684879 12.828515822278115 88.3433472870071 110.17831622362705 0.5267798276150957
1.8488563017336759 12.798556891976656 80.47511161770841 115.63514067565404 0.5381203443133201
1.8682430162570327 12.766653065989203 73.39193277149874 121.40117571789263 0.54992915232812
1.8869140480313 12.732808746766183 67.0176742733247 127.49780605576308 0.5622359222636292
1.904837526884609 12.696999312126824 61.266435558792 133.9474997775748 0.5750700623622147
1.921980817580955 12.659187855963978 56.082860534665414 140.77585709429295 0.5884675909750932
1.938296411882187 12.619305646012425 51.39963192898291 148.01059055854776 0.6024669166845112
1.9537944665846356 12.577469464689052 47.1689256830482 155.68024543006413 0.6171039804113624
1.9684127116847334 12.53354729161865 43.34539447773375 163.8184052203388 0.632426182550369
1.9821294748726195 12.487555180065014 39.88542819862966 172.4587831722335 0.6484749047719067
1.9949204273517107 12.439486803877317 36.75109088127044 181.64075731989328 0.6653036370166192
2.0067595122160604 12.38933229556904 33.90709721026993 191.40626817988 0.6829666138915249
2.0176089031888367 12.3370675739797 31.33128929818482 201.80133477712045 0.7015230490470333
2.0274476616572428 12.282688735120614 28.99465194577898 212.87594312172763 0.7210357710485845
2.036260936893435 12.226231427680677 26.873361152804314 224.685454218523 0.7415747350430637
2.0440089062853857 12.167644716597424 24.94533603392026 237.29111962874867 0.7632174033546316
2.0506717414478053 12.106948131799886 23.19111991222249 250.7597283269441 0.7860461658666976
2.0562480006972716 12.044209821676946 21.597075848096168 265.1643184118727 0.8101490327307013
2.0606987771616145 11.97936891818684 20.14513952737033 280.58672915143103 0.8356260761627814
2.064006069629592 11.912480281673762 18.82339885433975 297.11652278344445 0.8625837835386344
2.0661701220629465 11.843590920073359 17.621127802705875 314.854102591593 0.8911427979904436
2.0671690641238545 11.772707760524767 16.52571366691997 333.90888283569325 0.921429091123846
