M[M_sun], R[km], Lambda[1], P_c[MeV/fm^3], rho_c[fm^-3]
0.24162668629717493 15.618656898711224 2160425.4255784233 3.5677272577965504 0.1711233750220791
0.253633199106647 15.277545874296335 1723507.6928020846 3.7846264973528276 0.17388576604695924
0.26601739777973044 14.98176714325416 1383501.8972549373 4.0109955476067585 0.17666175561454503
0.27878051428242834 14.7241520103156 1117038.5822487294 4.247096503288844 0.17945018731921855
0.2919232805004453 14.499116695238602 906538.4465143862 4.493551651618298 0.18225757469424744
0.30544556754411145 14.302014077040093 739309.8850428393 4.7505029322588985 0.18507935642803097
0.3193466810850087 14.128997780166062 605680.2634098365 5.018654800098574 0.1879226388801772
0.3336320188993634 13.976802013372934 498263.65048540913 5.298200863483561 0.19078345022951845
0.3482958289349803 13.842867417917423 411541.01407622074 5.589904507184947 0.19366879228717315
0.36334289291076205 13.72485469400532 341141.5874857267 5.893888950508528 0.19657291529460777
0.3787791144897117 13.620864655545628 283767.3773805303 6.211036057804504 0.19950387578687045
0.39459414531410736 13.529310174035459 236826.35673295916 6.541636738556438 0.2024584499723284
0.4108012608087629 13.448661312783287 198227.49703661804 6.886325972974416 0.20543921223825912
0.42738906253632714 13.377826697395115 166413.07740119324 7.245837555613854 0.2084497718648566
0.44436463926102915 13.315662479958785 140104.39724399245 7.620478230853105 0.21148644389625826
0.46172525839867506 13.261255498350055 118242.57675289753 8.01110093132335 0.21455391117733694
0.4794711232540722 13.213781531749428 100049.67252382165 8.418452702157136 0.21765452497805574
0.49760573375713607 13.17256172619656 84852.90123809133 8.84303889578703 0.22078669330705777
0.5161201398909334 13.136919111951116 72131.73926333577 9.285603092117634 0.22395199977044367
0.5350161503879417 13.106321485437023 61442.56936886824 9.747087827200806 0.22715423751181524
0.5543010641320174 13.080232114352642 52449.48461441755 10.228299734959846 0.23039475273047583
0.5739580605501091 13.058196664718896 44859.41935115905 10.729801342122776 0.23367141776640316
0.5939936940086913 13.039857406357507 38443.48570120694 11.252653369308204 0.23698812266135016
0.6144019069322547 13.024789215702585 33003.33382956927 11.797876356573457 0.24034758893385264
0.635177706683315 13.012653879790077 28382.444565758786 12.366445497272792 0.24375144269489815
0.6563187582570414 13.003194711599837 24450.487385594788 12.959174260012816 0.2471990555518079
0.6778290542926558 12.996116358397533 21098.975971063617 13.577138252388337 0.2506924204545053
0.6996900135638136 12.991149820086964 18235.46022729926 14.221649232650812 0.2542355226432216
0.7218952286761962 12.988054892369092 15784.903759330293 14.893891913920767 0.25783033723252463
0.7444550060908938 12.986671665016187 13683.53830843159 15.595059237931165 0.26147842151860873
0.7673462640994019 12.98673899879601 11880.216677927412 16.326086951070085 0.26517839361938805
0.7905622694388981 12.98808574327692 10328.026305817666 17.088741656361574 0.2689365284382102
0.8141027285059825 12.99056274403392 8992.225073788572 17.884471843583803 0.2727552456421049
0.8379592584352192 12.994014402445709 7838.976922990914 18.714803657912537 0.2766371005552715
0.8621133706548088 12.998282238232772 6842.313607588875 19.580800635965122 0.28058008248083105
0.8865534076280963 13.003185188056992 5980.2040768974275 20.484599462078425 0.28459110704359253
0.9112843048407417 13.008664589092906 5233.36034594137 21.4280327980761 0.28867358928806097
0.936279190102629 13.014547028174501 4585.020764753579 22.412849349289043 0.2928296120223378
0.961521918450196 13.020723482598543 4021.936811795082 23.440534838538813 0.2970586821565055
0.987017707920268 13.027108405732802 3532.2116494721377 24.513757248904785 0.30136897350273634
1.0127295649244041 13.033567094110373 3105.967307906485 25.63473893145453 0.30576423901377336
1.0386566134182518 13.040005932511262 2719.8378822333675 26.80489836165554 0.31024175412384863
1.064786796686152 13.04634726670243 2409.527105063961 28.027525987211245 0.3148118084042242
1.0910836469861642 13.052481175073115 2125.492958022554 29.30507517232576 0.31947764727606104
1.1175550010169693 13.058317817209717 1877.4535412758862 30.639548566942103 0.32423884094103167
1.1441615890779477 13.06379435060796 1660.076681130977 32.03479245744223 0.32910659423738337
1.1708920466582273 13.068815950596615 1469.323189178904 33.492858940147414 0.3340793382753095
1.1977188528753608 13.073283273966071 1301.9151953357557 35.01772061067701 0.33916710720820265
1.2246394298049776 13.07717685190528 1154.7527307033795 36.61218972271027 0.3443716403265814
1.2516137140064492 13.080385687936587 1025.3728432208088 38.28034535310918 0.3497015434651596
1.2786254526018552 13.082845969824936 911.4205945733056 40.02538711208129 0.3551591924959639
1.3056453598426077 13.084464040373678 810.9816736667282 41.85229690846227 0.36075629865381226
1.33266709075505 13.0852532322969 722.3692984421807 43.76392791124741 0.3664914324723907
1.3596460055915385 13.085067904363354 644.1277449697606 45.76610778646817 0.37237875895031947
1.3865570800712528 13.08386076490327 574.8592016880721 47.863536588859056 0.3784248178466053
1.4133855494409628 13.081598294170783 513.6228034484038 50.06034419744705 0.38463217770028774
1.4401079097941338 13.078249886456335 459.3909725735693 52.362966257927354 0.3910142162596959
1.4666745368091654 13.073683290242798 411.29221295986486 54.77715152079483 0.39757927275488597
1.4930735918466198 13.067904002619219 368.5904413557235 57.3090473824888 0.40433633699290134
1.5192690348369011 13.060823770984179 330.6833747313351 59.965235548648465 0.41129510302460837
1.5452469370159436 13.052423985436109 296.96823447377295 62.75277109445018 0.4184660270326722
1.5709559619695306 13.042627034445985 266.98208655278245 65.67922525883996 0.42586038993090686
1.5963726224558772 13.031392108446067 240.26816417751712 68.75273235087323 0.43349036522643525
1.6214683746430343 13.018672288386222 216.4798503890845 71.98204119334187 0.44136909276353936
1.6462001190996416 13.004422043159735 195.2237562091473 75.37657158213787 0.44951075904282173
1.6705637356511989 12.988600886810106 176.25040255438367 78.94647630014684 0.4579306848923505
1.6944963822329728 12.971159697168956 159.29761877273867 82.7020556648694 0.4666427372483011
1.7179882381391638 12.952070970270228 144.12579374779304 86.65473467468188 0.47566330137158896
1.7409916961693983 12.931271165948994 130.5544519979856 90.81788422124315 0.4850142290667747
1.763479913550321 12.908737780865362 118.37558110256717 95.20321270282834 0.494708191343915
1.7854173242474722 12.884425665966148 107.46054883419117 99.82662962009725 0.5047718084936537
1.8067655268303986 12.858281267296158 97.66326177227707 104.70302053127614 0.5152246646257802
1.8275156441677052 12.83034080777025 88.86301930038923 109.84861021567481 0.5260884964799828
1.8476006815618577 12.80047040541293 80.94542014776317 115.28213426409417 0.5373911548801852
1.8670266747668638 12.768746127030344 73.82418642546408 121.0230005810461 0.5491593263352272
1.8857175033920093 12.735028547052288 67.40703037002321 127.09234182607747 0.561422158789906
1.9036751156239424 12.699375480471991 61.62943576407243 133.51319051688546 0.5742114738531978
1.9208560080634458 12.661732535061276 56.41306122205018 140.31017617678063 0.5875602674582763
1.9372300262717583 12.622080218226815 51.70155471680154 147.51002944249734 0.6015040624733198
1.9527768183125436 12.580421893888124 47.44536433461325 155.14339148928747 0.6160865884537535
1.9674337016154217 12.53665507692332 43.596271211164776 163.24044355686087 0.6313441662553934
1.9812156879881568 12.490881200040285 40.11448594927298 171.83754721858148 0.6473278605080222
1.9940605552142592 12.442992418031805 36.96163175963888 180.97243168924058 0.6640862726135257
2.0059394835583992 12.392983053050154 34.104957852782036 190.68651931566922 0.6816727127262439
2.016850665733929 12.340909977707149 31.511479881552628 201.02538267196314 0.7001458106017427
2.0267575199908303 12.286739781720627 29.160213687854856 212.03920469479687 0.7195700238079576
2.035635573961322 12.230476445265083 27.02325996969049 223.78272447204225 0.7400143451853245
2.043465170881832 12.172120388635163 25.083212030999533 236.31564826525914 0.7615524224742732
2.050210018344671 12.111651218994473 23.319440852384044 249.70460851746455 0.7842675208580858
2.055848542867856 12.04907128241729 21.714276411046686 264.0226498582105 0.8082492299278624
2.060385220507184 11.984463408916245 20.252964720320875 279.3501395469852 0.8335945948472292
2.0637927427150005 11.917818899465535 18.923373599152466 295.77628043665834 0.8604109458815098
2.0660407100963085 11.849131940239639 17.71207347662777 313.3992085515966 0.8888137987880433
2.067130900194994 11.778468240820954 16.60941220751124 332.32855904534074 0.9189324881410718
