M[M_sun], R[km], Lambda[1], P_c[MeV/fm^3], rho_c[fm^-3]
0.24162668629717493 15.618656898711224 2160425.4255784233 3.5677272577965504 0.1711233750220791
0.2536443459750413 15.277256671898785 1723112.4750032371 3.784826266227025 0.1738882560696044
0.26604068447615603 14.981260314171966 1382991.172967278 4.01141548743909 0.17666683033958722
0.2788159630331649 14.723477794954904 1116411.0369029848 4.247750806670448 0.179457776252431
0.29197152171109636 14.498385438877072 905881.45918459 4.494457472837574 0.18226766122375423
0.30550638652921513 14.30120906338253 738606.6766550615 4.751691010589947 0.18509218994148785
0.3194232251531441 14.12810129854562 605071.9375878399 5.020133871283923 0.18793798481459426
0.333723167614073 13.975884905134142 497653.8869491073 5.300009846658665 0.19080166368844584
0.3484034964779839 13.842006591993494 410993.8174833303 5.592047902541782 0.19368953022687826
0.3634666029265294 13.723960954811295 340627.5773929288 5.8964148876390885 0.19659663943068326
0.3789208099218144 13.619978841054822 283289.79033578763 6.2139750801365805 0.19953067613172573
0.3947517689466565 13.528470401467118 236400.63298256914 6.544985778326354 0.20248781652677944
0.41097833831063646 13.447855299644148 195369.40467227265 6.890149650365338 0.20547177627946414
0.4275861753350082 13.377058011013577 166078.58036497363 7.25017172251297 0.20848562731686118
0.4445831294214572 13.314921710773044 139795.3981340196 7.625310893065451 0.21152491499486015
0.46196458068214974 13.260570951709616 117976.35443916218 8.016516338471877 0.21459580372979942
0.4797294915410762 13.213150725056165 99803.88752454602 8.4244930477867 0.21769993993294173
0.4978873588883962 13.171970816576401 84635.82240478059 8.849681895896033 0.2208347914661825
0.5164257312986283 13.136398159689572 71935.02884413797 9.2929561936361 0.22400376606354608
0.5353452384238873 13.10582899047932 61272.03672387019 9.755200843967636 0.22720978351907098
0.5546526843564691 13.079814128527099 52301.65559593564 10.237225505841284 0.2304541948825917
0.5743355493034809 13.057836896815594 44726.57416375826 10.739501078534227 0.23373369307876696
0.5943930010474328 13.03953438262168 38323.355372862185 11.263272858284767 0.2370544734206492
0.6148306999039381 13.02451566684804 32900.41870901323 11.809478278723049 0.24041814797790184
0.6356355235135484 13.012442627716226 28290.76624062085 12.379096441378264 0.24382634987368426
0.6568064335013629 13.003015640856253 24369.223823515636 12.972816134533105 0.24727702691245196
0.6783388548893695 12.995972958269013 21026.533153508877 13.591964656809353 0.2507749699020901
0.7002279600688858 12.991062288267111 18171.58639012222 14.237739593433052 0.2543228136357555
0.7224582338944089 12.988031894597256 15728.143867227018 14.911330757894813 0.25792254297423733
0.7450506136960255 12.986644981764883 13632.910866731538 15.61376646796748 0.2615740404695583
0.7679713741445912 12.98676248963943 11835.388944746495 16.3463157356502 0.26527922903696555
0.7912172732761127 12.988132211410079 10287.928188225464 17.11059342766992 0.26904278620245203
0.8147925000405921 12.990658565952556 8955.52083106345 17.90805475481208 0.27286714486962416
0.8386756515067041 12.994132775858809 7806.698922583166 18.7400604067701 0.2767533441374594
0.8628551401728037 12.99840528712432 6813.425289740747 19.607964252324376 0.2807019484962387
0.8873374515113912 13.003355949284435 5954.810339076232 20.51384782332473 0.28471927789760393
0.9120942799359036 13.008849116845012 5210.5618908600345 21.459505459610078 0.2888083461106762
0.9371152074131446 13.014742687805224 4564.855529019158 22.446415267135688 0.29296902573553724
0.9623991675585717 13.020948710219232 4004.1553012201634 23.47661491898896 0.29720521408365
0.9879204950155935 13.027334681556075 3516.2723350751176 24.552521154418088 0.3015229640972507
1.01366230814502 13.033794746585503 3091.5442632995027 25.676068885826695 0.3059238517250348
1.0396274733875979 13.040253734029095 2721.1103984717565 26.849234441672106 0.3104092478505734
1.0657795236450391 13.046575846744407 2397.91204147645 28.075107717853925 0.31498783391599366
1.0921113125214676 13.05270602358576 2115.5755027737528 29.355734017020417 0.31965998801227263
1.1186101341235595 13.058540851493072 1868.4023921699495 30.693888823298025 0.324430529716488
1.1452416564937205 13.064000586008488 1651.9478330465197 32.0929522525134 0.3293073826253842
1.1720050837172493 13.069014872481617 1461.9010578266589 33.554885444714714 0.33428837399090156
1.1988616357263324 13.073471314686238 1295.297809240694 35.084221639435114 0.33938700808183603
1.2258079814046814 13.077333677920821 1148.9466520602793 36.68297243301837 0.3445999743931073
1.2528043338667927 13.080496599553237 1020.0323229056065 38.35620221404238 0.34994178427697226
1.2798485664070591 13.082938614537008 906.6064168123273 40.106162793693926 0.3554090854694617
1.3068911960266705 13.084523986987108 803.2817644018504 41.93830382953805 0.36101631060621575
1.3339243372280178 13.085246453170344 718.4517275108957 43.85612939618454 0.3667655029687205
1.360938011838382 13.085034254021497 640.5461757880628 45.86431080309969 0.37266431998281246
1.3878689225355696 13.083772625566244 571.7476310696393 47.96819034238518 0.3787227681445605
1.4147257572354952 13.08147984113961 510.76602626307556 50.17253438936985 0.38494654698167013
1.4414495514070298 13.078027371917578 456.8317077819506 52.48254511493234 0.39134253499870564
1.468043794288688 13.073428328912387 408.96284572803063 54.904647978322586 0.3979224702888128
1.4944534670465246 13.067562666206868 366.4775430053863 57.44503319358698 0.40469541445579477
1.5206653143050102 13.06041717174095 328.7890690904328 60.110329114869266 0.4116711392385242
1.5466493630019729 13.0519268678453 295.2539053130515 62.907641678732226 0.4188601849824274
1.572365480221098 13.042045446081383 265.4303508737386 65.84459762288303 0.4262739238848977
1.5977897888997803 13.03071622917356 238.88847738041918 68.9293918646847 0.4339246285734314
1.6228765085662948 13.017894886427667 215.20393991175956 72.17083947048974 0.44182554664369145
1.647628703763534 13.003555037478314 194.0734066963148 75.57843270087916 0.4499909818605388
1.6719786522637208 12.98761897985855 175.20182863139507 79.16208444707864 0.4584350497324613
1.6959136629982035 12.9700672174215 158.3381616131316 82.93203787676936 0.46717123570143027
1.7193952245717947 12.95085574469792 143.25763748603578 86.90100683861027 0.47622098665467677
1.7423778090729523 12.929917881113315 129.76309808294843 91.08054890081398 0.4855985612954268
1.7648598317647524 12.90726471074996 117.66152101131448 95.48479702487373 0.49532605022120646
1.7867836741215977 12.88282817151023 106.8070069492713 100.33822688083129 0.5057762976651952
1.803539546741086 12.856744104509904 98.66759492874029 105.43600012797143 0.8990006758532232
1.8107116501890983 12.823561665503968 93.78502654127834 111.90040607668178 1.2855453507791499
1.8108331771775974 12.781048329327529 90.74132026430475 119.52840269479513 1.6476981309606138
