M[M_sun], R[km], Lambda[1], P_c[MeV/fm^3], rho_c[fm^-3]
0.24162668629717493 15.618656898711224 2160425.4255784233 3.5677272577965504 0.1711233750220791
0.25364496859355884 15.277236946651694 1723213.827724551 3.784837699404173 0.173888398578642
0.2660412702492631 14.981252668647292 1382931.332294271 4.011439522397407 0.17666712078787403
0.2788176768771752 14.723477257491458 1093883.442298896 4.247788256692192 0.17945821061624725
0.2919732912923937 14.498359653670995 905763.2605736464 4.494509320786812 0.18226823856270227
0.30551026732767284 14.30116844796415 738608.9726803631 4.751759017114134 0.18509292454174148
0.31942851247355636 14.12804762740712 605026.8816397851 5.020218537489386 0.1879388632591541
0.33372530367359265 13.975945258416312 497646.0819093738 5.3001134017711555 0.19080270631659962
0.3484096546322118 13.841954437192873 410958.59890051687 5.592170605269798 0.19369071740952618
0.3634735249066074 13.723913660840926 340635.1518641962 5.896559494900403 0.1965979976126837
0.3789275258617842 13.619963032950515 283262.47552178695 6.214143342105122 0.19953221047827824
0.39476270917208894 13.528386678136414 236371.54965792008 6.545177520459356 0.20248949784625495
0.41098882954520705 13.447802858169815 197838.7437383391 6.890368574530731 0.2054736407295246
0.42759857373203725 13.376991047221996 166055.44495695445 7.250419883329459 0.20848768028769782
0.4445951587450034 13.31486231351449 139775.11100573212 7.625587604786368 0.2115271177980837
0.4619782886520226 13.260510533153239 117963.38602374421 8.016826427998646 0.2145982025229856
0.4797441365774068 13.21310948846676 99793.03229691346 8.424838933461189 0.21770254050967458
0.4979044487821013 13.171925659412494 84626.09477379391 8.850062302502803 0.22083754577255077
0.5164439274563156 13.13635340751202 71925.67399344358 9.293377277847311 0.22400673052264455
0.5353634334095693 13.10581119228922 61258.99425117848 9.755665461214862 0.22721296453468173
0.554673116712819 13.079785049152761 52293.02078720603 10.23773630738446 0.23045759428045617
0.5743572839532981 13.057808408547466 44719.56147659387 10.740056598752496 0.23373725969064688
0.5944161326679149 13.039494504305257 38320.345998574085 11.263881074428435 0.23705827356612127
0.614854937342319 13.024479988423808 32893.897613738896 11.810142784318307 0.24042218928062412
0.6356616520574301 13.012413407322844 28284.293501760738 12.379821054162464 0.24383064035974794
0.6568339134067616 13.002999751397018 24363.8883200696 12.973597526938326 0.24728149303101515
0.6783676018290362 12.995983275236929 21022.14815689474 13.592813925809045 0.2507796984043476
0.7002580490405018 12.991056830490571 18167.53134032402 14.238661293285094 0.2543278139024364
0.7224945556228805 12.98800019198721 15724.210561964104 14.91232973550241 0.25792782494541616
0.7450836461506387 12.98665624160661 13630.147936029727 15.614838133840923 0.26157951811463925
0.7680026261186242 12.986774215665022 11750.608173384458 16.347474603812973 0.2652850057041028
0.7912543797455605 12.98814367780064 10286.773298804503 17.111845315046352 0.269048873706839
0.8148319179772168 12.990669947941191 8953.44879689927 17.90940586401487 0.27287355578618244
0.8387162213085755 12.99413599963797 7805.168890215877 18.741504744788443 0.2767599801233331
0.8628992616733282 12.99841135040479 6769.639928972624 19.60952060102398 0.28070893085131604
0.887382365033068 13.003365599706528 5953.431660044548 20.515523674430014 0.28472662173699215
0.9121403679462534 13.00885749342808 5209.259511337952 21.461308817905426 0.2888160675686678
0.9371635878408082 13.014753749163265 4563.803045896105 22.448338619994743 0.29297701424832273
0.9624479532844938 13.020967259801573 4003.1060605918906 23.478682405792316 0.2972136107618686
0.9879712541844755 13.027348634854285 3515.2701328373228 24.554742508025125 0.30153178848060536
1.013716080087633 13.033807771771064 3090.7126583928166 25.678435507024584 0.305932984972023
1.0396826678782147 13.0402664650679 2720.4242707942108 26.851775266224138 0.31041884662820585
1.0658356309810788 13.046593352351941 2397.290723228363 28.07783464098847 0.31499792199042537
1.0921713390142993 13.052724858606485 2114.867043140328 29.358637373216176 0.31967043831190756
1.1186703202884156 13.05855485205429 1867.6763981687036 30.697003279844008 0.3244415161637657
1.1453044325663777 13.064012767640225 1651.447047054073 32.09626764354629 0.3293187739824204
1.17206888687462 13.06902147223972 1461.444185550754 33.55844066415974 0.33430035544698977
1.1989275229079208 13.073474217713716 1294.8873085708549 35.08803346959657 0.33939961277079045
1.225875133427511 13.077344300328932 1148.5817018942946 36.68702981116388 0.3446130628669361
1.2528731872826402 13.080504597879804 1019.7337289333568 38.36052160811163 0.34995538563481093
1.279917250649473 13.082940677753808 906.3418452220495 40.11079330452219 0.3554234107230106
1.3069623225629872 13.084524224825627 806.461213426728 41.94323437991389 0.36103121640697705
1.334001890474881 13.085239006727518 718.3067220199782 43.86141527314547 0.3667812153287026
1.361011315291928 13.08503059365249 640.3375821954346 45.869940929724265 0.37268069162624184
1.3879440863580965 13.083766934317056 571.5570104037298 47.97418876977891 0.3787398416052576
1.4147947108077936 13.081455434741484 510.5908806730829 50.17896690141749 0.3849645715893051
1.441526430000421 13.078019965278724 456.69000127000544 52.48940149896185 0.3913613600603855
1.4681224103674795 13.07341427009633 408.83863147784984 54.9119585978277 0.3979421491617343
1.494532672859799 13.06754226383876 366.3606102475057 57.45283087174984 0.40471600462228763
1.5207450332222494 13.060391163249212 328.70197477219864 60.11864935480479 0.4116927026448538
1.546731324029717 13.051898163591416 295.15627502873383 62.91652290570892 0.41888278841117194
1.5724460114689587 13.042012847831229 265.3386912765131 65.85408145097131 0.42629763936451254
1.5978599186064333 13.030671995281367 238.80872764361948 68.93952339057584 0.4339495338290202
1.6229577964748316 13.017850123966381 215.1389124257232 72.1816675975704 0.44185172559349656
1.6477097644504415 13.003503958682051 194.00489216663968 75.5900104970249 0.45001852516319524
1.672059226431018 12.987563799112165 175.14835395420747 79.17440907463674 0.45846380294755146
1.695995673787859 12.970001976514332 158.29069940376894 82.94522960058859 0.46720155024434634
1.7194758258148464 12.950784891996406 143.2125409319983 86.9151335768108 0.4762529767662136
1.742455438798641 12.929829275544124 129.7159645803576 91.09561653314606 0.4856320812311696
1.7649387154120184 12.90717783089341 117.61661723795848 95.50095072703421 0.49536149505069293
1.786864645855041 12.882741000693875 106.76903504862308 100.1446325076762 0.5054580449288844
1.8082019325645966 12.85646898795043 97.03987253162674 105.04328539390825 0.5159477975913712
1.828916218849776 12.82833550903342 88.28998142495813 110.21346041599526 0.5268533047727096
1.8489881590205985 12.798346049644078 80.42621586156694 115.67291098891687 0.538198364746988
1.868362285725191 12.766399112209616 73.35140713929512 121.4416408777653 0.550011524564794
1.8870374724368741 12.732570728100573 66.97347283223442 127.54109092639531 0.5623226344445048
1.9049599877639838 12.696742645815615 61.22669043986559 133.99389816824964 0.5751616671919793
1.922099352858472 12.658913438543227 56.04950439926037 140.82569261947654 0.5885646895296432
1.9384097872335289 12.619013385277002 51.36613080002414 148.0641616890889 0.602569963419437
1.9539041366680292 12.577157316449814 47.14197979278988 155.73770351601706 0.6172128692358787
1.9685171521875013 12.533217391927323 43.321324478426945 163.8800984915578 0.6325414260937129
1.9822295147120497 12.487204411441843 39.86172874853291 172.52527973793295 0.6485976834098867
1.9950124318299916 12.439111284745165 36.726920941796884 181.71229825742964 0.665433949826313
2.006846058597856 12.388941751577155 33.88614865975296 191.48331811709534 0.683105127487732
2.0176895904559147 12.336653826727861 31.314027380221788 201.8844062559363 0.7016704927276058
2.027521625848052 12.282259619780087 28.97813726257348 212.96539263637487 0.7211922576228653
2.0363267314116116 12.225776404526854 26.8570046107419 224.78210980457877 0.7417418065246043
2.044066478769342 12.167169580171945 24.930572910722866 237.39545221531986 0.7633952999988901
2.050715805019024 12.106448981615795 23.17271867463969 250.87249177722796 0.7862359038029999
2.056289038477117 12.04368554385846 21.585022939686954 265.2865522846847 0.8103523908166355
2.0607299942504262 11.978822986531714 20.13307380855535 280.71895614136304 0.8358429592018322
2.064029239733864 11.911913616226064 18.813169916364032 297.2599800031412 0.8628162099393677
2.0661852392606965 11.842997709201194 17.61121998545575 315.0099421511738 0.8913922664740501
2.067170721036128 11.77209357325129 16.516868627892517 334.0781326952027 0.9216964077573578
