e[MeV/fm^3], P[MeV/fm^3], rho[fm^-3], v2[1], mu_q[MeV], mu_e[MeV]
70.21755168181654 0.006206087273093519 0.07407856508846018 0.017597877650005332 316.5185077347417 89.2771661002368
71.43578994790998 0.027644495228360377 0.07535555647246353 0.0175978776500052 316.5894798429086 89.8124074562691
72.67502861766434 0.04945246571785267 0.07665456106626496 0.017597877650005228 316.6616753923034 90.35687548400062
73.93562970314778 0.07163636938565421 0.07797595834102777 0.01759787765000538 316.7351154730202 90.91072923592193
75.21796145691394 0.09420268669514797 0.07932013430936638 0.01759787765000533 316.8098215387112 91.47413050632369
76.5223984795798 0.11715800982215896 0.0806874816381126 0.01759787765000522 316.8858154128541 92.04724387856187
77.84932182925448 0.14050904458066893 0.08207839976302188 0.017597877650005325 316.96311929512683 92.630236773136
79.19911913285509 0.16426261238173973 0.08349329500545777 0.017597877650005436 317.0417557678931 93.22327949659658
80.57218469934486 0.18842565222626206 0.08493258069109116 0.017597877650005332 317.12174780279906 93.82654529129692
81.96891963491473 0.21300522273190858 0.08639667727063695 0.017597877650005284 317.20311876748366 94.44021038599915
83.38973196016327 0.23800850419525207 0.0878860124426853 0.017597877650005242 317.2858924324053 95.06445404735784
84.83503672928572 0.26344280068923775 0.08940102127863886 0.01759787765000527 317.37009297778565 95.69945863228664
86.3052561513196 0.28931554219685157 0.0909421463498059 0.01759787765000538 317.45574500067295 96.34540964122833
87.80081971348744 0.3156342867816875 0.09250983785669148 0.017597877650005325 317.54287352212793 97.00249577234631
89.32216430665855 0.3424067227958098 0.09410455376051008 0.01759787765000531 317.63150399453286 97.67090897664707
90.86973435297011 0.3696406711256137 0.09572675991696154 0.017597877650005242 317.7216623090265 98.3508445140514
92.44398193566516 0.39734408747669764 0.0973769302123309 0.017597877650005228 317.8133748030682 99.04250101043964
94.04536693114535 0.4255250646977123 0.09905554670190979 0.01759787765000531 317.90666826813106 99.74608051566989
95.67435714332068 0.45419183514462985 0.10076309975082554 0.017892055534992374 318.00156995752883 100.46178856260559
97.33169327479138 0.4843410207312542 0.10250008817728433 0.018775745774211428 318.10048622561175 101.18570399772256
99.01814146064449 0.5170082040359527 0.10426701939828847 0.020025246310001077 318.2058447860128 101.91428658825437
100.73429318912723 0.5525181669555139 0.1060644095778678 0.02129999675038627 318.31828524079526 102.64750316311726
102.48063871606901 0.5907964457966746 0.10789278377786223 0.022549781036994038 318.43751805132047 103.38670836290729
104.25774423592242 0.6320103592916358 0.10975267611130558 0.023887708108000116 318.5638120290785 104.13237516689382
106.06623539667063 0.676492214395437 0.11164462989845152 0.025339806313660923 318.697770868173 104.88465247088972
107.90674784282342 0.7245234535359056 0.11356919782549418 0.026726883379044414 318.8398212612412 105.64215664334085
109.77980899298537 0.7757858510810522 0.11552694210601787 0.028008654354195556 318.9889635986241 106.39548846211913
111.68603200563659 0.8304189676497289 0.11751843464523576 0.02941848660514751 319.1453310518051 107.14305877628786
113.62612253642692 0.8889903796251314 0.1195442572070575 0.0310000273545607 319.31003653378224 107.89037199216354
115.60075117782822 0.9518318179215621 0.1216050015840337 0.03259969837934959 319.4836179784206 108.6399435927219
117.61049319554543 1.0189345897359714 0.12370126977023699 0.03419210470702347 319.6659546827271 109.3941654142798
119.65602415051524 1.0905481505064962 0.12583367413711752 0.03592218882239359 319.8573917239201 110.15411877028433
121.73815641876267 1.1672766767204164 0.12800283761239192 0.03778190969818496 320.0588603075681 110.92020174565145
123.85759205422588 1.2493614886182018 0.1302093938620144 0.0396255479711905 320.27062777688235 111.69348487044105
126.01496433860267 1.3368161240061027 0.13245398747528928 0.041461386350795104 320.4925793312381 112.47517112638602
128.2110155783424 1.429932568241939 0.13473727415316794 0.04346252473119688 320.7250671173629 113.26594974297757
130.4466887956552 1.52951487508801 0.1370599208997976 0.045590760196347446 320.969220213987 114.06610244230104
132.72270298041246 1.6357091714792171 0.13942260621736857 0.04767926014436641 321.22510082538804 114.87651716166351
135.03976205186157 1.748593799706529 0.14182602030432198 0.04977029748745049 321.49267975935425 115.69799950047124
137.3986835249372 1.8685229353243933 0.14427086525697244 0.05206400529136951 321.77234677231564 116.53110782929468
139.80057355445675 1.9965668028217445 0.14675785527460983 0.05448295484632937 322.0654823434704 117.37614392238619
142.24614757531495 2.1327305435734982 0.1492877168681315 0.05683638595368079 322.37191652081754 118.23384218287305
144.73619757503982 2.2771938463603174 0.15186118907227755 0.059208520968313694 322.69174413674494 119.10477732777403
147.27162660197732 2.430390920319256 0.15447902366151722 0.0618292055008095 323.0254080857181 119.98940983187808
149.85374556019306 2.5937403356179334 0.15714198536966398 0.06457197399617759 323.3745941649684 120.88804723823948
152.4832372283129 2.7670401807274834 0.15985085211327107 0.06721882453614525 323.7388555425644 121.80124809303793
155.16100474728017 2.9506159576823916 0.1626064152188807 0.06990575565196155 324.1184454344821 122.72942464238325
157.8880490867394 3.1450019316856195 0.16540947965419006 0.07289593855263288 324.5138717435153 123.67293532678868
160.66593902373984 3.3520690822739376 0.16826086426320178 0.07600220080988451 324.92718571735776 124.63202719571277
163.4952840125817 3.5713158744339593 0.17116140200542868 0.07897532922519734 325.3576004812541 125.6070903482084
166.37712853614147 3.8032695276021222 0.17411194019922174 0.08202037368123771 325.8055622707938 126.59840218489457
169.31260061973967 4.048620249866702 0.17711334076929286 0.08542133552471287 326.2716886567447 127.60620334892384
172.303551331823 4.309718566586897 0.18016648049850292 0.0889270452590527 326.7583492276527 128.63058410314463
175.35050383107742 4.585737524453315 0.1832722512839939 0.09226446929582366 327.26444376458807 129.67181814230588
178.45466868853612 4.877441713994387 0.18643156039773165 0.09572802473872655 327.7906096931573 130.73004905217363
181.61738960046912 5.18586172672753 0.18964533075154347 0.09956214286511778 328.3377308078966 131.80536363429957
184.84067158507494 5.5134958934314255 0.19291450116672415 0.10348029397253222 328.90808973361146 132.89762523650757
188.12508868773136 5.859506730761704 0.19624002664828616 0.10723125726635341 329.50063467169656 134.00704679883177
191.47199658539387 6.224818666062787 0.19962287866394354 0.11114950466071183 330.116072530961 135.1336328978941
194.88301649425165 6.610906017540677 0.2030640454278977 0.11544544815415358 330.7555888744374 136.2772622126371
198.3602890613904 7.020342674256472 0.2065645321895225 0.11979382346787826 331.42129567013734 137.43754067535426
201.9044613376726 7.452308308070558 0.2101253615270204 0.12397650239191993 332.11220306471756 138.61467605675114
205.5170562570145 7.907903230714149 0.21374757364614289 0.1283699626450635 332.8290718474655 139.80852765902867
209.2000509218192 8.389163756231573 0.21743222668406043 0.1331367755092301 333.57341318817043 141.01869117551004
212.95568685700158 8.89862029273525 0.22118039701847075 0.1379109881763032 334.34705688852574 142.2445530860434
216.7847142491265 9.435507109353031 0.224993179582034 0.1425209986125906 335.149090910276 143.4863497980139
220.6888478651131 10.001107919216421 0.22887168818223044 0.1473848211915132 335.9803024130194 144.74379875149575
224.67051841244387 10.598148441577159 0.23281705582673115 0.15260238957125072 336.84253077264475 146.0161250814302
228.73201076449018 11.228941923303356 0.23683043505437643 0.1577674592771845 337.73719306437926 147.30260528428684
232.87421847820065 11.892825884399452 0.2409129982718618 0.16276966708385543 338.6634726746745 148.60351662363965
237.09907459677976 12.591262929879372 0.2450659380962259 0.1680647442175771 339.6221443059857 149.91845083271977
241.4095830266287 13.327795359770137 0.24929046770324403 0.17367604335428166 340.61534675451054 151.2461733723472
245.80798450797525 14.104290408314728 0.25358782118182577 0.17916063314688135 341.6439533067965 152.5860269646372
250.29536865638684 14.920249387540146 0.2579592538945237 0.18448376658109078 342.70726027181 153.9383214680799
254.87391430339358 15.777295306389933 0.26240604284425445 0.19013115054428797 343.8059831368225 155.30255316107613
259.54734193097937 16.679902122692877 0.2669294870473437 0.19603884001981875 344.9424917462097 156.67695034502995
264.3177234138911 17.62921742422393 0.2715309079130002 0.20173455319505607 346.11701155796936 158.06114921462316
269.1864120746621 18.624978432827973 0.2762116496293318 0.20727097595137622 347.328966229596 159.45546560193614
274.15586021544175 19.66893704821644 0.28097307955601647 0.2131521958171756 348.57896372915343 160.8593430130801
279.2306731431928 20.76658998854091 0.28581658862374093 0.21922189252154145 349.86949367684684 162.27041922778363
284.412585417037 21.918069468750467 0.29074359174052566 0.2249894143101847 351.2000887836266 163.68887481305947
289.7032992122702 23.123430865940225 0.29575552820505524 0.2306016920899494 352.5703075794808 165.1149897852477
295.1055673860831 24.38451504681977 0.300853862127132 0.23656661428271297 353.98060905644974 166.5482047162215
300.6250734626658 25.70790002720107 0.3060400828553784 0.24263779812409947 355.4334521442952 167.985546141962
306.2629978571605 27.092417065261266 0.3113157054123131 0.24831998114039466 356.9277197298895 169.42797804232237
312.0214966673664 28.538529352055203 0.3166822709369256 0.2538541104542591 358.4631014669581 170.8756920374787
317.9036494111742 30.048126085066315 0.3221413471348811 0.2594262475236233 360.03988091456415 172.3281747479247
332.27101139576854 33.87766666441815 0.3353754839822261 0.0017617065972976211 361.66030746350987 222.89441243671556
454.98178594793586 34.1287368680366 0.7076034342759965 0.002330357926534502 363.3227610243933 167.51871797503597
1502.9084957255286 39.115238589545235 3.942699829242458 0.009909641068712394 365.0270429856405 107.68557638868549
2197.1749999055146 48.36452245908372 6.118088957350137 0.4766311271196 366.7732551876847 48.099711649862826
2219.629325946585 59.4034216278948 6.1835099630121695 0.7618656451409058 368.5632457970251 8.048197162304435
2232.0864478127824 70.7617485853797 6.217246005415041 0.9126226045856627 370.39513942729127 0.0
2244.8744538627184 82.4432517552318 6.251688088171766 0.9130870816101919 372.26881070045994 0.0
2258.0324858463955 94.4524507124371 6.2869455560383365 0.9122936680685001 374.18425749083553 0.0
2271.5738763616764 106.80065785158806 6.323041517299449 0.9114810992231148 376.1425479489815 0.0
2285.493419670495 119.4822622022328 6.359949656639555 0.9106510946839785 378.1420680020603 0.0
2299.7957935872178 132.5006566417453 6.397670160650557 0.9098044926684006 380.18264288681297 0.0
2314.486240041344 145.85972874041767 6.436204688033085 0.9089421392522317 382.2641765278808 0.0
2329.5719745078018 159.56513828435004 6.475559998480591 0.9080647257180683 384.38684656688184 0.0
2345.0515074778973 173.61462159025226 6.515720189946663 0.907173344256142 386.54960838431725 0.0
2360.9287058402956 188.0107719333519 6.556683470819215 0.9062686849248598 388.75217980057613 0.0
2377.2074047303095 202.75613849274848 6.598448004782222 0.905335623551224 390.99427615507426 0.0
2393.894313990062 217.8553213133593 6.641011093315258 0.9043380667687169 393.27543963785325 0.0
2411.0014850203684 233.31697433810604 6.684372462166506 0.9033374310245428 395.59516773161965 0.0
2428.5200533194834 249.13365321278906 6.728522146273213 0.9023733719973208 397.95311125729603 0.0
2446.451580740265 265.30579657146654 6.773452889047741 0.9013994615860428 400.3486982341418 0.0
2464.795885722021 281.8322650585335 6.819153235944307 0.90033629408663 402.78113502043635 0.0
2483.581518025498 298.7347190671148 6.8656392825319905 0.8992473018835669 405.2503908250171 0.0
2502.7927087003445 316.0003691738151 6.9128966579475675 0.8982262891392905 407.7560864453435 0.0
2522.4253145324797 333.62481009342656 6.960909288824038 0.897144279581064 410.2972643916196 0.0
2542.497397087682 351.62069796581403 7.009675959085134 0.8960078060454038 412.8731075256692 0.0
2563.0125643499464 369.9908052706249 7.059203812627957 0.8949216772004505 415.48395412590855 0.0
2583.961280745031 388.727171832545 7.10948202045624 0.8937767950757447 418.12942481666244 0.0
2605.3672892972477 407.8459066949676 7.160503817803138 0.8925966621507655 420.80808286670407 0.0
2627.210949329172 427.33119408198127 7.212250205828787 0.89145998892986 423.519388423576 0.0
2649.5090808714135 447.19602055398724 7.264739564653186 0.8902533867283431 426.263926491692 0.0
2672.2792796477866 467.452835601911 7.317977180052121 0.8890664163449404 429.04133904117657 0.0
2695.4875978032564 488.0734864503267 7.371914619902444 0.8878348731295986 431.84962364736657 0.0
2719.1777695805304 509.09030029527315 7.42657780570444 0.8866018269092883 434.68879187402194 0.0
2743.3211352040385 530.4822834765966 7.481960222515621 0.8853475856327826 437.55954505588323 0.0
2767.969009161038 552.286800690422 7.538087513299992 0.8840746537314832 440.4615602408136 0.0
2793.0598374048836 574.4545032586218 7.59488574860024 0.8827958160648279 443.39219174670734 0.0
2818.6541169460966 597.0306874126472 7.652402223052873 0.8814842496599091 446.35224304333093 0.0
2844.7245269624545 619.9955414543941 7.710630913083399 0.8801849963914901 449.3424024244641 0.0
2871.310000260255 643.3768848081762 7.769590942305669 0.8788377243994443 452.3623894048231 0.0
2898.3666759861235 667.137676728265 7.829208521579146 0.8775185443168638 455.4088468583903 0.0
2925.9261322479265 691.3028761143842 7.889528286319066 0.8761403869752531 458.48357591050296 0.0
2954.0107181531303 715.8889289072723 7.95057158500315 0.874782932655986 461.5871295346198 0.0
2982.603910776051 740.8829665907641 8.012325434065357 0.8733921031825247 464.7192724425523 0.0
3011.707522583296 766.2801069536168 8.074732077685878 0.8719627057624049 467.87587687666405 0.0
3041.334774787704 792.0933680130399 8.137842047569546 0.870592122772857 471.0599151315838 0.0
3071.49146140167 818.3268116641312 8.201663319005094 0.8691419716185038 474.2716930347005 0.0
3102.217283057875 845.0080348959161 8.26621700074766 0.8676655763379237 477.5110201023164 0.0
3133.4448851637185 872.0809573140938 8.331392479773264 0.8662523542595526 480.77294680996494 0.0
3165.222705349965 899.5858503785296 8.397280008640285 0.8647782090566505 484.06176219100337 0.0
3197.5805230888827 927.543170676912 8.463896950668685 0.8632622625146098 487.37742484726095 0.0
3230.5128650983083 955.9475202421368 8.531232969668064 0.8617775175185489 490.71942709513365 0.0
3263.9728339152025 984.7577963655048 8.599192650460509 0.8603006739931853 494.0830324628434 0.0
3298.016462407236 1014.020043305473 8.667875925764175 0.8587606941762633 497.47289006040484 0.0
3332.6732838732905 1043.7540640758687 8.737298973158445 0.8571933393223308 500.8888825459008 0.0
3367.9271688460994 1073.9461169020237 8.807437771859364 0.8556578425478669 504.3299917615031 0.0
3403.7423136966936 1104.5639770058922 8.878214135422224 0.8541189195747467 507.7922253856572 0.0
3440.175777198639 1135.6540636227896 8.94972710197442 0.8525637798587464 511.2801267663313 0.0
3477.237660936608 1167.222465622435 9.021981702858874 0.8509580299999122 514.7936148893198 0.0
3514.9382185522327 1199.2727103331763 9.094961503024933 0.849333871969586 518.3310928584808 0.0
3553.2395373881745 1231.7724736257237 9.168599880045809 0.8477344947077619 521.8894715714698 0.0
3592.1963291897005 1264.7660258194892 9.242991463313096 0.8461254532655769 525.4730848306887 0.0
3631.8193822117796 1298.259803460424 9.31814214107112 0.8445019122769306 529.0818842067226 0.0
3672.095192640795 1332.2397046442843 9.394012074157283 0.8428653632783796 532.7136335653959 0.0
3713.011462215414 1366.6927435138684 9.470564828509358 0.8412169497828028 536.3662857953279 0.0
3754.6243397963963 1401.663468957532 9.5478915968592 0.8395549894390086 540.0438741161018 0.0
3796.9453707403295 1437.1586935147996 9.62599910498179 0.8378698787417456 543.7463790946406 0.0
3839.957670352484 1473.1605202693302 9.704835592304311 0.8361700228233069 547.4708712870953 0.0
3883.658240217137 1509.6642267647753 9.784386730772539 0.8344723115180912 551.216467733508 0.0
3928.098121491185 1546.7100309059842 9.864735185341331 0.832768386410148 554.9868210458568 0.0
3973.2896314208638 1584.3051305571214 9.945888466985723 0.8310525854082336 558.781937487146 0.0
4019.2008334863676 1622.419936708719 10.02777515067804 0.8293269277146607 562.5981454122898 0.0
4065.8476449773193 1661.0647105695284 10.110410341983238 0.8275917952580656 566.4358348263322 0.0
4113.280966457972 1700.2785139193368 10.193870155263257 0.825846027705694 570.2982070044372 0.0
4161.513961453971 1740.0689577042842 10.278162877411068 0.8240896707556367 574.1852909518561 0.0
4210.503497690532 1780.3972656521053 10.363199094488486 0.8223250926714201 578.0926279967849 0.0
4260.283357989552 1821.2881128289814 10.449024096970112 0.8205520661183208 582.021979385741 0.0
4310.900264070738 1862.7765516518132 10.535704105643909 0.8187696791899377 585.9760320290837 0.0
4362.368272056445 1904.8706241921197 10.623248160782435 0.816968774676667 589.9548350790684 0.0
4414.637248333019 1947.524975739938 10.71155077491572 0.8151524945227209 593.9531011119569 0.0
4467.7612308075095 1990.7804017653134 10.800690125173494 0.8133351060547014 597.9740527294582 0.0
4521.778127794327 2034.6647930536258 10.890718927056938 0.8115154523710757 602.019805726412 0.0
4576.7029762841885 2079.186655800332 10.981646979092341 0.8096879640039099 606.0904271513187 0.0
4632.46569683291 2124.2856522188513 11.073344364220864 0.8078555525834616 610.1797613821134 0.0
4689.1442739580625 2170.021300960714 11.16592555144958 0.8060163452203746 614.2925763096104 0.0
4746.773658139933 2216.4179852770176 11.259432523690293 0.8041701990715531 618.4303648993331 0.0
4805.369878302533 2263.4846801291983 11.353875804569011 0.8023067120602612 622.5932101621104 0.0
4864.854349418349 2311.1532499637806 11.449107358719107 0.8004144458722919 626.7740504200112 0.0
4925.341822437929 2359.510041339196 11.545286713644412 0.7985237188955914 630.9792782513232 0.0
4986.844025624893 2408.563001513418 11.642432279813557 0.7966501823389365 635.2097160524316 0.0
5049.378078003371 2458.321610876917 11.740555322456862 0.7947582574129726 639.4654611461091 0.0
