e[MeV/fm^3], P[MeV/fm^3], rho[fm^-3], v2[1], mu_q[MeV], mu_e[MeV]
70.21755168181654 0.006206087273093519 0.07407856508846018 0.017597877650005332 316.5185077347417 89.2771661002368
71.43578994790998 0.027644495228360377 0.07535555647246353 0.0175978776500052 316.5894798429086 89.8124074562691
72.67502861766434 0.04945246571785267 0.07665456106626496 0.017597877650005228 316.6616753923034 90.35687548400062
73.93562970314778 0.07163636938565421 0.07797595834102777 0.01759787765000538 316.7351154730202 90.91072923592193
75.21796145691394 0.09420268669514797 0.07932013430936638 0.01759787765000533 316.8098215387112 91.47413050632369
76.5223984795798 0.11715800982215896 0.0806874816381126 0.01759787765000522 316.8858154128541 92.04724387856187
77.84932182925448 0.14050904458066893 0.08207839976302188 0.017597877650005325 316.96311929512683 92.630236773136
79.19911913285509 0.16426261238173973 0.08349329500545777 0.017597877650005436 317.0417557678931 93.22327949659658
80.57218469934486 0.18842565222626206 0.08493258069109116 0.017597877650005332 317.12174780279906 93.82654529129692
81.96891963491473 0.21300522273190858 0.08639667727063695 0.017597877650005284 317.20311876748366 94.44021038599915
83.38973196016327 0.23800850419525207 0.0878860124426853 0.017597877650005242 317.2858924324053 95.06445404735784
84.83503672928572 0.26344280068923775 0.08940102127863886 0.01759787765000527 317.37009297778565 95.69945863228664
86.3052561513196 0.28931554219685157 0.0909421463498059 0.01759787765000538 317.45574500067295 96.34540964122833
87.80081971348744 0.3156342867816875 0.09250983785669148 0.017597877650005325 317.54287352212793 97.00249577234631
89.32216430665855 0.3424067227958098 0.09410455376051008 0.01759787765000531 317.63150399453286 97.67090897664707
90.86973435297011 0.3696406711256137 0.09572675991696154 0.017597877650005242 317.7216623090265 98.3508445140514
92.44398193566516 0.39734408747669764 0.0973769302123309 0.017597877650005228 317.8133748030682 99.04250101043964
94.04536693114535 0.4255250646977123 0.09905554670190979 0.01759787765000531 317.90666826813106 99.74608051566989
95.67435714332068 0.45419183514462985 0.10076309975082554 0.017892055534992374 318.00156995752883 100.46178856260559
97.33169327479138 0.4843410207312542 0.10250008817728433 0.018775745774211428 318.10048622561175 101.18570399772256
99.01814146064449 0.5170082040359527 0.10426701939828847 0.020025246310001077 318.2058447860128 101.91428658825437
100.73429318912723 0.5525181669555139 0.1060644095778678 0.02129999675038627 318.31828524079526 102.64750316311726
102.48063871606901 0.5907964457966746 0.10789278377786223 0.022549781036994038 318.43751805132047 103.38670836290729
104.25774423592242 0.6320103592916358 0.10975267611130558 0.023887708108000116 318.5638120290785 104.13237516689382
106.06623539667063 0.676492214395437 0.11164462989845152 0.025339806313660923 318.697770868173 104.88465247088972
107.90674784282342 0.7245234535359056 0.11356919782549418 0.026726883379044414 318.8398212612412 105.64215664334085
109.77980899298537 0.7757858510810522 0.11552694210601787 0.028008654354195556 318.9889635986241 106.39548846211913
111.68603200563659 0.8304189676497289 0.11751843464523576 0.02941848660514751 319.1453310518051 107.14305877628786
113.62612253642692 0.8889903796251314 0.1195442572070575 0.0310000273545607 319.31003653378224 107.89037199216354
115.60075117782822 0.9518318179215621 0.1216050015840337 0.03259969837934959 319.4836179784206 108.6399435927219
117.61049319554543 1.0189345897359714 0.12370126977023699 0.03419210470702347 319.6659546827271 109.3941654142798
119.65602415051524 1.0905481505064962 0.12583367413711752 0.03592218882239359 319.8573917239201 110.15411877028433
121.73815641876267 1.1672766767204164 0.12800283761239192 0.03778190969818496 320.0588603075681 110.92020174565145
123.85759205422588 1.2493614886182018 0.1302093938620144 0.0396255479711905 320.27062777688235 111.69348487044105
126.01496433860267 1.3368161240061027 0.13245398747528928 0.041461386350795104 320.4925793312381 112.47517112638602
128.2110155783424 1.429932568241939 0.13473727415316794 0.04346252473119688 320.7250671173629 113.26594974297757
130.4466887956552 1.52951487508801 0.1370599208997976 0.045590760196347446 320.969220213987 114.06610244230104
132.72270298041246 1.6357091714792171 0.13942260621736857 0.04767926014436641 321.22510082538804 114.87651716166351
135.03976205186157 1.748593799706529 0.14182602030432198 0.04977029748745049 321.49267975935425 115.69799950047124
137.3986835249372 1.8685229353243933 0.14427086525697244 0.05206400529136951 321.77234677231564 116.53110782929468
139.80057355445675 1.9965668028217445 0.14675785527460983 0.05448295484632937 322.0654823434704 117.37614392238619
142.24614757531495 2.1327305435734982 0.1492877168681315 0.05683638595368079 322.37191652081754 118.23384218287305
144.73619757503982 2.2771938463603174 0.15186118907227755 0.059208520968313694 322.69174413674494 119.10477732777403
147.27162660197732 2.430390920319256 0.15447902366151722 0.0618292055008095 323.0254080857181 119.98940983187808
149.85374556019306 2.5937403356179334 0.15714198536966398 0.06457197399617759 323.3745941649684 120.88804723823948
152.4832372283129 2.7670401807274834 0.15985085211327107 0.06721882453614525 323.7388555425644 121.80124809303793
155.16100474728017 2.9506159576823916 0.1626064152188807 0.06990575565196155 324.1184454344821 122.72942464238325
157.8880490867394 3.1450019316856195 0.16540947965419006 0.07289593855263288 324.5138717435153 123.67293532678868
160.66593902373984 3.3520690822739376 0.16826086426320178 0.07600220080988451 324.92718571735776 124.63202719571277
163.4952840125817 3.5713158744339593 0.17116140200542868 0.07897532922519734 325.3576004812541 125.6070903482084
166.37712853614147 3.8032695276021222 0.17411194019922174 0.08202037368123771 325.8055622707938 126.59840218489457
169.31260061973967 4.048620249866702 0.17711334076929286 0.08542133552471287 326.2716886567447 127.60620334892384
172.303551331823 4.309718566586897 0.18016648049850292 0.0889270452590527 326.7583492276527 128.63058410314463
175.35050383107742 4.585737524453315 0.1832722512839939 0.09226446929582366 327.26444376458807 129.67181814230588
178.45466868853612 4.877441713994387 0.18643156039773165 0.09572802473872655 327.7906096931573 130.73004905217363
181.61738960046912 5.18586172672753 0.18964533075154347 0.09956214286511778 328.3377308078966 131.80536363429957
184.84067158507494 5.5134958934314255 0.19291450116672415 0.10348029397253222 328.90808973361146 132.89762523650757
188.12508868773136 5.859506730761704 0.19624002664828616 0.10723125726635341 329.50063467169656 134.00704679883177
191.47199658539387 6.224818666062787 0.19962287866394354 0.11114950466071183 330.116072530961 135.1336328978941
194.88301649425165 6.610906017540677 0.2030640454278977 0.11544544815415358 330.7555888744374 136.2772622126371
198.3602890613904 7.020342674256472 0.2065645321895225 0.11979382346787826 331.42129567013734 137.43754067535426
201.9044613376726 7.452308308070558 0.2101253615270204 0.12397650239191993 332.11220306471756 138.61467605675114
205.5170562570145 7.907903230714149 0.21374757364614289 0.1283699626450635 332.8290718474655 139.80852765902867
209.2000509218192 8.389163756231573 0.21743222668406043 0.1331367755092301 333.57341318817043 141.01869117551004
212.95568685700158 8.89862029273525 0.22118039701847075 0.1379109881763032 334.34705688852574 142.2445530860434
216.7847142491265 9.435507109353031 0.224993179582034 0.1425209986125906 335.149090910276 143.4863497980139
220.6888478651131 10.001107919216421 0.22887168818223044 0.1473848211915132 335.9803024130194 144.74379875149575
224.67051841244387 10.598148441577159 0.23281705582673115 0.15260238957125072 336.84253077264475 146.0161250814302
228.73201076449018 11.228941923303356 0.23683043505437643 0.1577674592771845 337.73719306437926 147.30260528428684
232.87421847820065 11.892825884399452 0.2409129982718618 0.16276966708385543 338.6634726746745 148.60351662363965
237.09907459677976 12.591262929879372 0.2450659380962259 0.1680647442175771 339.6221443059857 149.91845083271977
241.4095830266287 13.327795359770137 0.24929046770324403 0.17367604335428166 340.61534675451054 151.2461733723472
245.80798450797525 14.104290408314728 0.25358782118182577 0.17916063314688135 341.6439533067965 152.5860269646372
250.29536865638684 14.920249387540146 0.2579592538945237 0.18448376658109078 342.70726027181 153.9383214680799
254.87391430339358 15.777295306389933 0.26240604284425445 0.19013115054428797 343.8059831368225 155.30255316107613
259.54734193097937 16.679902122692877 0.2669294870473437 0.19603884001981875 344.9424917462097 156.67695034502995
264.3177234138911 17.62921742422393 0.2715309079130002 0.20173455319505607 346.11701155796936 158.06114921462316
269.1864120746621 18.624978432827973 0.2762116496293318 0.20727097595137622 347.328966229596 159.45546560193614
274.15586021544175 19.66893704821644 0.28097307955601647 0.2131521958171756 348.57896372915343 160.8593430130801
279.2306731431928 20.76658998854091 0.28581658862374093 0.21922189252154145 349.86949367684684 162.27041922778363
284.412585417037 21.918069468750467 0.29074359174052566 0.2249894143101847 351.2000887836266 163.68887481305947
289.7032992122702 23.123430865940225 0.29575552820505524 0.2306016920899494 352.5703075794808 165.1149897852477
295.1055673860831 24.38451504681977 0.300853862127132 0.23656661428271297 353.98060905644974 166.5482047162215
300.6250734626658 25.70790002720107 0.3060400828553784 0.24263779812409947 355.4334521442952 358.8449677200087
306.2629978571605 27.092417065261266 0.3113157054123131 0.24831998114039466 356.9277197298895 336.02039692639335
312.0214966673664 28.538529352055203 0.3166822709369256 0.2538541104542591 358.4631014669581 312.56781755520285
317.9036494111742 30.048126085066315 0.3221413471348811 0.2597359108053192 360.03988091456415 288.48289831131217
323.9164360611114 31.628890065835524 0.32769452873648597 0.2656390932017807 361.66030746350987 263.7312803020413
330.06021547034334 33.278110584552124 0.3333434379625472 0.2710787578055842 363.3227610243933 238.33770999556197
336.3377248306841 34.996751726455315 0.3390897249982634 0.2764763451022638 365.0270429856405 212.3052211349422
345.22216457910537 37.48851907694805 0.3471874959610908 0.005926650336983946 366.7732551876847 185.63225813254823
527.4493664585485 39.110205130008154 0.9346764704437134 0.01187185654162104 368.5632457970251 158.5973555140199
744.8403165450313 42.46195456082129 1.6386566793335406 0.020380394995682782 370.39513942729127 132.07697608490622
925.6952115520595 46.894476391529444 2.2352839849362 0.028485554980499678 372.26881070045994 106.17027364508243
1093.39424479736 52.28987504346044 2.8084441483130758 0.03296705927858948 374.18425749083553 80.76858318086117
1283.9444102124314 58.74365663657797 3.4910580405363048 0.0723467981720663 376.1425479489815 54.88374152819088
1367.889377816258 66.23975076287384 3.7919775430994958 0.4622328982267474 378.1420680020603 28.78455268133139
1382.6344072786328 74.021283595082 3.831410596104064 0.5371012158767803 380.18264288681297 8.194460453020092
1397.3057643440952 82.03795176322895 3.8699106627574404 0.5459399596628098 382.2641765278808 0.0
1412.4446239058293 90.29541961224716 3.9094025108024506 0.544662083803293 384.38684656688184 0.0
1428.072446668018 98.79461561825634 3.9499453074646524 0.5430612012571152 386.54960838431725 0.0
1444.1994225279157 107.53941836084041 3.991550857834635 0.5414559749085761 388.75217980057613 0.0
1460.8358148244065 116.53371851222332 4.0342309278420725 0.5398209125028961 390.99427615507426 0.0
1477.998614930342 125.78405318849906 4.078005699100032 0.538095570470043 393.27543963785325 0.0
1495.7156508066496 135.30141223957907 4.122910645313603 0.536385704461352 395.59516773161965 0.0
1513.9738657853948 145.07978306946072 4.168921978455581 0.534760442124508 397.95311125729603 0.0
1532.781555679843 155.12189994733615 4.216045659312262 0.533139192795522 400.3486982341418 0.0
1552.1452270632285 165.4295318429893 4.264283087772446 0.531394388386417 402.78113502043635 0.0
1572.1228581396317 176.02649513694877 4.313716304427932 0.5296284186657809 405.2503908250171 0.0
1592.6881054231947 186.90122286176256 4.364301884452439 0.5279961153759016 407.7560864453435 0.0
1613.8412183391777 198.05267875123172 4.4160303449594895 0.5262908025500215 410.2972643916196 0.0
1635.6260637108817 209.4979376998627 4.4689555591894194 0.5245227510374058 412.8731075256692 0.0
1658.0497417081901 221.2399474673243 4.523088154395786 0.5228559301246491 415.48395412590855 0.0
1681.097876941498 233.27214779328895 4.578402270613977 0.5211260940146358 418.12942481666244 0.0
1704.8317629335227 245.6179982206888 4.63496969775462 0.5193648937831989 420.80808286670407 0.0
1729.2177990570087 258.26287064354426 4.692735841527595 0.5176943449105993 423.519388423576 0.0
1754.2886148921327 271.2203713241744 4.751748942496544 0.5159466877506977 426.263926491692 0.0
1780.0861386899849 284.5069106851856 4.812061460296018 0.5142498368906754 429.04133904117657 0.0
1806.5578756129132 298.09876223092897 4.8735801040692275 0.5125185369280381 431.84962364736657 0.0
1833.7985305508769 312.034057576318 4.936432541624957 0.510805663173004 434.68879187402194 0.0
1861.7447559242546 326.2874515073039 5.000535071275584 0.5090941495679777 437.55954505588323 0.0
1890.5115582151034 340.9047708969905 5.06603850912176 0.5073773013956231 440.4615602408136 0.0
1919.9920848947036 355.8397341088028 5.132770312791011 0.5056832981910979 443.39219174670734 0.0
1950.3133834825228 371.14398425269235 5.200906063906438 0.5039669221981713 446.35224304333093 0.0
1981.413678795719 386.7929721761537 5.270365446404194 0.5022960485127133 449.3424024244641 0.0
2013.3838779568196 402.82248831909374 5.341263850904507 0.5005864207307589 452.3623894048231 0.0
2046.1607251710623 419.2031527326494 5.4134815874908355 0.49893910283741594 455.4088468583903 0.0
2079.8015228692648 435.9594056329956 5.487107912276461 0.49724413690787195 458.48357591050296 0.0
2114.3551995775265 453.1108840662419 5.562208142054978 0.49559841070093125 461.5871295346198 0.0
2149.7904844262926 470.6444422990094 5.638735164460378 0.4939403345427644 464.7192724425523 0.0
2186.1540404580273 488.5736011240664 5.71670529386514 0.4922599459345367 467.87587687666405 0.0
2223.4522393525363 506.90367238195046 5.796151147163897 0.4906739265819722 471.0599151315838 0.0
2261.699163212291 525.6401384762063 5.877089854110413 0.48902300871250404 474.2716930347005 0.0
2300.992832490247 544.8209843840579 5.959640065266247 0.4873657304788397 477.5110201023164 0.0
2341.2305927009384 564.3995505178558 6.043616264418632 0.4858048203696459 480.77294680996494 0.0
2382.4866986022357 584.4095151595777 6.12915146654689 0.48420224351714847 484.06176219100337 0.0
2424.8363610066212 604.8798427318591 6.216334820499293 0.4825786585673404 487.37742484726095 0.0
2468.277031224461 625.8083617708771 6.305152315141574 0.48101323743020696 490.71942709513365 0.0
2512.7513527300375 647.166529280019 6.395478169802853 0.4794802210230884 494.0830324628434 0.0
2558.348947670786 668.9943449829157 6.487466996587679 0.4779069989723874 497.47289006040484 0.0
2605.1477418138847 691.32146691968 6.581207638563282 0.4763296324525035 500.8888825459008 0.0
2653.125310378481 714.1373256708919 6.676655660102157 0.47480880693818595 504.3299917615031 0.0
2702.243676459509 737.4217545354204 6.773716142222848 0.47330809975082033 507.7922253856572 0.0
2752.5973221029276 761.2163853143877 6.8725470188724245 0.47181478811104505 511.2801267663313 0.0
2804.2176184261784 785.5326816269935 6.973179194618008 0.47029730169237816 514.7936148893198 0.0
2857.154642350904 810.3873747084107 7.075648300717121 0.4687855369928533 518.3310928584808 0.0
2911.3558210933115 835.7556567961109 7.179850521181441 0.4673204171975254 521.8894715714698 0.0
2966.913400153878 861.6779085915512 7.28593729613148 0.4658691921110103 525.4730848306887 0.0
3023.8613405161827 888.1665009847947 7.393941390978223 0.4644274000176116 529.0818842067226 0.0
3082.198718682267 915.217573476437 7.503829254659577 0.4629964120440766 532.7136335653959 0.0
3141.9256780634373 942.8278855283526 7.615570359112717 0.4615772336943529 536.3662857953279 0.0
3203.1429669983077 971.04057768186 7.729321148932566 0.46016841415775467 540.0438741161018 0.0
3265.8874522949322 999.8690352025469 7.84511641747368 0.45876214794322134 543.7463790946406 0.0
3330.159796286098 1029.3089388065878 7.962914345400518 0.45736532489252557 547.4708712870953 0.0
3395.9707473905796 1059.3624937273437 8.082708649441571 0.45599181398669053 551.216467733508 0.0
3463.413807651623 1090.069452649928 8.204641398877202 0.4546344887876179 554.9868210458568 0.0
3532.528792530275 1121.444231111152 8.328749397258864 0.45328860606503607 558.781937487146 0.0
3603.2876441164294 1153.470467163711 8.454947739610262 0.4519556634338384 562.5981454122898 0.0
3675.735214501845 1186.1649447197674 8.583282747540325 0.45063583915040084 566.4358348263322 0.0
3749.97193699636 1219.5693162102405 8.713897109667114 0.44932813875835986 570.2982070044372 0.0
3826.04092429847 1253.699144729713 8.846829810390265 0.44803249303296155 574.1852909518561 0.0
3903.8961283979324 1288.5300533229054 8.981964457295524 0.4467505127185589 578.0926279967849 0.0
3983.6128112204797 1324.0920921382844 9.119396494424738 0.44548187374816806 582.021979385741 0.0
4065.2886819217806 1360.4250374344688 9.259257272949613 0.4442257738769131 585.9760320290837 0.0
4148.970362173479 1397.5456714011013 9.401588036624139 0.4429758611441139 589.9548350790684 0.0
4234.606283685237 1435.4262063946735 9.546253467025842 0.44173421665040724 593.9531011119569 0.0
4322.3077077974895 1474.1121586418815 9.693404920700662 0.4405104885895028 597.9740527294582 0.0
4412.15769606796 1513.6368592171957 9.843148660461754 0.43930363760182534 602.019805726412 0.0
4504.206792389314 1554.018448474245 9.995528378719188 0.43810964182190215 606.0904271513187 0.0
4598.3618548522745 1595.2121977006111 10.15035127768212 0.43693019784160114 610.1797613821134 0.0
4694.7790091380175 1637.2825517627934 10.307835358636376 0.4357638801099979 614.2925763096104 0.0
4793.543994627341 1680.262801190352 10.468079342715194 0.4346104025417148 618.4303648993331 0.0
4894.711325650907 1724.1724609217101 10.631129348301103 0.43346331225351165 622.5932101621104 0.0
4998.179819925619 1768.9622859457793 10.79676918081118 0.43231576140973615 626.7740504200112 0.0
5104.187683453236 1814.7294722161978 10.965321146893741 0.43118577054918283 630.9792782513232 0.0
5212.765316093693 1861.485647284057 11.136816239540433 0.43008260391235886 635.2097160524316 0.0
5323.9716624597895 1909.251855410001 11.31130320607936 0.42897283108404594 639.4654611461091 0.0
