e[MeV/fm^3], P[MeV/fm^3], rho[fm^-3], v2[1], mu_q[MeV], mu_e[MeV]
70.21755168181654 0.006206087273093519 0.07407856508846018 0.017597877650005332 316.5185077347417 89.2771661002368
71.43578994790998 0.027644495228360377 0.07535555647246353 0.0175978776500052 316.5894798429086 89.8124074562691
72.67502861766434 0.04945246571785267 0.07665456106626496 0.017597877650005228 316.6616753923034 90.35687548400062
73.93562970314778 0.07163636938565421 0.07797595834102777 0.01759787765000538 316.7351154730202 90.91072923592193
75.21796145691394 0.09420268669514797 0.07932013430936638 0.01759787765000533 316.8098215387112 91.47413050632369
76.5223984795798 0.11715800982215896 0.0806874816381126 0.01759787765000522 316.8858154128541 92.04724387856187
77.84932182925448 0.14050904458066893 0.08207839976302188 0.017597877650005325 316.96311929512683 92.630236773136
79.19911913285509 0.16426261238173973 0.08349329500545777 0.017597877650005436 317.0417557678931 93.22327949659658
80.57218469934486 0.18842565222626206 0.08493258069109116 0.017597877650005332 317.12174780279906 93.82654529129692
81.96891963491473 0.21300522273190858 0.08639667727063695 0.017597877650005284 317.20311876748366 94.44021038599915
83.38973196016327 0.23800850419525207 0.0878860124426853 0.017597877650005242 317.2858924324053 95.06445404735784
84.83503672928572 0.26344280068923775 0.08940102127863886 0.01759787765000527 317.37009297778565 95.69945863228664
86.3052561513196 0.28931554219685157 0.0909421463498059 0.01759787765000538 317.45574500067295 96.34540964122833
87.80081971348744 0.3156342867816875 0.09250983785669148 0.017597877650005325 317.54287352212793 97.00249577234631
89.32216430665855 0.3424067227958098 0.09410455376051008 0.01759787765000531 317.63150399453286 97.67090897664707
90.86973435297011 0.3696406711256137 0.09572675991696154 0.017597877650005242 317.7216623090265 98.3508445140514
92.44398193566516 0.39734408747669764 0.0973769302123309 0.017597877650005228 317.8133748030682 99.04250101043964
94.04536693114535 0.4255250646977123 0.09905554670190979 0.01759787765000531 317.90666826813106 99.74608051566989
95.67435714332068 0.45419183514462985 0.10076309975082554 0.017892055534992374 318.00156995752883 100.46178856260559
97.33169327479138 0.4843410207312542 0.10250008817728433 0.018775745774211428 318.10048622561175 101.18570399772256
99.01814146064449 0.5170082040359527 0.10426701939828847 0.020025246310001077 318.2058447860128 101.91428658825437
100.73429318912723 0.5525181669555139 0.1060644095778678 0.02129999675038627 318.31828524079526 102.64750316311726
102.48063871606901 0.5907964457966746 0.10789278377786223 0.022549781036994038 318.43751805132047 103.38670836290729
104.25774423592242 0.6320103592916358 0.10975267611130558 0.023887708108000116 318.5638120290785 104.13237516689382
106.06623539667063 0.676492214395437 0.11164462989845152 0.025339806313660923 318.697770868173 104.88465247088972
107.90674784282342 0.7245234535359056 0.11356919782549418 0.026726883379044414 318.8398212612412 105.64215664334085
109.77980899298537 0.7757858510810522 0.11552694210601787 0.028008654354195556 318.9889635986241 106.39548846211913
111.68603200563659 0.8304189676497289 0.11751843464523576 0.02941848660514751 319.1453310518051 107.14305877628786
113.62612253642692 0.8889903796251314 0.1195442572070575 0.0310000273545607 319.31003653378224 107.89037199216354
115.60075117782822 0.9518318179215621 0.1216050015840337 0.03259969837934959 319.4836179784206 108.6399435927219
117.61049319554543 1.0189345897359714 0.12370126977023699 0.03419210470702347 319.6659546827271 109.3941654142798
119.65602415051524 1.0905481505064962 0.12583367413711752 0.03592218882239359 319.8573917239201 110.15411877028433
121.73815641876267 1.1672766767204164 0.12800283761239192 0.03778190969818496 320.0588603075681 110.92020174565145
123.85759205422588 1.2493614886182018 0.1302093938620144 0.0396255479711905 320.27062777688235 111.69348487044105
126.01496433860267 1.3368161240061027 0.13245398747528928 0.041461386350795104 320.4925793312381 112.47517112638602
128.2110155783424 1.429932568241939 0.13473727415316794 0.04346252473119688 320.7250671173629 113.26594974297757
130.4466887956552 1.52951487508801 0.1370599208997976 0.045590760196347446 320.969220213987 114.06610244230104
132.72270298041246 1.6357091714792171 0.13942260621736857 0.04767926014436641 321.22510082538804 114.87651716166351
135.03976205186157 1.748593799706529 0.14182602030432198 0.04977029748745049 321.49267975935425 115.69799950047124
137.3986835249372 1.8685229353243933 0.14427086525697244 0.05206400529136951 321.77234677231564 116.53110782929468
139.80057355445675 1.9965668028217445 0.14675785527460983 0.05448295484632937 322.0654823434704 117.37614392238619
142.24614757531495 2.1327305435734982 0.1492877168681315 0.05683638595368079 322.37191652081754 118.23384218287305
144.73619757503982 2.2771938463603174 0.15186118907227755 0.059208520968313694 322.69174413674494 119.10477732777403
147.27162660197732 2.430390920319256 0.15447902366151722 0.0618292055008095 323.0254080857181 119.98940983187808
149.85374556019306 2.5937403356179334 0.15714198536966398 0.06457197399617759 323.3745941649684 120.88804723823948
152.4832372283129 2.7670401807274834 0.15985085211327107 0.06721882453614525 323.7388555425644 121.80124809303793
155.16100474728017 2.9506159576823916 0.1626064152188807 0.06990575565196155 324.1184454344821 122.72942464238325
157.8880490867394 3.1450019316856195 0.16540947965419006 0.07289593855263288 324.5138717435153 123.67293532678868
160.66593902373984 3.3520690822739376 0.16826086426320178 0.07600220080988451 324.92718571735776 124.63202719571277
163.4952840125817 3.5713158744339593 0.17116140200542868 0.07897532922519734 325.3576004812541 125.6070903482084
166.37712853614147 3.8032695276021222 0.17411194019922174 0.08202037368123771 325.8055622707938 126.59840218489457
169.31260061973967 4.048620249866702 0.17711334076929286 0.08542133552471287 326.2716886567447 127.60620334892384
172.303551331823 4.309718566586897 0.18016648049850292 0.0889270452590527 326.7583492276527 128.63058410314463
175.35050383107742 4.585737524453315 0.1832722512839939 0.09226446929582366 327.26444376458807 129.67181814230588
178.45466868853612 4.877441713994387 0.18643156039773165 0.09572802473872655 327.7906096931573 130.73004905217363
181.61738960046912 5.18586172672753 0.18964533075154347 0.09956214286511778 328.3377308078966 131.80536363429957
184.84067158507494 5.5134958934314255 0.19291450116672415 0.10348029397253222 328.90808973361146 132.89762523650757
188.12508868773136 5.859506730761704 0.19624002664828616 0.10723125726635341 329.50063467169656 134.00704679883177
191.47199658539387 6.224818666062787 0.19962287866394354 0.11114950466071183 330.116072530961 135.1336328978941
194.88301649425165 6.610906017540677 0.2030640454278977 0.11544544815415358 330.7555888744374 136.2772622126371
198.3602890613904 7.020342674256472 0.2065645321895225 0.11979382346787826 331.42129567013734 137.43754067535426
201.9044613376726 7.452308308070558 0.2101253615270204 0.12397650239191993 332.11220306471756 138.61467605675114
205.5170562570145 7.907903230714149 0.21374757364614289 0.1283699626450635 332.8290718474655 139.80852765902867
209.2000509218192 8.389163756231573 0.21743222668406043 0.1331367755092301 333.57341318817043 141.01869117551004
212.95568685700158 8.89862029273525 0.22118039701847075 0.1379109881763032 334.34705688852574 142.2445530860434
216.7847142491265 9.435507109353031 0.224993179582034 0.1425209986125906 335.149090910276 143.4863497980139
220.6888478651131 10.001107919216421 0.22887168818223044 0.1473848211915132 335.9803024130194 144.74379875149575
224.67051841244387 10.598148441577159 0.23281705582673115 0.15260238957125072 336.84253077264475 146.0161250814302
228.73201076449018 11.228941923303356 0.23683043505437643 0.1577674592771845 337.73719306437926 147.30260528428684
232.87421847820065 11.892825884399452 0.2409129982718618 0.16276966708385543 338.6634726746745 148.60351662363965
237.09907459677976 12.591262929879372 0.2450659380962259 0.1680647442175771 339.6221443059857 149.91845083271977
241.4095830266287 13.327795359770137 0.24929046770324403 0.17367604335428166 340.61534675451054 151.2461733723472
245.80798450797525 14.104290408314728 0.25358782118182577 0.17916063314688135 341.6439533067965 152.5860269646372
250.29536865638684 14.920249387540146 0.2579592538945237 0.18448376658109078 342.70726027181 153.9383214680799
254.87391430339358 15.777295306389933 0.26240604284425445 0.19013115054428797 343.8059831368225 155.30255316107613
259.54734193097937 16.679902122692877 0.2669294870473437 0.19603884001981875 344.9424917462097 156.67695034502995
264.3177234138911 17.62921742422393 0.2715309079130002 0.20173455319505607 346.11701155796936 158.06114921462316
269.1864120746621 18.624978432827973 0.2762116496293318 0.20727097595137622 347.328966229596 159.45546560193614
274.15586021544175 19.66893704821644 0.28097307955601647 0.2131521958171756 348.57896372915343 160.8593430130801
279.2306731431928 20.76658998854091 0.28581658862374093 0.21922189252154145 349.86949367684684 162.27041922778363
284.412585417037 21.918069468750467 0.29074359174052566 0.2249894143101847 351.2000887836266 163.68887481305947
289.7032992122702 23.123430865940225 0.29575552820505524 0.2306016920899494 352.5703075794808 165.1149897852477
295.1055673860831 24.38451504681977 0.300853862127132 0.23656661428271297 353.98060905644974 166.5482047162215
300.6250734626658 25.70790002720107 0.3060400828553784 0.24263779812409947 355.4334521442952 167.985546141962
306.2629978571605 27.092417065261266 0.3113157054123131 0.24831998114039466 356.9277197298895 169.42797804232237
312.0214966673664 28.538529352055203 0.3166822709369256 0.2538541104542591 358.4631014669581 170.8756920374787
317.9036494111742 30.048126085066315 0.3221413471348811 0.2597359108053192 360.03988091456415 172.3281747479247
323.9164360611114 31.628890065835524 0.32769452873648597 0.26606487768123 361.66030746350987 173.78185544558517
327.2817958251736 32.52655219846736 0.33078208134070486 0.04171955437288788 363.3227610243933 170.6246777772827
382.4395907924897 35.180853275532336 0.5339395113452655 0.05452436105693648 365.0270429856405 162.13502560817315
417.82280572243974 37.25542224396421 0.6642902659940889 0.06383452715779314 366.7732551876847 153.74044461220356
451.1418772974901 39.54557796024468 0.7872926042171209 0.0743505333344251 368.5632457970251 145.43426424733155
482.5456290429082 42.0467024411303 0.9034446263943788 0.08557333600038064 370.39513942729127 137.22273098975194
512.2623177482028 44.75638943344459 1.0134944364743792 0.09733977907979663 372.26881070045994 129.1007845463693
540.5245753973757 47.67289219741635 1.11818891323931 0.1095277560707868 374.18425749083553 121.06130427119804
567.5516992017792 50.796807760803574 1.2181994362123854 0.12216305258409987 376.1425479489815 113.0922064968387
593.4453687946504 54.123257510952755 1.3136535011098844 0.13504069838871224 378.1420680020603 105.20455303779484
618.3629002994761 57.645793680333455 1.404986273713189 0.14665388216925046 380.18264288681297 97.43345347200975
642.8879375432671 61.370085315761216 1.4950412566399813 0.15691775550527587 382.2641765278808 89.72568087562283
667.159657897595 65.30032050754771 1.5843350166924024 0.16680635762725426 384.38684656688184 82.06549790979278
691.2641362359743 69.43791621086653 1.673150926982841 0.1763339709801388 386.54960838431725 74.44985224780383
715.2868001224912 73.7860058957892 1.7617785420775098 0.18547293328832093 388.75217980057613 66.87319314600806
739.3045155360304 78.34806200697147 1.8504842419415541 0.19434191603786077 390.99427615507426 59.3303169355688
763.3758876209396 83.13220362566649 1.9394787410122045 0.20319812036565654 393.27543963785325 51.82197015774064
787.5526388457403 88.1529298873378 2.0289648229113206 0.21145191961449417 395.59516773161965 44.35432889091504
811.9305309472443 93.40070488608262 2.119318151726014 0.21876400977787158 397.95311125729603 36.90709305699496
836.5773826719382 98.87967048281261 2.210880427318122 0.22529347782002707 400.3486982341418 29.476505225643145
861.6032502512545 104.59393208487582 2.3043574865635 0.228484172784146 402.78113502043635 22.058650650069204
887.7732829561388 110.57747442764813 2.405646992011781 0.22738759836442446 405.2503908250171 14.656380600173032
915.4306536080826 116.82978165794965 2.5176463215169 0.26177138947109535 407.7560864453435 7.198135192436799
937.8006757557179 123.33170284345474 2.586232507309987 0.3106928812380496 410.2972643916196 0.6112573156043268
958.2478263136943 130.05901764734534 2.6359070742329216 0.32903518147445476 412.8731075256692 0.0
979.3731411745738 137.01054141606974 2.6869043032805466 0.32908413953042626 415.48395412590855 0.0
1001.1611728078024 144.18115008724345 2.7391932368034637 0.32913422684326 418.12942481666244 0.0
1023.6871309433162 151.59583201079488 2.792880638825845 0.3291849975653176 420.80808286670407 0.0
1046.9133632942044 159.24211798505303 2.8478983554769717 0.3292328811770071 423.519388423576 0.0
1070.8776488697265 167.13253792259314 2.9043057437338993 0.32928270896819534 426.263926491692 0.0
1095.6307031031542 175.28393608851712 2.9621752930263745 0.3293308646117241 429.04133904117657 0.0
1121.115464606634 183.67743400755182 3.0213991693022555 0.3293796979548924 431.84962364736657 0.0
1147.4443316929173 192.3503382137142 3.0821467349145784 0.3294278173517644 434.68879187402194 0.0
1174.5417992468954 201.2775878127788 3.1443012878137178 0.3294755895492445 437.55954505588323 0.0
1202.5453291689398 210.5048197424019 3.208065586742364 0.32952332704854026 440.4615602408136 0.0
1231.334699423223 219.99220649201436 3.273231744285737 0.32957012882792514 443.39219174670734 0.0
1261.0597055786052 229.78945851521402 3.3400263930094765 0.3296173622072214 446.35224304333093 0.0
1291.6463782356077 239.87201979708712 3.408337429587177 0.32966306640030396 449.3424024244641 0.0
1323.2042530289448 250.2762680060216 3.4783202517192287 0.3297096278392857 452.3623894048231 0.0
1355.6661676873 260.9800006731619 3.549842806563699 0.3297542515158325 455.4088468583903 0.0
1389.0973654484324 272.00484571423567 3.6230091769663835 0.3297999371882674 458.48357591050296 0.0
1423.5560469353504 283.3701261362624 3.69790163977927 0.3298440924762822 461.5871295346198 0.0
1459.0062227730434 295.06391088325097 3.7744595406295627 0.32988833416107477 464.7192724425523 0.0
1495.51393120804 307.1082420415828 3.8527375001470294 0.3299329773789914 467.87587687666405 0.0
1533.081181467531 319.5037276493056 3.932755069606688 0.32997490239777294 471.0599151315838 0.0
1571.7250680853256 332.25604892015616 4.014532541300589 0.3300183174985363 474.2716930347005 0.0
1611.5649263567868 345.4048557203669 4.098228918914178 0.3300617161495518 477.5110201023164 0.0
1652.489697796143 358.91340565754274 4.183637497636469 0.33010238691967775 480.77294680996494 0.0
1694.579866765336 372.80833276534054 4.270900570100307 0.3301439402756472 484.06176219100337 0.0
1737.9273668394637 387.1201881559227 4.36013679149757 0.3301858527899393 487.37742484726095 0.0
1782.5314919837065 401.8487666616238 4.451331618124815 0.33022607600478526 490.71942709513365 0.0
1828.3351927255967 416.97525698382776 4.544355930142495 0.33026528412724154 494.0830324628434 0.0
1875.4369218693428 432.5322555532421 4.6393778097171054 0.3303053321172227 497.47289006040484 0.0
1923.9326444543938 448.55166231334715 4.736516112101224 0.33034531494929986 500.8888825459008 0.0
1973.7988634255385 465.0257153071016 4.835719988716413 0.33038368850327693 504.3299917615031 0.0
2025.0003707711796 481.9428411235247 4.936895338645714 0.33042138673479293 507.7922253856572 0.0
2077.6420446593106 499.3377772897788 5.040215497529354 0.3304587361777749 511.2801267663313 0.0
2131.7634828759947 517.2236992270165 5.145722129800214 0.33049652161125564 514.7936148893198 0.0
2187.4310654560704 535.622726183265 5.253475279626545 0.3305340095686473 518.3310928584808 0.0
2244.5897610092793 554.5166757384345 5.363361823806074 0.33057018264207816 521.8894715714698 0.0
2303.342502818278 573.9396483712354 5.475548152231492 0.3306058617862133 525.4730848306887 0.0
2363.7322370582156 593.90593480268 5.590078138783814 0.33064116187942183 529.0818842067226 0.0
2425.764927962387 614.4175989203136 5.706925108894182 0.33067605340832795 532.7136335653959 0.0
2489.447420961574 635.4769928716571 5.826064890725709 0.3307105160483079 536.3662857953279 0.0
2554.8940844210974 657.1220293410476 5.947672916826097 0.3307445891799645 540.0438741161018 0.0
2622.151628622019 679.3682528588613 6.0717955209741 0.3307784635733926 543.7463790946406 0.0
2691.230120568135 702.2191155732434 6.198400591025436 0.33081197847575616 547.4708712870953 0.0
2762.146614042147 725.6803318885098 6.327486837300328 0.33084480456692145 551.216467733508 0.0
2835.0078285372683 749.787286487641 6.459213651945913 0.3308771177968577 554.9868210458568 0.0
2909.8642919782164 774.556795482744 6.5936298314781725 0.3309090360886717 558.781937487146 0.0
2986.6929525454757 799.9813271871709 6.730652004912685 0.33094052792136 562.5981454122898 0.0
3065.5496274340385 826.0794460155927 6.870338537127157 0.33097159313747504 566.4358348263322 0.0
3146.551066031791 852.8898878741463 7.012853246535741 0.33100225906815783 570.2982070044372 0.0
3229.752074335576 880.4308938932406 7.158247642478784 0.3310325311196216 574.1852909518561 0.0
3315.109809476799 908.6883801819321 7.306402846986916 0.3310623755198119 578.0926279967849 0.0
3402.714114209135 937.6921842611433 7.457431472489141 0.33109180368799596 582.021979385741 0.0
3492.6800818399333 967.4805109646886 7.611486397210744 0.3311208379640931 585.9760320290837 0.0
3585.067075503719 998.0731194217877 7.768621968251658 0.3311496274954493 589.9548350790684 0.0
3679.828104597169 1029.4545771816415 7.92870080605541 0.331178127946103 593.9531011119569 0.0
3777.0937744505195 1061.6682329266205 8.09189806310299 0.33120612102129243 597.9740527294582 0.0
3876.962901239833 1094.7469006191689 8.258337879678042 0.3312336342752902 602.019805726412 0.0
3979.4999510292437 1128.7120392765414 8.428077709864535 0.3312607636067577 606.0904271513187 0.0
4084.608998159377 1163.5319744676444 8.600910817560735 0.3312874739325764 610.1797613821134 0.0
4192.472148408353 1199.2671335922116 8.777088469465886 0.3313138009900296 614.2925763096104 0.0
4303.193660388216 1235.9521644575143 8.956729769755757 0.33133975448348973 618.4303648993331 0.0
4416.843166369373 1273.6102470350036 9.139895264851283 0.3313654816201872 622.5932101621104 0.0
4533.317785940137 1312.207428670293 9.326354400490631 0.33139113748682725 626.7740504200112 0.0
4652.897649310746 1351.8366903437282 9.516483908369889 0.331416323332113 630.9792782513232 0.0
4775.620079994944 1392.5104416867027 9.710318355455444 0.3314408345951687 635.2097160524316 0.0
4901.560483831573 1434.2537860385207 9.907921663076854 0.3314654779170212 639.4654611461091 0.0
