e[MeV/fm^3], P[MeV/fm^3], rho[fm^-3], v2[1], mu_q[MeV], mu_e[MeV]
71.58195607221194 0.019376260638347076 0.07551183166112621 0.01806185032450322 316.57195128971085 89.92341642585284
74.10016491175249 0.06485977178396946 0.07815115873557246 0.01806185032450326 316.72146406873105 91.024765790619
76.70639143836377 0.11193304521937247 0.08088273688183939 0.018061850324503265 316.876202692721 92.16461006582368
79.40371208999426 0.16065164710631397 0.08370979050524349 0.018061850324503224 317.0363498180116 93.34429474471072
82.19531083378259 0.21107308578268988 0.08663565671212049 0.018061850324503186 317.2020944852288 94.56521234887349
85.08448292446792 0.26325687964638034 0.08966378924900394 0.018061850324503227 317.3736323424404 95.82880407201151
88.0746387941701 0.317264627411876 0.09279776257949199 0.018061850324503234 317.55116587610246 97.13656148114251
91.1693080781302 0.37316008082260077 0.09604127610361388 0.0180618503245032 317.7349046500787 98.49002827727713
94.37214378115249 0.4310092199045644 0.09939815852466523 0.018088487354544512 317.9250655530129 99.89080211763012
97.6869757993967 0.49106090179612444 0.10287237236868205 0.019255301458732603 318.1222990017657 101.33984570908403
101.11986451800226 0.5612123980307122 0.10646801866188291 0.021662464342603646 318.3451487000273 102.80997251328064
104.67528624500615 0.6427510757917515 0.11018934177159138 0.024237271178381786 318.59574432277356 104.30486344182296
108.35791622476958 0.736980624741799 0.11404073441636543 0.026920267095794273 318.8759904930379 105.82396075340817
112.1727714362078 0.844944139362974 0.11802674285124978 0.029903169158792375 319.1863342944128 107.33131489870814
116.12536221854529 0.9697012467608513 0.12215207223425231 0.033128604049492305 319.53184301002517 108.83594926945497
120.22058430169312 1.1120115025052542 0.12642159218040233 0.03642699727296762 319.9131521806471 110.36057643612367
124.4640269233187 1.2739597956119093 0.130840342509936 0.04005797794488111 320.3330553238233 111.91312631407268
128.8618971317408 1.458760515403257 0.13541353919739 0.044167339746025575 320.79588975142224 113.49907969978847
133.4208715816421 1.6702641954106736 0.1401465805286361 0.04845346643322773 321.30651694759945 115.12367962053304
138.14674713038173 1.9093441223752088 0.14504505347311691 0.052773525840877133 321.864973007233 116.79378000164584
143.046301157445 2.1790046101745664 0.1501147402788089 0.057528169039875315 322.47450701812625 118.51374226197309
148.1273960447996 2.4844335534151987 0.15536162529769304 0.06284216502195894 323.1410092423423 120.28727240461446
153.3980665613772 2.830586859448035 0.16079190204979565 0.06832610081857435 323.8695330774141 122.11815106148126
158.86527298295658 3.219172163942335 0.1664119805341341 0.07388078486914754 324.6608118435546 124.01003694966207
164.53733520637863 3.6547355939838426 0.17222849479519628 0.08003547718389081 325.5190968335605 125.96563778643767
170.4244790514288 4.145740845861174 0.17824831075389239 0.0868529844855449 326.4526563846883 127.98699818273994
176.53631225317216 4.698462512306701 0.18447853431221173 0.09382020158110449 327.46672096984696 130.0757416868159
182.8813754413206 5.316058719226849 0.19092651974116215 0.10090610940848843 328.5630444196908 132.23321948878043
189.47003531795517 6.005327445562022 0.19759987836188778 0.10878861147005087 329.74707517392477 134.4600859855788
196.31596471295904 6.779778757210621 0.2045064875302128 0.11740966184855067 331.0300349266862 136.75533593637135
203.43050851080594 7.646768440999467 0.2116544999352168 0.12608946577877583 332.4166501261103 139.11816799894396
210.8244028704521 8.611548461528256 0.2190523532228215 0.1349022716417198 333.9096258088783 141.54800776113123
218.51074020607123 9.683761637930058 0.2267087799557421 0.144675685399567 335.51527196244086 144.04316211894482
226.5082297443755 10.883905458890382 0.2346328179215674 0.15515575564888284 337.2475539070624 146.5980221258686
234.82991040706085 12.219142432571214 0.24283382080112978 0.165468793415954 339.10915812779723 149.21047258606862
243.4895649756236 13.697245910404929 0.251321469209763 0.17584512352042914 341.1031533419793 151.87844925539375
252.5038440061727 15.330749682934059 0.2601057821244808 0.18722157626269964 343.23564238728784 154.59823272020708
261.8986645589929 17.148496170258692 0.2691971287105613 0.1990941783168373 345.52172126130665 157.35874279741
271.6882403462793 19.154773742642355 0.2786062405615009 0.21042316819891171 347.9601724040327 160.15923345514636
281.89049785111735 21.359861900727388 0.28834422436678714 0.22164620815909453 350.553435966267 162.99688619016126
292.5265475405733 23.778386588672046 0.29842257502243846 0.2337246132981532 353.30588629997703 165.86712739404365
303.63223194734013 26.447522162853414 0.3088531891997931 0.24592594617416275 356.23075742095136 168.75397623493998
315.221644345916 29.365222005850605 0.3196483793885593 0.2571506414649065 359.3222217150829 171.66146423910627
327.3182001354512 32.54397588998893 0.3308208884307057 0.2680601823279971 362.5812187590644 174.58688764206116
339.94834281111105 35.99922256647753 0.34238390456234696 0.27953912812815473 366.0093102394057 177.52639819239948
353.1609909336148 39.77515980981052 0.35435107698138235 0.29073954455728535 369.6146067251103 180.46095093582716
366.9678973380775 43.86090014922628 0.36673653195926065 0.30065088098701787 373.38857293297076 183.40165313600272
381.39961501803265 48.271172544303795 0.37955488951589167 0.31015245142971803 377.3304189270836 186.34635558829183
396.4906533657989 53.02360113792524 0.3928212806773882 0.31982610479761786 381.43924800134255 189.29179087628498
412.3008527606959 58.16142376409454 0.40655136533700936 0.3289384922226952 385.715199445606 192.22134084195403
428.8422763195667 63.67123483078209 0.4207613507403866 0.3367997029933043 390.1519632333736 195.14960434240515
446.15280627746716 69.56858793441738 0.43546801061685736 0.3442133252339814 394.74706680995223 198.07590608509867
464.2780259448425 75.87458447409477 0.4506887049794844 0.35150975801747597 399.4973996827608 200.99712370244046
483.2864678357302 82.62794089575061 0.46644140061713574 0.35815337345525355 404.39704715862416 486.85480073073603
503.19312868459383 89.81743999618276 0.48274469230281475 0.3641675778099156 409.443966892103 389.9115665986774
545.0409225875821 105.25845593950442 0.5164406952732067 0.002422535128343558 414.635064288593 290.198910783688
908.6933727039418 107.04599592892073 1.5111746296394442 0.007408499909887959 419.965155467323 187.81640732178582
2260.4105661086364 129.58596078422696 5.275881705591529 0.04475881702149992 425.42575827814784 84.02524954604071
2906.7782370544433 167.1967910130202 7.1315386325119725 0.49572121558564186 431.0191767573046 8.671908979602392
2982.284859452605 208.4862631628673 7.305720179865349 0.5454810362391143 436.7425864142945 0.0
3061.8064560090675 251.75060414586673 7.486519822173834 0.5422732888936781 442.58863755631796 0.0
3145.378454092968 296.9127394048637 7.674121706796413 0.5384891874778259 448.5493841174104 0.0
3233.492034145112 344.18362305549283 7.86920803653105 0.5346319323809976 454.6305491184618 0.0
3326.264767176468 393.6026938145346 8.071862150253814 0.5309278743937358 460.8299726039833 0.0
3423.658329031168 445.1315229742843 8.281866131059198 0.5271209970028969 467.1378280933174 0.0
3526.2078790325304 498.97618737851474 8.499780509260663 0.5233232943821173 473.54898535308183 0.0
3633.908790400865 555.1421451025304 8.725663079790149 0.5197593879389037 480.071280830431 0.0
3747.030627890291 613.731544750664 8.959785698671592 0.5160423984261922 486.70328412661297 0.0
3865.993410096763 674.885006989611 9.202426583368648 0.5123330010451244 493.4322960810193 0.0
3990.7265480388937 738.5646469001935 9.453433432059002 0.5088207868707255 500.25755711425035 0.0
4121.685653686019 804.9647591510071 9.713429661960884 0.5053335156013148 507.1877539542807 0.0
4259.187476404302 874.2042063701853 9.982723598895461 0.5018413926760967 514.2221043128914 0.0
4403.3334139483495 946.2839704744183 10.261128153992864 0.4983457739738686 521.3446486630854 0.0
4554.584574118889 1021.3893285931433 10.549184085917785 0.4949287622412153 528.5600614898749 0.0
4713.319118274459 1099.6797847856608 10.847391989612149 0.49160334043736675 535.8768235754889 0.0
4879.90805845688 1181.2934765474708 11.15609998889395 0.48831803922784767 543.2946808831524 0.0
5054.279678720682 1266.1516089009701 11.474834046793836 0.48508455497238634 550.7940656725807 0.0
5237.056069716999 1354.5134939527309 11.804390317383527 0.48190055025082934 558.3858568647358 0.0
5428.823144400384 1446.6159018441545 12.145458822306786 0.47876464508129013 566.0774961051789 0.0
5630.016814797419 1542.6198820395373 12.49843230483249 0.47567866949655135 573.8691457199808 0.0
5840.445845023809 1642.3878250094385 12.862605788071853 0.4726532326617048 581.7373188974098 0.0
6061.005577893084 1746.2977459638516 13.239156106969654 0.46968259129724954 589.6997099959373 0.0
6292.325359940691 1854.596096843127 13.628754881275484 0.4667658714521301 597.7620710944946 0.0
6534.914716845125 1967.46980281991 14.031842531016443 0.46390317795929725 605.9248908074412 0.0
6788.424359418604 2084.7070926229662 14.447436842827972 0.4610995727745304 614.160475058444 0.0
7054.141296172666 2206.851019642414 14.877220310105765 0.45830880794447726 622.493868083454 0.0
7333.015947899442 2334.261322148076 15.322101395000946 0.4555694903285281 630.9286144231583 0.0
7625.382740513144 2467.0551677741755 15.782309856358582 0.45283631348350895 639.4654611461091 0.0
