M[M_sun], R[km], Lambda[1], P_c[MeV/fm^3], rho_c[fm^-3]
0.24162668629717493 15.618656898711224 2160425.4255784233 3.5677272577965504 0.1711233750220791
0.25364460664979904 15.277256055589822 1723202.14499519 3.784830301981664 0.17388830637333907
0.2660403989014353 14.981277590423383 1382980.771148885 4.011423971437785 0.17666693286370452
0.2788167827079787 14.723479602717038 1116337.2610775689 4.247764025978174 0.17945792957647955
0.29197156076103203 14.498365507679093 905887.044457564 4.494475774378372 0.1822678650156586
0.3055076469708075 14.30118616869273 738609.521992105 4.751715015831195 0.18509244924390802
0.31942453641105323 14.128103067942368 605060.519965362 5.020163757095151 0.1879382948914206
0.3337247236537734 13.9758869849919 497678.41430170357 5.3000463999036524 0.19080203171897006
0.34840566621258995 13.84198828356896 410982.41573115095 5.592091214526806 0.1936899492822481
0.36346952573060504 13.72393397101833 340650.0310536827 5.896465931489053 0.19659711884532416
0.3789233441355855 13.619962381668419 283278.8141100094 6.2140344736127515 0.19953121772871402
0.3947565231596808 13.528405375172904 236397.5295871056 6.545053459804752 0.2024884100019118
0.4109821661839601 13.447829158349656 197851.80688427563 6.890226926510958 0.20547243439554794
0.42759045963429315 13.377052269283812 166066.71197902923 7.250259318544081 0.2084863519763776
0.44458698259241414 13.314899359781773 139795.12657466574 7.6254085669141745 0.21152569254150005
0.4619693983500597 13.260548419016526 117970.59670479686 8.01662579390475 0.2145966504560636
0.47973626479198805 13.213108265689876 99797.12637589086 8.424615138401673 0.2177008578836868
0.49789280912536266 13.171964154702026 84634.80413682143 8.849816171557784 0.22083576367934515
0.5164325082264205 13.136378083991524 71929.92022777675 9.293104827475485 0.2240048124550416
0.5353521538423234 13.105826372332972 61269.29166815468 9.75536484385734 0.22721090634912608
0.5546594580291566 13.07980786102727 52298.64701794528 10.237405940900787 0.23045539650970004
0.5743434969595417 13.05782069680631 44322.516618518515 10.73969716478957 0.2337349520132662
0.5944015579482073 13.039501248638514 38323.77853190965 11.263487544778053 0.23705581478574428
0.6148394482437389 13.024512394060212 32897.27476797881 11.809712833843085 0.24041957446437823
0.6356455365776766 13.0124170850351 28288.640542618807 12.37935221265073 0.2438278643143675
0.6568162473123061 13.00300638978334 24367.712236501757 12.973091947407699 0.24727860334574076
0.6783487285881284 12.995978694497516 21024.912412041514 13.592264428156467 0.2507766389486373
0.700237961964212 12.991055070041009 18169.41579621749 14.238064930737782 0.25432457860651175
0.7224738069860321 12.988002691936321 15726.109611953325 14.91168337193277 0.2579244073775749
0.7450625851990783 12.986639278695309 13631.92305333607 15.614144738778263 0.26157597393902604
0.7679840344258128 12.986755438012333 11834.119510593158 16.346724786179387 0.2652812680512601
0.7912308161350275 12.988139391278894 10287.256738481476 17.111035311066477 0.2690449349317752
0.8148053909364613 12.990677746983684 8954.837545465341 17.908531660354882 0.2728694077523243
0.8386897632284924 12.99413777062944 7806.469534042375 18.74057021911542 0.27675568646140214
0.8628704104407245 12.998407917217339 6812.901419426782 19.60851360077493 0.28070441307628036
0.8873539434789286 13.003367891553856 5954.273675936124 20.514439352154678 0.2847218700686548
0.9121105624886244 13.008865197315787 5210.161699247668 21.460141994178738 0.2888110715673671
0.9371324617297611 13.014746063564221 4564.407009687919 22.44709415574636 0.2929718454523254
0.9624167294494984 13.020953541846534 4003.9154581990324 23.47734468189204 0.2972081778676331
0.9879383863943535 13.027338723769079 3515.8333795015083 24.55330522689778 0.3015260788449958
1.0136821232626714 13.033796097322458 3091.5429192866886 25.676904232678247 0.30592707548941367
1.0396471094430106 13.040257557177448 2720.876606630298 26.850131276027895 0.31041263592927704
1.0657988155151625 13.046583159644626 2397.6623115186685 28.076070238203823 0.31499139469730386
1.0921318077385145 13.052720303237958 2115.2123493312556 29.35675881181359 0.31966367664430084
1.1186314238470112 13.05854559611301 1868.2426950341458 30.69498812859494 0.3244344075871561
1.145263365006163 13.064005167331683 1651.7770297734464 32.09412248017672 0.3293114034123726
1.172027425215437 13.06901443768199 1461.7442115445865 33.556140322577 0.3342926030586808
1.1988854703368979 13.073472707800248 1295.1462269688461 35.085567090862746 0.3393914571249545
1.2258317161841026 13.077337424246057 1148.8042931589132 36.684404553340066 0.34460459419157763
1.252829146464721 13.08049493916557 1019.9522190336443 38.35772681568312 0.34994658510138066
1.2798717039739376 13.082935960561171 906.4973526891523 40.107797206946096 0.3554141417980417
1.3069161461054406 13.084524734426857 806.5975029578988 41.94004414464444 0.36102157184243894
1.3339550005157714 13.08523515449776 718.4338972866905 43.857995126802614 0.3667710488850022
1.3609634687432512 13.085031195051323 640.4820543833554 45.86629803959106 0.3726700985965837
1.3878955016874521 13.083768526454078 571.6705218696461 47.970307573610185 0.378728794468084
1.4147455376104292 13.081462967396838 510.73514092323944 50.17480483373172 0.38495290901698026
1.4414771497156498 13.078023900641162 456.76939676892994 52.48496516785567 0.3913491795573176
1.4680721218887065 13.073421862875005 408.9199805882499 54.90722835657095 0.3979294162029865
1.4944812433913075 13.067556552553052 366.43920811827786 57.44778548204681 0.4047026820137063
1.5206938534045273 13.060405882679659 328.7602759316105 60.11326584428064 0.41167875030383827
1.546677517097408 13.051916943165407 295.21694998972043 62.910776411175895 0.41886816312571884
1.5723937642204844 13.042035309145307 265.4006455029678 65.84794504588828 0.4262822945281975
1.5978078085815133 13.030697287271996 238.8562677140305 68.93296789492585 0.43393341914931366
1.6229055996252466 13.017877406216638 215.18085797708073 72.17466136816113 0.4418347867704977
1.647657162027067 13.003537256449757 194.0491343055812 75.58251919596917 0.45000070353551486
1.6720064357865547 12.987597758743405 175.19131758907582 79.16643453816846 0.45844519844520554
1.695943930851364 12.970043826301872 158.33021778721027 82.93669401042125 0.46718193548300146
1.7194238365516132 12.950829711826373 143.24398987434932 86.90599298596189 0.476232277825197
1.7424020148982329 12.929877116271387 129.75417073078307 91.08586713721435 0.4856103924138452
1.7648879505484192 12.9072352793243 117.6506649793612 95.49049858861981 0.4953385607251627
1.7868142349722262 12.88279370264989 106.79819700873482 100.13346852524828 0.5054339535391406
1.8081520375663827 12.856534270577855 97.05677456978196 105.03135166630065 0.5159224562957824
1.828861294040499 12.828393488466336 88.30717658280005 110.2006937864501 0.5268266131463533
1.8489404863535701 12.798421766897453 80.44480689579807 115.65919033979573 0.5381700226205358
1.8683162375393652 12.766479711909088 73.36723726353372 121.42694124179444 0.549981601492773
1.8869934039197649 12.7326554720897 66.98841227965133 127.52538565689721 0.5622912015910494
1.904916030317313 12.696835277541735 61.242539921489794 133.97704309316336 0.5751283900403046
1.9220563279820315 12.659013210126933 56.060782768274045 140.8075888842258 0.5885294165688721
1.938369542970228 12.61912010931301 51.379917873798526 148.04470085801827 0.602532529542636
1.953865186731942 12.57727148082307 47.1538238209913 155.7168306043085 0.6171733129787831
1.9684790070336369 12.53333645823122 43.32859050379081 163.85768698544538 0.6324995612140423
1.9821923599991518 12.487328900714397 39.87014947076088 172.50112323704468 0.6485530810722137
1.994980606782497 12.439248576420695 36.73544807107486 181.68630917745637 0.6653866103567826
2.006815169688148 12.389084131746689 33.89541560794091 191.45532765347335 0.6830548086955837
2.017660100185364 12.336804077094461 31.321119311304265 201.85422819531632 0.7016169296468255
2.0274950075200535 12.282414745118595 28.983749821885503 212.9328974615174 0.7211354092585768
2.036302757856649 12.225944822605616 26.863445833528775 224.746996673938 0.7416811126423667
2.0440456075908533 12.167341441856335 24.93651106113046 237.3575500339854 0.7633306732979612
2.050702821636818 12.106629324706976 23.18195053029201 250.83152665140696 0.7861669750994699
2.0562741592105778 12.043876502989825 21.589307774576383 265.2421649582371 0.8102785739066406
2.060717661678907 11.979022350111986 20.137366031939155 280.67091982715505 0.8357641684661768
2.0640211838406084 11.912121360609174 18.817545601121104 297.2078636642918 0.8627317721321679
2.0661801658770336 11.843213266552885 17.614763618209302 314.95332719162917 0.8913016370591247
2.067170057690068 11.77231468893675 16.52063188123648 334.0166456282877 0.9215992938467178
