M[M_sun], R[km], Lambda[1], P_c[MeV/fm^3], rho_c[fm^-3]
0.24162668629717493 15.618656898711224 2160425.4255784233 3.5677272577965504 0.1711233750220791
0.253643486124387 15.277306326981344 1723206.9659905813 3.7848106495641876 0.17388806141543586
0.2660382054640937 14.981336862592862 1383035.6532840927 4.011382658074792 0.17666643361609424
0.278813152061007 14.723554778624244 1116471.438711278 4.247699653913317 0.17945718295753385
0.2919666011693892 14.498481117796496 905923.9994845897 4.494386654376771 0.18226687264375707
0.30550161598997444 14.301273429051617 738680.8615878804 4.751598121784739 0.18509118656511067
0.31941728476998077 14.12819130190897 605115.8570206631 5.020018227869217 0.18793678496953242
0.33371433831481834 13.975990341110538 497707.7046169712 5.299868404034046 0.1908002395959117
0.3483950951612134 13.842076510902702 411035.8107161786 5.591880307537274 0.19368790869910585
0.36345716299355263 13.724035105900775 340668.8611842873 5.896217374973595 0.19659478434993083
0.37890951570693143 13.62004655362981 283331.22682179767 6.213745259603904 0.19952858044518967
0.3947415253172499 13.52848517399782 236426.22121680537 6.54472388851637 0.2024855201069417
0.41096457891323945 13.447929870221541 197888.04599306555 6.8898506354855575 0.20546922974327123
0.4275703471209029 13.377115673474474 166090.78325098063 7.249832776624271 0.20848282330438836
0.44456506415572644 13.31497966059139 139812.13014904028 7.624932952957955 0.21152190634858978
0.461946304473071 13.26060151106631 117997.1432913896 8.016092811941634 0.2145925274096815
0.47970948964019716 13.213191157722683 99834.47044179779 8.424020632218507 0.21769638802829377
0.4978658854945825 13.17201161380959 84655.754717267 8.849162333141514 0.2208310296098477
0.5164019763024329 13.136432443601812 71947.8195416552 9.292381075522364 0.22399971719617096
0.5353186941757625 13.105878316284594 61285.17252461804 9.754566271024418 0.22720543889680267
0.554625494292156 13.079855608206929 52308.21076749813 10.236527341649234 0.23044954538142737
0.5743059089190038 13.057862077507934 44737.80372885268 10.738742356605927 0.23372882184896465
0.5943618710766043 13.039538380740428 38335.59173281017 11.262442168507075 0.23704928325588576
0.6147971362105155 13.024516895726292 32907.45339623391 11.80857071375506 0.24041262846865777
0.6355970886210407 13.012441693429118 28298.69313068714 12.378106787721643 0.24382049006094816
0.6567672591400544 13.00304609641817 24181.131209738724 12.971748936835535 0.24727092724803765
0.6782976794233336 12.995997255333002 21032.03523119691 13.590804760587256 0.2507685119106802
0.700185666762884 12.99107004419546 18176.51842507833 14.236480779483564 0.2543159845086431
0.7224182722894791 12.988007993186631 15733.583590296303 14.909966407418265 0.257915329138972
0.7450041905408339 12.986654174388594 13540.707365063265 15.612302848842889 0.2615665594194503
0.7679227449727801 12.986760342267337 11837.991666654078 16.34473302738495 0.2652713396332202
0.7911663066464142 12.988129837817644 10291.359037487788 17.108883686942217 0.26903447231226
0.8147391018006801 12.99065876104095 8958.562364665948 17.906209511666145 0.27285838932283785
0.838619408118064 12.994122755414526 7809.140239787104 18.738087845593274 0.2767442812394824
0.8627982733297705 12.998395142622398 6816.146096372337 19.605838725022924 0.28069241259573696
0.8872719744611589 13.003334782563307 5956.7545582267785 20.51155909974994 0.284709248356027
0.9120312769459231 13.008838199112002 5212.4384440072 21.457042609075266 0.2887978008978956
0.9370498222755329 13.014726516647954 4566.489372223483 22.443788548967756 0.2929581158436942
0.9623232601513614 13.02093343740282 4005.562101994709 23.473791369794753 0.29719374681141414
0.9878493928372561 13.027322312254663 3517.475681586225 24.549487483994035 0.3015109127648069
1.0135905527091287 13.033774801709262 3092.6431497721733 25.672836837081643 0.3059113786264702
1.0395517651878015 13.040232057260818 2722.1879613174497 26.845764502277454 0.3103961390443708
1.0657026580889206 13.046558088166014 2398.9952773617997 28.071383645154175 0.31497405695172637
1.0920297705192268 13.052688287996205 2116.2884162576247 29.351769009751045 0.3196457164206298
1.118526725775958 13.058527649929397 1868.9248362757744 30.68963554353295 0.3244155259965111
1.1451558260629509 13.063981302685194 1652.5336675113408 32.08842458201986 0.32929182599552603
1.1719181324619024 13.06899455250059 1462.504861185642 33.55003027481431 0.3342720115677483
1.198772419274781 13.073459413425548 1295.7549017637677 35.07901605492673 0.33936979462510397
1.2257170307731198 13.077322773918823 1149.3993027651813 36.67743154002531 0.3445821003300235
1.2527111647803446 13.080491053058033 1020.4769063491993 38.350283421512344 0.3499230919339118
1.2797507759095237 13.082928232626516 906.975500343352 40.09983926724927 0.3553895225911956
1.3067942412932625 13.084516724026036 807.0005073109104 41.93157058983398 0.36099595500250903
1.333829762724013 13.085239376705427 718.7421676388806 43.84891095323153 0.36674404602316035
1.3608369959313829 13.085035954231987 640.8335299236959 45.8566222818168 0.3726419628073285
1.3877657887000632 13.083778108065248 571.9841882430751 47.959998903208145 0.3786994526644086
1.4146212914890486 13.081493102714157 510.96558658537356 50.16375021162232 0.3849219327475852
1.4413438959950655 13.078042576662344 457.02092174361894 52.47318214311987 0.39131682778611093
1.4679369095394235 13.073450332116769 409.14065299942655 54.89466475474929 0.3978955972463971
1.494345984974815 13.06758874758723 366.65585086442667 57.43438490245396 0.40466729710051097
1.5205567521361845 13.060447458412417 328.9395807723253 60.098967281616595 0.4116416929931065
1.5465394501179115 13.051967580900394 295.3838946383565 62.89551383938111 0.41882931866707285
1.572255622712854 13.042092322741253 265.55295088359827 65.83164696003826 0.42624153915819935
1.5976789098614046 13.030770289630118 238.99770653466481 68.91555680644753 0.4338906193170583
1.6227659296760797 13.01795610904739 215.3039852627673 72.15605324807599 0.441789798284673
1.6475180369424942 13.003624164872793 194.1635305487732 75.5626228602121 0.44995337062425844
1.6718671601539388 12.987694829902994 175.29101743392067 79.14525486082341 0.4583957865002708
1.6958046222522916 12.970155312927865 158.42050941542072 82.91402434894106 0.46712984066694474
1.719269242414995 12.950916485428168 143.3325043417983 86.88171664215271 0.47617730385065765
1.7422715258406736 12.930019406422645 129.8216118647988 91.05997400626009 0.48555278972839083
1.7647518125694353 12.907378569441953 117.71842312545576 95.46273923087598 0.4952776504959093
1.7866798694928436 12.88295194642333 106.85579519421725 100.10381876979646 0.5053699706531938
1.8080191275876434 12.856704287842758 97.11822999055035 104.99965776318942 0.5158551542260926
1.8287312467861399 12.828580803530263 88.36059469938935 110.16678803163013 0.5267557252322187
1.8488121512498585 12.79862402883886 80.49286108794917 115.62275113124501 0.5380947517898742
1.868199915922603 12.766724315464591 73.4045877425185 121.38790228044027 0.5499021324736392
1.886872554103114 12.732887811680575 67.03198904219636 127.48357420921366 0.5622073590611624
1.9047973648120713 12.697082409896787 61.27848978417594 133.93228029304248 0.5750400143741399
1.9219421094064408 12.65928011739819 56.09229416195033 140.75951027751617 0.5884357411596317
1.9382577909041114 12.619401990623652 51.40948199117968 147.99301852580666 0.6024331160052706
1.9526225298705302 12.57876043037646 47.410521521034035 155.87855292487572 0.884481488936687
1.958960325150871 12.53762057016394 44.90272231315616 165.4576662983288 1.3613213012604422
