M[M_sun], R[km], Lambda[1], P_c[MeV/fm^3], rho_c[fm^-3]
0.24162668629717493 15.618656898711224 2160425.4255784233 3.5677272577965504 0.1711233750220791
0.25364469610927376 15.277280309313449 1723142.6581509826 3.784832650733877 0.17388833564940234
0.26604075507531477 14.981256481551533 1382888.921813865 4.0114289090111415 0.1766669925313646
0.27881648664532216 14.723491243039032 1116389.9882364033 4.247771719446703 0.17945801880912068
0.291972257214577 14.498366781958328 905839.9519985564 4.494486425653754 0.18226798362008198
0.30550851096673254 14.30117179914392 738602.933118435 4.7517289866072225 0.18509260015495277
0.31942620532678817 14.128090748834033 605055.0298062185 5.020181150314474 0.18793847535278424
0.3337227195344413 13.9759379227241 497660.91023077 5.300067673521089 0.19080224590899833
0.3484069290363957 13.841977626521812 410975.78275565564 5.5921164216884955 0.1936901931684717
0.36347126050025425 13.723927938072478 340632.5178180823 5.896495638554642 0.19659739786037086
0.3789253722304022 13.619948388724584 283284.42668822146 6.214069040123674 0.19953153293367284
0.39475810229485225 13.52841557758535 233267.14622652467 6.545092849903155 0.2024887553998614
0.41098429822972293 13.44782020677939 197835.71165965789 6.890271900679313 0.20547281741443832
0.4275927776281844 13.377029563516274 166058.14408245694 7.250310298866224 0.20848677372351757
0.4445896896691257 13.314904294189246 139790.16957186192 7.62546541251438 0.2115261450690293
0.46197232775371866 13.26055534976293 117968.73075063643 8.016689496382957 0.21459714324623377
0.4797379880904567 13.213120349786692 99807.68041802011 8.424686194561728 0.2177013921266757
0.49789611161158787 13.171961569732753 84629.58537755518 8.849894319428131 0.2208363295033165
0.5164360002606324 13.136370410948022 71928.92216870624 9.293191331832793 0.22400542145110997
0.5353559414665001 13.105816012101311 61265.998481619754 9.755460291297117 0.2272115598328221
0.554663940066853 13.079778856195095 52296.977938567245 10.237510953665913 0.23045609585375015
0.5743479154536774 13.057816996113615 44320.89438170638 10.739811286611562 0.2337356847107139
0.594406084786432 13.039503064794047 38321.900385136025 11.263612492027798 0.23705659545842175
0.6148442332756963 13.024510038188414 32895.8587734186 11.809849344743466 0.24042040467841597
0.6356501017904759 13.012419604347528 28287.45444279115 12.379501071484414 0.24382874571856752
0.6568219074641654 13.00300431660903 24366.61698560101 12.973252470585175 0.24727952083039756
0.6783550718557372 12.995968801075897 21023.995995245932 13.592438895345982 0.25077761033520596
0.7002443447003862 12.99105937483667 18168.788091698527 14.238254277525874 0.25432560582207825
0.7224800552541537 12.987998614983956 15725.588586523996 14.911888594024333 0.25792549246413204
0.7450695464865533 12.986639241765522 13631.271186416698 15.614364893345808 0.26157709922314104
0.7679914015900332 12.986754933378252 11833.7607038197 16.346962854858422 0.26528245476391543
0.7912386196077924 12.988138891597112 10286.89627296915 17.111292488833712 0.2690461855001696
0.8148127405473987 12.990678592478227 8954.27695415969 17.908809221419276 0.27287072475972834
0.8386972565688234 12.994134286979074 7805.895789410889 18.740866932323065 0.2767570497050677
0.862880558335618 12.998402931411349 6812.5633021696385 19.60883332450652 0.2807058474750248
0.887363368181001 13.003359869433478 5954.0074887208475 20.514783625441815 0.2847233787275794
0.9121198799644712 13.008852995447512 5209.873604738859 21.460512461450897 0.28881265780094395
0.9371408747224198 13.014750028317408 4564.205008218375 22.44748927367458 0.29297348654725325
0.9624269526596513 13.020960208252287 4003.5832583196034 23.47776940945293 0.29720990281245674
0.9879483684560554 13.027349747916197 3515.63253308997 24.553761563519764 0.3015278916537618
1.0136923596052836 13.033803001485591 3091.333736747343 25.677390411814805 0.30592895174833445
1.0396586653478088 13.040260786893507 2720.794458461562 26.85065324197718 0.31041460782264324
1.065811123234672 13.046587570863279 2397.608311167758 28.076630434609793 0.3149934671074016
1.0921440889775995 13.052712863052035 2115.1020135059293 29.35735525307842 0.3196658234666374
1.1186438457053616 13.058546575915702 1867.9306932469885 30.695627936443827 0.32443666455080156
1.1452758719487828 13.064008184555652 1651.671661377012 32.094803566227405 0.32931374355695847
1.172040856852094 13.069012649990794 1461.6714733060307 33.55687067683145 0.334295064427821
1.1988988629571518 13.07347015879419 1295.0512097818792 35.0863501609162 0.3393940465253305
1.2258453648587315 13.077343149155132 1148.7520847113021 36.68523806656748 0.34460728297622417
1.2528430298343691 13.080501765970547 1019.8741618404817 38.35861415510087 0.349949379248141
1.2798866494842582 13.082943180633496 906.4433078435165 40.108748459357734 0.35541708465521044
1.3069308406179718 13.08451918008829 806.5667578354773 41.941057034452335 0.36102463396178036
1.3339687534053195 13.085236564501793 718.4004112766511 43.859081011638416 0.3667742766963125
1.360978542110811 13.085033222597655 640.4280583101835 45.86745464391809 0.37267346184485384
1.3879100661411563 13.083768546437792 571.5953146030514 47.97153983825221 0.3787323018910389
1.4147604142660988 13.081463504646003 510.66992875383454 50.17612627267965 0.38495661183453794
1.4414925887845715 13.078023235987192 456.7395958343662 52.48637368311789 0.3913530468125026
1.4680879382383027 13.073421363007384 408.89962968343207 54.90873018572165 0.3979334588569621
1.494497425789404 13.06755282153099 366.42187762489533 57.449387367952355 0.4047069118750585
1.5207097031174333 13.060402636968234 328.73056889101633 60.11497508034408 0.4116831800981753
1.5466941171216224 13.051911759925728 295.19678420370366 62.91260089109605 0.4188728065721682
1.5724103309630828 13.042027177638193 265.3852900418806 65.84989331843678 0.42628716642354164
1.5978245985951074 13.030690604577577 238.8424427822294 68.93504922430616 0.4339385354605917
1.6229221466444232 13.017868551973308 215.16307254211293 72.17688580058197 0.44184016473699705
1.6476738030189662 13.003527152114083 194.0336166528833 75.58489763314628 0.4500063617811943
1.6720231694149965 12.987589209373422 175.1748986600266 79.16896639717304 0.4584511052432969
1.6959610912736665 12.970029549204138 158.31735571898312 82.93940399720451 0.46718816302473665
1.719440347601446 12.95081551522149 143.23395795883022 86.90889505290761 0.476238849578985
1.742416480271515 12.929839542557975 129.74678628011773 91.0889624922078 0.4856172784393464
1.7649048080539353 12.907216804146712 117.6428378588953 95.49381705500748 0.49534584218139477
1.786830940886407 12.88277628783126 106.793196626697 100.13701299265813 0.5054416023460386
1.8081687126688821 12.856513066880625 97.05296739006015 105.03514051726276 0.5159305019287422
1.8288768700808775 12.828371949748053 88.30280423569126 110.2047470720119 0.5268350874882576
1.8489562142884473 12.79839643710556 80.43930001780186 115.66354651225762 0.5381790209696425
1.8683306749514275 12.766453805386597 73.36143906403628 121.43160822782527 0.5499911017660721
1.8870092752019594 12.732628402886995 66.98760351050123 127.53037191640598 0.5623011811946753
1.904930266972955 12.696805558537488 61.23669269734043 133.98239439757643 0.5751389551767813
1.9220687404697585 12.658982936668783 56.0539741335023 140.81333661767178 0.5885406153393775
1.9383819758900958 12.6190865027027 51.375296295791976 148.050879446338 0.6025444143646729
1.9538768678618195 12.577236974798362 47.14875841421781 155.72345750408041 0.6171858716172128
1.9684904508013705 12.533297888006807 43.32526684612492 163.86480236184002 0.6325128527962803
1.982204873695109 12.487289810782157 39.866778590760816 172.508792616964 0.648567241743682
1.9949902496080683 12.439205174989235 36.73385873722265 181.69456036692327 0.6654016400128058
2.0068245447320305 12.389038698257071 33.89240270784039 191.4642142436555 0.6830707842253327
2.01766937341523 12.336756396793394 31.318562467978698 201.86380930409916 0.7016339351698166
2.024579187795262 12.287779352823527 29.399288105180908 213.954841898773 1.4710711151590756
