M[M_sun], R[km], Lambda[1], P_c[MeV/fm^3], rho_c[fm^-3]
0.24162668629717493 15.618656898711224 2160425.4255784233 3.5677272577965504 0.1711233750220791
0.2536413590274967 15.277379511136997 1723231.4996926105 3.7847884331464576 0.17388778449850642
0.2660362157326273 14.981348069784433 1383100.422558897 4.011335955030329 0.17666586923736416
0.2788097233334191 14.723609297836244 1116650.3874854005 4.247626884513808 0.17945633894216068
0.29196205328235625 14.49851899852369 906012.1226584357 4.494285909416901 0.18226575082524724
0.30549458408392144 14.301372219129831 738760.6853305729 4.751465980878212 0.18508975919112547
0.31940874827052335 14.128287134779333 605195.3018631455 5.019853717971487 0.18793507811584848
0.333705871644036 13.976087738646212 497782.64082196646 5.299667194495043 0.19079821374972092
0.3483835714866702 13.842168285798124 411091.89407871984 5.591641896335507 0.19368560200514412
0.3634433463804985 13.724126796683368 340736.3873482206 5.895936406406272 0.19659214543368722
0.3788945576207369 13.620132583905335 283377.70934521954 6.213418334075601 0.1995255992780155
0.39472327060457124 13.528576968455283 236472.39614475486 6.544351345806619 0.20248225341065773
0.41094492023183316 13.448027699485326 197930.8914823526 6.8894252844014705 0.20546560727494748
0.4275489750244335 13.377219288790414 166136.12695390976 7.249350626364413 0.20847883459885308
0.44454232329014814 13.315032915925064 139849.7590166496 7.6243953364549135 0.2115176265755393
0.4619195184085827 13.260679578767794 118024.04282764341 8.015490352846049 0.21458786690150988
0.4796803141421995 13.213270211989114 99849.40341133683 8.423348633423466 0.21769133553679215
0.4978336627316405 13.17208759711078 84675.46334800738 8.84842327267228 0.2208256784962742
0.5163680649470274 13.13649714056841 71970.05715067993 9.29156299436038 0.22399395785378917
0.5352835420543186 13.105919672360205 61304.65163269025 9.753663623307048 0.2271992588927303
0.554585315049246 13.07990403253634 52324.76573206898 10.23553424456572 0.2304429317422596
0.5742633199335969 13.057928594460856 44751.70832979493 10.737663125290762 0.23372189284961725
0.5943173669691749 13.039579094392828 38346.400593280996 11.261260574742867 0.2370419006366645
0.6147499445131617 13.024543966099555 32919.566596294484 11.807279778465915 0.24040477742822178
0.6355468700229621 13.012463535141382 28309.030938975222 12.376699096476786 0.2438121550166325
0.6567148843564908 13.003060408711075 24384.999578234518 12.970230953895726 0.24726225108003191
0.6782417680240931 12.996006266782285 21039.627167396466 13.589154932916028 0.2507593261122221
0.7001251059826766 12.99108228514146 18182.84162579707 14.234690262550046 0.25430627086689256
0.7223546360852807 12.98801483035444 15739.233913074706 14.90802578847966 0.2579050683551218
0.7449382106756082 12.986653362304187 13642.859683884075 15.610221042775816 0.26155591860775196
0.7678529843555828 12.986761252849318 11843.128794598226 16.34248184595894 0.26526011805842736
0.7910933524685283 12.988125641049988 10295.559130239331 17.106451834004982 0.26902264703492074
0.8146617787931907 12.990657780071023 8962.499494863649 17.903584942230268 0.27284593592853035
0.8385406572686633 12.994111466545608 7812.467863974397 18.735282199842068 0.2767313907489357
0.8627163810070524 12.998369069064312 6819.398672347825 19.602815528055782 0.280678849417576
0.8871849464691384 13.00332702881061 5959.7634199494905 20.508303803733646 0.284694983144142
0.911941461092625 13.008815358959696 5214.896531915929 21.453539670091146 0.28878280232757114
0.9369553524238103 13.014701692200425 4568.50584120909 22.440052557606656 0.2929425986625311
0.9622295244402711 13.020913388052684 4007.6864929527655 23.4697754494513 0.29717743696565313
0.9877495286685775 13.027291944153415 3519.52414273464 24.54517273581582 0.30149377231860197
1.013486534200476 13.033751652492633 3094.2937614623693 25.668239961034473 0.3058936383964958
1.0394448093360877 13.040208937460307 2723.6393659454393 26.840829310108596 0.3103774947770347
1.0655935910407843 13.046543516164132 2400.090263661144 28.066087040099216 0.3149544625064877
1.0919169464484413 13.052663221859582 2106.810141753396 29.34612976155219 0.31962541858962995
1.1184106038113049 13.0585010239099 1870.1155908055634 30.68358633740451 0.3243941870299142
1.1450363809781705 13.063958437195263 1653.4105002754825 32.08198515861708 0.3292697007709718
1.1717943508662771 13.06897695347682 1463.3754235480226 33.54312511467904 0.3342487404661406
1.1986445689462546 13.073438022155875 1296.5158140098956 35.0716125743303 0.3393453133218597
1.2255875113973256 13.077308652308377 1149.9997207688286 36.66955122004433 0.34455667963761216
1.2525774728052534 13.080471042909188 1021.079919412609 38.34183561303697 0.3498963311286056
1.2796158577480723 13.082916243759158 907.5042145265725 40.09084598849653 0.35536170039119497
1.3066552021445672 13.084518139071276 807.4612425480548 41.92199467377234 0.36096700555750977
1.333689000207304 13.085233719790581 719.2190787562903 43.83864506074382 0.36671353048155825
1.3606930237542523 13.085040260681525 641.2135581938713 45.845687919553065 0.37261016716718637
1.3876196468578021 13.083789878955741 572.3301024549158 47.94834937719132 0.3786662943528159
1.4144731956145398 13.081507257490571 511.2983417693927 50.15125780975119 0.38488692766085114
1.4412010716227681 13.078084541283234 457.29099676061514 52.459866692918986 0.3912802685487274
1.4677854155059944 13.073480342402704 409.4005446073977 54.880467309970285 0.3978573802784068
1.494192030860534 13.067624500745636 366.88023159461227 57.41924174276876 0.40462731081579467
1.5204015413584897 13.060494019653403 329.147943055407 60.08280948524489 0.4115998171420188
1.5463835757811348 13.05202162479876 295.5781103163446 62.87826681308055 0.4187854236139385
1.5720988651461423 13.042154835150045 265.72423491201624 65.81322992170983 0.42619548508668126
1.5975217853520918 13.030845392338923 239.15171018526172 68.89588221503112 0.4338422553555884
1.6226082726147626 13.01804482219995 215.4523511969826 72.13502617475676 0.44173896154320585
1.6473605267233793 13.00372121120276 194.29330591843436 75.54014029421593 0.4498998851325525
1.671709298199118 12.987808231786545 175.40953597447276 79.1213223048659 0.4583399521210281
1.6956478967477162 12.970279318198312 158.51912996738196 82.88840836470588 0.4670709752097782
1.7191122796413063 12.951054458473665 143.42753288192392 86.85428540035909 0.47611518558442284
1.7421172289159217 12.930170241738088 129.9163611075866 91.03071608754361 0.4854877016286994
1.7646020330688197 12.90755163161332 117.79405944529663 95.43137286142237 0.49520882567755814
1.7865281604144883 12.883130496461042 106.92619186894439 100.07031664043154 0.505297674511473
1.807868845306029 12.856899220066202 97.18373739757308 104.96384619332655 0.5157791082824249
1.8285833522639043 12.828789152799308 88.42013648330442 110.12835105469638 0.5266751573391861
1.8486673331435495 12.798850526874224 80.54517990150026 115.58157852835689 0.5380097033998803
1.8680590034972853 12.766971370937004 73.45842684141283 121.34379263016014 0.5498123413900523
1.8867351633153089 12.733151316481939 67.07481578553119 127.43627993247618 0.5621124398251178
1.9046644013657987 12.697361931742249 61.31999994581313 133.88170426945186 0.5749401615998561
1.9218124689510716 12.659580490762298 56.1324955223305 140.70518838821397 0.5883299014617006
1.9381403132040624 12.61975047348142 51.44439099631895 147.93462556318923 0.6023207942364449
1.9536352965576362 12.577906668948486 47.20939476159195 155.59876958347405 0.616949575526227
1.9682645341107308 12.534018292525316 43.38225839205131 163.73078712989883 0.6322623022478201
1.9819920046022532 12.48805758958932 39.91976596028054 172.36449313236346 0.6483008085227463
1.9947907849439048 12.440011879264349 36.78198525159801 181.53931582203282 0.6651188599217004
2.006629464532206 12.389875651835222 33.937403346911694 191.29701665070857 0.6827702111072584
2.017496180985021 12.337652414834437 31.35946135065347 201.6835467445444 0.7013139869080421
2.0273452974719617 12.283307608085103 29.02020205735376 212.74911326611695 0.7208138898041828
2.0361685482761875 12.226877001218945 26.89608846328821 224.54840896600845 0.7413378490615076
2.0439266723617355 12.168324624975744 24.966253611677303 237.14319148962477 0.762965172288515
2.050321640676866 12.10853824364648 23.24889169638302 250.73737578599545 0.9642700301399308
2.0526430862631404 12.0508173835153 21.981119689106443 266.4603726830103 1.3895500600026207
