M[M_sun], R[km], Lambda[1], P_c[MeV/fm^3], rho_c[fm^-3]
0.24162668629717493 15.618656898711224 2160425.4255784233 3.5677272577965504 0.1711233750220791
0.2536450096889108 15.277252016378538 1723114.3176686575 3.7848445088056715 0.17388848345454672
0.26604238270573494 14.981217569161373 1383006.969903509 4.011453837249596 0.17666729377441467
0.27881939757171603 14.723437764408665 1116415.691598279 4.247810561423887 0.1794584693175224
0.291975045356667 14.498310141380442 905806.2383068212 4.494540200830799 0.18226858241915894
0.30551326448301197 14.301118291629182 738607.5786498217 4.751799521152264 0.18509336206265642
0.31943014750606974 14.128035977343787 605038.7683984444 5.020268964030644 0.1879393864539825
0.33373214885246427 13.97577829916483 497615.25992097514 5.300175078596527 0.19080332729989075
0.3484133205985947 13.841923484911279 410943.99740060273 5.592243686520927 0.19369142449073481
0.36347862227006134 13.723867097420285 340621.57018050476 5.8966456226712145 0.19659880654293374
0.37893256780350204 13.61992619321769 283241.86105421314 6.2142435588774925 0.1995331243345734
0.39476712920893214 13.528358973862487 236355.9620934393 6.545291722331773 0.20249049924239687
0.41099485130101954 13.44779963057045 197825.127564578 6.89049896645273 0.2054747512018492
0.42760541339276154 13.376963300874854 166047.27246090822 7.250567689137444 0.2084889030472679
0.4446029694216323 13.314833317477227 139765.25259370435 7.62575241609786 0.2115284298020965
0.46198429918439987 13.260499522779334 117945.43282697898 8.017011119896017 0.21459963126412873
0.47975274465457196 13.213089987533058 99788.21308981981 8.42504494644807 0.21770408943933506
0.4979135571898856 13.17191147377864 84619.43743881436 8.850288877090444 0.22083918626937316
0.5164550971980121 13.136328144508683 71917.0542341042 9.293628081216719 0.22400849619400096
0.5353752942459846 13.105787943582085 61256.030460279995 9.755942194242387 0.2272148591954715
0.5546852895647023 13.079768339593526 52288.61987284708 10.238037813279025 0.2304595838384279
0.574369821280467 13.057799780221568 44714.63396318314 10.740387476734544 0.2337393840297848
0.5944300797487005 13.03950878822317 38316.18463856968 11.264243340102606 0.23706053700860918
0.6148698020717192 13.024480436638452 32890.07121065537 11.810538578244921 0.2404245963680655
0.6356778171798685 13.012400196572074 28281.697887166523 12.380252650466009 0.24383319587348695
0.6568502908200605 13.002993386018398 24361.323872341032 12.974062943629479 0.2472841531619687
0.6783851382625636 12.995959301910146 21019.402910066965 13.593319772921639 0.250782514825546
0.7002766332526825 12.991049403340387 18165.309342600143 14.239210283694847 0.2543307922022028
0.7225142694771252 12.98800366610094 15722.773332078688 14.912924756417642 0.25793097104528984
0.7451044673964848 12.986650272907625 13628.05346922948 15.615476451565 0.2615827807714318
0.7680283709367465 12.986765749977348 11831.394558397451 16.348164863917034 0.2652884464775983
0.7912769922740099 12.988143347581381 10285.471517346337 17.11259098259493 0.26905249963562355
0.8148536448852367 12.990678045022351 8952.023968104606 17.91021063383502 0.2728773743614352
0.8387407769471021 12.994145100530405 7804.028174737357 18.74236504710259 0.27676393276733424
0.8629234577965783 12.998424347777487 6810.819128421497 19.610447623807907 0.2807130898179048
0.8874080204004174 13.00338080756592 5952.424395167215 20.51652188046393 0.28473099603060703
0.9121683206071085 13.008869493266396 5208.803940140063 21.46238297561419 0.2888206668009146
0.937192397928252 13.014763819865744 4562.9687643749985 22.449484254333935 0.29298177256114244
0.9624786707233318 13.020974360597734 4002.473438938507 23.479913896336353 0.2972186122108794
0.9880022943413967 13.027353573262106 3514.682711799997 24.556065652667474 0.3015370447061432
1.0137475754714962 13.033815868144218 3090.5850478310854 25.679845183393777 0.30593842518462
1.0397150069743324 13.04027175713197 2719.9887204130164 26.853288711266345 0.31042456415104996
1.0658705438680847 13.046594023479624 2396.8768262746808 28.07945894080281 0.31500393098173834
1.092206618006088 13.05273238883553 2114.620666243591 29.36036677016475 0.3196766630790673
1.1187065167004344 13.058565341229624 1867.3410502476602 30.69885842539283 0.32444806030989964
1.1453401591362657 13.064016908610348 1651.1105383824251 32.098242481947786 0.3293255593326541
1.17210721863332 13.069025264297663 1461.2293233278378 33.56055836490918 0.33430749231685947
1.1989660262260082 13.073488301472679 1294.6686073615094 35.090304030259 0.3394071208993507
1.2259151613279708 13.077344956800168 1148.3861910638332 36.689446641631164 0.3446208591879062
1.252913945307611 13.08051254771068 1019.5796316856997 38.36309451861475 0.3499634874833292
1.2799585802593847 13.082949479142254 906.155153440261 40.11355154544243 0.35543194379894905
1.3070120685188134 13.0845478036711 806.2825232102432 41.9461713524155 0.36104009531979875
1.3340443929457841 13.085238709664683 718.1055306125876 43.864563913166535 0.36679057471520193
1.3610553057448034 13.085032149818375 640.2259960669228 45.8732946385334 0.3726904437558919
1.3879948325488294 13.083783221492011 571.4062170255105 47.97776187533294 0.3787500118170879
1.414839586075267 13.081454532228856 510.5123202143799 50.182798593464135 0.384975308412681
1.4415728613620442 13.078010677502691 456.58355627643465 52.49348569352279 0.3913725737284344
1.4681683027589814 13.07340538705262 408.74336688880953 54.916313383586704 0.39795387146180644
1.4945794787018443 13.067530699991506 366.2943588573496 57.45747580281104 0.40472826979942117
1.5207923714759513 13.060377066570535 328.6385501023667 60.123605581916436 0.41170554760364086
1.5467768284309833 13.051883294988487 295.09856824977663 62.921813320584 0.41889625293763566
1.5724942777917528 13.041993072093913 265.291230485079 65.85973084516219 0.4263117663701397
1.5979078979528694 13.030651676053662 238.75311666151674 68.9455586305401 0.43396436961935075
1.6230170682947167 13.017834664179835 215.09183929270924 72.1881178177632 0.44186732016395197
1.6477586651762228 13.003474524802737 193.9545763280259 75.59690731308639 0.45003493252516263
1.6721070914817566 12.987529803754663 175.12116354931283 79.18175079553788 0.45848093109841903
1.6960441285848038 12.969966782843544 158.25068435220385 82.95308787595128 0.4672196085382428
1.7195235717024697 12.950743372857772 143.18241232072245 86.92354887008183 0.4762720332650694
1.7425046852440744 12.929795992017175 129.68951319918844 91.10459234671177 0.48565204911247506
1.7649868417057881 12.907129221458018 117.59360070270579 95.5105735530309 0.4953826096796023
1.7868972606519697 12.88265017184883 106.74961133410156 100.15491072574365 0.505480224877566
1.8082483937803429 12.856410097949404 97.01861354601297 105.05427231605239 0.5159711283435737
1.8289523815603979 12.82825640403861 88.2734465951685 110.22521419354017 0.52687787879496
1.8490327313768296 12.798276181186553 80.40890542173196 115.685543142094 0.5382244584164311
1.8684044578982062 12.766324832191701 73.33278939981182 121.45517439473878 0.5500390738458714
1.887079518725752 12.732490587297326 66.95871145236387 127.55555034112619 0.5623515738182825
1.9050002687014043 12.696656394477083 61.21441806159845 134.0094162299218 0.5751923046640355
1.9221396413385696 12.658821189521685 56.036198589102234 140.84236035035883 0.5885971646078196
1.9384491451964923 12.618914635474239 51.35652969574437 148.08207893396101 0.602604428131387
1.953940850262972 12.57705299044047 47.132471942748275 155.75692090222 0.6172492881064208
1.968550256463907 12.533105574829882 43.31099176640493 163.9007325102002 0.6325799706120175
1.9822620533833617 12.487087151412148 39.85217549463409 172.54752044125317 0.6486387484368192
1.9950439477579243 12.438985646212734 36.72019474236956 181.73622629075922 0.6654775350708038
2.0068763653589095 12.38880901058938 33.880952514448666 191.50908891479813 0.6831514559598365
2.017715574034744 12.336516381621886 31.306287120914586 201.91219128336033 0.7017198084105165
2.0275468260166893 12.282115778523188 28.972556012353852 212.9953111511543 0.7212445982745042
2.036350671395689 12.225623522931686 26.85249061040203 224.81443882693256 0.7417976880093876
2.0440850821166645 12.167010273021651 24.925153480159832 237.4303492895865 0.7634548027162146
2.0507373959849082 12.106280351992481 23.172930533937027 250.91020911019186 0.7862993677082049
2.056302081375424 12.043511320405795 21.579718075451456 265.32736967307875 0.8104201894755998
2.0607400537665197 11.978640271831175 20.12939259388889 280.76318445031075 0.8359155039225552
2.0640367748653996 11.911721278098279 18.809682282346948 297.30796513196606 0.8628939544460928
2.0661859974557273 11.842795236159343 17.609076987751767 315.0620695625208 0.8914757122069439
2.067173103435123 11.771887756929017 16.51385229628675 334.1347463109467 0.9217858244411617
