M[M_sun], R[km], Lambda[1], P_c[MeV/fm^3], rho_c[fm^-3]
0.24162668629717493 15.618656898711224 2160425.4255784233 3.5677272577965504 0.1711233750220791
0.25363622189009977 15.27746887688492 1723407.184055901 3.784676089776608 0.17388638419259747
0.266022493983578 14.98166301945548 1383327.3908515421 4.011099794316744 0.17666301537451298
0.2787901164660017 14.72396501392377 1116877.7672265351 4.247258924462121 0.1794520711600651
0.2919347965787923 14.498959397383462 906384.8314820642 4.493776502430286 0.1822600784602241
0.3054604018916255 14.3018289281117 739200.8602679434 4.7507978394588655 0.18508254198862945
0.31936641955532963 14.128747070736443 605535.3903793582 5.0190219288043005 0.1879264479821978
0.33365255784028286 13.976615159460428 498123.59841933363 5.298649869766516 0.19078797097775166
0.34832287465760786 13.842636039770262 411396.66479414934 5.590436504657446 0.19367393950906703
0.3633736605555884 13.724666634429887 341003.2887365216 5.894515880005755 0.19657880354911814
0.37881497676493264 13.620621714241125 283647.88241747674 6.21176549519156 0.19951052737754063
0.39463276655868296 13.529083054999955 236722.6877779216 6.5424679190845145 0.20246573830268974
0.41084488419191023 13.448461600135756 198155.20914017077 6.88727492767532 0.2054472939347054
0.4274388988797609 13.377616215082329 166336.45128416168 7.246913176228341 0.2084586701985423
0.44441840752915296 13.315498303581178 140027.920029684 7.62167753766116 0.21149599114960213
0.46178492022035966 13.261072745539275 118171.54942303074 8.01244482341135 0.2145643072691277
0.4795349742721341 13.213616470526459 99986.09423268339 8.419951643181143 0.21766579491907515
0.49767543667577935 13.172417427366211 84799.00789273782 8.844687353327199 0.2207986288439803
0.5161949999777343 13.136787850536908 72082.79701217472 9.287427717367382 0.223964845245954
0.5350976496385526 13.106198855613139 61400.26787185652 9.749100972574041 0.22716802057066035
0.5543879314762585 13.080147557963537 52409.04367092198 10.230514502610232 0.23040950221904374
0.5740499790052833 13.058108144753499 44824.49080262952 10.732208106105695 0.23368686993669566
0.5940941893630735 13.039769086493921 38413.41749239086 11.255288286406909 0.23700458567106514
0.6145079182136676 13.02471127499618 32975.76412928227 11.800754968116877 0.24036509569489395
0.6352905915047699 13.012621555354151 28129.14434118446 12.36958431313152 0.24377002785650714
0.6564396715690879 13.003146400742871 24430.54156357464 12.962558867874494 0.24721840058242148
0.677955631132248 12.996078530807795 21081.850091077526 13.580816661101771 0.25071290084871706
0.6998234380714385 12.991134240107787 18219.478494382 14.225641133500444 0.2542571789001556
0.7220312575405535 12.98806548842103 15770.968607337365 14.898218262070761 0.2578532122660229
0.7446028457164561 12.986654275174962 13671.259291207643 15.599700165901114 0.2615021428639419
0.7675010807172636 12.98674655702766 11869.280746652095 16.331105231634492 0.26520340848937335
0.7907248621248081 12.988096371238763 10318.344558162957 17.09416243374171 0.26896288784298056
0.8142773305885957 12.990597415022428 8983.100864401411 17.890321927307184 0.27278300387107135
0.8381387794275037 12.994044840834379 7831.207591738514 18.721104377975173 0.2766662509932594
0.8622957947038358 12.998300134475258 6835.199745388925 19.587538675509837 0.28061031181480905
0.8867474938708662 13.00323161158162 5973.940011487994 20.491854457415947 0.28462289955806636
0.911484638192957 13.008709083243078 5227.494819007756 21.43583933902605 0.28870701463573595
0.9364827376616692 13.014591529125276 4580.31350512789 22.421174943501516 0.2928641918008219
0.9617387121798171 13.020779895324836 4017.53927410632 23.44948382134678 0.2970950266346905
0.9872405115246243 13.02716638361955 3528.201930068405 24.523371668817013 0.30140716702886816
1.0129609496131236 13.033625460130924 3102.455001383057 25.645013802220184 0.3058040041765258
1.0389012355889713 13.040072005450874 2730.78287017216 26.815894330224786 0.31028329491306417
1.065034519399091 13.046409489723098 2406.5410109661752 28.039326627221026 0.3148554641029319
1.0913394035498827 13.052529894233853 2123.287438164897 29.31763870585208 0.3195228682827069
1.1178156255882499 13.058378401485777 1875.2435233181907 30.653024757321937 0.3242863790758319
1.1444314047007451 13.063843962357092 1658.037109964579 32.049244415345996 0.32915657472976456
1.171167584343492 13.068864233222612 1467.468766066162 33.50824057421288 0.33413117596802294
1.198002246397457 13.073330195757668 1300.35153718452 35.0342114247061 0.339221637859527
1.2249301666320742 13.077217952892463 1153.3978135518812 36.62974192368999 0.3444282610099197
1.251911114601548 13.080413671870764 1024.0653885008605 38.29916054572613 0.34976114587066975
1.2789277036297604 13.082868537800202 910.2209268868029 40.04541631639928 0.3552211561627989
1.3059551562821992 13.084482309561668 809.9410466803296 41.87362277555462 0.36082076998088713
1.332974003350243 13.085223338291394 721.4274212510493 43.78678911106556 0.3665593877811921
1.3599668122748292 13.085054852994528 643.2477819024116 45.79045648924307 0.3724495616704676
1.3868835637466943 13.083845910298185 574.1082363035001 47.88950677479465 0.37849880931158963
1.4137166499709939 13.081570026454107 512.9165907412247 50.088159439577566 0.3847101190740405
1.4404429971237147 13.078197984055679 458.7442961927272 52.39261263738512 0.3910956141101485
1.4670126269515875 13.073617276902528 410.71473696236785 54.808760063708064 0.3976643572677359
1.4934170639473832 13.067815667839415 368.0743163395051 57.34275971624876 0.4044253561278903
1.5196196379206497 13.060737534858914 330.2117378731175 60.001204849869424 0.41138832397299796
1.5455957806191651 13.052302087115205 296.54994076967796 62.791163131397425 0.4185637378190052
1.5713065673328142 13.042483651087519 266.6295359877401 65.72021953883548 0.42596290117452157
1.5967246730452314 13.031224659750587 239.92141979143037 68.79652338445887 0.43359801207999565
1.6218120525179582 13.018468561661168 216.14582265376103 72.02883988843591 0.4414822370479281
1.6465515936861335 13.004205540437082 194.93943682109114 75.42660678305047 0.44962979160004285
1.6709162952932612 12.98835851301741 175.99362640473205 78.99999648818593 0.4580560281807428
1.6948476402204011 12.970889390110624 159.07110460276667 82.75905804109361 0.46677372854284643
1.718337859419577 12.95176703123583 143.91102619357912 86.71577267903177 0.47580152242017193
1.7413385781953248 12.930940719890463 130.35454134964493 90.88298328486867 0.4851590505212376
1.7635350363141042 12.908346242573469 118.32039713364023 95.2953673055179 0.5405255745506575
1.7841118358064498 12.883385623205303 107.87189387272288 100.01764794330408 0.6094871112759505
1.8030349508002308 12.855410686104573 98.7442927826282 105.07376421416976 0.6800826412941979
1.82032000008811 12.82410076494626 90.7022638834184 110.48704945592817 0.7525240778795156
1.836026946529559 12.789359209489149 83.57952784405741 116.2838320832995 0.8271257051438017
1.8501730820134585 12.75102343534203 77.23343541456323 122.4927697696674 0.904195691480801
1.8627918871407534 12.7091001841418 71.55413600453015 129.14478970322767 0.9840350017853167
1.8739534482794813 12.66359520267623 66.44610929664722 136.2749690732904 1.067025431266228
1.8836658814350247 12.614556028459127 61.84049447415038 143.92085088265657 1.1535204856855275
1.8919856569651272 12.56205008714727 57.673330432843464 152.12460839029953 1.2439368977863225
1.898930773201778 12.506139020476406 53.89557797779919 160.93233256158197 1.3387040248565019
1.9045164961432524 12.446847032347721 50.455690151351696 170.39526855660404 1.4382967716001276
1.9087691713132917 12.38426583040624 47.324793467082536 180.5690263747442 1.5431962813217186
1.9117198173006873 12.318517339162604 44.46408578387909 191.51678341314354 1.6539719007891067
1.9133764000337374 12.249642607920627 41.85332876198139 203.30732384894353 1.771202442598104
1.9137636522170585 12.177812574458702 39.46178177658634 216.01737296654818 1.895522417417171
