M[M_sun], R[km], Lambda[1], P_c[MeV/fm^3], rho_c[fm^-3]
0.24162668629717493 15.618656898711224 2160425.4255784233 3.5677272577965504 0.1711233750220791
0.25364407226050856 15.277269041198156 1723308.1132097195 3.784822008764031 0.17388820300238206
0.2660406345201113 14.981224173003024 1382967.027449982 4.011406537377056 0.17666672218336948
0.27881620088507764 14.723471986679483 1116370.1681651685 4.247736861188989 0.17945761450586148
0.29197010143770863 14.498394327055166 905871.438931503 4.494438165969927 0.1822674462373021
0.30550555525868295 14.3012169511747 738663.7838845412 4.751665686747931 0.18509191639566283
0.31942160573641887 14.128142134249865 605101.4560825635 5.020102343898183 0.18793765770579876
0.33372141423122126 13.975922788398579 497677.3421275622 5.299971285664671 0.1908012754432206
0.3484012076883736 13.842025902507125 411005.8509159817 5.592002211634117 0.19368908815477748
0.36346415515644226 13.72397630044006 340624.01280163665 5.89636104026779 0.1965961336847767
0.3789172033385342 13.620000280690352 283305.8038432952 6.2139124246339525 0.19953010478898392
0.3947495938096314 13.52848222650792 236418.15071195347 6.544914379716812 0.20248719045742855
0.41097507579089687 13.44785643286494 197867.69573953925 6.890068130252444 0.20547108201997416
0.42758249618227717 13.377058559512685 166075.26396566877 7.250079315877959 0.2084848628604515
0.44457790729767843 13.314946532043878 139800.736550289 7.625207855284827 0.2115240947478733
0.4619594443565181 13.260565368729798 117981.19746885535 8.016400872255858 0.21459491050526808
0.4797240350481454 13.213156028603265 99809.2202812125 8.424364252695584 0.21769897157390877
0.4978818884241177 13.171999448573215 84639.9629519442 8.84954024679592 0.2208337658661757
0.5164196094927034 13.136402253009232 71938.13066971187 9.292799398119197 0.22400266221333204
0.5353366429698714 13.105855606522825 61276.52420758202 9.755027838858416 0.22720859903451632
0.5546450855851914 13.079816714918923 52299.99496769051 10.237035163358454 0.23045292727590888
0.5743279887488164 13.057836125800065 44730.662612201995 10.739294225704676 0.23373236501952627
0.5943847869613833 13.039518928332612 38327.91547026431 11.26304638422247 0.23705305840660962
0.614821363090498 13.024503314213009 32901.21190351174 11.809230845449463 0.24041664317076514
0.635625664043249 13.012450659735949 28292.54042691352 12.378826627438476 0.2438247522853258
0.6567942319585071 13.003037766842278 24369.910421699937 12.972525178960582 0.24727536392971136
0.6783288700832656 12.995968120776514 21028.05136745359 13.591648427803465 0.2507732092237081
0.7002160479010046 12.991051726232715 18171.763725666067 14.23739639532459 0.25432095176926733
0.7224513574592019 12.988001500834883 15730.114356904705 14.910958786060457 0.2579205762189333
0.7450373294028487 12.986655223509228 13633.66956723301 15.61336743128339 0.2615720008587207
0.7679587165665094 12.986753288725431 11836.08416937335 16.345884230097553 0.26527707809001094
0.7912034640308869 12.988136451234045 10288.910127988445 17.110127287480022 0.2690405195205569
0.8147778194234361 12.990660961609546 8956.374066272137 17.907551670623 0.2728647577711192
0.8386596192183388 12.994127319441189 7807.473711818282 18.73952261000787 0.27675087323960046
0.8628413432553783 12.998395524777457 6814.527234797164 19.607384750016717 0.2806993486348572
0.8873211776061356 13.003356751447448 5955.361996158162 20.513223826170087 0.28471654344532
0.9120768347416042 13.00884894450199 5211.232311205708 21.45883398729491 0.2888054710606723
0.9370972582834932 13.014739203355623 4565.1429469905215 22.44569911684436 0.29296605125494124
0.9623805276692984 13.020951925122949 4004.582416767061 23.4758451031354 0.2972020876327341
0.9879009150102133 13.027329487174061 3516.6541805944903 24.551694049329814 0.3015196784013802
1.0136436763975523 13.033785380045977 3091.882939433379 25.67518769321484 0.30592045103303755
1.0396075057939498 13.040246641525394 2721.445792507304 26.848288388275698 0.31040567383119716
1.0657577466682948 13.046576089168713 2398.3329130799298 28.074092374963044 0.31498407772113535
1.0920897792101039 13.052700410403647 2115.784560586807 29.354652983312693 0.3196560969546829
1.1185881703368548 13.058536857469262 1868.5929043629098 30.69272919171486 0.32442643904093615
1.1452186743131334 13.063992748759738 1652.1069693915344 32.09171780798718 0.32930314119558
1.171981778161849 13.06900892814719 1462.0326045720753 33.5535617066669 0.33428391285719733
1.1988377462477584 13.073463031458811 1295.5029878601204 35.08280235975113 0.3393823149086887
1.2257826478287066 13.077336025009851 1149.0765343892297 36.681461730496764 0.3445951011006243
1.2527791981837488 13.080493145494026 1015.7152561707911 38.3545939575754 0.34993672003153575
1.2798211193008668 13.08293891568441 906.7012774564756 40.10443870285733 0.3554037517083948
1.3068650167819358 13.084525539073075 806.7315286533097 41.93646802846613 0.3610107607014527
1.333901984134337 13.085238397990887 718.5815578869821 43.85416130147297 0.36675965277341405
1.3609087281291945 13.08503438518554 640.6125296141228 45.86221453873806 0.3726582243308048
1.387840502252796 13.083778605336352 571.7765992668402 47.96595695417369 0.3787164112007572
1.4146975375686084 13.081484867936805 510.8252834566927 50.17013938622237 0.38493983591891606
1.4414212107220854 13.078031028726047 456.88015241442963 52.47999229902249 0.3913355259226746
1.4680152104044863 13.073434451800585 409.0206356719986 54.90192604549016 0.3979151433351568
1.494424037510257 13.067569936996287 366.5280512445794 57.44212992399158 0.404687748224502
1.5206349887625124 13.06042508223173 328.8311351295181 60.10723129100444 0.41166311066780364
1.5466195648844545 13.051940302593556 295.2903101814398 62.90433499525733 0.4188517692100908
1.572334412627962 13.042059175818368 265.4552226268936 65.84106658736545 0.4262650940959078
1.597759732832226 13.03073160214529 238.9169243027609 68.925619688225 0.43391535583210256
1.6228462978535643 13.017910498207002 215.24056129744585 72.16680794708809 0.4418157997088814
1.6475989053518103 13.00357355873986 194.10014598911332 75.57412207424804 0.449980726981938
1.6719479790769578 12.98763775826813 175.23555374339878 79.15749577337448 0.4584243444092073
1.695884524632047 12.970090958957982 158.3607075168962 82.92712638382629 0.46715994910495173
1.7193650323880436 12.950881764595644 143.2777540526116 86.89574724199022 0.47620907625610315
1.742347733422164 12.929942121125865 129.78256694894617 91.074939011301 0.4855860813561865
1.7648305847874668 12.907296033783828 117.67688946314563 95.47878279730237 0.49531285366300315
1.7867576102979243 12.88285940857662 106.8192585034582 100.12095486697876 0.5054069496074846
1.8080959544943145 12.85660648983312 97.08298442836815 105.01797524635924 0.5158940514399988
1.828806324021972 12.828473491478748 88.33020967149487 110.18638382010688 0.5267966948132917
1.848886653742544 12.79850802913673 80.46292026676618 115.64381108325537 0.5381382543834968
1.8682633591571136 12.766570084676907 73.38642703306343 121.41046471180483 0.5499480613156887
1.8869430486788785 12.732752824926298 67.00949136523865 127.50776578774672 0.5622559113662502
1.9048652461507691 12.696940958644674 61.25574450087175 133.95815070350173 0.5750910905970776
1.9220082565670826 12.65912429203714 56.07502170346224 140.7872969835678 0.5884898802297707
1.9383222492607755 12.61923907290581 51.392401954671584 148.02288791818467 0.6024905712676046
1.9538189713679066 12.577397668815374 47.162643295282294 155.69343499989998 0.6171289759664959
1.9684365733739102 12.533470246539716 43.33857659390956 163.83256692805074 0.6324526367380668
1.9821525068041996 12.487473925687029 39.87921956838741 172.4740474109545 0.6485030885197477
1.994943184469336 12.43940066899382 36.74616217396847 181.65717942334834 0.665333550105768
2.00677927116976 12.389243389771677 33.90371456970944 191.42395478993654 0.6829984093225426
2.0176277770821716 12.336972366572375 31.3285691502611 201.8204035321274 0.701556894206193
2.0274646194561385 12.282589281779169 28.991639342158635 212.8964758454982 0.7210716918203872
2.0362761833731238 12.226127370805886 26.869559456759724 224.7076409574249 0.741613085349447
2.0440222260684484 12.167536045442194 24.942728911904027 237.31506847013816 0.7632582383291787
2.0506825537674023 12.106833267961509 23.187114938866305 250.78561229313277 0.7860897187228366
2.0562559021542324 12.044091122256994 21.593570219197424 265.1923827400403 0.8101957334032752
2.0607043626001023 11.979244328312642 20.14155379415442 280.6170805137709 0.8356758594612365
2.0640116411167524 11.912352034426743 18.821117401048948 297.1494517543971 0.8626371343718274
2.0661741407103684 11.84345439505678 17.618910374727083 314.8898735883274 0.8912000603206018
2.067168471165483 11.772567263785882 16.523231225938705 333.94773178357264 0.9214904499337895
