M[M_sun], R[km], Lambda[1], P_c[MeV/fm^3], rho_c[fm^-3]
0.24162668629717493 15.618656898711224 2160425.4255784233 3.5677272577965504 0.1711233750220791
0.253640603108507 15.277377538656374 1723148.9406947233 3.784773600436214 0.17388759961592876
0.26603439727002287 14.981384800831998 1383112.0978976493 4.011304774129626 0.17666549243458088
0.27880673853157933 14.723698793298636 1116543.5022273527 4.247578300952982 0.17945577544606897
0.2919584012500201 14.49857765970566 906063.7114202986 4.494218648769969 0.18226500186233327
0.3054900048152129 14.30143070889528 738791.5276096787 4.751377759850026 0.1850888062356487
0.31940316132975705 14.128360120406418 605254.788649858 5.019743887172378 0.18793393857891694
0.3336977608707327 13.976157736191846 497817.4573716103 5.299532862993073 0.19079686125439235
0.34837438677735383 13.842260314010705 411140.9458900346 5.591482729220414 0.1936840620195202
0.3634330357768359 13.724255457252395 340770.39714571944 5.895748828500681 0.1965903836623022
0.3788832101651531 13.620213187218551 283412.2991737934 6.213200076132687 0.1995236090283758
0.3947109787070059 13.528673226912375 236503.38158678592 6.544102634913831 0.20248007255211994
0.4109317147941692 13.448088743670693 197959.7519504963 6.889141320187242 0.20546318891653814
0.42753454204758135 13.37727529275721 166167.3737839356 7.249028745009071 0.20847617175689145
0.44452522716089976 13.315124069975179 139877.22259896237 7.624036428046681 0.2115147694338324
0.4619016872933691 13.260737319177858 118042.01509750442 8.01508815846608 0.21458475560282064
0.4796610539282811 13.213315324583876 99869.31901751179 8.422900017866803 0.2176879625749591
0.49781297390823054 13.172128273545011 84691.34880562383 8.847929890416069 0.22082210619793322
0.5163460776883771 13.136537114529608 71983.51725482028 9.291016862663863 0.22399011305259836
0.535258868518339 13.105955390807136 61317.20869993632 9.753061040516233 0.2271951332919787
0.5545600517847541 13.07991996903597 52338.97345132848 10.234871284154643 0.23043851668454352
0.5742327137111304 13.05796967392446 44760.66277065232 10.736942668001163 0.2337172672906483
0.5942868038775497 13.039600938626371 38355.080246259604 11.26047178842787 0.23703697228549428
0.614717298244408 13.024582849458504 32926.6033203131 11.806418004979944 0.24039953640758976
0.6355137953864773 13.012477118569448 28084.054342162464 12.375759387133563 0.24380659092788207
0.6566790544192124 13.003059436631418 24390.140531033143 12.969217623881852 0.24725645930120813
0.6782041294737524 12.996018131508826 21045.317056655447 13.588053596269067 0.2507531941648376
0.7000860364375923 12.991072742779728 18187.884972560652 14.233495016191418 0.254299786597063
0.7223127339933038 12.988013614648523 15743.529932889263 14.906730350134666 0.2578982188842726
0.7448928690369964 12.98666561613721 13646.294025121471 15.608831363207251 0.26154881548760833
0.76780683749763 12.986757454476612 11846.734100011383 16.340979111016452 0.26525262730163796
0.7910448761209479 12.988124511060192 10230.714451748345 17.104828504530392 0.2690147533333913
0.8146121540059839 12.990635410739069 8965.054039698967 17.90183297934315 0.27283762298990233
0.8384871256648593 12.994106558117346 7814.729657338193 18.73340937310312 0.27672278607909684
0.8626602218057098 12.99836013291064 6821.479326338223 19.600797493188967 0.28066979576783657
0.8871277579915173 13.003316481138386 5961.650384231836 20.506130851641448 0.28468546093115243
0.9118803854251695 13.008798864000116 5216.425174177683 21.451201426973984 0.28877279064766825
0.9368927061100737 13.014693942462397 4570.105504796739 22.43755876192461 0.29293224085501984
0.9621645317415458 13.02087878668965 4009.010498348846 23.467094815609318 0.29716655011512694
0.9876821841868407 13.027274679584243 3520.450891232413 24.542292651240917 0.30148233110982625
1.0134215682512946 13.03374975191552 3095.5895048500565 25.66517157172997 0.30588179689123135
1.039372342940193 13.040189748045105 2724.5855653430517 26.837535116815065 0.3103650499079556
1.0655201113203099 13.046523408495508 2401.1091464220876 28.06255162900978 0.31494138348355327
1.0918413266383322 13.052637173454821 2118.4058667299437 29.34236565970148 0.31961187013413767
1.1183320807753925 13.05848698402793 1870.8260470768796 30.679548621020604 0.32437994372373247
1.144956358107415 13.063946763955222 1653.9142988935648 32.077687002454915 0.3292549327297499
1.1717122863654816 13.068955420892124 1463.934518276135 33.5385161203206 0.3342332076799454
1.1985606801731665 13.073418156313075 1297.0265241538648 35.066670997602955 0.3393289728672868
1.2255007122030444 13.077290875961891 1150.4542246501471 36.66429139679987 0.3445397122620287
1.2524897419644907 13.08046798302189 1021.4303568679447 38.33619704965939 0.3498784693959214
1.2795247204223748 13.082909449245705 907.882183329869 40.08484337900444 0.3553431303227687
1.306562660692783 13.084510477283507 807.8715071890105 41.91560321551783 0.3609476832109047
1.3335932543871118 13.085232615972826 719.4681520416026 43.83179312423769 0.36669316298270144
1.3605972053909647 13.085042271618018 641.4683230799116 45.83838985696043 0.37258894539253384
1.3875228577482441 13.083793823006342 572.5738104796079 47.94057402907248 0.3786441632021327
1.414374141122675 13.081518969696928 511.50768939963206 50.142919953810654 0.384863564069655
1.441101442576544 13.07810058577903 457.4870976031383 52.45097956035254 0.3912558678124208
1.4676832485218827 13.073500606850693 409.5726513559743 54.87099156635985 0.3978318732807828
1.4940897817162064 13.067650985029758 367.0577421361262 57.409134868383866 0.4046006230990204
1.5202996493544065 13.060524596100956 329.29894831982665 60.07202548993563 0.411571868468121
1.546279797310997 13.052058166606724 295.70854336010393 62.86675592272996 0.4187561274828399
1.571993672293965 13.042199609785454 265.83937434217717 65.80093823307992 0.42616474820612826
1.5974164325386162 13.030896329248973 239.25988896459066 68.88275131545193 0.4338099770577639
1.6225028077541186 13.018102082692415 215.53579268391218 72.1209927226687 0.4417050331421935
1.6472545246993968 13.003784766357139 194.3785438723853 75.52513555608526 0.44986418921612664
1.6716034791332302 12.987878956039008 175.4843892039651 79.10534995026195 0.45830268880047276
1.6955418814224412 12.970360359734205 158.60084654590057 82.87131263642105 0.4670316892759705
1.7190147482463396 12.951168188469756 143.49084429365323 86.8359783386826 0.47607372909697127
1.7420137385991816 12.930271379565447 129.9774988165836 91.01119007062063 0.48544426342831426
1.764499720120801 12.907659895615158 117.85516269271794 95.4104398877215 0.49516289405915254
1.7864259717846522 12.883252488901864 106.97272104930349 100.04795848609025 0.5052494265843855
1.8077682122753067 12.857026698798142 97.22810764480332 104.93994697712748 0.5157283582467315
1.828495176886896 12.828954103840756 88.4624416792427 110.10268332124595 0.5266213280355617
1.8485709472192153 12.799001999579371 80.58234822055891 115.55410203368297 0.5379529464432934
1.8679643951755447 12.767133800191118 73.48973852801998 121.3143563414435 0.5497524198934216
1.8866424749406692 12.73332860614094 67.1077873579854 127.40471867144127 0.5620490966260525
1.9045735150222998 12.697550522411339 61.34862237313261 133.84795323338244 0.5748735265750513
1.9217259716067197 12.659781400600018 56.15740421473508 140.66893794142698 0.5882592718060113
1.9380563223435086 12.619964100271003 51.46743758072083 147.8956587445501 0.6022458396220725
1.9535521797524715 12.578115476110534 47.23435928067832 155.55697635712036 0.6168703731787257
1.9681872390930855 12.534259411902154 43.40226082687204 163.68578309954094 0.632178035169902
1.9819195092185227 12.48831166530986 39.93687207111792 172.3161279350799 0.6482115074741035
1.9947199998377505 12.440281383987994 36.79831770813592 181.48728294408056 0.6650240813130336
2.0065686232230218 12.39015858605279 33.956150624379625 191.24097839881884 0.6826694704697586
2.0174369804560452 12.337953098326864 31.37211092100741 201.6231306164699 0.7012067542402696
2.0272912177788784 12.283621718456406 29.03464403873202 212.6840601438636 0.7207000832588052
2.0361190654302646 12.22721048258821 26.906536164564532 224.47811712821718 0.7412163479464741
2.04388432111222 12.168673864024573 24.976796848558454 237.0673186778997 0.7628358021747286
2.0505656223240223 12.10802802662941 23.220535540810236 250.51739248184805 0.7856376909012419
2.0561523715182473 12.045309569209905 21.623003569662764 264.90206652774845 0.8097126303590052
2.060627846329607 11.98054080580175 20.169310270442722 280.30286300237213 0.8351600683779251
2.0639631578282995 11.91371628074736 18.84674889932191 296.808822075883 0.8620852532582289
2.0661420089348215 11.844860072695674 17.641938612904408 314.5198506670883 0.8906077264016053
2.0671609953379138 11.774030983141312 16.545942152252895 333.54587601622774 0.9208557508492804
