M[M_sun], R[km], Lambda[1], P_c[MeV/fm^3], rho_c[fm^-3]
0.24162668629717493 15.618656898711224 2160425.4255784233 3.5677272577965504 0.1711233750220791
0.25364485135266773 15.277263075755451 1723116.526282168 3.784846300950867 0.173888505792772
0.26604253690943114 14.981204476415849 1382890.7724648553 4.011457604737086 0.17666733930227757
0.27881988006351427 14.723405024764665 1116334.4695632812 4.2478164317554254 0.17945853740452183
0.2919760535893895 14.498308412707438 905809.5802453074 4.4945483280915886 0.1822686729180941
0.3055121682536348 14.301163165359936 738612.4866252654 4.751810181350402 0.1850934772131416
0.31943082995951905 14.128026169369955 605003.6548660304 5.020282235737085 0.18793952415305923
0.3337321198845362 13.97579100966162 497599.3352536205 5.300191311277336 0.1908034907360516
0.34841414732070064 13.8418708993077 410936.67014410615 5.59226292075153 0.19369161058720705
0.3634798109779568 13.72385283204929 340609.73897865106 5.89666829064431 0.19659901944533412
0.378934375039145 13.619897320109207 283242.4541864577 6.214269934974125 0.1995333648528158
0.39476924780136513 13.528341070322332 236359.49792307348 6.545321779213012 0.2024907628006405
0.41099641127845454 13.44776808826158 197822.76291680158 6.8905332844549125 0.20547504346835677
0.4276069206929895 13.376958237612032 166038.12234290605 7.250606590375757 0.20848922486724292
0.4446048303032703 13.314829370827171 139761.91044019288 7.625795793095937 0.2115287751108925
0.4619865737950258 13.260487863808564 117944.78613138237 8.017059729370576 0.21460000729771353
0.47975559288561553 13.213082705936348 99778.11430375994 8.42509916754325 0.2177044971061711
0.4979161565628609 13.171911985547592 84614.62086523278 8.850348509919684 0.220839618036536
0.5164572037204429 13.136328348220074 71918.29821532026 9.293694090980432 0.22400896090685274
0.5353782542166847 13.105782648891342 61253.849880156005 9.756015028617577 0.22721535785815752
0.5546884448053049 13.079764734016278 52287.47740806906 10.238117167809083 0.23046010747806717
0.5743739594943301 13.05778953909542 44715.04039567469 10.74047456193832 0.23373994314376867
0.5944329977183535 13.039502850761899 38315.2277889529 11.2643386864972 0.23706113273460802
0.6148735073076748 13.024468500526499 32889.735394676296 11.81064274923729 0.24042522990150458
0.6356823803626274 13.012394203874177 28281.839409105094 12.380366244618925 0.24383386847289537
0.6568546064123683 13.002993274837307 24359.945608746842 12.97418543929094 0.2472848532969379
0.6783895420195359 12.995974600785955 21019.55164715974 13.593452909873871 0.2507832560964265
0.7002815775396976 12.991051127027328 18164.494980288822 14.239354775985573 0.25433157607993195
0.7225187304585021 12.987994929742193 15722.375880145997 14.913081363981467 0.25793179908851344
0.7451103059347346 12.986644612334592 13627.86021090245 15.615644454894584 0.26158363949301167
0.7680339422014316 12.986759122703866 11831.035232080447 16.348346538571043 0.26528935208018295
0.7912823686077382 12.988152971821028 10285.400924329759 17.11278724060803 0.2690534539718827
0.8148597444941964 12.990685460024556 8951.758842080095 17.910422447719004 0.27287837940316934
0.8387469034568321 12.994143947514482 7803.912995703296 18.742591477283767 0.2767649730968586
0.8629305462235299 12.998428830547317 6810.597972037531 19.610691615040928 0.2807141844526902
0.8874166517126575 13.003368548048657 5952.425324170562 20.516784607398368 0.2847321473407702
0.9121751530422242 13.008865044662846 5208.495319999885 21.462665693350257 0.2888218773163891
0.9371996342871332 13.01475813057986 4562.702875974098 22.449785785017482 0.2929830249479364
0.9624860604200073 13.020975546585168 4002.3069561740454 23.48023802480292 0.2972199285928901
0.9880110453772307 13.027357828146535 3515.0064244180153 24.556413904992016 0.3015384281473054
1.0137564076123013 13.033828323311923 3090.3512647355246 25.68021621133227 0.3059398570528906
1.0397246383005179 13.040277029842978 2719.970386192946 26.85368705176767 0.31042606900973496
1.0658786434067693 13.046602809764506 2396.8083840287854 28.07988645902255 0.3150055125575323
1.0922159161112324 13.052729761162576 2114.5757084061374 29.360821950641295 0.31967830144930065
1.1187151668449324 13.058568320249664 1867.2380878847257 30.699346703846395 0.3244497827437842
1.145350696040389 13.064019538954046 1650.9863092837809 32.098762264444126 0.32932734525411506
1.1721180797774822 13.069029734963559 1461.1321974519324 33.561115749970014 0.3343093707619833
1.1989769800335903 13.073485923055092 1294.6153803896032 35.09090164939979 0.33940909706383443
1.2259260186788348 13.077349351592916 1148.3525220874642 36.69008276025586 0.34462291120812044
1.2529253953728732 13.080514191305266 1019.5264091174993 38.36377171892225 0.3499656199221767
1.279969554947365 13.082950259135597 906.101543263744 40.11427752659062 0.35543418974208696
1.3070228292686041 13.084548308607182 802.8706680056707 41.946944377498596 0.36104243229173777
1.3340558810989092 13.085239526543605 718.0809334602842 43.86539265147704 0.3667930381540527
1.3610662847617068 13.085030201252149 640.2034695323214 45.874177353184486 0.3726930105701895
1.388007219153237 13.083782296841532 571.3902471633834 47.97870233769373 0.3787526886765546
1.4148514328305362 13.081454818222193 510.4879328124047 50.183807119004854 0.3849781344123879
1.4415850616652282 13.078006826676067 456.56773619891555 52.494560680835356 0.3913755252408318
1.468180242771315 13.073406668747024 408.7197226190383 54.91745959396099 0.39795695685399257
1.4945920770650127 13.067527454009266 366.27928879038456 57.458698383274516 0.40473149808542735
1.520804875228927 13.060374926790438 328.619979321136 60.12491009977753 0.4117089284975719
1.5467898440514312 13.051879325397342 295.0838734834176 62.92320580142237 0.41889979691207646
1.5725070634951466 13.041986917628055 265.27152209183924 65.86121781465052 0.42631548472039443
1.5979204828629396 13.03064505224458 238.74104025428997 68.94714716052715 0.4339682745341447
1.6230296967257254 13.017828019373919 215.07293839539912 72.18981557710453 0.441871424803309
1.6477716695553293 13.003464311044958 193.9478294678842 75.59872262376271 0.45003925110624177
1.6721199399424618 12.987519691447586 175.11135460735164 79.1836832123719 0.45848543940478453
1.696056899016503 12.969958223651327 158.2433994765365 82.9551562589107 0.46722436167625947
1.7195360342613841 12.95073260806523 143.17442159919307 86.92576387017905 0.4762770491504888
1.7425181725364087 12.929783181929425 129.68393070618288 91.106954885792 0.48565730489230924
1.7649985523629492 12.907116238760999 117.58695084748639 95.51310639816798 0.49538816730738994
1.7869095057468538 12.882635051395683 106.7452969823591 100.15761608260227 0.5054860629202983
1.8082603549615777 12.85639337365767 97.01552426570309 105.05716421778952 0.5159772693029743
1.8289634856399524 12.828238149519441 88.26840841974722 110.22830794719614 0.5268843470108922
1.8490449060367251 12.798258027792528 80.40818839178858 115.68886810315 0.538231326638617
1.8684166188278473 12.76630650948193 73.32955944980098 121.45873661426079 0.5500463252194103
1.88709245126111 12.732467910112337 66.95720796592772 127.55935627699625 0.5623591910975962
1.9050087062678989 12.69663571483985 61.20880084815423 134.01350082593908 0.5752003689248294
1.9221499771968291 12.658796446731852 56.03372406646935 140.84674756647777 0.5886057125731933
1.9384586367000607 12.618888815301903 51.354256456857534 148.0867950525882 0.6026134998202081
1.9539494873206258 12.577026324324848 47.129001439494935 155.76197924992223 0.6172588741816641
1.968559112234897 12.53307170632526 43.308942051416125 163.90616375131654 0.6325901162155596
1.9822705290495288 12.487056844980348 39.845811550931266 172.5533746043854 0.6486495575089619
1.9950519292067912 12.438954651971095 36.71910645459637 181.74252460438274 0.6654890075364001
2.0068830216512628 12.388774569155396 33.87809889749094 191.51587229486142 0.6831636505235308
2.017722748630335 12.336479722488768 31.305183686366778 201.9195048659175 0.70173278929813
2.027553117391381 12.282076791496202 28.970157028135098 213.0031863289441 0.7212583754268904
2.0363547647204028 12.225584391710775 26.850475640633388 224.82294852279807 0.7418123972212783
2.044090789315106 12.16696845142682 24.924502019284887 237.43953497506357 0.7634704651537644
2.050741485121502 12.106236784668477 23.171894314807968 250.92013717631582 0.7863160728619855
2.0563063617310577 12.043465351109484 21.579619677390692 265.33811377398996 0.8104380356843411
2.06074297782652 11.978592132084565 20.128038326597544 280.77482641899684 0.8359345994608448
2.0640389459094024 11.911671439183802 18.809032412343043 297.32059602431633 0.8629144187549177
2.0661871428476677 11.842743018791921 17.60814589439692 315.0757908496905 0.8914976772889333
2.0671721889810892 11.771834382718094 16.51239752725902 334.1496485283734 0.9218093613032065
