M[M_sun], R[km], Lambda[1], P_c[MeV/fm^3], rho_c[fm^-3]
0.24162668629717493 15.618656898711224 2160425.4255784233 3.5677272577965504 0.1711233750220791
0.2536411234815174 15.277367320705325 1723158.3789349957 3.78478343418696 0.17388772218888787
0.26603714793914246 14.981293786742679 1383102.0541502188 4.011325446340787 0.17666574224605283
0.278807827966171 14.72368687515851 1116581.1083919285 4.247610510693447 0.17945614903051932
0.2919607907244955 14.498539702142763 906030.0399209586 4.494263240933111 0.18226549840641915
0.3054935245141855 14.30137207548689 738735.3915027464 4.751436248180757 0.18508943802124725
0.31940724927764 14.128313916554673 605250.1393347104 5.019816702178069 0.187934694062705
0.3337035254226754 13.976085639858262 497803.0308691812 5.299621921259352 0.1907977579233594
0.3483810375578952 13.842132426270622 411106.84039359295 5.59158825276171 0.1936850829888108
0.36344004053485635 13.724153915479887 340729.47894067416 5.895873187530437 0.19659155166862685
0.37889109133376414 13.620179813024084 283392.8645294166 6.21334477506713 0.19952492850842907
0.39471851585482226 13.528634597365013 236480.72229671513 6.544267523178111 0.20248151839944453
0.41094046065799844 13.448048295860094 197940.34301939222 6.889329580247179 0.20546479221820885
0.42754516490894906 13.377198542464827 166139.25483998083 7.249242142860891 0.20847793714263038
0.44453695305426794 13.315056226363795 139864.52009200348 7.624274373567688 0.2115166636331781
0.4619133354691085 13.260701046591805 118028.95383735967 8.015354801073302 0.2145868182989588
0.47967410519233206 13.21327852410517 99852.72053825493 8.423197436058384 0.21769019874397677
0.4978266461848719 13.17210045506986 84680.8405752886 8.848256987308229 0.2208244745191902
0.5163608680127894 13.136509965162537 71973.55612859887 9.291378930484864 0.2239926620326305
0.5352749792565338 13.105932858783502 61307.682264897354 9.753460533287454 0.22719786843095433
0.5545772732201909 13.079901829345367 52330.717305101214 10.235310804974436 0.23044144372174571
0.5742545623463018 13.057913962571932 44755.414822662366 10.737420307024703 0.23372033388113347
0.5943063863913911 13.03958839148942 38348.812003325445 11.260994726893724 0.2370402396144922
0.6147383371718341 13.024555798640774 32921.428513800136 11.80698933100714 0.24040301102307154
0.6355356566970006 13.012478289093812 28309.74659968923 12.376382381451924 0.2438102797234691
0.6566999536891897 13.003077627446327 24385.961945589443 12.969889425678886 0.24726029904479468
0.678229247590429 12.996011535456452 21041.631862415197 13.588783742768074 0.2507572594249261
0.700112011983759 12.991084865100387 18185.0763827014 14.234287420826249 0.2543040854308803
0.7223401705049978 12.98801630656935 15739.642492898114 14.90758917772241 0.25790275982946653
0.7449228324138261 12.98664686629931 13643.670457976796 15.60975266863634 0.2615535245898358
0.7678368704846572 12.986754498390454 11844.222501105805 16.341975367139682 0.2652575933885426
0.7910769770927581 12.988126288045825 10296.67013026753 17.10590470939936 0.26901998655323556
0.8146454390454456 12.990653883629466 8963.287501640885 17.902994462292995 0.2728431341434493
0.8385209479395772 12.99411597339714 7813.127745735706 18.73465098326697 0.27672849063537336
0.8626972185102392 12.998376950764783 6819.959448090327 19.60213536954938 0.2806757979753113
0.8871658137079502 13.003319186931202 5960.430190887257 20.507571430778263 0.28469177377229526
0.911920451940921 13.008809642003477 5215.442284407694 21.45275158611976 0.28877942798022455
0.9369341232439821 13.0146981904357 4568.990114740793 22.43921204495993 0.29293910765151193
0.9622077325945241 13.02089218714126 4008.1849969199025 23.46887196315514 0.2971737676393525
0.9877263918412441 13.027288929534837 3519.6119981517677 24.54420202468432 0.30148991614409476
1.0134617257543808 13.033753677182835 3094.5804963779997 25.667205781851408 0.3058896472998567
1.039420560395759 13.04019653319905 2723.9530540663404 26.83971902346599 0.3103733003140277
1.0655688285860203 13.046530391279047 2400.3484778789934 28.06489545059872 0.3149500542987825
1.0918898265761259 13.052660391301302 2117.5449055806503 29.34486109149239 0.31962085215638203
1.1183843160617024 13.05849912045079 1861.2767252323997 30.682225444783708 0.3243893863930107
1.145009016105913 13.063951304104407 1653.6767888176728 32.08053648407544 0.3292647232679354
1.1717670192368839 13.068969376341274 1463.5368300311457 33.541571670851376 0.33424350520027457
1.1986176302290381 13.073425939906915 1296.7062096849656 35.06994703202228 0.3393398058249766
1.2255575560968726 13.07729784148131 1150.144978549548 36.667778411291586 0.3445509608310007
1.2525475672764956 13.080474368080187 1021.2152855983508 38.339935147621915 0.34989031087079414
1.2795859665141451 13.082915748667231 907.6584814421535 40.08882281920566 0.3553554413813062
1.3066238794246887 13.084510768034031 807.5879242465022 41.91984044049728 0.36096049298395433
1.3336568291932398 13.08523127208724 719.3281575202026 43.83633561958593 0.36670666562808196
1.3606603858005013 13.085038683093611 641.3126279968028 45.843228108114054 0.37260301436966187
1.387587395498068 13.083795073685156 572.4041449371565 47.94572869263649 0.3786588350385975
1.4144391157504619 13.081511299944756 511.37206187919327 50.14844752628085 0.3848790529368676
1.4411676993101472 13.078091629295702 457.36689582195373 52.45687127033439 0.3912720442405979
1.4677511379134467 13.073487852427313 409.4507661219987 54.877273489818336 0.3978487830889538
1.4941571121107082 13.067633544208176 366.932009904515 57.415835192887535 0.4046183156472643
1.5203671253383098 13.06050427156214 329.1951341909324 60.07917470365562 0.41159039694825805
1.5463482433701616 13.05203473635711 295.62121383159734 62.874387022293014 0.4187755492379272
1.5720629627739942 13.04216894437099 265.7602969351609 65.80908695237129 0.4261851250818416
1.5974847957586737 13.030863367585031 239.18652675836233 68.89145637772559 0.4338313757891269
1.6225723680873647 13.018062571650152 215.48134046971526 72.13029611860611 0.44172752577951185
1.6473248105791214 13.003742811489863 194.3249920881252 75.53508285077419 0.4498878535944575
1.6716738174927104 12.987832694047771 175.43647430214375 79.11593871124572 0.45832739225870456
1.6956128237220776 12.970307038326144 158.5480508952443 82.88264611852138 0.46705773358482855
1.7190769335039644 12.951081633733638 143.45063070586926 86.84811485221955 0.4761012123288542
1.7420814074633024 12.93020530985487 129.9352990565709 91.02413466851098 0.48547306039388505
1.7645675096192106 12.907588668865358 117.81256227997524 95.42431719965585 0.49519334398018966
1.7864941223613158 12.883170837949182 106.94815184774046 100.06278059327083 0.5052814120486423
1.807835066816471 12.856942640495562 97.1984206891276 104.95579069938005 0.5157620024241445
1.8285593321602114 12.828860066338656 88.43522569952249 110.11969944221117 0.5266570135371162
1.848634979905824 12.798901414122902 80.55732551979507 115.57231723203022 0.5379905727574971
1.868026862543174 12.767026491332789 73.46936794258025 121.33387073912408 0.5497921440558703
1.8867034676666246 12.73321112196324 67.08688314028403 127.42564176744764 0.562091089112789
1.9046332403066553 12.697425717124421 61.32854788141465 133.87032798692735 0.5749177012858483
1.9217675951448194 12.659598731207684 56.13731293997259 140.69296961324372 0.5883060946414933
1.9381118145332454 12.619822854030243 51.45237377485271 147.9214911604205 0.6022955295592419
1.9536075945331193 12.57797517469904 47.215880540280395 155.58468246160407 0.6169228790201425
1.9682397227448944 12.534098696107954 43.389830028632936 163.7156177115005 0.6322338985125996
1.9819673456312172 12.488142897071146 39.924493585798444 172.34819073195533 0.6482707079228603
1.9947650610988006 12.440101525721195 36.786689109189396 181.5217771158589 0.6650869129252166
2.006610406590095 12.389970624699545 33.9449720329248 191.27812780412194 0.682736254401212
2.0174765471307166 12.337753820039143 31.36500706252955 201.66318218843273 0.7012778418297417
2.0273274592512687 12.28341475581195 29.025262957872112 212.72718565374453 0.7207755287582246
2.0361524087704477 12.2269886817862 26.90028319234028 224.52471545673595 0.7412968942666676
2.0439122073028537 12.168442294552658 24.970724404791653 237.1176167094047 0.7629215649389004
2.0505886305204846 12.107780516583102 23.213505544473563 250.57186246747062 0.7857295149846658
2.0561726135194816 12.045057432326914 21.616244693281338 264.96100491591244 0.8098107072611582
2.060643175136027 11.980276916366472 20.163269954164765 280.3667176808343 0.8352649915939733
2.0639747236612433 11.913440782909992 18.840377300172904 296.8779730948422 0.8621972902994997
2.0661479882809637 11.84457465425127 17.636893864701698 314.594967761176 0.8907279740948445
2.067161715894027 11.773734290065724 16.541039285996916 333.62745428704847 0.9209845972116154
