M[M_sun], R[km], Lambda[1], P_c[MeV/fm^3], rho_c[fm^-3]
0.24162668629717493 15.618656898711224 2160425.4255784233 3.5677272577965504 0.1711233750220791
0.2536443278290433 15.277262550713665 1723193.5414123528 3.784826284990319 0.17388825630347982
0.26604070256771617 14.981250647578154 1383018.6279574381 4.011415526883418 0.17666683081624865
0.2788159901141259 14.723485051813979 1116369.425025447 4.2477508681304235 0.1794577769652741
0.2919714354836003 14.498364368985722 905849.1262435473 4.494457557926105 0.18226766217123477
0.3055063878532279 14.301209152259009 738606.6464433307 4.751691122196362 0.18509219114705014
0.3194234590218349 14.128120146971922 605108.1325748572 5.020134010230487 0.1879379862562185
0.3337231787778119 13.97588488153589 497670.787211403 5.300010016603668 0.19080166539951005
0.34840350656532576 13.842006506881335 410993.7643816565 5.592048103909703 0.1936895321751683
0.3634669935921869 13.723946576678086 340632.4575953492 5.896415124954158 0.19659664165959662
0.3789208825505603 13.619975687722492 283288.3026814511 6.213975356270872 0.199530678649738
0.39475210420348184 13.5284646454774 233292.69844206853 6.544986092993319 0.20248781928598364
0.4109786016578848 13.447849038904966 197858.35996374825 6.890150009639921 0.20547177933919727
0.427585967177023 13.37707770354847 166077.6130057239 7.250172129766785 0.20848563068596762
0.44458315396480863 13.314922443063006 139795.16128808822 7.625311347173064 0.21152491860984873
0.4619646026281232 13.260570905902215 117976.35372690894 8.016516847354383 0.21459580766641703
0.479729474927057 13.213141532149487 99807.83592535177 8.424493615412603 0.217699944200695
0.49788701228332527 13.171973220843041 84635.80326147085 8.849682520172523 0.22083479598621103
0.5164260134977139 13.13639809405976 71935.55241997172 9.292956884666381 0.22400377092844234
0.5353460792274344 13.105825608237021 61272.59002788471 9.755201606437469 0.22720978873934305
0.5546526836410512 13.079794998385399 52301.56030525118 10.237226344721144 0.2304542004692043
0.5743355333314139 13.057832154247324 44726.70109080455 10.739501990179235 0.2337336989318103
0.5943927520626328 13.039516071410203 38323.72800676333 11.263273856405464 0.23705447965692536
0.6148298958247184 13.0245114651316 32899.354335733864 11.809479369216266 0.24041815460992005
0.6356355535432675 13.01244266679983 28290.66147866029 12.379097630508815 0.2438263569146145
0.6568064945999367 13.00301736210512 24368.913212991523 12.972817416840323 0.2472770342415942
0.6783388786042317 12.995978393380343 21026.56756142835 13.591966050503254 0.25077497766180434
0.7002280310951579 12.991062199874674 18171.571450269563 14.237741105987 0.2543228218414345
0.7224582275354932 12.98801637076764 15728.07827300796 14.91133239726237 0.2579225516421916
0.7450508158579986 12.986640666268888 13632.821274161748 15.613768226617204 0.26157404945860907
0.7679719190966471 12.98675355553216 11835.518179889548 16.34631763739922 0.2652792385167074
0.7912174551210782 12.988131964125948 10288.130467169189 17.110595482063527 0.2690427961922725
0.8147922649746281 12.990667995641722 8955.78174389233 17.90805697202837 0.2728671553901569
0.8386751228998848 12.994132393131162 7806.60659702702 18.740062776974607 0.2767533550273227
0.862855543665869 12.998416076062751 6813.611518619895 19.607966806337352 0.28070195995448416
0.8873378534426543 13.003366503166857 5954.914357204467 20.513850573439605 0.2847192899490337
0.9120940065318792 13.008851663426155 5210.690506868746 21.4595084189621 0.28880835878176453
0.9371152857784277 13.014741778484053 4564.858359987048 22.446418423396857 0.29296903884484926
0.9623992598432767 13.02094872683327 4004.1750971843594 23.47661831177066 0.29720522786274456
0.9879206458573622 13.027337271915473 3516.246657532215 24.55252479969107 0.30152297857818977
1.013662596751644 13.033791688042479 3091.5862438140816 25.676072769479934 0.3059238667128006
1.0396274553241447 13.040247326046597 2721.1032285839465 26.84923861118733 0.31040926360225113
1.0657793076620028 13.046584771304756 2397.963363296339 28.075112192750034 0.3149878504705802
1.0921113574423669 13.052706046880607 2115.600847210331 29.355738781436802 0.31966000516124626
1.118610175538695 13.05853950979987 1868.432909555057 30.69389393412077 0.32443054774524643
1.1452413838663107 13.063999385876775 1651.9337456335015 32.09295769306106 0.3293074013185701
1.1720050321364106 13.069014107224557 1461.8887946058499 33.554891278808654 0.33428839365239965
1.1988620237499317 13.07346282959524 1295.2861727531022 35.08422789461313 0.33938702876601395
1.2258080853601645 13.077332213550768 1148.941082873844 36.68297909112753 0.34459999587113677
1.2528042384078237 13.080500094718822 1020.0581608861286 38.35620930210484 0.34994180659660146
1.2798485441190748 13.082938980656472 906.5800778871466 40.1061703922787 0.35540910897694444
1.306891454270293 13.08452748815799 806.6401124002884 41.93831192046846 0.36101633506632413
1.3339243174293274 13.085243398100403 718.4541806846992 43.85613807017985 0.36676552875232044
1.3609374340279234 13.085032500320036 640.5528624965436 45.86432004198396 0.3726643468482329
1.3878688542289181 13.083772509448542 571.7338775363488 47.968200185623346 0.3787227961615938
1.4147258823776834 13.081479827557692 510.76573068657217 50.172544944904196 0.3849465765594406
1.4414498177596167 13.07802843427961 456.8220178464666 52.482556366005184 0.3913425658899362
1.468043916514815 13.073428272298678 408.9666025654484 54.9046599747562 0.39792250258105455
1.4944535662819887 13.067562774982836 366.48495739305906 57.44504598923943 0.404695448243367
1.5206658821445138 13.06041503827829 328.79326384642957 60.11034276799575 0.4116711746230704
1.5466494812334373 13.051927810558565 295.2496030531385 62.90765625238259 0.41886022207352624
1.5723652897856188 13.042046535931881 265.42924813880376 65.84461318533931 0.42627396280073543
1.5977899101528263 13.030716550835445 238.88707430785817 68.92940848994314 0.433924669441541
1.6228766187192767 13.017894253167427 215.2038009757541 72.17085723879266 0.4418255896017679
1.6476285435588311 13.003555165362066 194.07012301154913 75.57845169930125 0.44999102705733474
1.6719784503093948 12.98762126380581 175.20471595670696 79.16210467096464 0.4584350969145559
1.6959141152174628 12.970067048688634 158.34395987610083 82.93205952345157 0.46717128544544295
1.7193952870902085 12.950855171260875 143.25848771468497 86.90103001952885 0.47622103914805214
1.7423780353109153 12.92991941175971 129.7630376052047 91.08057362561767 0.48559861629901413
1.764861009155501 12.907265360402832 117.66323693899871 95.4848235317661 0.495326108383247
1.7867872118004504 12.882827697565556 106.81141415595589 100.12740698152497 0.5054208729907582
1.8081249131101553 12.856568938042617 97.07146606385642 105.02487220023008 0.5159086971360001
1.8288346853311164 12.828431966108669 88.31971618415054 110.1937621093421 0.5268121208534003
1.8489145698884908 12.798464503067065 80.45344387305086 115.65174069597178 0.53815463422707
1.8682903952411096 12.766524925108916 73.37682264778022 121.41896007600546 0.5499653547639975
1.886969252977065 12.732702382818715 66.99806783591319 127.516858501881 0.5622741351654112
1.9048925358465458 12.696885607624298 61.24934043035057 133.96789167747193 0.5751103223042403
1.922033378134879 12.659067803121465 56.067682263792015 140.79775953942325 0.5885102652672859
1.9383461423224366 12.619179026912025 51.38578902253336 148.0341347143308 0.6025122050395547
1.9538421791981286 12.57733325004628 47.15526077680718 155.70549780984635 0.6171518361988485
1.9684581934573449 12.533401146730098 43.33273410145984 163.84551885604145 0.6324768310471915
1.982172963220149 12.487399910373542 39.87426835652075 172.48800771975007 0.6485288647035501
1.994963622468415 12.439322556490922 36.74175662043298 181.67219872267563 0.665360907967747
2.006798171489852 12.389160509170157 33.89750432451714 191.4401306187495 0.6830274888039995
2.0176444390220896 12.336884988385705 31.32366334780476 201.8378434876269 0.701587848406895
2.02747994093014 12.282499812998966 28.988667319412478 212.91525476658234 0.7211045444193168
2.0362896457454727 12.226032435279022 26.865562230988353 224.7279326708924 0.7416481600592527
2.0440338084260685 12.167435981722011 24.939383638219752 237.33697183745474 0.7632955855825311
2.0506931580023697 12.106728047355622 23.184607947403315 250.80928557017387 0.7861295518311708
2.0562655359863036 12.043979830692926 21.59094597260929 265.2180502369013 0.8102384456093021
2.060711641462774 11.979129391717596 20.13942803321658 280.64483979716283 0.8357213911469159
2.0640165284627936 11.912232961924644 18.81923509331109 297.17956860457264 0.8626859290654826
2.0661770721269166 11.843330190605732 17.61639942709691 314.9225898604243 0.8912524326374335
2.067169511905231 11.772436980329166 16.5216453282797 333.9832632712794 0.921546569080387
