M[M_sun], R[km], Lambda[1], P_c[MeV/fm^3], rho_c[fm^-3]
0.24162668629717493 15.618656898711224 2160425.4255784233 3.5677272577965504 0.1711233750220791
0.25364507361853633 15.277291259198789 1723187.3535430343 3.7848549014466935 0.17388861299380348
0.2660433363895672 14.981189899786253 1382911.5897394565 4.011475684925908 0.1766675577906893
0.2788211939796984 14.723417466493517 1116340.7634597423 4.247844603555041 0.1794588641549434
0.2919780254276068 14.498271279145955 905768.923762471 4.4945873309963975 0.18226910722449124
0.3055153246720366 14.301095606899537 738537.9928811583 4.751861339972877 0.18509402982390202
0.319434216568175 14.127981566501173 604984.1379954076 5.020345927181095 0.1879401849763735
0.3337361010444377 13.975754341715449 497586.14554240985 5.300269212695675 0.19080427507407247
0.3484188973503429 13.841876570895144 410913.0841314324 5.592355226908143 0.19369250367466484
0.36348417607258354 13.723839172138671 340560.91714045673 5.896777075717322 0.1966000411777612
0.37894001734105537 13.61989624394319 283224.5396700809 6.214396515795055 0.19953451911748946
0.39477593368924796 13.528313536791376 236341.78524698847 6.545466024620718 0.20249202763800006
0.41100417412872914 13.447752554199482 197803.51436130627 6.8906979796110255 0.20547644608141785
0.4276155429241984 13.376921615783337 164017.11359291815 7.250793281211159 0.20849076931267946
0.44461410817848845 13.314807666346127 139749.69064228446 7.626003963858102 0.2115304322840127
0.4619968416824454 13.26044624330116 117935.36847081485 8.017293011729178 0.21460181192535802
0.47976663875052133 13.213055256985129 99768.90495843008 8.425359381139575 0.21770645354864354
0.4979274326291636 13.17189770604563 84607.76593380593 8.850634695504489 0.2208416901424477
0.5164703313078236 13.136309951973148 71907.10374555705 9.294010880814849 0.22401119112703657
0.5353923480750302 13.105770194191228 60659.566138905626 9.756364571267506 0.22721775101216266
0.554703528644133 13.079756657997597 52278.812282417595 10.238498002163333 0.23046262050364666
0.5743897708132819 13.057776781596694 44708.00109660853 10.740892497644113 0.23374262642046012
0.5944488101505011 13.039472971636771 38306.87153767964 11.264796269714328 0.2370639917228292
0.6148916232137451 13.024477790041683 32884.93086279124 11.811142683982421 0.24042827033887768
0.6357007651345786 13.012410102079047 28277.10268700442 12.380911403640908 0.24383709639991696
0.6568749394720057 13.003007734863493 24163.785205853874 12.974773319078441 0.2472882133767318
0.6784110824714794 12.995956792030158 21015.782634132716 13.594091860258398 0.2507868136009825
0.7003052750586884 12.991047271663724 18161.857044352775 14.240048223994776 0.2543353380692256
0.722542313239215 12.988005337686134 15719.272108344701 14.913832956880977 0.25793577304348825
0.7451359361802551 12.986637464409403 13625.516524422814 15.616450739573105 0.2615877606854585
0.7680626453600345 12.986747112161805 11828.384125894798 16.349218436338262 0.26529369827187305
0.7913080442163037 12.988157979320686 10282.568773294302 17.11372912874985 0.26905803405496626
0.814889185869275 12.99067723384052 8950.131700238202 17.911438993788693 0.27288320284158346
0.8387779177948153 12.994146780727904 7802.304819271658 18.74367817195151 0.276769965896586
0.8629638992758757 12.998430732990249 6809.552240176301 19.611862591482275 0.2807194378854863
0.8874496872284202 13.00338294059691 5951.274694744105 20.518045503354355 0.28473767278235435
0.9122102408966621 13.008873167306481 5207.432225148655 21.464022532699406 0.2888276869095591
0.937234653898805 13.014775814577744 4562.344409470665 22.45123291477199 0.29298903550106586
0.9625231698299895 13.020986087076253 4001.5650720289264 23.48179361022588 0.2972262462875022
0.9880495631274147 13.027367305797027 3513.9523481539754 24.558085270552528 0.3015450676892429
1.013796861400676 13.033831109847455 3089.853078852415 25.681996886217185 0.30594672902021014
1.039765543728132 13.040290552087757 2719.30166615891 26.85559881115319 0.3104332912924438
1.065921844774852 13.04661379746308 2396.487354279434 28.081938254866294 0.31501310304254754
1.0922584809845757 13.052740359132432 2113.946617270036 29.363006509515646 0.3196861645199223
1.1187613790964661 13.058577129390885 1866.8789053214248 30.70169011479116 0.32445804927774113
1.1453982672947034 13.064034326098248 1650.670486229959 32.101256877358786 0.32933591649838034
1.172165030793721 13.06903335960092 1460.909902009783 33.56379083519229 0.3343183860749952
1.1990256477838916 13.073487761176816 1294.410115974585 35.09376983722697 0.3394185813834114
1.2259760806316684 13.077353170887399 1148.0736425639495 36.693135725407885 0.344632759601112
1.2529759612558566 13.080517305692238 1019.2529305451454 38.36702185495119 0.3499758542889525
1.280022847448936 13.08295265799503 905.9221518125906 40.11776178659509 0.3554449688785247
1.307076999371893 13.084550086191868 806.0805855137606 41.950654425038856 0.3610536483275217
1.3341109786784116 13.085240600807708 717.9010462469398 43.869370096159585 0.3668048611766321
1.361121524063993 13.085027012527984 640.042736814318 45.87841385861141 0.37270532975248527
1.3880630603041657 13.083778998625878 571.253258344621 47.98321600519311 0.37876553603130136
1.4149097488922546 13.081447594913278 510.3594741612601 50.188647459671486 0.38499169758035234
1.4416436730078426 13.078003639616647 456.45178419628843 52.49972000844865 0.3913896908214249
1.4682399454953738 13.073390484217184 408.638498404858 54.92296076132056 0.39797176500716114
1.4946516082619086 13.067514892303025 366.1936791786254 57.46456609467431 0.40474699207634757
1.5208645259609581 13.060357678020882 328.5310055553825 60.13117107681342 0.4117251549517236
1.5468495757599474 13.051857744791539 295.01789614620964 62.929888965349384 0.4189168060956058
1.5725680617060718 13.041962365543668 265.2094264192247 65.86835448713049 0.42633333084847064
1.5979818906956202 13.030614537020812 238.67276665166472 68.95477128483729 0.43398701611035195
1.6230919100643473 13.01779289738722 215.01869633547315 72.19796396212546 0.44189112499345884
1.6478335059314555 13.003426687628055 193.90068657554596 75.60743521335873 0.450059978150417
1.6721844064881424 12.987475251101692 175.0679331948171 79.1929578694397 0.4585070770736147
1.6961177516814312 12.969913333275052 158.20410621662725 82.96508350815658 0.46724717446611364
1.7195976792026684 12.950680944469596 143.1333890314568 86.93639483482501 0.47630112305487776
1.742582118034747 12.929731063315266 129.6476689004965 91.11829399013543 0.48568253022569907
1.7650578419053238 12.907054859746541 117.55544910608468 95.52526292144994 0.49541484143389025
1.7869682464694185 12.882566379340396 106.7219455215017 100.17060061126628 0.5055140829698375
1.8083179066449186 12.85631900294397 96.99003707182146 105.07104410927427 0.5160067432816355
1.8290294644489196 12.828172789332763 88.23934877767508 110.24315667368059 0.5269153917480945
1.8491013310007332 12.798171546579301 80.38798678607432 115.7048265693872 0.5382642913230197
1.8604281450487334 12.77081826771993 75.6570622398665 122.69731769088988 1.9393807695085785
