M[M_sun], R[km], Lambda[1], P_c[MeV/fm^3], rho_c[fm^-3]
0.24162668629717493 15.618656898711224 2160425.4255784233 3.5677272577965504 0.1711233750220791
0.2536302580425067 15.277629668903197 1723611.662619285 3.7845723431423637 0.17388509104085065
0.26601167052159685 14.981886117564631 1383732.6313163221 4.010881713918871 0.17666038000160694
0.2787715416986719 14.724324980512202 1117172.957516733 4.246919148494043 0.17944813027086684
0.2919098046486155 14.499363838652604 906734.952706035 4.49330613166028 0.1822548407725327
0.3054288326280586 14.30223857550597 739465.5223043534 4.750180922038897 0.1850758781030892
0.31932678381326735 14.129222493078615 605855.4702524163 5.018253937994772 0.18791847978113171
0.33360604672035926 13.977089717874373 498440.2310257844 5.297710609401684 0.19077851418439257
0.34826699145045487 13.843159018995744 411712.6750571795 5.589323647757238 0.19366317231242114
0.36330971981730786 13.725089512304844 341289.48558903683 5.893204452010356 0.1965664863398576
0.37874030514057855 13.621108189334787 283887.37905548455 6.210239652408657 0.19949661352859485
0.39455077399091465 13.52951063695929 236919.0899662521 6.54072926375362 0.20245049264424608
0.41075214734222737 13.448920883398483 198342.6666803302 6.885289931299624 0.20543038887259857
0.42733567871089057 13.378026710562649 166509.51497379944 7.244663243787075 0.208440057084064
0.44430592180164746 13.315853335846501 140184.95695845492 7.619168904321898 0.21147602081517566
0.4616621679592674 13.261425568428308 118313.58351406321 8.00963378049573 0.2145425615795448
0.47940012707569696 13.213935226115975 100114.3499835819 8.416816309048139 0.2176422215895117
0.4975297405905424 13.172711522576563 84906.25758437658 8.841239302047201 0.22077366347947416
0.5160372175645402 13.137092246083748 72181.63203629517 9.283611211910957 0.2239379768096094
0.5349280076730977 13.106453513982174 61485.80234215213 9.744890182284783 0.22713919127143892
0.554205959741109 13.080340836470189 52487.39297226125 10.22588202930583 0.2303786517539701
0.5738548365711829 13.058304642458594 44893.48399527045 10.727174084645165 0.23365454995957438
0.5938854313249325 13.039954507373942 38472.363221706604 11.249777103472598 0.23697015170035954
0.6142865532094276 13.024846605356633 33031.45295423401 11.794734125839819 0.2403284789282959
0.6350544126017151 13.012714541670562 28409.11440140026 12.363019288716343 0.24373115585980057
0.6561890816902995 13.00323586411311 24475.23199496011 12.955479804992471 0.2471779395618942
0.6776907498737266 12.996161142750651 21119.749590604166 13.573123165136895 0.2506700655243955
0.6995441640025624 12.991183558392006 18252.946056650897 14.217292030346716 0.2542118846080685
0.7217416988298608 12.988078691300924 15800.482706692987 14.88916973532208 0.25780536929423464
0.7442928803945995 12.9866809792289 13697.425148323493 15.589993765561353 0.26145253018391484
0.7671760629234595 12.986736071787904 11892.575511213512 16.320609695255648 0.26515109087289623
0.7903882736522915 12.98807896440087 10339.819872910259 17.08282518725212 0.26890775865241545
0.8139146902521094 12.99054616214923 9001.71012991946 17.878086915230494 0.2727249496136127
0.8377651469593911 12.993991533807527 7847.517661228775 18.707919073033576 0.2766052152226957
0.8619104880537706 12.99823778318801 6850.028154339259 19.573446788867695 0.2805470904067336
0.8863428161566315 13.003144764254182 5987.135359712182 20.47668154368002 0.28455640949747807
0.911065337498249 13.008610963453002 5239.522643844458 21.419513077957827 0.28863711031371464
0.9360500687752149 13.014500340772475 4590.285924126933 22.403763279100463 0.2927918736595983
0.9612841501452998 13.02067279568333 4026.8314850370944 23.43076860175424 0.2970190185670917
0.9867729826205881 13.0270448886886 3536.6688377052733 24.503264981882527 0.3013272927067699
1.0124772112030793 13.033504184176625 3109.9653643413967 25.623471529937444 0.3057204426304439
1.0383961874671623 13.039943573829817 2737.558397974784 26.79289877253759 0.3101964218369216
1.0645174811561822 13.046286709376048 2412.508545710619 28.014648505369312 0.31476416899933257
1.0908073313910847 13.052404285568706 2117.9806772253783 29.291365372612272 0.3194283004149524
1.1172677638937498 13.058264755493573 1879.9475949377336 30.62484310039375 0.3241869664548919
1.14386421823117 13.063736115057427 1662.3717172007973 32.01902249587608 0.32905205557562156
1.1705897705924486 13.068761113977281 1471.3880121253062 33.47607475948771 0.33402277385596485
1.197408912069587 13.073233727319803 1303.722507088765 34.99972643847652 0.3391076053589667
1.2243221383287781 13.077140487816772 1156.440335410062 36.59303768800829 0.3443098588273041
1.2512841392892176 13.080335142221214 1026.9105448201265 38.259815590834485 0.3496365096788447
1.2782947899517565 13.082818594961044 912.7419468538345 40.00353304276293 0.35509158330646573
1.3053081677387763 13.084458200110902 812.1639923409177 41.828877463533 0.3606851087957397
1.3323225572943622 13.08524420086566 723.450084169682 43.7389846930053 0.36641728832809256
1.359294940328939 13.085074143004686 645.0231459881624 45.73954202163246 0.37230150931486355
1.3862008673098456 13.083879802067116 575.7250557845848 47.83505474803397 0.37834331918114167
1.4130245786933073 13.081638811870334 514.3801254264918 50.029997359815894 0.3845471425169546
1.439741698181557 13.07829910284466 460.08515593649366 52.33062217175443 0.39092541151734694
1.4663046165705755 13.073756043560586 411.9337144730073 54.742667319279626 0.39748644748625545
1.492699817761408 13.067991010723821 369.17339236387284 57.272268643584674 0.40423922085889097
1.5188968177626252 13.060944475290109 331.2149717201429 59.925995262201155 0.4111934047265173
1.54486772676794 13.052555705556697 297.43876142463273 62.71088852644646 0.4183594325672909
1.5705694556892347 13.042782949201307 267.41057959453497 65.6345047013295 0.4257485606716531
1.5959890750903862 13.031569966694269 240.65571400965337 68.70496174473077 0.433372935811716
1.621082880624749 13.018879439680608 216.80921572223278 71.9309906094692 0.4412456687713042
1.6458233298163023 13.004657594458248 195.5448631449826 75.3219915449174 0.44938091442772915
1.6701711883795816 12.988851096335159 176.53901201575277 78.88809593493703 0.4577939591591076
1.6941176680051473 12.971459242204158 159.55176793999493 82.63987799987184 0.4664998531552274
1.7176073284465976 12.952392700857645 144.36998326106522 86.58815643385299 0.4755125344132292
1.7406113667120107 12.931628870009789 130.76026354316892 90.74668661446944 0.48485550772007197
1.7630945213654579 12.909111156648208 118.57546440314985 95.1270958327233 0.4945411739348334
1.7850467999689574 12.884859585038317 107.63900525590036 99.74533622975278 0.5045963808841042
1.8063990266709626 12.858755194271252 97.82764542192275 104.61577500787853 0.5150388094835671
1.8271559952857885 12.830852256061515 89.0053995742804 109.75529823205052 0.5258928064667604
1.8472474876224143 12.801023530385834 81.08330162628754 115.18225451512029 0.5371848377846568
1.8666808963731372 12.769339271528716 73.94726821781798 120.91600538664821 0.5489415233287976
1.885380272952127 12.735666177992695 67.51970805754385 126.97763228955127 0.5611919376653813
1.9033571185957303 12.700086960914678 61.72818808378403 133.39011111507554 0.5739678215034322
1.9205419845452527 12.662467931310774 56.50639814731282 140.1784453441154 0.5873036057015405
1.9369349257228035 12.622887507473322 51.78802507537498 147.36844051425 0.6012317091253476
1.9524829363021459 12.58124928486662 47.52249454464194 154.99112887718553 0.6157974008254774
1.9671537338716742 12.537525716239 43.666780046742666 163.07694770564603 0.6310380310598553
1.9809402371552052 12.491779634417394 40.17980179548007 171.66185651894088 0.6470034668407596
1.9938112762456577 12.443980553063032 37.0197194431802 180.78343569555764 0.6637420137904544
2.0057087867551897 12.394024436507205 34.158800911961464 190.48299481428944 0.6813068342892041
2.016635923147339 12.342000031504316 31.562155862110295 200.80598057615725 0.6997563935239194
2.0265725987820224 12.287919752067431 29.20802004403753 211.80243523861967 0.7191549656418411
2.035460499126368 12.231682263992289 27.06731247597294 223.5275113195713 0.739573203175515
2.0433099402405506 12.173385694232906 25.123369871709293 236.03961878688804 0.7610808596356173
2.0500755200047736 12.112975509055106 23.355056708188318 249.40634898513528 0.7837647227048358
2.055741611785685 12.050466194091737 21.74715164031536 263.6999591871593 0.8077122539033005
2.06029798864966 11.985910040813769 20.282523270864832 279.00057292335504 0.8330202022536455
2.063730711838587 11.919330057015536 18.951075016652304 295.3971182779817 0.8597955652609204
2.066002853885479 11.850701984149229 17.73825414456536 312.98808622762675 0.8881556728089053
2.0671275002852054 11.780118276314678 16.63332768012659 331.88145366949544 0.9182251446217197
