M[M_sun], R[km], Lambda[1], P_c[MeV/fm^3], rho_c[fm^-3]
0.24162668629717493 15.618656898711224 2160425.4255784233 3.5677272577965504 0.1711233750220791
0.25364156351004974 15.277350998568876 1723211.378016108 3.7847913051437154 0.17388782029656674
0.266036223542215 14.981331884994734 1383102.6607391464 4.011341992481142 0.17666594219639417
0.27881020666553824 14.723614700458585 1116560.6268239703 4.247636291612139 0.17945644805032512
0.2919631934028187 14.498525880309229 906066.4706610746 4.494298932947606 0.18226589584528424
0.30549559423072004 14.301365366794302 738797.5983077135 4.751483062975413 0.1850899437103769
0.31940978723054625 14.128282358886494 605203.5818336477 5.019874984397913 0.18793529876323076
0.3337065350994917 13.97612453228312 497792.7867558839 5.299693205048072 0.19079847563283062
0.3483847833993718 13.842163527651264 411092.90950672893 5.591672715886745 0.1936859001927805
0.36344533949655 13.724108306648244 340728.23632286355 5.89597272725254 0.1965924865667617
0.3788965563440604 13.62011169363522 283356.19808417006 6.213460595646385 0.1995259846526548
0.3947256336593377 13.528608892852686 236478.6656753858 6.544399504153634 0.2024826756943023
0.4109474829079466 13.448016007546107 197925.82136820268 6.889480269075321 0.2054660755475034
0.4275524597390262 13.377180840412585 166137.61441616854 7.249412953207403 0.20847935021285213
0.4445460221805798 13.315030602066399 139847.57849531726 7.624464833137771 0.21151817981382107
0.4619229827818433 13.260677771238953 118022.62869714078 8.015568231365634 0.21458846935482095
0.47968446008066423 13.213253185470863 99845.22032455847 8.423435500910916 0.21769198865885925
0.4978377504657223 13.172081105995336 84672.50993379611 8.848518808780922 0.22082637021852022
0.5163724603425378 13.136489856115825 71966.50976007305 9.291668744908893 0.22399470234424348
0.5352871323087154 13.105920934329712 61300.145849504035 9.75378030512603 0.22720005775822633
0.5545911155326959 13.079885144381603 52322.12535569113 10.23566261803521 0.23044378665948775
0.5742691822700052 13.05791298047009 44750.44595181079 10.737802632602065 0.2337227885297698
0.59432456568662 13.039561751134944 38346.932503735174 11.261413313517615 0.23704285495129315
0.6147564149277698 13.02453680961934 32918.02133543513 11.80744665077225 0.2404057922902646
0.6355527957816426 13.012479836093982 28308.30192151719 12.376881060650305 0.2438132324400062
0.6567218723864431 13.003043112865523 24383.1925543608 12.970427174343971 0.2472633725956501
0.6782499572202955 12.995995246152981 21038.829324310496 13.589368195489897 0.25076051350109696
0.7001331914962559 12.991071354816368 18182.31221333685 14.234921710418197 0.2543075264828731
0.7223624224226912 12.988012039816194 15737.182337743852 14.90827663824835 0.2579063946924074
0.7449454045473529 12.986661644543592 13641.62588668325 15.61049014211 0.2615572940650477
0.7678623016924466 12.986756434790038 11842.358045592508 16.342772838285818 0.2652615685821934
0.7911027874864133 12.9881256145465 10294.963814654931 17.10676617934866 0.2690241755898808
0.8146725404318955 12.990642729814667 8961.535676419544 17.90392419739571 0.27284754567003244
0.8385523075268673 12.99411004492728 7812.125606701517 18.735644860259104 0.27673305698590644
0.862726543008203 12.998386289386419 6818.943235396287 19.603206308153 0.2806806026014201
0.8871969801835351 13.003327831295897 5959.44966027599 20.508724583787274 0.28469682706758
0.9119521885501071 13.008822696461134 5214.691797623296 21.4539924591115 0.2887847410390345
0.9369674193518699 13.014710451222664 4568.286068235763 22.440535469707587 0.2929446044044699
0.9622419671863364 13.020910735828693 4007.314142086016 23.47029454338985 0.2971795451603754
0.9877607730819703 13.027303342213264 3519.0149993026394 24.545730454191986 0.30149598786894916
1.0134995747643587 13.033768100327983 3094.022906869775 25.66883414535371 0.3058959314682172
1.039458683701125 13.040208790471269 2723.437430705395 26.841467222552552 0.31037990469537935
1.065607479839525 13.046548048128379 2399.895578384499 28.066771665796935 0.3149569952346416
1.091932168657922 13.052664847546735 2117.2099691920153 29.34685867452733 0.31962804222878555
1.1184254833476788 13.058501127006762 1869.989149860471 30.684368237793873 0.32439694523420354
1.1450528469927639 13.063968949042822 1653.190338921083 32.08281749498201 0.3292725605967398
1.171811040084194 13.068978918237773 1463.2503412960805 33.54401764748344 0.3342517483937154
1.1986619363118443 13.07344188563255 1296.4174784159711 35.07256951475656 0.33934847766442217
1.2256039502737903 13.077303608167734 1149.9262419249696 36.670569791753046 0.34455996539227296
1.2525945535960126 13.080479850883147 1020.9974411916216 38.342927531744564 0.34989979008769884
1.279631402739408 13.08292313598336 907.4422465820044 40.092008408471216 0.3553652965302572
1.3066732790138822 13.084518946828405 807.4131474879053 41.923232398540186 0.3609707473869974
1.3337067529587905 13.08523423448803 719.1906486016513 43.83997196287625 0.3667174747209191
1.3607111901417697 13.085041448112422 641.1442647566402 45.84710121948175 0.3726142768513967
1.3876394409237705 13.08378696045578 572.3011879590106 47.94985510963687 0.3786705801534169
1.4144922341632937 13.081507063843265 511.24982126301796 50.152872480050625 0.38489145214497045
1.4412203789763647 13.07808349714031 457.26106214489835 52.46158773856106 0.39128499389524046
1.4678067687739003 13.073474963154927 409.3736459185621 54.882302349045304 0.3978623198735721
1.4942114678217013 13.067619910410396 366.8265689257918 57.42119901031844 0.40463247908048544
1.520421700207287 13.060489258153824 329.12775338438684 60.08489788848813 0.4116052296166665
1.5464042138101053 13.052014746518322 295.55103606850133 62.88049599214786 0.4187910970518924
1.5721188076644907 13.042147416090387 265.70270429645774 65.81561031649935 0.4262014375568843
1.5975416276348675 13.030836609634404 239.13425152859548 68.8984251388769 0.433848506355586
1.622629001387885 13.01803413891053 215.43312826472538 72.1377438956793 0.4417455321236105
1.6473804470797302 13.003708110646707 194.27231143601574 75.54304612462344 0.44990679803422867
1.6717296131763495 12.98779244618836 175.38513802131627 79.1244155338371 0.4583471685888291
1.6956677984227202 12.970263169927733 158.510869697473 82.89171915985051 0.4670785834073779
1.7191403247451533 12.951062850701735 143.4219567099901 86.85783079810334 0.47612321416594466
1.7421369500668327 12.930151834242897 129.90386185701877 91.03449756388375 0.48549611402164483
1.7646219857375993 12.907531274247015 117.78367493409945 95.43542682977433 0.4952177209893295
1.7865475558015156 12.883107377357934 106.9200681294996 100.0746466302407 0.5053070184416298
1.807888830107381 12.856872398749195 97.17705597157247 104.96847464923094 0.5157889368182395
1.8286028285641533 12.828762539856244 88.4148936255173 110.1333220325749 0.5266855822673571
1.848686551973164 12.798821222586295 80.54131994307615 115.58689982273272 0.5380206953578233
1.86807661322038 12.766939352815914 73.44905984997631 121.3494934946115 0.5498239462609416
1.8867523564773616 12.733117320316778 67.06887158985492 127.442392360621 0.5621247074196326
1.9046806922341628 12.697327584009193 61.314143023528686 133.88824081241717 0.5749530667652482
1.9218294416988233 12.659541264902964 56.127433469554276 140.71220902091707 0.5883435803240179
1.9381563868916865 12.619709815383233 51.441053680790354 147.94217230996594 0.602335310779344
1.9536552293929077 12.577874751024263 47.2087154038582 155.60686375707488 0.6169649147954387
1.9682793222120865 12.533970755569127 43.37905346668396 163.7395031875146 0.6322786224907052
1.9820048188657116 12.488007279904707 39.916249612266455 172.37386019826 0.6483181037857505
1.9948039632403733 12.43995952955613 36.778233606528026 181.54939326764378 0.6651372161286124
2.0066434688311663 12.389816857931923 33.93705503288053 191.30786988740866 0.6827897221010392
2.0175071421872706 12.33759470942369 31.35572240996516 201.6952479267855 0.7013347553522937
2.0273557226656957 12.28324650845612 29.01750472164627 212.76171258458422 0.720835931558048
2.0361773350956995 12.22681333266332 26.89450857677948 224.56202297807948 0.741361381205476
2.043934471153611 12.168255297474094 24.964508264424573 237.15788649148124 0.7629902286165862
2.0506077283059234 12.107587392822461 23.20793742277187 250.615472664687 0.7858030319195716
2.056188342386512 12.044855869843495 21.61169427131147 265.00819290446054 0.8098892308156667
2.0606560305786705 11.980065995018034 20.159245253498092 280.41784210774944 0.8353489970172208
2.0639829306347446 11.913220895386583 18.83710256609288 296.933338282935 0.862286991824606
2.06615357334066 11.844345315104265 17.633466614304513 314.65511001556126 0.8908242500150442
2.067162781174911 11.7734908857251 16.537836381548562 333.69277006574623 0.921087758266681
