M[M_sun], R[km], Lambda[1], P_c[MeV/fm^3], rho_c[fm^-3]
0.24162668629717493 15.618656898711224 2160425.4255784233 3.5677272577965504 0.1711233750220791
0.2536419199659594 15.277368810712533 1723244.0852941268 3.7848012392152333 0.17388794411997585
0.266037683593511 14.981308978574285 1383056.2561609978 4.01136287572257 0.1766661945580424
0.27881107092440516 14.723614939614281 1116539.3496887782 4.247668830371813 0.17945682545090247
0.29196492637053895 14.498487529044498 905962.1247345026 4.494343980897403 0.1822663974646603
0.30549903613985213 14.301307221826628 738716.9665393578 4.7515421495040835 0.18509058195765488
0.3194138805982689 14.128230168577103 605143.9448440309 5.019948544571613 0.1879360619784245
0.3337102003732534 13.976036693563401 497732.3587838367 5.2997831752684945 0.19079938148366268
0.3483900937779024 13.842114775668934 411059.4945353919 5.591779320601764 0.19368693162272424
0.36345170597127086 13.724062723304444 340694.86491428164 5.896098361201144 0.19659366654739396
0.37890311428244067 13.620080771951153 283355.64018819894 6.213606778900905 0.19952731766791992
0.3947334314651129 13.528526743559793 236451.60877120157 6.544566084753865 0.20248413638112697
0.41095624695837 13.447951308828147 197902.56331845323 6.889670462468464 0.20546769531425096
0.42756314852722377 13.377122091110447 166121.727345123 7.249628543806577 0.20848113373862798
0.44455562931835335 13.314999316070905 139829.97747247128 7.624705224903157 0.21152009348684492
0.4619353119976795 13.260631466627283 118010.70952217633 8.015837616794105 0.21459055326889895
0.47969701572894635 13.213224545249345 99832.82154459204 8.423735980219133 0.21769424784319466
0.4978518607630576 13.172050081356241 84662.25504886932 8.84884927391603 0.2208287629272953
0.516387915745878 13.136457919225922 71957.56247047425 9.292034543150608 0.22399727758667
0.5353040071500647 13.105891738405742 61293.38543465179 9.75418391618627 0.2272028210931885
0.554607705851017 13.079876873035893 52315.121988402614 10.236106672281512 0.230446743887542
0.5742887594215622 13.05790597543896 44342.3570474566 10.73828520055059 0.23372588676548017
0.5943427287562264 13.03955351064832 38339.911930212256 11.261941651313007 0.23704615601539972
0.6147770796822434 13.024543742532465 32912.70574795152 11.80802387894182 0.2404093028006195
0.6355759118467451 13.012471078860434 28303.530878608624 12.377510494375846 0.24381695936380096
0.6567458885640343 13.00303512372933 24379.426830040673 12.971105923208437 0.2472672520458253
0.6782755496898973 12.995986374115155 21035.91721320911 13.590105896479537 0.25076462082256534
0.7001600932458382 12.991073292790352 18178.98031622974 14.235722318135643 0.25431186981881393
0.7223915665739535 12.988003733925444 15734.594121493186 14.909144361352476 0.2579109826715496
0.7449765926566871 12.986650046874836 13639.856328879816 15.611420994458026 0.261562051964792
0.7678924815479673 12.986751179828659 11839.856881198803 16.343779423581164 0.26526658615743043
0.791135315435107 12.988124397062126 10293.257689456494 17.107853548349542 0.26902946309711806
0.8147054563189104 12.99066070336273 8960.108212886655 17.90509773567423 0.27285311402525203
0.8385843143253674 12.994128856993505 7810.167806443226 18.7368993631395 0.27673882077754464
0.8627628660252896 12.998383142123847 6817.335897650224 19.604558084434842 0.28068666716907603
0.8872335652883627 13.003333372197304 5957.577232700163 20.510180138095805 0.2847032055322472
0.9119932118243278 13.008828373660196 5213.370076364453 21.455558741432423 0.2887914474063577
0.9370097131587696 13.014717523046155 4567.283977506909 22.442205956200215 0.2929515426543295
0.9622857355072387 13.020909915500305 4006.6576574784376 23.472090193581252 0.29718683782934235
0.9878066490051742 13.02730857313123 3518.1955312104255 24.547659718092284 0.30150365191856043
1.0135460948105646 13.033763651174233 3093.538036442256 25.670889556006497 0.30590386369377603
1.039505943277641 13.040221002094093 2722.7764767849185 26.843673902807147 0.3103882411360253
1.0656586275205917 13.046556236809261 2399.374464335856 28.0691399425841 0.314965756520283
1.0919828303498174 13.052681595711512 2116.6824464365072 29.349380155490326 0.3196371180120552
1.1184783570999652 13.058514965372641 1869.523737251702 30.687073020529343 0.32440648653056847
1.1451056299047888 13.063969144347535 1652.9724429408625 32.085696753049234 0.3292824534438633
1.171865625609495 13.06898688900219 1456.088526522898 33.547105146823384 0.3342621535848255
1.1987182241847891 13.073443719584974 1296.0981237238486 35.0758798239738 0.33935942395957674
1.225661814707946 13.077313554801348 1149.639361341177 36.67409330628266 0.34457133170471715
1.2526544691959234 13.080480726844087 1020.7278096502432 38.34670478203499 0.34991175558856336
1.2796933778337225 13.082925894271083 907.2255981658828 40.09602954982881 0.35537773659824107
1.306735389493076 13.084515232861097 807.2079800593478 41.92751404881008 0.3609836914644305
1.3337696797092315 13.08523223326833 718.9462928003959 43.84456211459863 0.36673111902568967
1.3607745046387671 13.08503559517362 640.9677250277804 45.851990256746326 0.3726284935076366
1.3877045063262312 13.083783131879409 572.1303333200633 47.955063909809006 0.3786854060801441
1.414559055076869 13.081497610686636 511.1071643307789 50.158458144369405 0.38490710379194465
1.4412803670236989 13.078054110302428 457.1173631052223 52.46754140192655 0.3913013404241972
1.4678730776146642 13.07346185329582 409.2555283033067 54.88865036681022 0.3978794075957292
1.4942804694748721 13.067602457103488 366.7442056630811 57.42796987231911 0.40465035788658416
1.520491144849106 13.060466861281542 329.03946628190397 60.09212241011721 0.4116239532708678
1.5464741564084783 13.051989801234502 295.4733769624194 62.88820752448859 0.4188107235147936
1.5721896207673047 13.042119102778589 265.63035140359887 65.82384497764625 0.42622202934078696
1.597611536403878 13.03080444326472 239.06113300535014 68.90722206881972 0.43387013091549703
1.6226925305242874 13.017963982853223 215.3775590714707 72.14714553742633 0.4417682622878899
1.6474506637994635 13.003665903611843 194.21726905850747 75.5530985345684 0.4499307124792626
1.6718002617002268 12.987743715055185 175.33946524361764 79.13511625194847 0.4583721332417588
1.6957380110034403 12.970206484746791 158.46096577908676 82.90317255660162 0.4671049032797543
1.7192008469912266 12.950970830986561 143.37694081084464 86.87009581438116 0.4761509883933111
1.7416661984756874 12.930191478215733 130.12319315901823 91.09919700886206 0.6035439777766729
1.7575509966657672 12.905494052115408 120.6268687745379 95.97957875780492 0.870386549814606
1.7670646320093863 12.873007527309083 113.74026750414181 101.60625737040971 1.121931446060949
1.7715288301795844 12.832100061487417 108.50686371452942 107.98263982221468 1.3595691039056144
1.7720430330493642 12.782991941852762 104.34089588621377 115.1183631052367 1.5844447230845886
