M[M_sun], R[km], Lambda[1], P_c[MeV/fm^3], rho_c[fm^-3]
0.24162668629717493 15.618656898711224 2160425.4255784233 3.5677272577965504 0.1711233750220791
0.2536447618389164 15.277260513161712 1723169.0276087283 3.78483366055323 0.1738883482363134
0.2660407587335832 14.98125700847935 1382991.2347296681 4.011431031866114 0.17666701818481412
0.2788174592063751 14.723468999921161 1116392.194558644 4.24777502717031 0.1794580571737299
0.29197251989417766 14.49837102731152 905853.6897976 4.4944910050571485 0.1822680346128016
0.3055090013441677 14.301187895201686 738651.6521784409 4.751734993198466 0.18509266503760194
0.3194260695869919 14.128100565092652 605007.4292247137 5.020188628354208 0.18793855294033276
0.33372629762517886 13.975857994689955 497656.75683009304 5.30007681990434 0.19080233799790108
0.3484074719900518 13.841973044203742 410972.9315044899 5.592127259266459 0.1936902980250198
0.36347085650568806 13.723939070650548 340629.23298201244 5.896508410830516 0.19659751782028878
0.3789253570562392 13.61995749782393 283293.2774775699 6.214083901681225 0.19953166845318324
0.3947585552646083 13.528439902695542 236389.69105309204 6.545109785327138 0.20248890390065108
0.41098520780397263 13.44781867722343 197835.07115763274 6.890291236935471 0.2054729820901099
0.42759363701441794 13.377023830406621 166064.81916689166 7.250332217428573 0.20848695505016665
0.4445903834407287 13.314889286715589 139780.6438572499 7.625489852816021 0.21152633962954542
0.461973480872559 13.260535742913929 117962.23173941053 8.01671688475823 0.21459735511745906
0.479739746085803 13.2131112640604 99803.18022071433 8.42471674461073 0.217701621820336
0.4978974568016112 13.17195516813709 84627.71017716438 8.84992791851941 0.22083657277509314
0.516437438198881 13.136371507673053 71926.39306350773 9.293228523752884 0.22400568328454606
0.5353576500733022 13.105813712316317 61267.326139425706 9.755501328252494 0.22721184079354073
0.5546651392437177 13.079780233061896 52294.41174199583 10.237556103189586 0.23045639653196492
0.5743498335985373 13.057816543985538 44722.964732066175 10.739860352534675 0.233735999729139
0.5944074574499164 13.039505885540098 38321.645948832556 11.26366621230037 0.23705693110365691
0.6148463810592024 13.024484574433966 32896.03583803459 11.80990803676467 0.24042076162383036
0.6356520660556476 13.012420644784529 28286.142381396396 12.379565072457222 0.24382912467307657
0.656824397122687 13.003019909966934 24365.786003097845 12.97332148660397 0.24727991529765966
0.6783573832856162 12.99596994391648 21023.59943940716 13.59251390655197 0.25077802797750415
0.7002469869777082 12.991052334746817 18168.524495587073 14.238335686175915 0.2543260474679779
0.7224828057537384 12.987996671302845 15725.808527557947 14.911976828223432 0.2579259589916028
0.7450725499417503 12.98663919162431 13631.027021368425 15.614459547728444 0.2615775830335583
0.7679949050772674 12.98675418891739 11833.55743921832 16.347065211379643 0.2652829649855018
0.7912414434185491 12.988141794891396 10286.24868153836 17.111403061276775 0.26904672317651723
0.8148192501338324 12.990665552920849 8954.073415845181 17.908928557633793 0.27287129100153323
0.8387005172250696 12.99414397119303 7805.719788855256 18.7409945029763 0.2767576358262125
0.8628838818687775 12.998415087869587 6812.375665725179 19.60897078851522 0.2807064641893378
0.8873673167930894 13.003359346327288 5953.948112938534 20.51493164451802 0.2847240273701221
0.9121240698936542 13.008859453415472 5209.8019287209345 21.460671742623486 0.28881333979679924
0.9371458399403345 13.014750259726885 4563.987937564424 22.447659153388834 0.2929741921308714
0.9624313324431071 13.020957453014192 4003.5230144727275 23.477952019834945 0.2972106444474769
0.9879531354026224 13.02734299948757 3515.6283899478876 24.55395776423314 0.3015286710660552
1.0136971045366614 13.033805530762246 3091.0581889933546 25.677599443330294 0.3059297584412099
1.0396618971655072 13.04025922749302 2720.692346417066 26.850877660068612 0.3104154556337818
1.0658172376803838 13.046586933782423 2397.575400238558 28.076871289935315 0.31499435813598264
1.0921493916432952 13.05272040193764 2115.099610027569 29.35761169192492 0.3196667464890306
1.1186499332705457 13.058546864333536 1867.87013030777 30.69590302083176 0.324437634928805
1.1452821549393812 13.064004588650024 1651.638430432311 32.0950963982494 0.32931474969894325
1.172046780194989 13.069018409081487 1461.6172959004548 33.55718469183336 0.3342961226907537
1.1989050110492265 13.073474632025837 1295.0392961805055 35.086686841215865 0.33939515983580726
1.2258518438748602 13.077344195263443 1148.6997366732803 36.68559643503895 0.34460843901743893
1.2528493352274406 13.080501881935048 1019.8499725761569 38.3589956662941 0.3499505805903143
1.2798918950365583 13.082944928503306 906.4095386815196 40.10915745016442 0.3554183499361313
1.3069369909569994 13.084526399788206 806.5266219865006 41.94149252646581 0.3610259505201138
1.3339754377990887 13.085239188903822 718.3770130918939 43.85954788816032 0.3667756644947864
1.360984355889249 13.085035158333127 640.4071780335898 45.86795192656591 0.372674907875243
1.387917709789665 13.083768527975066 571.6137458285972 47.97206965137367 0.37873380991021
1.4147677335645108 13.081462098658417 510.6675621943263 50.1766944267352 0.38495820386481344
1.4414996246305216 13.07802138571589 456.7428254631105 52.48697927605912 0.3913547095438231
1.4680947813986938 13.073419263516548 408.8867177715367 54.90937589945139 0.3979351970021935
1.494505178983878 13.06754986539141 366.41950939387175 57.45007610163125 0.40470873051142964
1.5207175872102119 13.0604009932164 328.74007153295287 60.11570996984382 0.41168508469720283
1.5467012334985129 13.051910238099175 295.1946358718616 62.91338533039472 0.418874803032549
1.5724175106474239 13.042025906181202 265.3765121018692 65.85073098317113 0.42628926110732823
1.5978311252524802 13.030685687688909 238.83046092369793 68.93594409772409 0.4339407352330083
1.622929070784435 13.017864326002655 215.16483064749508 72.17784220216768 0.4418424770102941
1.6476816309693147 13.00352192616849 194.03023029597355 75.58592025022375 0.45000879456298726
1.6720306071867301 12.9875849516658 175.17467817111353 79.17005497909163 0.45845364489245877
1.695967240457987 12.97002618893643 158.31194185028636 82.94056916660776 0.46719084058063176
1.7194474314541903 12.950809411969777 143.22961513741058 86.91014280880859 0.4762416751321931
1.7424239487639943 12.929832734668048 129.73205951562207 91.0902933539368 0.4856202391168208
1.7649113784465755 12.907207877927151 117.63825531985742 95.49524384553861 0.4953489728784069
1.7868376846420793 12.882769470103675 106.78897428339974 100.13853695440994 0.5054448909893838
1.8081751409474307 12.856503850048211 97.0529263570559 105.03676955406536 0.5159339611918071
1.8288836567901567 12.828363298632457 88.29859809775932 110.20648980510765 0.5268387310795802
1.8489623743431658 12.798387309866474 80.43647648142952 115.6654194748365 0.5381828898640207
1.868337617831333 12.766443072890734 73.36199125745645 121.43361482806272 0.5499951864688186
1.8870140508698685 12.73261693912287 66.98538045379497 127.53251579173443 0.5623054719914066
1.9049363132573727 12.696793037962498 61.234924294925484 133.98469522821034 0.5751434977308542
1.9220761062103002 12.658967923810975 56.05557920054853 140.81580789775987 0.5885454303327694
1.9383871321027526 12.619072901279347 51.37185639936535 148.05353597788516 0.6025495243352745
1.953881963518232 12.577221570293853 47.14779294689833 155.7263067928096 0.6171912713045724
1.9684961601068054 12.53327995141811 43.32635690541987 163.86786167749952 0.632518567623357
1.982210339115602 12.487272697113285 39.8622674353219 172.51209013415638 0.6485733302486346
1.9949948601490222 12.439187261621175 36.73286276435194 181.69810804134212 0.665408102150951
2.006829595375564 12.389018501178427 33.891881197212236 191.4680351179007 0.6830776530567878
2.017673792942287 12.336735233744545 31.31627146656582 201.86792879713067 0.7016412468635931
2.0275072101649085 12.282344116537402 28.981486414922376 212.94764999901977 0.7211612179403208
2.036313211771847 12.225868642076428 26.860143598463637 224.76293772197857 0.7417086671234073
2.0440544103688896 12.167263585990717 24.933747063528887 237.37475726595642 0.763360013209155
2.0507113034445443 12.106546699884031 23.180243609889363 250.8501244084499 0.7861982680408643
2.05628081735648 12.043790111875982 21.58709912511573 265.26232948347536 0.8103121288481713
2.0607249018638556 11.978930585955794 20.136735428992516 280.69272777619256 0.8357999385783541
2.064025492805675 11.912027646257705 18.815588859498042 297.23152386619944 0.8627701058987197
2.066181394339214 11.843115474370961 17.612812816066857 314.97902967730147 0.8913427816833962
2.067170871135745 11.772214036637052 16.51873432591135 334.04455995049744 0.9216433822888678
