M[M_sun], R[km], Lambda[1], P_c[MeV/fm^3], rho_c[fm^-3]
0.24162668629717493 15.618656898711224 2160425.4255784233 3.5677272577965504 0.1711233750220791
0.2536450207359767 15.2772743164425 1723212.4155959487 3.784839555602395 0.1738884217152574
0.2660418710207986 14.981240402983222 1382994.5185150178 4.011443424528681 0.17666716794282758
0.2788180034783963 14.723473332305367 1116400.5225561198 4.2477943368047795 0.17945828113639073
0.2919737901943884 14.498350240780068 905830.9593206989 4.494517738461709 0.18226833229546588
0.3055110222562982 14.301147646537585 738594.2679999402 4.751770058209904 0.18509304380664804
0.3194281833157379 14.128056950966329 605016.2832827966 5.02023228337326 0.18793900587800472
0.3337263631151635 13.975932827460941 497643.75016603625 5.300130214380663 0.1908028755916802
0.34841066184417196 13.84194594414686 410956.3988212643 5.592190526618546 0.19369091015405548
0.36347530475645934 13.723897075747809 340617.46436519054 5.896582972603412 0.19659821812023875
0.378930031081078 13.61991775647132 283266.29377053835 6.21417066032809 0.19953245958757843
0.3947637720695836 13.52838021607858 236367.9461396841 6.545208650875489 0.2024897708179493
0.4109904152505771 13.447816419877535 197837.47574551168 6.890404118181387 0.2054739434341689
0.42759952061425055 13.376998997313692 166043.06494027164 7.250460173813964 0.20848801360055055
0.44459660551295166 13.314880974742266 139773.7608807865 7.62563253077967 0.2115274754378777
0.46197874339575457 13.260494791284694 117955.64099945691 8.016876773209795 0.2145985919838962
0.4797467209201542 13.21309870834004 99785.9801711187 8.424895090548631 0.21770296273246598
0.497905892472608 13.17193548789379 84625.4247400862 8.850124064434345 0.22083799295532397
0.5164463559624941 13.136354156379806 71923.32061352568 9.293445644244764 0.22400721182634478
0.5353671926462956 13.105806756622755 61262.982335828674 9.75574089570886 0.22721348099915745
0.5546761717164281 13.079782522834066 52291.04997786134 10.237818494643992 0.230458136612531
0.5743607472931768 13.057804604725169 44717.56298383312 10.740146792456484 0.233737838762165
0.5944198978983993 13.039492347050036 38319.82010451156 11.263979823995834 0.2370588905552054
0.6148593220222293 13.024495045810056 32893.7353202714 11.810250673228197 0.24042284542520492
0.6356656134840155 13.01243415034254 28283.57472673668 12.379938702300693 0.24383133696310422
0.6568384353541608 13.003012539586168 24363.003685541593 12.973724394038474 0.2472822181513353
0.678371538410682 12.995969470473282 21021.656911280428 13.592951813658713 0.2507804661269522
0.7002625029487585 12.991058293680563 18166.909884061457 14.238810941363925 0.25432862575056764
0.7224997547468638 12.987995701628808 15724.003641179308 14.912491930809127 0.2579286825331428
0.7450908960641677 12.98664280740376 13629.508937044091 15.61501213120822 0.2615804074737638
0.7680134725087168 12.986753983780579 11832.343858523845 16.347662759872797 0.26528594361486985
0.7912616451207302 12.988148799914605 10217.964963692297 17.112048574307757 0.26904986208779785
0.8148382605048223 12.990666695338687 8953.247802434791 17.909625233614722 0.27287459667924807
0.8387228889006985 12.994136303754603 7804.985894455755 18.741739251661684 0.2767610575610785
0.8629051067325343 12.99842092215789 6769.235294875853 19.609773294804512 0.28071006452894365
0.8873906427513795 13.003363627262589 5953.174747023035 20.515795771580375 0.28472781410889436
0.9121497616517934 13.008858116796265 5209.284003696555 21.461601618199243 0.28881732125473475
0.9371710932961403 13.014758474116054 4563.556704565957 22.448650903612776 0.2929783112966847
0.9624560889835612 13.020969266797257 4002.9404802114245 23.479018092321375 0.2972149740846053
0.9879795446183436 13.027356859712734 3515.1488973083697 24.55510317784625 0.3015332212505867
1.0137246620434734 13.03380560092804 3090.586152869982 25.678819763874277 0.3059344678932096
1.0396924150234084 13.040269370354105 2720.369623993992 26.8521878085361 0.31042040513877417
1.0658451376384315 13.046591798685911 2397.1588288670873 28.078277400275226 0.3149995599495536
1.0921815614899453 13.052721622476916 2114.76557456652 29.359108780058943 0.31967213508709624
1.1186811204623814 13.058555959710269 1867.6030433643296 30.697508963383928 0.32444329999522026
1.1453159733890468 13.064014661215746 1651.4336549327425 32.09680595311035 0.3293206235610611
1.1720793831015988 13.069022627659113 1461.3705625238856 33.55901791523414 0.3343023008426276
1.1989376347476777 13.073476845287056 1294.847148869357 35.088652387280504 0.33940165936378225
1.2258867206588286 13.077347996310179 1148.5295206523547 36.68768859913601 0.344615188014956
1.2528844634580787 13.080507882255914 1019.6560431694169 38.36122294041291 0.34995759406299337
1.279928741719762 13.082946317123614 906.2718832338056 40.11154515411308 0.3554257366944681
1.3069744023013214 13.084521674428785 806.4010762339701 41.94403494810177 0.36103363664589455
1.3340134756723758 13.085238367341987 718.2608951835815 43.862273537463565 0.36678376653411765
1.3610231442900451 13.08503044662153 640.318682760033 45.870855091513285 0.37268334988454477
1.3879559413192677 13.083765840540087 571.5398998359843 47.97516273448417 0.3787426138232114
1.4148073639293857 13.081459191948271 510.57417585051263 50.180011351166435 0.3849674982526024
1.4415395916825873 13.07801491202127 456.66530128069763 52.49051477541209 0.3913644167004093
1.4681350183813462 13.073410261509151 408.81336708900045 54.91314563148663 0.3979453444428608
1.4945460269891038 13.067539847276974 366.34445491266854 57.45409699255448 0.4047193478787831
1.5207585630080946 13.060388048627846 328.68990219337223 60.1200003278875 0.4116962039358921
1.5467420901379052 13.051895666933573 295.14283655898646 62.91796497073503 0.4188864585813126
1.5724597114023011 13.042007827517132 265.33091492064955 65.85562136544226 0.426301490110214
1.597873678281777 13.030666574648743 238.79194592029066 68.94116847754535 0.4339535777718459
1.6229714893782414 13.017844007843468 215.12710708455992 72.18342579827448 0.44185597636074714
1.6477238212961656 13.003495617710195 193.98246015140577 75.59189042898878 0.4500229974767861
1.6720716308501429 12.987552989437548 175.14785681109868 79.17641027696895 0.45846847172969724
1.69600921219637 12.969992035124633 158.28673299437528 82.9473716028802 0.4672064725593739
1.7194877572709881 12.950775216235936 143.20206804176124 86.9174274081998 0.4762581711657231
1.7424700321889595 12.92982222148737 129.7131370254816 91.09806314832247 0.4856375240493704
1.7649505667877088 12.907167274188263 117.60701504929465 95.5035737011136 0.49536725044150476
1.7868781744746338 12.882724918641838 106.76455352009373 100.14743412474239 0.5054640906969684
1.8082142255281293 12.856452599454498 97.03554290964357 105.04628018519087 0.5159541570369371
1.8289287209864888 12.828317323066397 88.28350243981484 110.21666423174787 0.5268600030992084
1.8490012330939647 12.798326646637117 80.42049651960332 115.67635422595033 0.5382054772865295
1.8683737218654268 12.766378694014799 73.34698638582933 121.445329801976 0.550019033862647
1.8870495148749793 12.732548852429803 66.9699924690067 127.54503222506425 0.5623305226417432
1.904971611410573 12.696718402858599 61.223743565532 133.99812802438373 0.5751700182413466
1.9221109543498902 12.65888781349681 56.043931744810884 140.8302358427123 0.588573541456207
1.9384206403672648 12.618985868238745 51.36319983783804 148.06904549373337 0.6025793576606552
1.9539138143391281 12.57712839835354 47.13899571925698 155.74294170149088 0.6172227961217013
1.96852636046184 12.533187806666099 43.31921110342042 163.8857228093497 0.6325519323660894
1.9822376026358346 12.487173002611257 39.85794113569825 172.5313419894644 0.6486088766945066
1.9950212823995037 12.43908004079661 36.725991626008216 181.71882042389413 0.665445830042963
2.0068540194777387 12.3889058649419 33.88431722605862 191.49034256431224 0.6831177554207394
2.0176961996098486 12.336616494223733 31.311819306131966 201.89197971909394 0.70168393487765
2.0275294143349427 12.282220514620898 28.976842519562517 212.97354762092766 0.7212065242804432
2.0363327454665323 12.225734311503864 26.85599115105769 224.79092181562447 0.741757038295481
2.044071055795949 12.167126439001052 24.928949863962362 237.40496419368245 0.7634115187957835
2.0507255592674136 12.106402026766892 23.17570798253277 250.88277246476295 0.7862532022843052
2.056292247029642 12.043639028703556 21.583505682923754 265.2976779430191 0.8103708708013881
2.0607322850037564 11.978776541415606 20.132544068706466 280.73101149993744 0.8358627327957544
2.0640326149783554 11.911861138158386 18.813074781258905 297.27305934008143 0.862837400808781
2.0661859991677782 11.84294393769534 17.610725815871493 315.02415052768947 0.8914150112902791
2.067170925814638 11.772038250529329 16.515565656035786 334.0935638503886 0.921720780034342
