M[M_sun], R[km], Lambda[1], P_c[MeV/fm^3], rho_c[fm^-3]
0.24162668629717493 15.618656898711224 2160425.4255784233 3.5677272577965504 0.1711233750220791
0.2536416504169 15.277339773086927 1723197.5308335854 3.7847928621104203 0.1738878397034056
0.2660372076113128 14.981308015006825 1383154.1124087074 4.011345265505741 0.17666598174896483
0.2788106374263315 14.72359896738978 1116546.3342235729 4.247641391395119 0.1794565072001225
0.29196346217191693 14.498479437131923 905989.3825149428 4.494305993279051 0.1822659744637135
0.3054962850291679 14.301353612332209 738752.7093113535 4.751492323548929 0.18509004374224494
0.3194108354716383 14.128260623386966 605184.7735222576 5.019886513395248 0.18793541838102787
0.3337071305578035 13.976085775099198 497771.74891524453 5.299707305951645 0.19079861760553196
0.34838569477452636 13.84215410400916 411105.77186487423 5.591689423868016 0.1936860618470955
0.36344593053571744 13.724112897469615 340718.75996974384 5.895992417626113 0.1965926715029172
0.3788976376299399 13.620111196074456 283368.2573813686 6.213483506641733 0.19952619357334575
0.3947266793706542 13.528559845674414 236450.4608393259 6.5444256119484825 0.20248290462439322
0.41094887078616205 13.448009666595942 197923.0135069189 6.889510077607543 0.2054663294094725
0.4275541191063818 13.377167100217406 166132.39836585283 7.249446742133202 0.2084796297399759
0.44454673238692327 13.315023834715529 139842.4160558041 7.624502509036013 0.2115184797381966
0.4619250013565271 13.26065760330709 118019.86784384427 8.015610451298558 0.21458879596013547
0.4796859796291521 13.213255307579134 99843.18891681862 8.423482594026359 0.21769234273325241
0.4978397406665212 13.17207668250491 84672.35933031567 8.848570601413023 0.22082674521930593
0.5163761539156352 13.136474559228903 71965.71744958007 9.291726075097376 0.22399510595234454
0.5352909983487365 13.105911290463915 61300.11045633775 9.753843561491825 0.2272004908447901
0.5545939481740869 13.079866633442537 52320.329974785 10.23573221280935 0.2304442501335345
0.5742711250259693 13.05790451202782 44749.50594249289 10.737878263382372 0.23372327410280683
0.5943254065454779 13.039576463463426 38344.7104475447 11.261496117498522 0.2370433723120643
0.6147596902994665 13.024554697511256 32917.057831175276 11.807537117000496 0.2404063424758719
0.6355573096398723 13.012455381855593 28307.425527322004 12.376979708677872 0.2438138165422974
0.6567256406627916 13.003053340421241 24382.814318723573 12.97053355117137 0.24726398060197363
0.6782530186791139 12.995997765684875 21038.16817840579 13.589483811430497 0.2507611572196789
0.7001371173466766 12.991078114053373 18181.441965932197 14.23504718523059 0.25430820718985414
0.7223674476029999 12.988006728970769 15737.091912038273 14.908412631505483 0.2579071137400209
0.7449509866585465 12.986656615728242 13641.332349694632 15.610636029092891 0.26155803974253355
0.767867333866489 12.986756418489813 11842.138920502219 16.342930594239082 0.2652623549560539
0.7911082338599658 12.988126976112492 10294.716499339005 17.106936595813934 0.2690250042674436
0.8146780070517547 12.990654408002072 8961.615344039888 17.904108118384425 0.27284841836197293
0.8385540474856485 12.994122285777841 7811.364380034517 18.73584147008928 0.27673396030634745
0.8627334575624677 12.998373860776882 6818.792333759878 19.603418162710927 0.28068155305921183
0.887203001260754 13.003330722370332 5959.275269716215 20.508952702454618 0.2846978267189506
0.9119606501096549 13.008819662594203 5214.565829907943 21.454237931063346 0.2887857920788468
0.936973967833752 13.014704735961791 4568.128715399383 22.44079727253135 0.29294569178435187
0.9622487200338851 13.02090439024601 4007.2842947526733 23.4705759618009 0.29718068808416026
0.9877686908661525 13.027303183064122 3518.8599062919884 24.54603281243722 0.3014971889947213
1.0135069331116997 13.033759776518332 3094.143223203263 25.669156273224377 0.3058971746217084
1.0394657111389187 13.040210182121923 2709.0784626306854 26.84181305720492 0.3103812111964217
1.0656164553549607 13.046540797480885 2399.853985208901 28.067142825612336 0.31495836831619145
1.0919393460490963 13.052666564569765 2117.303065318427 29.34725384427917 0.3196294645972567
1.1184337584191182 13.058504802574328 1869.9232261693708 30.684792134233618 0.3243984405563626
1.1450595873017948 13.063969857088654 1653.1747965462414 32.08326873486102 0.3292741110125188
1.1718193298163013 13.06897637685719 1463.1887617665388 33.544501522417356 0.33425337910213226
1.1986697459518494 13.073444692200864 1296.3621337990076 35.07308830783942 0.3393501931725021
1.225581342808235 13.07729615639674 1149.9565420939039 36.40014830701285 0.34367570295217054
1.248673388526948 13.0767650335047 1036.3716865562315 38.449724190208386 0.5010790418801131
1.2678101093078844 13.069165818206729 946.774142246353 40.40989797694881 0.6116605862828755
1.283776796489514 13.054002291493326 873.1782887147963 42.566211095398124 0.7180036634422553
1.2972179139992526 13.031783636751054 810.6343492851522 44.922004223426704 0.8209300234172576
1.3086125562687851 13.00295344713777 756.0534464425774 47.483352426339195 0.9204416623808752
1.31832113653905 12.967798636908745 707.434899787046 50.25581369273047 1.0170497570795347
1.3266792751015613 12.92684812437152 663.0932294466259 53.24640056829181 1.1112733124347591
1.3339289653461832 12.880464652607484 622.2945771665807 56.4626758200448 1.2034125209283553
1.340287139364556 12.828994773664766 584.1362976392104 59.912918579553484 1.2937053519287542
1.3459248160549009 12.772811443084926 548.3461540235672 63.60611677339313 1.3817447026407375
1.3510301139152585 12.712340112216655 514.2630356345674 67.5525471083885 1.4694010299792246
1.35568527452243 12.64782583101158 481.8719945130088 71.76565867461967 1.5580763403660094
1.359985742037339 12.579651987446566 450.9789824786603 76.25857556942356 1.6480694044596866
1.3640262062819197 12.508150440365458 421.545224442848 81.04807238819573 1.7399023311069113
1.3678354361658556 12.433539241582917 393.4859612949691 86.15089700976482 1.834133286942304
1.3714580549061275 12.356071345031035 366.8611403778683 91.58734590323621 1.9316737133192758
1.3749490568408789 12.276147581096017 341.50860864495525 97.37804766144983 2.0340087372726257
1.3782982681639606 12.19386295901946 317.5351953997883 103.54736098024551 2.14449344311997
1.3814665002556756 12.10954485056429 294.9768316375399 110.12742749574757 2.2727562475322025
1.3843978411310527 12.02385464379765 273.9023291821652 117.16997490772758 2.4580251438589107
1.3870122497403985 11.936557058922963 254.3510544869784 124.7040995649583 2.5451637322689624
1.3896121426300694 11.845758626529362 235.5183236042207 132.67184274187207 2.6042248765467986
1.3924120949402714 11.752908753575847 217.47566286863633 141.09916419598454 2.6661174461764032
1.395428986855719 11.65844170411575 200.35288940150065 150.02034738638957 2.731108557776243
1.3986635599723307 11.562898393932393 184.1644378816335 159.47257733566423 2.799410791595326
1.4020791988515329 11.46663890342304 169.0095736074896 169.49548993189532 2.8712346646405007
1.4056403180520556 11.369880414120386 154.8602830090937 180.13322140908494 2.946815725779668
1.4093177479211867 11.273178869832837 141.78178402775373 191.43010382045668 3.0263717319734718
1.4129992864352656 11.176048135073495 129.67422572970824 203.44190736971274 3.110206922206417
1.4166668724849303 11.07915093713112 118.56556333957312 216.22355920769692 3.198592910031363
1.4202614421943276 10.982667233809364 108.39825437833012 229.83660756139312 3.2918362707093984
1.4236878602917984 10.885991500445755 99.09354117683806 244.34971122341648 3.3902802107128167
1.4269035612080487 10.789758999254536 90.63501978498721 259.8392565041828 3.4943069957752515
1.4298517501025108 10.693903240835947 82.96800694654205 276.3844834056315 3.604284782759388
1.4324776346068901 10.598356489920288 76.00502890112415 294.07818678213346 3.7206683335232955
1.4347088094599516 10.503054052441374 69.69867372317958 313.0198364072657 3.8439247793860867
1.4365044885560962 10.408216264183528 64.0070627829538 333.3180387278489 3.9745503225761722
1.4377958096134296 10.313372763031536 58.854233145393174 355.0961905145923 4.113120220327335
1.4385676285765343 10.219058610808005 54.21003228286727 378.4882119140362 4.260235318735661
1.4387505387903299 10.124752515988195 50.01659125196617 403.6438699131701 4.416566112693431
