M[M_sun], R[km], Lambda[1], P_c[MeV/fm^3], rho_c[fm^-3]
0.24162668629717493 15.618656898711224 2160425.4255784233 3.5677272577965504 0.1711233750220791
0.25364526115562513 15.277254818359962 1723060.6801256589 3.784846408168416 0.17388850712918705
0.26604253804768346 14.981215625519862 1382969.976048375 4.011457830132288 0.17666734202604556
0.27881902778620504 14.723447611436136 1116308.7338336725 4.247816782956329 0.1794585414779231
0.2919759918485093 14.498308206531302 905855.4213860367 4.494548814316651 0.18226867833232302
0.30551268576093066 14.301128202671487 738591.5362004053 4.7518108191122925 0.1850934841021872
0.31943089268318425 14.128036802168637 605021.0301063977 5.020283029736517 0.1879395323911098
0.3337321845975536 13.975792053157006 497570.93387644185 5.300192282421763 0.19080350051386458
0.34841433502746294 13.841914961430055 410933.90740831994 5.59226407146851 0.1936916217207104
0.3634798773162136 13.72385234992323 340609.55616099894 5.896669646790582 0.19659903218254687
0.37893401006085187 13.6199072900956 279323.4009491216 6.214271512965085 0.19953337924219333
0.3947694505276316 13.528345773024839 236364.3730308942 6.545323577413166 0.20249077856842657
0.4109965130708398 13.447769750332393 197820.11140020093 6.890535337583973 0.2054750609536654
0.42760704006278133 13.376955374670109 166032.84616600542 7.250608917704929 0.2084892441206407
0.44460488347043975 13.314844669980241 139768.30381826934 7.625798388195378 0.2115287957695527
0.4619865203256899 13.260478338978725 117954.49780022418 8.017062637512302 0.2146000297945409
0.47975582570061315 13.213081199382156 99779.95765881389 8.425102411410412 0.21770452149551733
0.49791638205921723 13.17192918020968 84618.35633317471 8.850352077553785 0.22083964386773122
0.5164577303758491 13.136331999067117 71918.27926004815 9.293698040126552 0.22400898870908761
0.535378213135441 13.105788803705048 61255.7680705394 9.756019386058963 0.2272153876915078
0.5546886308139279 13.07974724092837 52287.64987000518 10.238121915331153 0.23046013880571464
0.5743741571294714 13.057789980621719 44714.72361643015 10.74047977196286 0.23373997659374007
0.5944347500563044 13.03949473937509 38314.00267120667 11.264344390763629 0.23706116837496788
0.6148740840730286 13.024465616395513 32888.745597297784 11.810648981452749 0.2404252678037728
0.6356827926324151 13.012392317564375 28049.31396357112 12.380373040593751 0.2438339087123666
0.6568548617229869 13.002998511963526 24360.738225047186 12.97419276781641 0.24728489518378427
0.6783897845295037 12.995960873361124 21019.039195755347 13.59346087503626 0.2507833004443167
0.700281770937587 12.991057603391326 18164.305852441164 14.239363420504485 0.25433162297686895
0.7225193193337033 12.987986672462347 15721.624398997987 14.913090733321816 0.25793184862774765
0.7451106314514876 12.986651772238378 13627.868927917509 15.61565450601035 0.26158369086764827
0.768034919897785 12.986753962940815 11831.013776406591 16.348357407602805 0.26528940625958025
0.7912825966382498 12.9881565561952 10285.486710947149 17.112798982120506 0.26905351106688186
0.8148601208030274 12.990685259697933 8951.682173160909 17.910435119895098 0.2728784395317388
0.8387472656525649 12.994137724174674 7803.667953761335 18.742605023911462 0.2767650353366037
0.8629308675251112 12.998420044768675 6810.653460272294 19.610706212297238 0.28071424994137323
0.8874170657620983 13.003370370272828 5952.212036265688 20.516800325559654 0.28473221622019007
0.9121756540403291 13.008873190057681 5208.466239172019 21.46268260750618 0.2888219497379066
0.9372004587472609 13.014766020906276 4562.790411815219 22.44980382470016 0.292983099874508
0.9624864575593876 13.020978172210086 4002.3043275646623 23.480257416449657 0.2972200073481293
0.9880118648147623 13.027351923423039 3515.0621337393013 24.55643473990415 0.30153851091452055
1.0137569513198612 13.033828368608047 3090.34848442418 25.680238408847945 0.3059399427173786
1.0397249131471222 13.040273628287535 2719.9115794695535 26.853710883321558 0.3104261590410542
1.0658793867941847 13.04660179920047 2396.7854639510842 28.079912036202526 0.31500560717864284
1.092216259959286 13.052731450634544 2114.5738073534094 29.36084918278119 0.31967839946828364
1.1187166253380407 13.058567826258448 1867.3024060050648 30.699375916152583 0.3244498857920872
1.1453516421635719 13.064018848756339 1650.944878533831 32.098793361555394 0.3293274521007264
1.1721176142300491 13.069030429294337 1461.1510053088175 33.56114909674688 0.3343094831440595
1.1989763510653197 13.073483503179308 1294.5751311201373 35.09093740328023 0.3394092152922241
1.2259263751896958 13.07735477356518 1148.3056505416105 36.69012081746299 0.3446230339747795
1.252924917347717 13.080511389661632 1019.4862818835749 38.36381223394335 0.34996574750009407
1.2799701980023908 13.082950310465897 906.1093770196142 40.114320960049476 0.3554343241106985
1.3070237759351726 13.084552096117088 806.2389857492826 41.94699062548009 0.36104257210639235
1.3340569885597675 13.085237865895392 718.093131264277 43.86544223264647 0.3667931855349297
1.3610675324590806 13.085027394509689 640.2015493930137 45.87423016362771 0.3726931641357846
1.38800849135449 13.083781520536304 571.4042422253963 47.97875860304408 0.37875284882590454
1.4148527357153147 13.08145776008455 510.4793036123254 50.183867456415854 0.3849783034844628
1.4415857672930075 13.078008021691799 456.56503579890773 52.49462499449808 0.3913757018220534
1.4681814245561677 13.073402834894065 408.7382254168921 54.917528168733824 0.3979571414449481
1.494593014473824 13.067527828978308 366.27567874450784 57.45877152709416 0.4047316912254099
1.520805610596546 13.060374076211803 328.619013507301 60.124988145725084 0.41170913076775795
1.5467897709249114 13.051879969818808 295.082729512233 62.923289109996816 0.41890000893902174
1.5725080910224547 13.041987313236092 265.2798693513232 65.86130677627035 0.4263157071798762
1.5979214122866146 13.030643881021234 238.74043700271568 68.94724219828828 0.43396850815539356
1.6230306269700128 13.017826829073602 215.0733451089121 72.1899171498204 0.44187167037366576
1.6477724891265362 13.003465731959995 193.94975529774595 75.5988312293227 0.45003950947629523
1.6721207453262892 12.987520489546288 175.11388244084594 79.1837988241411 0.4584857091257194
1.6960574350444608 12.969956302142768 158.24150836268544 82.95528000524881 0.467224646044984
1.7195368147922576 12.950732549910642 143.17427609136493 86.92589638831802 0.4762773492388734
1.7425190092650675 12.929780853196686 129.68276639449863 91.10709623088323 0.4856576193331099
1.764998913450833 12.907116774140853 117.58938867309452 95.51325793232911 0.49538849980717536
1.7869103237459998 12.88263491136461 106.7479574133498 100.15777793779333 0.5054864121967787
1.8082613266826906 12.85639301326307 97.01528556764977 105.05733723359202 0.5159776367023935
1.8289628006869798 12.828233050559813 88.27040600943938 110.22849303940565 0.5268847339894662
1.849045376620019 12.798256879759107 80.40947062017244 115.6890670280626 0.5382317375488427
1.8684170332404928 12.766302541147926 73.32706532898959 121.45894973390139 0.5500467590528989
1.8870942619649618 12.732465691452433 66.95807332241756 127.55958397772804 0.562359646822583
1.905013179560869 12.69663102636386 61.21108934190586 134.01374519840144 0.5752008513919471
1.922150866860322 12.658795684130585 56.03256392716436 140.84701004416215 0.5886062239795377
1.9384597163950055 12.61888718252086 51.35433819086359 148.08707720793586 0.6026140425600574
1.95395055402261 12.577024442689641 47.1314023919729 155.76228188024137 0.6172594476964127
1.9685596379227943 12.533069820521755 43.30879008961401 163.90648869121483 0.6325907232059901
1.9822714257370357 12.487054731173588 39.850235100119285 172.55372484701627 0.6486502041936851
1.9950524284706561 12.438952426756792 36.71801540389526 181.7429014198176 0.6654896939109395
2.0068834916470153 12.3887724931596 33.87800004891841 191.51627813105452 0.6831643801001224
2.0177233949432254 12.336477730952051 31.305436551104584 201.91994242330924 0.7017335659193389
2.027553715117476 12.282074530163998 28.970373115137377 213.00365748572315 0.721259199687487
2.036354752714257 12.225582303123188 26.850711648958438 224.82345764186906 0.7418132772457129
2.044090919016379 12.166965491268268 24.924994369530538 237.44008453762282 0.7634714022084116
2.050742403830821 12.106233823366702 23.1717346929666 250.92073115447678 0.7863170723009898
2.0563065712753854 12.043462530036042 21.579354789580012 265.3387565744154 0.8104391033912314
2.0607432606677456 11.978589586342181 20.12824401128825 280.7755229376869 0.8359357419136099
2.0619699141054553 11.922289328118529 19.112808261835347 299.5083551843878 2.55406619517907
