M[M_sun], R[km], Lambda[1], P_c[MeV/fm^3], rho_c[fm^-3]
0.24162668629717493 15.618656898711224 2160425.4255784233 3.5677272577965504 0.1711233750220791
0.25364455278033665 15.277265617246357 1723183.970041031 3.7848298280426156 0.17388830046591747
0.2660404005778118 14.981264797651667 1382918.6324736252 4.0114229751182995 0.17666692082377153
0.27881707745146994 14.723479034708923 1116440.5501960362 4.247762473566056 0.17945791157083843
0.29197150191250604 14.498385542960413 905831.0394061145 4.494473625131817 0.18226784108329938
0.30550798781382177 14.30118260441763 738589.6296960955 4.7517121967671985 0.1850924187926366
0.3194245516476272 14.1281076302872 605052.6768559754 5.02016024744222 0.18793825847741685
0.3337230808490349 13.975982141554434 497677.4552701381 5.300042107255143 0.19080198849912236
0.34840541140218606 13.841990433816303 410983.754465293 5.592086128159363 0.1936899000702439
0.36346934657054475 13.723939864221391 340637.9463251099 5.896459937122038 0.19659706254496062
0.37892310529009515 13.619972549673315 283280.45876951015 6.214027498697869 0.19953115412588865
0.3947562011692823 13.528411399071231 236402.31686531496 6.54504551157808 0.20248834030670143
0.4109816619830741 13.447852265956655 197850.22172664586 6.890217851521782 0.20547235710913192
0.4275907927007675 13.37702269481429 166061.3061753714 7.250249031624433 0.20848626687532767
0.44458654916343426 13.314901639104892 139785.43490196858 7.625397096490787 0.21152560122955444
0.4619688514348179 13.260556945423538 117970.52310909709 8.016612939892173 0.2145965510198843
0.4797342991308822 13.21313126549276 99801.48876700408 8.424600800555096 0.21770075008312445
0.49789206192268354 13.171966758229532 84635.23938727436 8.849800402738776 0.22083564950635806
0.5164317654691639 13.136378612475417 71930.22864466217 9.293087372477215 0.22400468957076558
0.5353515033457501 13.105823070633468 61269.91313613109 9.755345584317096 0.2272107744881189
0.5546591067995172 13.079783736513429 52299.71833507018 10.237384751263113 0.2304552553949792
0.5743425932772247 13.05782293154064 44322.31803686994 10.739674137121145 0.23373480416850181
0.5944001883635524 13.039507947447962 38323.5967132649 11.263462332750139 0.23705565726053762
0.6148382675006054 13.024513675112821 32897.88603616583 11.809685288498052 0.24041940694272204
0.6356433829526786 13.012424081339974 28288.411615273548 12.379322175737085 0.243827686463573
0.6568151649112124 13.00302702217695 24367.88478241187 12.973059556860864 0.2472784182146574
0.6783474824804313 12.99597323500339 21024.717317907845 13.592229223986745 0.250776442941252
0.7002367319416328 12.991071302494788 18169.712255627455 14.238026724164083 0.2543243713339848
0.7224727020581497 12.987991343197109 15726.7276019059 14.91164196204364 0.2579241884278815
0.7450610414011365 12.9866401449766 13631.831140815462 15.614100315817552 0.2615757468783178
0.7679825350628798 12.986757200272073 11834.212312583719 16.34667674851651 0.26528102859555897
0.7912292419848995 12.988139389179537 10287.357226172957 17.110983417581465 0.26904468259133024
0.8148030429996236 12.990667109382372 8954.63567087798 17.908475653940737 0.27286914200589385
0.8386877348577011 12.994138301391116 7806.37205446508 18.74051034819369 0.2767554113854948
0.8628699146159111 12.99841171591213 6813.15968650058 19.60844908680836 0.28070412364279923
0.8873519389238883 13.003363258187928 5954.388178036135 20.514369884601376 0.2847215656510651
0.9121074552825333 13.008853334714392 5210.268797400405 21.460067241230067 0.28881075149688834
0.9371308879432645 13.014745402727543 4564.446340554584 22.44701442881336 0.2929715143120354
0.9624146443267039 13.020955749730815 4003.872500249035 23.47725898036361 0.2972078298082617
0.9879363841910944 13.02733878561296 3515.9695899786625 24.55321314733524 0.3015257130566061
1.0136799354106105 13.033794740161508 3091.5635521009676 25.67680613153227 0.3059266968981981
1.039645341682975 13.040259517990506 2720.9702882465403 26.85002595387381 0.3104122380411442
1.0657969715106936 13.046586082374413 2397.763565037487 28.075957201971363 0.31499097652712804
1.092131085288409 13.052708419077392 2115.300109336534 29.356638462152134 0.31966324345941466
1.1186288920128058 13.058545352850443 1868.2622685664319 30.694859028504688 0.32443395217822224
1.1452602191632506 13.064004933563314 1651.7545606639455 32.09398505104626 0.32931093121941657
1.17202596686495 13.069011054039326 1461.7841701467992 33.55599295221027 0.3342921064053504
1.1988825953667799 13.073469592919947 1295.116455987047 35.085409083617456 0.3393909346378302
1.2258290596647223 13.077341320257572 1148.802412153802 36.68423636777969 0.3446040516509944
1.2528254357393482 13.0804968602818 1019.9349300152669 38.35754776919518 0.3499460213011547
1.279869111172193 13.082936877946914 906.5305488748844 40.10760526425477 0.3554135479914787
1.3069134575422503 13.084524402431763 806.6205725258991 41.939839764911746 0.3610209539715436
1.3339512838979795 13.085237143651078 718.479457014392 43.857776018333446 0.3667703975813173
1.3609600870953154 13.08503109747042 640.4891989910845 45.866064661534345 0.3726694199648968
1.3878924652103313 13.083768674810988 571.6792073027351 47.97005892902827 0.37872808674533964
1.4147412340335606 13.081462524450059 510.73126310547843 50.1745381958342 0.3849521618682073
1.4414733824766868 13.07802457672324 456.78494131154713 52.48468095996621 0.39134839922893666
1.4680692186320632 13.073422313781009 408.92592539589623 54.90692532010187 0.39792860048331163
1.4944775258864964 13.067557411375361 366.4476908731363 57.44746225645592 0.4047018285200647
1.5206902231830774 13.060408968044097 328.76694635544357 60.112920957942194 0.4116778564685269
1.546674281870381 13.051920821335985 295.22664355536386 62.91040827134079 0.4188672261805701
1.5723904303294087 13.042036010731895 265.39975302253924 65.84755192763166 0.42628131148760307
1.5978149659465457 13.030705142893888 238.86918530447645 68.93254792896832 0.43393238679154017
1.6229015047481439 13.017879159364995 215.1778504270312 72.17421252743586 0.44183370161710694
1.647654708576999 13.003536673437074 194.05525274311367 75.58203928079242 0.44999956182868256
1.6720028373667364 12.987599759808612 175.19171735315686 79.16592366615494 0.45844400658664275
1.6959404622917347 12.970045999190406 158.33008876147827 82.93614719655838 0.4671806789063372
1.7194205308045107 12.95083314111204 143.24633773867095 86.90540741502683 0.4762309517951355
1.7423992897640643 12.929878901887765 129.7533486070286 91.08524256548137 0.48560900297163584
1.7648839256283864 12.907238196856232 117.64819602446458 95.48982899853637 0.4953370914950074
1.786811263073068 12.882797271761323 106.80081305036268 100.13275333375766 0.5054324101869315
1.8081487524558018 12.856537749089807 97.0635563449812 105.0305871642998 0.5159208328741811
1.8288582003934521 12.828398581610603 88.30698416899116 110.19987592817782 0.5268249032222625
1.8489369841326382 12.798427954613985 80.44323527770695 115.65831136663665 0.5381682069652994
1.8683124519045118 12.766485366697617 73.36852854825182 121.42599955435553 0.5499796845622372
1.8869908114311666 12.732660933172768 66.99156164513319 127.5243795481846 0.5622891879441185
1.9049133172449964 12.696841158575202 61.24150243790427 133.9759633277828 0.5751262582481792
1.9220535886964905 12.659020309212172 56.06106496470187 140.80642912973778 0.5885271569260973
1.9383667339251782 12.619127365025204 51.37853593909721 148.04345416825814 0.6025301314728557
1.95386169759901 12.577278977584529 47.15380685535953 155.71549345701268 0.6171707789508071
1.9684769058595857 12.533343679837595 43.33045337538375 163.85625127642143 0.632496879297654
1.9821892358783026 12.487337722944888 39.869531913185185 172.49957574486612 0.6485502237971053
1.9949782358086205 12.439256203122612 36.73596225756062 181.68464429165067 0.6653835777442026
2.0068130532302626 12.3890934357064 33.89556423946579 191.4535345609005 0.6830515852315605
2.0176580740870604 12.336814108306529 31.32057786879485 201.85229496772035 0.7016134983585399
2.027492586828958 12.282424033968393 28.98465373274095 212.93081580234724 0.7211317675204003
2.0363012747716676 12.225953514800867 26.863873291176567 224.7447473124064 0.7416772245674095
2.0440441680122023 12.167352449782308 24.936204488800986 237.35512201027916 0.7633265332945
2.0507013154605986 12.106641127186025 23.18251858189296 250.8289024209312 0.7861625595191236
2.0562733317486677 12.043888261028348 21.589460850128376 265.2393196531203 0.8102738391536175
2.060716553757498 11.979034801735509 20.136754506206795 280.667842631177 0.8357591211485618
2.0640206981830547 11.912137705227396 18.81753760186934 297.20452511179093 0.862726363078911
2.0661793661169447 11.843227045367906 17.61471666628094 314.9497004693637 0.891295831390099
2.067170201556634 11.772328771112983 16.52060305120243 334.0127068124318 0.9215930728017038
