M[M_sun], R[km], Lambda[1], P_c[MeV/fm^3], rho_c[fm^-3]
0.24162668629717493 15.618656898711224 2160425.4255784233 3.5677272577965504 0.1711233750220791
0.25364591828247607 15.277238510155296 1723192.8682062968 3.78485260101642 0.1738885843200499
0.26604296787010223 14.981194938070987 1382958.7935738678 4.011470848895083 0.1766674993501108
0.27882058652839053 14.723423039919192 1116393.6136587947 4.247837068243979 0.17945877675669053
0.29197740599911004 14.498305619208042 905792.6461492125 4.494576898601219 0.18226899105734967
0.3055146924533557 14.301104641492568 738535.6036874846 4.751847656182633 0.18509388201285149
0.31943344192380885 14.128007166415102 604998.1584433607 5.020328891122533 0.1879400082206906
0.33373385683392154 13.975786871804731 497563.6364912187 5.300248375759034 0.1908040652806952
0.3484176597271822 13.84188702293131 410919.56208939553 5.59233053699172 0.19369226479293147
0.36348371996410656 13.723824459128613 340593.60518555524 5.896747978013074 0.19659976788596517
0.37893788148150187 13.619884476277091 283223.2493741578 6.214362658068855 0.19953421037579389
0.3947732505752084 13.528343002367759 236337.9052646216 6.545427441948901 0.20249168932009085
0.4110021138382764 13.447762449674517 197806.90396891296 6.890653927007194 0.20547607091095768
0.4276130565149626 13.376936710400951 166028.31123755133 7.250743345158712 0.20849035620451506
0.4446108332985191 13.314811967335466 139758.5274921832 7.6259482823044795 0.21152998902304274
0.46199371460766075 13.260459695116367 117934.08577340272 8.01723061325738 0.21460132922273165
0.4797637857048747 13.21308380739088 99774.31959203545 8.425289779017241 0.21770593023798557
0.49792417046947124 13.17189760987764 84609.18722317155 8.85055814630734 0.2208411358935534
0.5164674742786405 13.136312990290664 71912.70794066157 9.29392614547837 0.22401059458498512
0.5353879764434798 13.105771418626468 61249.46630571635 9.756271075073931 0.227217110887731
0.554698574590634 13.07976274123762 52281.132040621895 10.238396135929616 0.23046194831520525
0.5743849492366915 13.057813627508398 44709.48244240763 10.74078070736584 0.23374190869224531
0.59444639892154 13.039478407072501 38308.2725581402 11.26467387431943 0.23706322699418697
0.6148870027703517 13.024461357412852 32886.51811662877 11.811008960172886 0.24042745707500246
0.6356955506503548 13.012409300023162 28278.05077470145 12.380765582983567 0.24383623298498452
0.6568691755303555 13.002990057651575 24358.433030911794 12.974616071220906 0.24728731461246065
0.6784064244086841 12.995966224539044 21017.144086452194 13.593920951715784 0.25078586202800635
0.7002985198349722 12.99104834508077 18162.900305798437 14.239862738066522 0.2543343317990122
0.722537461346435 12.987994016026883 15721.132362595361 14.913631917953733 0.2579347100748977
0.7451291448265152 12.986651248625769 13626.362983809218 15.616235071305065 0.2615866583323307
0.7680541261865603 12.986750740672715 11829.18730480471 16.3489852173878 0.2652925357338983
0.791304626982876 12.988148733498628 10283.99312657349 17.11347718822524 0.2690568089535093
0.8148822129016313 12.990684037437328 8892.554477407519 17.91116708315244 0.272881912645057
0.8387707354428162 12.994144170914948 7802.9229554174235 18.74338749739507 0.2767686303973982
0.8629548615196414 12.998423236244001 6809.749288732501 19.61154937250096 0.28071803266945405
0.8874400658581699 13.003391884310775 5951.5563346770505 20.517708231887063 0.28473619480648993
0.912201201005195 13.008873387535246 5207.839476786452 21.463659597393782 0.28882613292568177
0.9372252017203662 13.01477428379894 4562.506763991245 22.450845827745535 0.2929874277619319
0.9625139352657369 13.020982062492608 4001.769849084666 23.481377512397227 0.29722455639058537
0.9880385478809296 13.027363229655434 3514.0417597568935 24.55763820266164 0.30154329170074545
1.0137861029170316 13.033822151132624 3089.9949087924024 25.68152057915127 0.3059448908595112
1.0397231898449046 13.040257394301324 2719.7629506090016 26.967874133189696 0.31082846203396214
1.0578725530537016 13.039374994541538 2481.832021268213 28.280895052399185 0.687048848706542
1.0630590587321427 13.019202252507935 2385.2723368237803 30.11895114119299 1.0324177032812625
