M[M_sun], R[km], Lambda[1], P_c[MeV/fm^3], rho_c[fm^-3]
0.24162668629717493 15.618656898711224 2160425.4255784233 3.5677272577965504 0.1711233750220791
0.25364503490029583 15.277269743794875 1723188.445763317 3.7848398490759245 0.17388842537326335
0.2660418651316894 14.981246509757128 1382938.776023487 4.011444041473957 0.17666717539824714
0.2788180136834119 14.723467142775165 1116429.965448989 4.247795298099517 0.17945829228596105
0.29197388133238455 14.498346286138402 905807.7123552165 4.494519069336653 0.1822683471150673
0.30551113044506056 14.301145164399488 738574.1158796013 4.751771803860999 0.1850930626630115
0.3194283039609884 14.128073524524831 605030.792994237 5.020234456665337 0.1879390284267488
0.33372653471449626 13.975925865411439 497647.90910116927 5.300132872538198 0.1908029023549159
0.3484108198421928 13.84194460788372 410955.5412588851 5.592193676284374 0.19369094062793882
0.3634755315904479 13.723897532838109 340625.40832937055 5.8965866845481845 0.1965982529836096
0.3789303004043106 13.619911810439433 283258.7788073739 6.214174979480253 0.19953249897304556
0.39476400359161856 13.528379694350148 236371.29084022023 6.545213572756711 0.20248981397619847
0.41099072403712517 13.44779267931939 197826.26511945465 6.890409737820019 0.20547399129336968
0.4275998211043908 13.376998494904834 166052.66639394598 7.250466543954318 0.2084880662990892
0.44459696316951247 13.31486801617921 139769.9719445109 7.625639633820914 0.21152753198265323
0.4619789581966847 13.26050259092526 117948.50158578077 8.016884733061342 0.21459865355978316
0.47974728749394807 13.213097148334487 99786.09579443939 8.424903969292492 0.21770302948820755
0.49790589949738584 13.17193642228861 84621.33734462164 8.850133829337794 0.22083806365739717
0.5164468381955183 13.136353141198507 71923.11948286813 9.293456453354555 0.22400728792315158
0.5353677746655803 13.105803560493287 61261.758149011424 9.755752822328336 0.2272135626551075
0.5546761484019993 13.07976668555228 52292.16285228966 10.237831488917628 0.23045822235831961
0.5743615017821112 13.057829628749284 44317.21997899587 10.74016105259942 0.2337379303166999
0.5944205120222311 13.039493116810647 38319.35961339603 11.2639954368752 0.23705898810475823
0.614859739833579 13.024482258823706 32892.2268474104 11.810267731096374 0.24042294916550386
0.6356663354368239 13.01241248286351 28284.096949618113 12.37995730316623 0.24383144710020932
0.6568389773602222 13.003003131585688 24362.627073952106 12.973744452482052 0.24728233279717346
0.6783725702149122 12.995968350621046 21020.9911427544 13.592973614555678 0.2507805875085057
0.700264061222061 12.991057752309214 18166.236527784265 14.238834601631655 0.25432875410867484
0.7225001230884163 12.987998316233545 15723.922619344006 14.912517574878207 0.2579288181230026
0.7450917510242488 12.986641266893272 13629.663240794456 15.615039641262848 0.26158054808691494
0.7680136724932904 12.98675998383662 11832.337565587988 16.34769250851385 0.26528609190438424
0.791262533260472 12.988145332266072 10217.981016878015 17.112080710869552 0.26905001835701553
0.814839229210618 12.990663725352247 8953.223053172627 17.90965991733361 0.2728747612510142
0.8387240466863842 12.99414521922137 7804.7789181192275 18.741776328689365 0.2767612279108365
0.8629070229216547 12.99841827673431 6811.436921390935 19.609813247311422 0.28071024377064546
0.8873919041965747 13.003375256067415 5953.205944420452 20.515838791899192 0.2847280026306018
0.9121504272008036 13.00886709634273 5209.26038554677 21.46164791183484 0.28881751947067635
0.937172247800935 13.014760456263453 4563.502415129453 22.448700277702706 0.29297851636854494
0.9624594736943898 13.020966430067892 4002.8935905279236 23.479071166583577 0.297215189634954
0.9879800355459647 13.027352909185293 3515.080985597194 24.555160202152337 0.3015334477810841
1.0137261994891018 13.033809384833864 3090.617397292303 25.678880517464194 0.3059347023530136
1.0396936441557814 13.040265081604048 2720.2981277977988 26.85225303427078 0.3104206515498546
1.0658464840626722 13.046597863850259 2397.1941566327696 28.078347403543457 0.3149998189220825
1.092182118512919 13.052728918213909 2114.774035544002 29.35918331272315 0.3196724033589241
1.118682298983941 13.058553297269807 1867.540997327775 30.69758891545891 0.32444358203134555
1.1453163254444991 13.064009551148006 1643.3165397219727 32.09689106361121 0.329320915992359
1.1720810412189264 13.069024720970503 1461.3741017201055 33.55910918269364 0.33430260842337617
1.1989393913555935 13.073484757057045 1294.8516582275136 35.08875024256128 0.33940198294466717
1.2258878375242654 13.07734878861786 1148.4978359641727 36.68779275822462 0.34461552401605233
1.2528858048195808 13.080502378163816 1019.6782026210325 38.36133382609862 0.34995794323138746
1.2799304196953283 13.082942603063728 906.2911217977659 40.11166402699257 0.3554261044474444
1.3069829364561956 13.084544669738056 806.4160746404382 41.944161523785866 0.3610340193033637
1.3340149870514524 13.085239976294055 718.2613056027473 43.86240923538223 0.3667841698985097
1.3610245237506853 13.085031036337318 640.2921598144683 45.87099962728253 0.37268377017492804
1.3879579323090172 13.083766932225847 571.530011333506 47.97531672559091 0.3787430521316106
1.4148089862128408 13.08145977743612 510.5833207814686 50.18017648655543 0.3849679609801607
1.4415408988284344 13.078014197760787 456.6618038801057 52.490690792884045 0.3913648999784392
1.468135701994899 13.073412882242147 408.79864479499133 54.91333331060173 0.3979458496412853
1.4945476528424235 13.067538249406917 366.3444613328695 57.45429717602654 0.4047198764734407
1.520760516561035 13.060387528253953 328.6890354832984 60.120213927239796 0.41169675751723844
1.5467440524066791 13.051895744006162 295.13748935729063 62.91819297251964 0.41888703886398143
1.5724604148756136 13.042008135253162 265.329467936888 65.8558648380864 0.4263020989435327
1.597875123958058 13.030664773525038 238.78944053492543 68.94142857889676 0.4339542171514128
1.6229732528130165 13.017842353667993 215.12330972476514 72.18370378392224 0.4418566484411785
1.6477258905512593 13.00349279443974 193.98302826782825 75.5921876614511 0.45002370458577007
1.6720733527310616 12.987551549024753 175.14471178057372 79.17672668337164 0.4584692099022148
1.6960110921132845 12.969989914834777 158.28275771552185 82.94771027105392 0.4672072508178508
1.719489841018973 12.950773928341667 143.20076963499855 86.91779008196583 0.4762589924433643
1.7424728753832002 12.929820271627632 129.71537325202516 91.09844997862466 0.48563838460440567
1.7649542814163826 12.907162301973539 117.60653848896638 95.5039884154291 0.49536816041731424
1.7868799292679678 12.882721321459393 106.76319926799553 100.14787708420594 0.5054650465842735
1.8082164216702312 12.856449454087336 97.034384105566 105.04675368734424 0.5159551625197524
1.8289296674020221 12.8283150745492 88.2854603487385 110.21717078268725 0.5268610621624762
1.8490029943624553 12.798322311908134 80.41975735638121 115.67689863174921 0.53820660184105
1.868375924944496 12.766374922928499 73.34586379544822 121.44591305333766 0.5500202211486817
1.8870512674531483 12.7325445125299 66.97031123680223 127.54565537931437 0.5623317698356374
1.9049726525373285 12.696715025658127 61.220769256533465 133.99879680246667 0.5751713386169361
1.922113051002522 12.6588836065359 56.04532738050666 140.83095416731376 0.5885749410256956
1.9384222017678678 12.618982431532318 51.362687481134635 148.06981766774896 0.6025808429757922
1.9539152715568688 12.577122856318763 47.13911943407601 155.7437699067586 0.6172243656535882
1.9685280087539911 12.533183250573195 43.31763019306613 163.8866120661484 0.6325535935051797
1.978765126784231 12.49175552472244 40.47493888954606 173.40952393966325 1.444840856810681
