M[M_sun], R[km], Lambda[1], P_c[MeV/fm^3], rho_c[fm^-3]
0.24162668629717493 15.618656898711224 2160425.4255784233 3.5677272577965504 0.1711233750220791
0.2536438239825771 15.277283074894934 1723298.3478063368 3.784815809130978 0.17388812572694684
0.26603951256538866 14.98125924770511 1383000.6284655463 4.01139350450001 0.17666656468874187
0.27881424229288426 14.723544394643655 1116436.9082949897 4.247716554134104 0.17945737897462688
0.2919677906570468 14.498463849458105 905897.4090571414 4.49441005185291 0.18226713318008417
0.30550476030894674 14.301192652226494 738653.9676331565 4.751628810951274 0.1850915180666804
0.31941987300888736 14.128158679010369 605126.5805114352 5.020056434773969 0.18793718138091575
0.33371778844996763 13.976004495033441 497699.5602261779 5.299915134537852 0.19080071009454508
0.3483978696606819 13.842053087039428 411021.4780394 5.591935678297663 0.1936884444264446
0.36345888163720974 13.724035668289847 340660.9358695604 5.89628262994354 0.19659539723841796
0.3789131987256924 13.620017871130827 283318.20416337095 6.213821188432993 0.1995292728246867
0.3947454606418834 13.528477358456817 236409.71260793318 6.544810412354167 0.20248627880411119
0.41096908030146717 13.447920509816598 197879.59508360486 6.889949424629326 0.2054700710730748
0.42757694965773324 13.377072411932136 166089.625915325 7.249944758062863 0.20848374969813144
0.4445716057979557 13.314944063796414 139816.8712378747 7.625057817170859 0.2115229003480119
0.4619515113607591 13.260615930504366 117982.72994066036 8.01623273680305 0.21459360984160894
0.47971555100180663 13.213190749692163 99814.3130746783 8.424176708796034 0.21769756150596573
0.4978728297035339 13.171997021301562 84647.15355843308 8.849333985944133 0.22083227244948028
0.5164107345359015 13.136408184392195 71941.49721130612 9.292571082351705 0.22400105485609506
0.5353275724391381 13.105860988434658 61280.41548419017 9.754775920120597 0.22720687426548886
0.5546323043587852 13.07983075501815 52303.67852607267 10.236757999528749 0.230451081472925
0.5743157397660433 13.057870128363666 44332.30816599619 10.73899302105467 0.2337304311923717
0.5943721372753978 13.039530836755288 38331.97156711776 11.262716609044203 0.23705099796532808
0.614807778905471 13.024526318242584 32904.465084858195 11.808870551571493 0.24041445198285002
0.6356117653340411 13.012446871968253 28294.601707551286 12.378433745147142 0.24382242600012577
0.6567800997080743 13.003025583117092 24373.43366782073 12.972101512434682 0.24727294242558195
0.6783127343489146 12.9959753612907 21030.42095729635 13.591187960850593 0.250770645467081
0.7001992292536656 12.99106058234726 18174.545817102542 14.236896658973968 0.25431824067517556
0.7224329430963153 12.987995000091756 15731.572191054242 14.910417152704309 0.2579177123992091
0.7450191238842534 12.986657129173247 13539.050273168887 15.612786389209088 0.2615690309570573
0.7679387749640079 12.986760828702923 11837.419482871615 16.345255910743454 0.26527394607561866
0.7911824136066848 12.988128880916781 10290.069649535017 17.109448537412735 0.2690372189888237
0.8147548262271511 12.990673829352268 8957.377810461134 17.90681912733915 0.2728612819056167
0.8386365539932413 12.994123404215905 7808.223605488528 18.738739522633868 0.2767472753582972
0.8628180156776243 12.99840139535625 6815.62205371284 19.60654093647635 0.28069556297566695
0.8872931936856769 13.003342939175887 5956.119501228537 20.512315225175865 0.2847125618148825
0.9120514113796782 13.008851171308518 5211.961635201257 21.457856259450512 0.28880128471317984
0.9370698656705255 13.01473635418624 4565.854964815782 22.44465633501238 0.29296172013288113
0.9623484372436032 13.020925624135966 4004.9114422031535 23.474724181117033 0.29719753523535913
0.9878722759923887 13.027325480377678 3516.9739024857226 24.550489711016617 0.3015148941369881
1.0136140866863885 13.03378287391392 3092.328093026545 25.673904600442043 0.3059154993309176
1.0395766909355757 13.040242913137918 2721.835104264089 26.846910854960687 0.31040046975838487
1.0657270848136942 13.046560182262603 2398.7249546279336 28.072613952893104 0.31497860839503145
1.0920586007367172 13.052699899324876 2116.149286405583 29.353078912277937 0.3196504312654423
1.1185553883631274 13.058530291745532 1868.8890412256492 30.69104067892015 0.3244204827026399
1.1451852519336911 13.0639845635669 1652.3635486890234 32.08992036438353 0.32929696535639896
1.1719463689266618 13.069001917714477 1462.252338036677 33.55163424850538 0.33427741712446374
1.1988026782168855 13.073454009279965 1295.6203870385968 35.080735789860036 0.3393754813223072
1.2257469693359628 13.07732361918381 1149.2424752543113 36.67926204589109 0.3445880052585903
1.2527418106575476 13.080488064736473 1020.3216242691959 38.35224575794744 0.3499293081855513
1.2797824025365685 13.082935991202797 906.8689437795242 40.101928319081125 0.3553959854196562
1.306825325115203 13.084523937450225 806.8775092106438 41.93379499180778 0.3610026797066712
1.3338616682647126 13.08523467093731 718.706784849368 43.85129564292966 0.3667511345542139
1.3608694826663716 13.085034115779502 640.7349597954951 45.85916226279422 0.37264934872698047
1.387800077016176 13.083779076473002 571.9023756109763 47.96270502374628 0.37870715515701486
1.4146562793041013 13.081490489649825 510.9059517844433 50.16665214309987 0.3849300642793847
1.4413791264583558 13.07803690277502 456.95636355459504 52.4762752790781 0.3913253203785544
1.4679732614316374 13.073442374592851 409.0922725021748 54.89796279029005 0.3979044749649341
1.4943814048015422 13.067580118673465 366.5978030442675 57.43790264195265 0.40467658587089156
1.5205926796163263 13.060437461037608 328.8917964799855 60.102720738034854 0.41165142075414635
1.5465756435515785 13.051954812370303 295.34222480139766 62.899520343486586 0.4188395155385525
1.572291374082016 13.04207697231545 265.506549379247 65.83592528063795 0.42625223762552955
1.5977155371824507 13.030752725066952 238.96288085960754 68.92012728287098 0.43390185443452345
1.6228023045991176 13.017936361917528 215.27713394574167 72.16093793629862 0.44180160789928513
1.6475546276860424 13.00359909906057 194.13104313409298 75.56784569418006 0.4499657956224959
1.671903532378128 12.987670131160304 175.26333876653436 79.1508145614744 0.45840875721828245
1.6958408987087903 12.970127489945712 158.38977445799807 82.91997515521498 0.46714351560243067
1.719321441472514 12.95091827570338 143.3053720079423 86.88808918454102 0.47619173452381663
1.7423076395684451 12.929984034940171 129.80102901730768 91.0667709373865 0.4855679103982867
1.764787657270836 12.907341536425456 117.70073254907248 95.47002602203892 0.4952936393427822
1.7867156139985678 12.882908867539387 106.84930419703933 100.11160176562723 0.5053867660205408
1.8080566381099412 12.85665909099973 97.10523517235656 105.0079773190134 0.5158728208203234
1.828766900417861 12.828530189433225 88.34769062297711 110.17568816514292 0.5267743330438893
1.8488467127323178 12.798570896981 80.48027731611859 115.63231625283586 0.5381145100304112
1.868233391626606 12.766669966260812 73.39443669403603 121.39814979206137 0.5499229926520057
1.8869042524883146 12.73282687874759 67.02271773374169 127.49456163900298 0.5622294107450793
1.90482771971444 12.697019272291277 61.267095496482824 133.9440302064775 0.5750632123515763
1.9219721572175246 12.65920866275589 56.085403755639135 140.77213052166178 0.5884603301944636
1.9382872547457677 12.619328506732737 51.40093884257204 148.0065846690592 0.6024592111567746
1.953786054576836 12.577492797311795 47.170542515860866 155.67594890751596 0.6170958380710456
1.9684047682719341 12.533573022451646 43.347694285803726 163.8137920293115 0.6324175650711916
1.9821221379515042 12.487581402879472 39.88737751967085 172.45381083915106 0.6484657239025337
1.9949146300843912 12.439513804189387 36.751959885079025 181.63540782046437 0.6652938928292345
2.0067534001458305 12.389361395695978 33.90932728364732 191.40050677715308 0.6829562565487451
2.017602936188306 12.337098438042071 31.332719940406584 201.79512315231324 0.7015120240257268
2.027442574000293 12.282721062185933 28.996563247507286 212.86925462187497 0.7210240699182525
2.0362551348249807 12.226265753996785 26.874189031681254 224.67822693961025 0.741562242519406
2.044004623901776 12.167680363096563 24.94639728387251 237.28331836307902 0.7632041014800284
2.050667977905338 12.106985330313584 23.191482817295498 250.7512967158186 0.7860319786766938
2.056244114902897 12.04425011859612 21.59732311436657 265.155176574594 0.8101338201823399
2.0606942964012664 11.979410875995814 20.145267919673984 280.57684234117323 0.8356098594928236
2.0640049638815987 11.91252353514254 18.82488678019165 297.1057963523008 0.8625664047982078
2.066170007766257 11.84363477987124 17.62157845866419 314.842450411833 0.8911241451424552
2.0671670577467363 11.772754086776791 16.526415947229456 333.89622805993673 0.921409103916395
