M[M_sun], R[km], Lambda[1], P_c[MeV/fm^3], rho_c[fm^-3]
0.24162668629717493 15.618656898711224 2160425.4255784233 3.5677272577965504 0.1711233750220791
0.25364352658544415 15.27728651376191 1723270.3673108474 3.7848098423953247 0.1738880513544654
0.2660381955120932 14.981325239341514 1383053.047763152 4.011380961248809 0.17666641311095363
0.27881261069849783 14.723571612197887 1116466.7272211483 4.247697010028167 0.17945715229245035
0.2919667666690372 14.498468398517138 905936.1798294197 4.494382994059237 0.18226683188527182
0.3055013239115901 14.301270554852621 738701.5784582244 4.751593320755178 0.1850911347048285
0.3194167424537619 14.128207252778237 605138.9340679013 5.020012250766716 0.18793672295478703
0.33371496609120926 13.975979797685595 497707.3358433831 5.299861093504131 0.1908001659910058
0.3483946994845924 13.842079761310133 411039.24312122527 5.5918716453321835 0.19368782488988873
0.36345478294714545 13.724075608602483 340683.09763153485 5.896207166492554 0.19659468846971653
0.3789078386405144 13.620063784008689 283335.1401173158 6.2137333813173985 0.19952847212951913
0.3947401398937238 13.528503150978226 236430.3020392032 6.544710352761888 0.2024854014166608
0.4109639308812931 13.44794204599979 197888.36478842353 6.889835180966835 0.20546909812610453
0.4275715144439432 13.377093039449278 166102.31020128223 7.249815258327499 0.20848267838000872
0.44456482007162207 13.31496633101719 139822.04981714042 7.6249134193063135 0.21152175084816263
0.46194550199188067 13.260598120733599 117997.55454743991 8.01607092223607 0.2145923580751119
0.4797080364947561 13.21319958592784 99823.00768132416 8.423996215778132 0.2176962044507957
0.49786470623756174 13.17201437489271 84655.72070971232 8.849135479997148 0.22083083518160904
0.5164009723923441 13.136433427805864 71948.50026619644 9.292351351125816 0.22399950793456616
0.5353181633126656 13.105886983389126 61286.77898865569 9.754533473850845 0.22720521434999183
0.5546235445895598 13.079849088523659 52307.89270348899 10.236491257928837 0.23044930507792583
0.5743045088228705 13.057862553007975 44738.455864453725 10.738703143124178 0.233728570086265
0.5943603988587474 13.039535008152196 38335.382697304565 11.262399235578352 0.23704901501017017
0.6147951582118537 13.024519029371609 32907.037952341656 11.808523807770612 0.2404123432020114
0.6355955171898175 13.012440574554361 28297.738246942503 12.378055639251539 0.2438201872070613
0.6567659522965275 13.00304320968701 24376.148179782485 12.971693780760452 0.2472706119985303
0.678294798973219 12.996013535034852 21032.05764537203 13.590744813719448 0.250768178142581
0.7001834942422716 12.991054760582024 18040.158640364305 14.236415720421736 0.2543156315600575
0.7224149602286611 12.988000905543213 15733.115944992116 14.909895894111473 0.25791495630853883
0.7450017811689333 12.986654212640136 13540.915242843832 15.612227205225638 0.2615661727794553
0.7679201530177241 12.986747501298048 11837.999589314999 16.344651229143256 0.26527093188950107
0.7911636410522297 12.988129475183083 10291.519826893431 17.108795323579095 0.2690340426311475
0.8147363215005278 12.990660385603908 8958.405197499724 17.90611414547039 0.272857936817058
0.8386173864192558 12.994114021216753 7809.4796004693935 18.73798589953893 0.276743812850111
0.8627951750552388 12.998400484328775 6816.12027772879 19.60572887364721 0.2806919197618938
0.88726332516588 13.003356115973064 5956.427659835337 20.511440814382954 0.28470873001120844
0.9120287496392631 13.008839076699367 5212.617335515949 21.45691532484685 0.2887972559036894
0.9370462022078548 13.014725425627482 4566.530340132257 22.443652796075654 0.2929575520034664
0.9623231331932887 13.020928885896762 4005.7226211358834 23.473645444755334 0.29719315416647046
0.9878457641565269 13.02732367933411 3517.4483375461873 24.549330700009726 0.3015102899364661
1.0135861213706512 13.033775800578193 3093.092293124101 25.67266980101239 0.3059107340021096
1.03954790933609 13.04023477274557 2722.220331608425 26.845585172226848 0.3103954615677315
1.0656974974617408 13.046553049428002 2398.999992847411 28.0711911817588 0.3149733449459374
1.0920258961563571 13.052687145520792 2116.2697438434834 29.351564095096897 0.3196449788536931
1.1185237053734025 13.058530092436435 1869.0855375066956 30.689415731345115 0.324414750594775
1.1451520795375816 13.06398100671068 1652.5855379196655 32.08819058967547 0.329291022020878
1.17191486285523 13.068996068942067 1462.6095020396676 33.549779357845686 0.33427116595169337
1.1987674400673525 13.073451742177346 1295.8114867019797 35.07874702917695 0.3393689050298825
1.2257119995717434 13.077319565450667 1149.4198636054846 36.677145186132805 0.3445811765966929
1.2527051946388443 13.080486285629217 1020.4554451498796 38.349976445126856 0.3499221195000185
1.2797457488992001 13.082928355623958 907.0011872087242 40.099512468538755 0.35538851158516166
1.3067884849277447 13.084519015260277 806.9982359837155 41.93122261807189 0.3609949030311547
1.3338242934636748 13.085238229013559 718.8042313772966 43.848537907460035 0.3667429371382024
1.3608312292497906 13.085034318813298 640.8422376465917 45.85622494362725 0.3726408074018476
1.3877609554927686 13.083780910480861 572.0085445446947 47.959575575619276 0.37869824773743754
1.4146160338794722 13.081493359853832 510.98805062999645 50.163296253195554 0.3849206607060461
1.4413388456960639 13.078044657617781 457.02788597062016 52.47269827443756 0.3913154992639993
1.4679314299046087 13.073451547765826 409.15549221607586 54.89414883351587 0.39789420847922313
1.4943401344078338 13.067590056834288 366.665728094931 57.43383461285592 0.40466584403278927
1.5205513732545073 13.06045015540452 328.95149530824375 60.09838011878815 0.4116401712544608
1.546533724350669 13.05196912243751 295.38923322822944 62.894887092319834 0.4188277235459733
1.5722493921049236 13.042094703096158 265.55749773410355 65.83097769279797 0.42623986557307675
1.5976732581977913 13.030773734481226 239.00744250361242 68.91484183741515 0.43388886178451275
1.6227605799091573 13.017960234263045 215.3130354738503 72.15528912711561 0.44178795088446077
1.647512226090635 13.003627934544683 194.16708109365044 75.5618058434299 0.4499514269606955
1.6718616179724954 12.987699806783525 175.29689321122976 79.14438514827957 0.4583937574708562
1.6957986957159823 12.970158570825507 158.41948737093983 82.91309345628143 0.4671277014783241
1.71926376924341 12.950919171800201 143.3325195529435 86.88071977799396 0.4761750464438046
1.7422661272631872 12.93002553185299 129.82595053138803 91.05891075564233 0.4855504243871348
1.7647460071509884 12.90738462766899 117.72042001764792 95.4615993524756 0.4952751493481764
1.7866738091877135 12.88295956144726 106.8550839548861 100.10260127113058 0.5053673433438924
1.8080138877032563 12.85671155459198 97.12158273910264 104.9983563316886 0.5158523906335728
1.8287257946836526 12.828587531226178 88.36283674143903 110.16539578185399 0.5267528144082859
1.848807024680851 12.798633145625061 80.49133624700585 115.6212548594338 0.5380916610086359
1.8681946586008673 12.76673450540876 73.4061879744163 121.38629926448652 0.5498988693205972
1.8868675659741594 12.732897058377127 67.03376887244225 127.4818554503726 0.5622039095258825
1.9047922341273056 12.697093795200809 61.27904485555207 133.93044226148865 0.5750363855291489
1.9219373591629227 12.659290424700927 56.094116122310474 140.75753610355596 0.5884318947180168
1.9382538585771094 12.619413218159183 51.41001618420007 147.9908963888548 0.6024290339692607
1.9537495583234425 12.57758935971161 47.17651356409489 155.65912244927358 0.6170639502483241
1.9683737472478242 12.533670554174785 43.354190343109636 163.79572543600773 0.6323838165247564
1.982093827302193 12.48768503081776 39.89409474997074 172.43433778199378 0.6484297690316327
1.9948881252025863 12.439621743751097 36.75897792815542 181.61445771454214 0.6652557319208074
2.00672236147718 12.389461400424697 33.917551928569175 191.37794359076548 0.6829156944379714
2.017580547761025 12.337218376605037 31.340316128435852 201.7707968276139 0.7014688471989795
2.027420712622563 12.282849095655767 29.001035039041984 212.8430607839327 0.7209782453659
2.0362366367079114 12.22639812789214 26.87944038488452 224.64992317227598 0.7415133187837515
2.0439877144358687 12.167820017762132 24.950759774028956 237.25276679166438 0.7631520082442512
2.0506532240025352 12.107132093979505 23.196398251435827 250.71822425443634 0.7859762478740324
2.0562262017006288 12.044380749149282 21.600831916901306 265.1193751845037 0.8100742445892127
2.0606859013456895 11.979569556878078 20.14866415979332 280.5381235665857 0.8355463516907842
2.063997700253414 11.912689895541222 18.827325823237203 297.0637895577809 0.8624983462642613
2.066166090062864 11.843807206591539 17.62456054556811 314.79681832667774 0.891051097149262
2.0671660061536143 11.772932433277443 16.528587500547875 333.8466697537954 0.9213308305305343
