M[M_sun], R[km], Lambda[1], P_c[MeV/fm^3], rho_c[fm^-3]
0.24162668629717493 15.618656898711224 2160425.4255784233 3.5677272577965504 0.1711233750220791
0.25364419555762596 15.277292125275357 1723109.3360050786 3.7848459084954453 0.17388850090100452
0.2660424842331161 14.981219368820751 1382908.6876607698 4.011456779708359 0.17666732933229232
0.278818794067172 14.7234528619831 1116291.537185726 4.247815146232009 0.17945852249438746
0.29197553285567374 14.49833546763132 905834.8132699151 4.494546548330686 0.18226865310004337
0.3055132309304205 14.301124158054893 738572.8393955814 4.75180784690966 0.18509345199672622
0.3194305801943329 14.12804141640423 605021.4737385148 5.020279329410287 0.18793949399879697
0.33373167144972443 13.975818686680325 497607.3711392965 5.300187756535767 0.1908034549457024
0.34841406798575275 13.84191714771734 410936.58338166017 5.592258708709438 0.19369156983454114
0.3634795683535847 13.723854553462386 340610.8112515434 5.8966633266568484 0.19659897282251337
0.3789336997691657 13.619910308231047 283241.97089271306 6.214264158955102 0.1995333121824771
0.39476905299363785 13.528349646299155 236364.9950105363 6.5453151971490415 0.20249070508483138
0.4109961672685276 13.447774409364728 197823.2968037387 6.890525769259431 0.2054749794657984
0.4276067715494523 13.37697571183051 166041.80566284663 7.250598071509288 0.20848915439284382
0.4446047284762554 13.314829882415637 139770.99572453348 7.625786294094189 0.21152869949273076
0.46198620581807204 13.260476474817375 117945.06544721487 8.01704908452171 0.21459992495120156
0.4797555022699573 13.213090386427618 99781.83546148855 8.425087293819058 0.21770440783236433
0.49791554503064456 13.17190482377537 84615.38915164505 8.850335451092565 0.22083952348504807
0.5164572213199183 13.136330812526104 71919.63038456548 9.293679635682992 0.22400885914065757
0.5353767036456976 13.105804743529049 61255.30643241002 9.755999078813604 0.2272152486573568
0.5546877622505058 13.079759966753166 52287.33187703946 10.238099790170594 0.23045999280760862
0.5743732443031347 13.057803766463973 44714.09547764628 10.740455491375842 0.23373982070485022
0.5944328943511288 13.03949494599851 38314.90944084272 11.264317806833425 0.2370610022780909
0.6148729392130297 13.024479614575771 32889.59178648909 11.810619937092351 0.24042509116560212
0.6356809427688167 13.012398553966745 28281.020978744087 12.380341368914184 0.24383372118200175
0.6568536582892719 13.003004597629163 24361.141296413894 12.97415861426176 0.24728469997607122
0.6783889894197188 12.995957821634857 21019.329275162294 13.593423754527771 0.2507830937672706
0.700280337439067 12.99104232581074 18164.380160826357 14.23932313395383 0.25433140442036545
0.7225175873900084 12.987989886439744 15722.123508223045 14.913047068846666 0.25793161775720813
0.7451091287483446 12.986651065881311 13628.040980713678 15.615607664220262 0.26158345144348877
0.7680327282988085 12.986764355212816 11831.040355329982 16.348306754035164 0.26528915376424994
0.7912823889057471 12.988142735163045 10285.201465882445 17.11274426248478 0.26905324498382294
0.8148584075401314 12.99068200523641 8951.964234597948 17.910376063038566 0.2728781593111773
0.8387455026080725 12.994138426877079 7803.895150906429 18.742541891802016 0.27676474527722617
0.8629290905308963 12.998424474907518 6768.353180767808 19.610638183888558 0.2807139447408068
0.887414808183564 13.003376561568297 5952.429464301009 20.516727073339336 0.2847318952176027
0.9121736902303073 13.008874434151101 5208.520072798675 21.462603781530742 0.28882161222790675
0.9371974892359829 13.014761970909902 4562.730280431967 22.44971975337439 0.29298275069008367
0.9624844279630044 13.020975698626042 4002.4303751704188 23.48016704449731 0.29721964032077874
0.9880083202930291 13.027355087307479 3514.985399790999 24.556337641829067 0.30153812518996287
1.0137546487070024 13.03381300644235 3090.440206487312 25.68013496056276 0.30593954349052305
1.039722051076045 13.040284543113156 2719.8661662058375 26.853599819846895 0.3104257394632461
1.0658774277849496 13.046596392546604 2384.5681495767617 28.07979283750009 0.315005166210811
1.0922132631301125 13.052732427281967 2114.554139580216 29.360722271387214 0.3196779426651893
1.118713716452715 13.058565490010144 1867.2872559756377 30.699239776493183 0.3244494055506171
1.1453483225454473 13.06402002170278 1650.976352433692 32.09864843804672 0.32932695415782504
1.1721151777812746 13.069031259779551 1461.169062463748 33.56099368901317 0.3343089594039737
1.198974318523319 13.07348110442087 1294.645650526357 35.09077077760729 0.339408664306296
1.2259233181379323 13.077352486751773 1148.3325103788409 36.689943457486365 0.3446224618389496
1.252923305059728 13.08050735456675 1019.5303140018551 38.36362341969984 0.34996515294214225
1.2799670143904136 13.082949916786003 906.133729694349 40.11411854487427 0.35543369790576895
1.3070203737172497 13.084550776661997 806.2695814812873 41.946775093653365 0.36104192052102724
1.3340541993159687 13.085242674428 718.0844440509579 43.86521116701078 0.36679249868836206
1.361064245978871 13.085030068844437 640.2092611787186 45.87398404845849 0.3726924484663048
1.388004819440414 13.083783802815704 571.400348972432 47.97849638681379 0.37875210247386787
1.414849626058874 13.081454451622626 510.4907063957568 50.183586262979105 0.3849775155494649
1.4415824754885185 13.078010646287437 456.5796827696383 52.494325270356924 0.3913748788918587
1.468166770927205 13.073394094947878 408.75726895483587 55.07195153619045 0.3982984962098118
1.48709892308039 13.063477534699768 376.26079022574066 57.77892673401635 0.8211964357355853
1.4931112967682658 13.039170174543637 360.91078854329055 61.448009844098074 1.2424316991658264
