M[M_sun], R[km], Lambda[1], P_c[MeV/fm^3], rho_c[fm^-3]
0.24162668629717493 15.618656898711224 2160425.4255784233 3.5677272577965504 0.1711233750220791
0.2536446812603106 15.277255192224105 1723132.171507376 3.784843002356374 0.17388846467738298
0.26604215762241157 14.981207890072257 1382933.8915021918 4.011450670360349 0.1766672555044271
0.2788191065334888 14.723442998665845 1116395.281241553 4.247805626920758 0.17945841208472224
0.29197460210315906 14.498333134389279 905779.6481315393 4.494533369194431 0.18226850634730246
0.3055119146835888 14.301142784623698 725365.7659491219 4.751790560377386 0.18509326526918582
0.31942954189889855 14.128052351199043 605033.0726629029 5.020257808074095 0.1879392707066275
0.3337292603126336 13.97587841981145 497652.8399796573 5.300161433706296 0.1908031899184871
0.3484125062983377 13.841930467442038 410942.5828952532 5.592227518592301 0.19369126806157771
0.36347773246567805 13.723862764548576 340622.4449162757 5.896626568414639 0.19659862758132368
0.3789326217071739 13.61990821942916 283249.1988493333 6.214221387656888 0.1995329221597374
0.39476727301473885 13.528361838184457 236362.29870031748 6.545266457129938 0.2024902777007084
0.41099347918406914 13.447778459573874 197822.02734531753 6.890470119455274 0.20547450552871369
0.42760358299797446 13.376995401224786 166044.43164713724 7.250534989584957 0.20848863253225036
0.4446016286377343 13.31483740361865 139772.43191033523 7.625715954334825 0.2115281395430179
0.4619820107023187 13.260523398755332 117950.08622075556 8.016970259848682 0.21459931517862868
0.47975143362886086 13.213092288382773 99787.95405429011 8.424999369421025 0.2177037467638072
0.497911436625243 13.171915906795332 84620.9972803155 8.8502387511055 0.220838823335825
0.516452362660547 13.1363357227049 71920.43158764044 9.293572594956473 0.22400810556726966
0.5353722750364555 13.105798784036185 61257.84975360294 9.755880971405753 0.22721444003152477
0.5546811652848186 13.07978519707386 52289.50555016601 10.2379711097861 0.23045914367964995
0.5743668922967644 13.057803448256974 44313.90792259538 10.740314275062751 0.23373891405237684
0.5944251329654436 13.039500098169805 38316.23785116262 11.2641631943193 0.23706003625630473
0.6148665650566115 13.024473799472178 32891.62901991924 11.810451014771731 0.24042406383605208
0.6356734025172014 13.012410675808775 28282.800308613107 12.38015716617432 0.24383263050391063
0.6568466325403751 13.002994987090604 24361.472040810964 12.97395997700583 0.24728356464697138
0.6783811621061324 12.995961791510018 21020.09013925769 13.593207861567127 0.2507818917331069
0.7002731829686256 12.991043508722191 18165.493357332998 14.23908882740955 0.2543301332959274
0.7225093105020429 12.988004521764621 15724.232043342303 14.91279311643149 0.257930275015061
0.7451008669672889 12.986641614204494 13628.885966380501 15.615335232673688 0.26158205895413367
0.7680238124013509 12.986758715905966 11831.38304334141 16.348012153372256 0.2652876852538337
0.7912724052335371 12.988139409032565 10285.811082211048 17.11242601377873 0.2690516974481335
0.814848323146727 12.990685177484778 8952.314690278661 17.910032589295465 0.2728765295528258
0.8387342319743621 12.994146846878708 7804.046854621883 18.7421747166131 0.27676305829721465
0.8629172714516851 12.998430646248968 6810.942280658551 19.61024253212634 0.2807121697008742
0.8874030805379628 13.003379837028422 5952.799529229167 20.516301040232 0.2847300282744689
0.9121621576460774 13.008862294853591 5208.788716798203 21.462145331850568 0.28881964927913734
0.9371853639970407 13.014763001147493 4563.168791084279 22.449230797098437 0.29298071984408286
0.9624725258835984 13.020967589093285 4002.761086979451 23.47964144425844 0.29721750570203764
0.987996118536595 13.027353522582992 3514.9099781512755 24.555772922999203 0.3015358818301364
1.0137406483100417 13.033809661696571 3090.575537440003 25.67953330941477 0.3059372216028715
1.0397078056693414 13.040269729882892 2720.0572392335175 26.8529538794206 0.31042329921662976
1.0658616275921742 13.046603533396835 2396.9506917324775 28.079099583329988 0.31500260156218574
1.0921980614651599 13.05272714002526 2114.735448526967 29.359984160897355 0.31967528592062794
1.118698749175855 13.05856111708327 1867.420137515914 30.698447995318432 0.324446612491217
1.1453320601503485 13.064016282697215 1651.2004967593111 32.09780557085741 0.32932405814918164
1.1720982815838292 13.069028847437732 1461.2450913111668 33.56008984667856 0.334305913362116
1.1989573407863454 13.073479964715448 1294.7191385308518 35.08980169296999 0.3394054598061199
1.2259066688682794 13.077348234562807 1148.4484189145937 36.68891194330449 0.34461913433387387
1.2529050610064005 13.080504533198328 1019.6204481048879 38.36252528878304 0.34996169503315927
1.279949174901817 13.08294444081817 906.2124044730052 40.11294131258456 0.35543005594235244
1.3070028854083513 13.08455189347015 806.3171058494235 41.94552157648991 0.3610381309487351
1.3340362827641237 13.08524185732201 718.1236361701399 43.863867307218825 0.3667885040420673
1.3610453799168396 13.085030428609603 640.2487682616567 45.872552662503274 0.3726882861903861
1.387985132157149 13.083782112475532 571.432699390741 47.97697135920763 0.3787477617530111
1.4148293431392076 13.081457002309781 510.53707255758155 50.18195086662093 0.3849729329886449
1.4415628017343336 13.078010819514517 456.6120315533526 52.49258210202054 0.39137009280471574
1.4681579544404721 13.07340776503285 408.7668206435497 54.91534992534845 0.39795127800550323
1.4945690565279617 13.06753396471556 366.3026005132702 57.45644815153316 0.4047255562338615
1.5207818927985062 13.060380052771228 328.6569196924507 60.12250905803479 0.41170270576371876
1.5467662695921562 13.051886899879841 295.1080105819497 62.92064285934198 0.4188932740207189
1.572483737131709 13.041997214999109 265.2959127554729 65.85848096145915 0.42630864088207676
1.5978983625282819 13.0306531571212 238.76711853193407 68.94422338019585 0.4339610873150408
1.623005590642805 13.01784216239959 215.09296108027738 72.1866907547959 0.4418638699818927
1.6477482886188117 13.003478736577838 193.96516667528127 75.59538144254222 0.4500313025152986
1.6720974044877606 12.987535811710035 175.13123461089802 79.18012649158709 0.4584771416158851
1.6960327499638364 12.969975739492845 158.25913867990607 82.9513492860781 0.4672156132637778
1.719512959782214 12.95075258075724 143.1889874386268 86.92168704171553 0.47626781713985666
1.7424946187490435 12.929804437064755 129.69656398549068 91.10260650498414 0.48564763134559313
1.764975298922744 12.907141898578402 117.59867428179354 95.50844456141576 0.49537793819661796
1.7868879811993494 12.882663650765643 106.7599385013313 100.15263673027529 0.5054753176939998
1.8082381314065734 12.856422329697233 97.02496489821867 105.05184152136678 0.5159659665459637
1.8289423908734788 12.828268155951019 88.27644101516202 110.22261373354306 0.5268724419248485
1.8490228722297264 12.798291910233536 80.41749573447078 115.6827483425796 0.5382186853250455
1.8683931068264448 12.766342530577928 73.33240604435895 121.4521801695594 0.5500329787006673
1.8870706099760124 12.732508300733056 66.96197249113813 127.55235126216621 0.5623451711150272
1.9049918920934956 12.696674450307047 61.21642780776067 134.0059829258884 0.5751855262558421
1.922130188475794 12.658842010389284 56.037830774031555 140.83867268220553 0.5885899796279077
1.9384404596273452 12.618934421842239 51.358710898675156 148.07811481057954 0.6025968029428354
1.9539325324624628 12.577076013975674 47.13402730940072 155.752669122188 0.6172412305576509
1.9685444230011189 12.533132327668454 43.31332081024864 163.89616729929588 0.6325714427601087
1.9822545432918501 12.487113553015051 39.85402974148681 172.5425997492264 0.6486296629170092
1.9950374523214058 12.43901471325602 36.722733887707065 181.73093227447177 0.6654678919467305
2.00687026266398 12.388837352267256 33.88337258967747 191.50338718341177 0.6831412058889413
2.017710740366852 12.336545399000768 31.30900706423617 201.90604389899195 0.7017088974096521
2.0275414501157876 12.282148420295286 28.972515479389237 212.9886917273931 0.7212330179886615
2.0363438396422597 12.225658219835038 26.853299544974604 224.80728607072987 0.7417853243000083
2.044081507379294 12.167045650988962 24.92730281586605 237.4226283431737 0.7634416377933225
2.050734193579209 12.106317690785911 23.17402387034132 250.90186417065703 0.7862853263534758
2.056299556768847 12.043549978024055 21.580855097129074 265.31833883283696 0.8104051890338321
2.0607372394473447 11.97868123043771 20.13003483107775 280.753398927426 0.8358994533874637
2.0640359510020083 11.911763645427188 18.810807544830457 297.2973483926356 0.8628767534260584
2.066184809662437 11.842838992687465 17.609437009000878 315.0505363189097 0.891457249752337
2.0671721268106658 11.771933762097 16.514179526006824 334.12222046673253 0.9217660408707828
