M[M_sun], R[km], Lambda[1], P_c[MeV/fm^3], rho_c[fm^-3]
0.24162668629717493 15.618656898711224 2160425.4255784233 3.5677272577965504 0.1711233750220791
0.25364103423526885 15.277391136442745 1723148.587632851 3.784782999763893 0.1738877167740139
0.2660357778705173 14.98133236012469 1383108.8420876237 4.011324533108234 0.1766657312101764
0.27880840791654404 14.72364546982232 1116525.5662420026 4.2476090877671355 0.1794561325267184
0.29196068525446556 14.498541379552508 906031.5217848961 4.494261270986544 0.18226547647060692
0.3054933570814957 14.301395387362161 738814.0549385858 4.751433664339284 0.185089410110828
0.3194076258003455 14.128288304345238 605225.8527417415 5.019813485421358 0.18793466068761255
0.3337015090086605 13.97613708386415 497805.52376410575 5.299617986915839 0.1907977183110485
0.34838109422220703 13.842178709633085 411108.21558053984 5.591583591021566 0.19368503788519248
0.3634399178046119 13.724154633390157 340743.87516096066 5.895867693681379 0.19659150006923387
0.37889032972424386 13.620157683604122 283390.284107584 6.213338382645348 0.1995248702172394
0.3947185685477502 13.528612258923662 236470.87532189637 6.544260238833782 0.20248145452558544
0.41094007316981385 13.44805010741298 197941.2213797563 6.889321263383367 0.20546472138830657
0.4275442071647205 13.377207760667034 166149.6225579952 7.249232715457002 0.20847785915213404
0.4445364895846753 13.315063741550805 139856.5580111331 7.624263861692226 0.2115165799518903
0.46191281994626204 13.26070060989083 118034.72904210858 8.015343021409874 0.21458672717373872
0.4796739831199955 13.213284954585838 99852.7673967335 8.423184296779754 0.21769009995496985
0.4978245224226566 13.172147396320085 84685.90532059081 8.848242536870915 0.22082436989184986
0.5163599205539003 13.136508216803447 71973.33833012763 9.291362935083175 0.2239925494240054
0.5352734772753702 13.105941044152287 61307.044571201855 9.753442884503123 0.22719774759803477
0.5545766347723273 13.079907855764265 52330.44007001754 10.235291387802809 0.23044131441095733
0.5742543311343297 13.05791155228049 44756.5510626635 10.737399205838315 0.23372019840498054
0.5943052563181783 13.039589062316756 38350.97854867232 11.26097162442981 0.2370400952698796
0.6147379260681631 13.02455461708101 32921.36721228165 11.806964090832146 0.2404028575206953
0.6355340066539211 13.012481561383531 28310.21946430751 12.37635485862257 0.24381011675875422
0.6566989471376583 13.003072481038656 24386.47073382208 12.969859746581415 0.24726012941124403
0.6782281612982163 12.996004402351705 21042.271744743495 13.588751486050452 0.2507570798281645
0.7001104866573221 12.991086383679042 18185.396626982132 14.234252413591285 0.25430389551492205
0.7223398328665884 12.987995699347453 15739.860449448332 14.907551235966425 0.2579025592171004
0.7449209308030038 12.986659844498485 13643.950138854021 15.609711966650583 0.2615533165482833
0.7678362841866998 12.986751096305465 11844.227673381667 16.341931353872383 0.265257373993444
0.791075576326142 12.988121962368005 10296.944036360477 17.105857164033004 0.2690197553562192
0.8146422034472814 12.990656195868294 8963.190584137787 17.9029431493733 0.27284289066731443
0.838518788011558 12.99411640471487 7813.17803782802 18.734596130357097 0.2767282386146342
0.8626950448574923 12.998370514679893 6819.9846273586945 19.602076263621726 0.28067553280429003
0.8871646851295024 13.00332209049606 5960.466624200864 20.507507787458188 0.28469149487739864
0.9119168262820738 13.008814394435918 5215.364542755515 21.452683101563487 0.2887791347491868
0.9369335020579408 13.014700250331861 4569.153146087951 22.439139004399284 0.292938804282606
0.9622051784106073 13.020892124851041 4008.1888714971783 23.468793450252438 0.2971734487751262
0.9877240519967695 13.027286810100769 3519.6245938609018 24.544117670022256 0.3014895810430674
1.013459658652969 13.033745980065738 3094.6600737304043 25.667115911888807 0.3058893004743631
1.0394189252032533 13.040198343525427 2723.9646995343937 26.83962253986697 0.3103729358163644
1.0655667376510025 13.046536422091195 2400.37983233663 28.064791901897973 0.31494967122711204
1.0918890662188887 13.05265415057399 2117.6748111400966 29.344750844599428 0.3196204553352593
1.118381538979549 13.058495137471073 1870.3789950381456 30.68210718389819 0.3243889692200739
1.145006930712468 13.063951328058613 1653.6766715085732 32.08041059507933 0.3292642907257443
1.1717648267030172 13.068969538077935 1463.5688245900785 33.541436677590696 0.3342430502590677
1.1986146894806877 13.073426779089836 1296.735431364668 35.06980229761434 0.33933932722752713
1.2255556462991468 13.07729814581181 1150.1641855589357 36.66762435562788 0.3445504638712769
1.2525453365931922 13.080473896429583 1021.2325236863328 38.33976999885749 0.34988978771571266
1.2795839827416284 13.082916376685182 907.6343723612813 40.088647007723644 0.35535489747931565
1.3066212507870265 13.084516063604468 807.5809450354919 41.91965323983231 0.36095992704798335
1.3336540930212566 13.085230601325222 719.3355320818431 43.8361349317188 0.36670606907995273
1.3606583180336742 13.085040873727745 641.3069534893567 45.843014353416606 0.37260239280003804
1.3875844284505552 13.083791503471843 572.4234983128537 47.945500958451426 0.3786581868335926
1.414436305820105 13.081514990578816 511.36513997212484 50.148203316448416 0.3848783686340046
1.4411647374771375 13.078092187197788 457.37354776318267 52.456610972394984 0.39127132955998156
1.4677483632698862 13.073486800360502 409.46500504016115 54.87699595166624 0.3978480360061625
1.4941559082862585 13.067633946846835 366.94477048393406 57.41553916911743 0.4046175339814165
1.5203661890860436 13.060503065158686 329.2032215512801 60.078858847212295 0.4115895783491693
1.5463453681163288 13.052036519321785 295.62823845302376 62.874049875286396 0.41877469117199095
1.572060033337291 13.042170981666173 265.7656978996242 65.80872693596737 0.4261842248165048
1.5974824969761645 13.03086387611412 239.1941891212296 68.891071781006 0.4338304303758
1.6225697150589806 13.018062820382637 215.48730365026267 72.12988508628224 0.44172653203474926
1.6473212523981942 13.003744365519633 194.3219559029222 75.53464336962263 0.4498868080792129
1.671670305625154 12.987834662737685 175.43742706152275 79.1154708887564 0.45832630083418924
1.6956099712641608 12.970308044504058 158.54736601359878 82.88214539251186 0.467056582917917
1.719072953531067 12.951084294576466 143.44891577661477 86.84757864631699 0.47609999808630327
1.7420797031787651 12.930207298827785 129.9383568645987 91.0235627594773 0.48547178810679725
1.7645646210298835 12.907592826159723 117.81512357592396 95.42370408083835 0.4951919986606013
1.786491191611584 12.8831745566361 106.94853140645651 100.06212573089451 0.5052799988840446
1.807831248098306 12.856945698372837 97.19727623660053 104.95509069923074 0.5157605159723602
1.828556612979877 12.828863724947444 88.43458941815717 110.11894764198524 0.5266554368929336
1.8486324713439435 12.798905734731509 80.5595378719976 115.57151245297077 0.5379889103616682
1.8680239002974386 12.767031021969203 73.46981987566585 121.33300855738992 0.5497903889698139
1.8867008208075953 12.733216541530947 67.08615073970357 127.42471734486116 0.5620892338040341
1.9046300584894833 12.697432715266007 61.32884264215228 133.86933942539827 0.5749157495584443
1.9217659084403018 12.659603632707903 56.14045248923881 140.6919078433014 0.588304025909875
1.9381094523662048 12.619829907022153 51.45331565238825 147.92034982710354 0.6022933341478219
1.9536059551288971 12.577983207290767 47.219238972681 155.5834583419012 0.6169205591907695
1.9682379193928288 12.534105309727451 43.39106300290311 163.7142995460885 0.6322314303348253
1.9819650720547204 12.488150826369855 39.92400616528208 172.3467741165979 0.6482680922974924
1.9947628769191743 12.440109749111935 36.78781502629115 181.520253072484 0.6650841368590772
2.0066086910339096 12.389978839721069 33.94450435455989 191.2764864413618 0.682733303703693
2.017474746983807 12.337762530230245 31.36527466260514 201.6614125953089 0.7012747009765029
2.027325587856177 12.283423934953218 29.02500569225106 212.72528024045903 0.7207721953516789
2.0361509477878323 12.226999062270007 26.90101783534022 224.52265659814282 0.7412933354805749
2.0439109737275554 12.168452666679524 24.970407424889032 237.11539438039864 0.7629177756637985
2.050587220933942 12.1077917670134 23.213625775562075 250.5694558007446 0.7857254578885661
2.056171825874133 12.04506860049174 21.617574101729538 264.9584008124642 0.8098063738817252
2.060642911689661 11.980288459375462 20.163772054156937 280.3638963498532 0.8352603557062481
2.0639743039779277 11.913453549575966 18.841987645990898 296.8749177431467 0.8621923400822915
2.066147911979989 11.844586843598087 17.63710850894197 314.5916487948085 0.8907226610824805
2.067161611308965 11.773747418288599 16.540901297593603 333.62384982882963 0.9209789042577808
