M[M_sun], R[km], Lambda[1], P_c[MeV/fm^3], rho_c[fm^-3]
0.24162668629717493 15.618656898711224 2160425.4255784233 3.5677272577965504 0.1711233750220791
0.2536447256074839 15.277262994849554 1723156.2775583337 3.7848326725918637 0.1738883359218516
0.26604032269032774 14.981261634129552 1383013.5414419014 4.011428954961263 0.17666699308664469
0.2788167825908007 14.723482966623482 1093873.230948339 4.24777179104382 0.17945801963953933
0.29197228724935476 14.498386067656673 905865.5429847604 4.494486524776921 0.18226798472384145
0.3055086263784841 14.301176546967723 738590.3484935771 4.75172911662245 0.18509260155936536
0.31942567447361525 14.128112650709133 605097.1056303115 5.020181312179808 0.18793847703219957
0.3337226270773347 13.97594164068726 497665.30877980584 5.300067871498394 0.1908022479023013
0.3484069407887687 13.841977527338184 410975.72089145303 5.592116656272385 0.19369019543813534
0.3634708542438803 13.723927946650559 340635.1667971408 5.896495915015821 0.19659740045695276
0.37892542664278356 13.619947406575646 283284.07822551776 6.214069361808174 0.19953153586704814
0.3947582835796348 13.528412184611527 236385.84883822722 6.545093216477296 0.2024887586142214
0.4109842782070491 13.44782376781633 197835.3119450714 6.89027231922035 0.20547282097890943
0.4275926899332337 13.377022710152973 166062.7810947538 7.250310773302255 0.20848677764840526
0.44458974188791317 13.314887681039286 139781.2641861782 7.625465941534379 0.21152614928036864
0.4619722961773925 13.26052849717872 117964.47733680827 8.016690089215071 0.21459714783226946
0.47973815980097895 13.213123672739664 99806.5707063764 8.424686855829398 0.21770139709848413
0.49789623483329637 13.171954002610697 84631.78515527742 8.849895046693419 0.22083633476902792
0.516436037229348 13.13637031360082 71928.89279965096 9.293192136866095 0.2240054271185946
0.5353559616977349 13.105815440185555 61265.94875230971 9.755461179557582 0.2272115659143234
0.5546640533301603 13.079798759627176 52296.27728161875 10.237511930944292 0.23045610236204292
0.5743479863330017 13.057819210502796 44320.19435181081 10.73981234866175 0.2337356915294051
0.5944069425281411 13.03949479957763 38322.29519329908 11.263613654822944 0.23705660272358686
0.6148447271042489 13.024500670661412 32895.302566475875 11.80985061515373 0.24042041240463
0.635650152413441 13.012428541748413 28287.37197461334 12.379502456808678 0.24382875392117528
0.6568219717944017 13.003004097627803 24366.408689690856 12.973253964461732 0.24727952936878336
0.6783551228209636 12.995968981736263 21024.00234984085 13.592440518990264 0.2507776193752223
0.7002443846369503 12.991059398961054 18168.701879827055 14.23825603964484 0.2543256153816596
0.7224799208460565 12.987996330911733 15725.52119560679 14.911890503884447 0.2579255025622824
0.7450696115321905 12.986639241112462 13631.265518875916 15.614366942172762 0.2615771096953854
0.7679923415004086 12.98676042864715 11834.153352851316 16.346965070400483 0.26528246580783693
0.7912381608953567 12.988133800135367 10286.673542926243 17.11129488221188 0.26904619713835715
0.8148128086307084 12.990677685262911 8954.369739981346 17.908811804491833 0.2728707370162229
0.8386974270343422 12.994141828557627 7805.829059238386 18.74086969363246 0.27675706239185566
0.8628803308146198 12.998404015124919 6812.549998743131 19.60883629996045 0.2807058608240101
0.8873634805000339 13.003369162139247 5954.054359547674 20.514786829363143 0.28472339276765946
0.9121200882279897 13.008853261894405 5209.805426128677 21.460515909143496 0.2888126725629652
0.9371425263706233 13.014742449537225 4564.207064941184 22.447492950775576 0.29297350181983733
0.9624270710575891 13.020961450178978 4003.6784799680872 23.47777336211267 0.2972099188653824
0.9879487349742264 13.027348718828533 3515.729573273692 24.553765810345844 0.30152790852438577
1.0136928917309216 13.033802497495305 3091.3570132044874 25.677394936367083 0.30592896920945306
1.0396583319788497 13.040257743848402 2720.7352023486233 26.850658099575845 0.3104146261737763
1.0658108189791933 13.046584658126108 2397.564889582907 28.076635647996653 0.31499348639398655
1.0921443382618785 13.05271676955155 2115.135706996574 29.357360803774554 0.31966584344573534
1.1186436144746832 13.058547054842743 1867.9056813183333 30.69563389072735 0.3244366855549225
1.1452765573308672 13.064004887555594 1651.6538846598642 32.09480990466281 0.32931376533519824
1.1720411499868149 13.069012571078325 1461.6599122043592 33.55687747377754 0.3342950873342301
1.1988987658327284 13.073478180789309 1295.0705186221498 35.08635744845806 0.3393940706232558
1.2258453964579479 13.077339662209587 1148.7565218548184 36.6852458235549 0.34460730799906486
1.25284284300397 13.0804971154976 1019.8433263277612 38.35862241301793 0.3499494052515302
1.279886533945607 13.082943492816604 906.452572838014 40.108757312077195 0.35541711204256693
1.3069309674083613 13.084519195297016 806.5666172017799 41.9410664607964 0.3610246624590466
1.3339691088671024 13.085242347632331 718.3796051894012 43.85909111730691 0.36677430673558553
1.3609783789742258 13.085035394127447 640.4039332334448 45.86746540773372 0.37267349314456755
1.3879115331508354 13.083771944399322 571.6330608157909 47.9715513061968 0.37873233453251115
1.4147620896289654 13.08146263679925 510.67611665683734 50.176138570521566 0.3849566462944462
1.4414944570124466 13.07802170658904 456.7501579569079 52.48638679133207 0.3913530828027475
1.468088010128892 13.07342033786997 408.8881619382778 54.9087441623581 0.3979334964795538
1.4944975784139773 13.067552289820336 366.41389802494785 57.44940227576396 0.4047069512398946
1.5207102543982134 13.060402779226322 328.72924238956125 60.114990987207186 0.41168322132368745
1.5466942327762208 13.05191320591259 295.1980361550843 62.9126178704737 0.41887284978603423
1.5724104854558987 13.042027612267129 265.3826436541161 65.84991144988858 0.4262872117634689
1.5978247080607326 13.030689505021 238.8407340388577 68.93506859404994 0.4339385830751786
1.6229222537946761 13.017867204400396 215.1614282592824 72.17690650211333 0.4418402147866821
1.647674396919907 13.00352588021215 194.03168834709598 75.58491976792298 0.4500064144393035
1.6720233224072563 12.987589242222532 175.1777760532133 79.16898995976945 0.4584511602145647
1.6959612483940234 12.970031208326976 158.31964514992154 82.93942921754889 0.4671882209810146
1.719440500916181 12.950815383180343 143.23386386833803 86.90892206084918 0.47623891073868446
1.7424167919162947 12.929840023695382 129.7496153116121 91.08899129898741 0.4856173425238276
1.7649041233073401 12.907217093021936 117.64161205300249 95.49384793817924 0.4953459099459695
1.7868314439141735 12.882775147323134 106.79120404308233 100.13704597911432 0.50544167352938
1.808168925704079 12.856512185620062 97.05660284775517 105.03517577808248 0.5159305768051667
1.8288770003576293 12.828371008400218 88.30089214652345 110.20478479380223 0.5268351663544868
1.8489562008602902 12.798397279047341 80.43914885330352 115.66358705288025 0.5381791047125793
1.86833085142176 12.766454254832333 73.36565901037407 121.43165166105021 0.5499911901802016
1.887008698587365 12.73262863391369 66.98611588416367 127.53041832096606 0.5623012740697283
1.9049303973921434 12.69680527753684 61.236646344933575 133.98244419945007 0.5751390535011431
1.9220696523424161 12.658981849131468 56.0558712221405 140.81339010894004 0.5885407195607099
1.9383821271516795 12.619086631114474 51.37593375345753 148.05093694739054 0.6025445249708083
1.9538765546467205 12.577236833027262 47.14871119091451 155.72351917737905 0.6171859884942873
1.968491106502208 12.533297038809488 43.3259967615552 163.8648685811886 0.6325129764945738
1.9822045217541906 12.48729056359639 39.86690443928551 172.50886399220101 0.6485673735302532
1.9949911615853322 12.439204334170773 36.733994383164685 181.69463715682983 0.6654017798866854
2.0068249411566126 12.389038615842782 33.892590800526776 191.46429694698853 0.6830709329021064
2.017668846849421 12.336756208444024 31.3163844716393 201.8638984710509 0.7016340934323604
2.027503138374403 12.282365634337124 28.982218582562066 212.94331022073047 0.7211536257578445
2.036310090390706 12.225887877938145 26.86079896575374 224.75824831422003 0.7417005613704577
2.044051846981353 12.16728730020139 24.934758814070012 237.3696953790278 0.7633513822269489
2.050709516687783 12.106570676135199 23.18064410456653 250.8446534639616 0.7861890625251213
2.0562790890992684 12.043815407438482 21.587990805552433 265.2563976344822 0.8103022579068135
2.0607220689172507 11.978957831205175 20.135861212114953 280.68631247242655 0.8357894159870289
2.0640240660066524 11.91205493514018 18.81612416631387 297.22456367452475 0.8627588291410718
2.066181335229539 11.843144366422623 17.613357354089203 314.97146869459726 0.8913306780372177
2.067168483699749 11.772243065498596 16.51813346803882 334.03634829792827 0.9216304126395769
