M[M_sun], R[km], Lambda[1], P_c[MeV/fm^3], rho_c[fm^-3]
0.24162668629717493 15.618656898711224 2160425.4255784233 3.5677272577965504 0.1711233750220791
0.2536374352326551 15.277433810706547 1723465.0717376275 3.784694499846228 0.17388661366523397
0.26602531772580273 14.981589723991325 1383309.8524402566 4.0111384940516075 0.1766634830379698
0.27879224618058956 14.72396380279803 1116852.841558746 4.247319221172983 0.17945277051104588
0.29193828329042476 14.4989294157897 906311.4458100895 4.493859976319788 0.18226100796135697
0.3054652303045737 14.301774179276649 739060.3124493038 4.750907322499234 0.18508372461441697
0.31937336527247673 14.12868294880078 605445.0656693653 5.019158225338535 0.18792786211134613
0.3336621824727728 13.976502307421246 498094.86427908606 5.298816565328816 0.19078964932546605
0.34833284841997453 13.84259706250397 411355.21963231283 5.590634013248804 0.19367585045902116
0.3633854859120441 13.724531337548253 340973.2349706818 5.894748635616887 0.19658098963907422
0.3788280478472448 13.620571301138323 283598.71555380936 6.212036311285638 0.1995129968942348
0.394648049494341 13.529017816211033 236678.54243337887 6.542776512299959 0.20246844424830018
0.41086190833815756 13.44838428250726 198100.9622674128 6.887627250997012 0.20545029446795968
0.4274567874978788 13.377569110613358 166308.9621844267 7.247312531935173 0.20846197396595884
0.4444395306975814 13.315410933754263 139995.59636441804 7.622122819964188 0.21149953588304982
0.461806947291435 13.261039608401347 118153.09748144506 8.012943793279957 0.21456816720446117
0.4795587163029774 13.213562281697417 99958.42595580849 8.420508186834617 0.2176699793493155
0.4977015089060882 13.172364313361657 84778.63302766632 8.84529941705274 0.22080306044686793
0.5162254180793645 13.136744271334196 72062.88365751386 9.288105198583477 0.22396961475595134
0.5351277297833612 13.106156708838748 61384.2041229449 9.74984845915804 0.22717313825948213
0.5544201421805836 13.080122093797877 52397.011849052535 10.231336860968327 0.2304149788049056
0.5740842872300861 13.05808098778707 44812.63741508499 10.733101762270877 0.23369260748609616
0.5941306017340643 13.039762827053728 38401.31744032682 11.256266668600299 0.23701069862071453
0.6145481707731758 13.024676765547904 32967.15415431111 11.801823848909866 0.24037159627350355
0.6353329050139348 13.012577362916321 28351.760149089012 12.370749824923399 0.2437769289383113
0.6564834053014543 13.003124473403554 24424.17399574551 12.963815658930868 0.2472255838847283
0.6780021342034497 12.996069023628262 21075.44509143676 13.582182562366361 0.25072050582101146
0.699872728717828 12.991127184470884 18213.50475823622 14.227123459328826 0.2542652205901195
0.722088379924588 12.98804005008617 15765.847750650199 14.899824796388598 0.257861706618549
0.7446578996995634 12.98666602886209 13666.610774383611 15.601423530572568 0.2615109515609894
0.7675588133804767 12.986735239422531 11864.074389396867 16.33296874241174 0.2652126976232133
0.7907855409204347 12.988106527581339 10314.654968926832 17.09617543093307 0.2689726763666641
0.8143403357859099 12.990610207620982 8979.509962336278 17.892494369961778 0.27279331195613027
0.8382025056766157 12.994052065238977 7827.440007427927 18.723426635262935 0.27667692056392845
0.8623645791586562 12.998313244963697 6832.574238327784 19.59004091144205 0.2806215377693593
0.886819787485067 13.00323828876013 5971.627172727104 20.494548698968497 0.2846347061422984
0.9115590569079434 13.008726523714053 5225.394169117204 21.4387384360709 0.28871942772974124
0.9365610732553803 13.014609810905252 4578.410699028639 22.42426682740273 0.2928770337262958
0.9618195581283275 13.020796933595804 4015.925320746169 23.452807250148663 0.29710852406654187
0.9873242283262995 13.02718627413518 3526.7792995230666 24.526942263840155 0.3014213513078541
1.0130476730023352 13.033651962622153 3100.9343809979955 25.648817752767187 0.3058186843542862
1.038990825261034 13.040096904164688 2729.663752386245 26.81997808597821 0.3102987226069405
1.0651252705154624 13.046427353309237 2405.4703919535254 28.04370927681994 0.3148716774295204
1.0914352231768483 13.05255301422988 2122.3294809310173 29.32230472991823 0.31953966310439164
1.1179132636503883 13.058396289146959 1874.404624773023 30.658029794594448 0.32430403466912905
1.144524958426102 13.06385581383449 1657.1992773319964 32.05461191381471 0.3291751376274777
1.1712708289241147 13.06888326019115 1466.8187193597207 33.513953411194414 0.3341504288176689
1.1981133279043843 13.073366008652066 1299.6928378007533 35.040336291168714 0.33924189113246384
1.2250368867053587 13.077232203114269 1152.8422673424998 36.636261064121214 0.34444929074780956
1.2520148026468225 13.080420930984618 1023.4841660749997 38.30614886474727 0.34978328333333686
1.2790417186070602 13.082877439757233 909.8066775040049 40.05285561685043 0.3552441708730851
1.3060689220955068 13.08448535171259 809.4814840282623 41.881543766536765 0.36084471633665105
1.3330908554407657 13.08522644983266 721.0486207030061 43.79528047306304 0.3665846285004577
1.3600854530403126 13.085055783887768 642.9054193819082 45.79950045137023 0.372475860283804
1.387003528105457 13.083830328109398 573.826310252296 47.89914191150821 0.37852623402096625
1.4138388024298159 13.081556990818454 512.6769183125577 50.09849124397406 0.38473906992854784
1.4405672958850189 13.07818078479213 458.50236983125143 52.403624729311865 0.391125849188705
1.4671385656283071 13.073596387958302 410.51199789083915 54.820501130927326 0.39769596210910524
1.4935445843166346 13.067784420450725 367.8683190265428 57.355282386729385 0.404458422877344
1.5197475070381408 13.06069238737709 330.03186016118195 60.01456604420839 0.41142295192421235
1.5457244090111233 13.052254992914504 296.38507408230555 62.8054244503711 0.4186000340096183
1.5714361254534257 13.04243235605913 266.4786105657922 65.7354476899878 0.42600098104109674
1.5968502133258764 13.031150906677736 239.80889903154414 68.81279065211216 0.4336380001788259
1.6219481884057905 13.018392909677821 215.94971362495872 72.04622465204238 0.4415242678488633
1.6466825734904587 13.004124122856531 194.83225829744813 75.4451940894187 0.44967401036140503
1.6710472544903103 12.988267808897492 175.90332169384337 79.01987868380476 0.4581025919143662
1.6949790782881857 12.97079036083061 158.97933551155987 82.78023408063491 0.4668223910200377
1.7184673512954287 12.951656120114325 143.8298397531071 86.73844825391046 0.47585287144067706
1.741467211222045 12.930817427947416 130.28407040575743 90.90716784087668 0.4852128522563403
1.7639515889464374 12.908241685303539 118.13939155672188 95.29892459987347 0.49491820461746017
1.785883577758721 12.883881549823602 107.23574995229426 99.9288530765858 0.5049924022779169
1.8072219094894513 12.857689258124159 97.46657656839565 104.8126344949459 0.5154580099239614
1.8279693254873768 12.829703292857255 88.67594844732645 109.96595291464025 0.5263345827104992
1.848044629817492 12.79978143977929 80.78118473129436 115.40773941548052 0.5376506117799438
1.8674601280605692 12.768001855841069 73.67378065323464 121.1575574933479 0.5494332348990664
1.886150035979131 12.734262573936117 67.26927094502862 127.23660430192862 0.5617116924278487
1.9040854230402509 12.69851491509971 61.497307873344965 133.66798366891277 0.574517907867862
1.9212531863686608 12.660816322093691 56.29484996928318 140.47585431139206 0.5878830714687098
1.937612715751766 12.621104713043245 51.595595501545006 147.68811160021878 0.6018466123638369
1.9531252165378319 12.579325100304132 47.34810299621316 155.33437990873136 0.61644853062681
1.9677803279324937 12.535541143709786 43.509085998247954 163.4460915206264 0.6317292285008973
1.9815358414195874 12.489674660737611 40.03322130342677 172.0585408375156 0.6477359010624416
1.9943725611879806 12.441760860128086 36.88444708303688 181.2101690086715 0.6645193144372837
2.006231756935872 12.391676870722986 34.03620116885169 190.94254043570484 0.6821329649642435
2.0171194571407254 12.339534280608643 31.44852733342228 201.3013862652121 0.7006356897542502
2.027003389174401 12.285295561398867 29.101785783075407 212.33706666938394 0.7200921774967151
2.035864366750058 12.228977122930356 26.971039469251533 224.103799980286 0.7405693318450476
2.0436588443271733 12.170525188455553 25.034274588369946 236.6629253977329 0.7621457032765846
2.050370568248594 12.109967096525807 23.27378122581614 250.0798674664501 0.7849001226229548
2.0559875656955833 12.047329167862681 21.671748335436092 264.42866273559514 0.8089248589446815
2.0604953241497173 11.982640986397012 20.215284485550576 279.78998561368735 0.8343173306748292
2.063866331483453 11.915910987416634 18.887657599671883 296.2533852421044 0.8611852875307037
2.066087960022116 11.847157240151198 17.678837162194636 313.91655037029915 0.8896419612864818
2.06714492109106 11.77641798083612 16.580030435970883 332.8907033669965 0.9198209579846416
