M[M_sun], R[km], Lambda[1], P_c[MeV/fm^3], rho_c[fm^-3]
0.24162668629717493 15.618656898711224 2160425.4255784233 3.5677272577965504 0.1711233750220791
0.25363815314318033 15.277451905518975 1723293.122504629 3.784726429768107 0.17388701165630668
0.26602926155806633 14.98149079008316 1383243.177711817 4.0112056144480315 0.17666429414834883
0.2787975189173129 14.723897304822843 1116748.4977170464 4.24742380008126 0.17945398346878483
0.29194685636915774 14.498757525387841 906223.4600753983 4.494004755125257 0.1822626201069573
0.3054756863597892 14.301612412588199 738947.7694183652 4.751097213813261 0.18508577580302146
0.3193851302966654 14.1285633993776 605355.2820081434 5.019394624951677 0.18793031484857434
0.3336760216707077 13.97642873700459 497997.9221940791 5.299105693094618 0.19079256036231795
0.34834945942511203 13.84246335399242 411276.1130477787 5.590976587966672 0.1936791649636556
0.36340528831216495 13.724399540103903 340887.820093555 5.895152349051973 0.19658478140109142
0.378850690327166 13.620399050234584 283531.3650757692 6.2125060444366005 0.19951728029497606
0.39467360672637286 13.528866224632402 236610.59495353277 6.543311774398352 0.2024731377737994
0.4108896187893483 13.4482884678979 198045.00979667116 6.88823836908169 0.20545549900601454
0.4274887682865972 13.377419395122441 166249.06511126843 7.248005235212964 0.20846770452265134
0.44447330374900623 13.315280839184187 139919.94640090002 7.622895191053814 0.21150568445355622
0.4618452982273865 13.260894533574861 118109.21298018479 8.013809296004034 0.21457486256776082
0.4796004965710114 13.21345264574472 99926.5654124471 8.421473563686979 0.21767723763367317
0.49774719155668046 13.172258352441865 84744.41968986961 8.8463611062246 0.22081074753009708
0.5162739923363378 13.136654713642185 72032.62051608623 9.28928037072084 0.22397788804106183
0.5351811339926237 13.106070150836883 61359.249812782975 9.751145074332634 0.22718201557330578
0.5544781405518567 13.08002391093346 52375.94911018119 10.232763362588189 0.2304244787492138
0.574145500199658 13.0580089575061 44792.04549480778 10.734651951036664 0.2337025601781609
0.5941953995848723 13.039697298595518 38384.109243717125 11.257963841540475 0.23702130258795728
0.6146169452138254 13.024631727234427 32950.759995214525 11.803678021929553 0.24038287273908263
0.635405041262953 13.012540989827015 28335.477536799277 12.372771638361263 0.24378890024570143
0.6565611677460385 13.003104560113798 24410.959705649977 12.965995828973876 0.2472380448426733
0.6780835668477894 12.99604519220784 21063.248130177664 13.584552025743871 0.2507336983582802
0.6999593690218597 12.991100793059802 18203.493244787456 14.229694907524692 0.2542791708220816
0.7221780814986899 12.988025459982802 15756.26491743007 14.902611735788566 0.2578764422177014
0.7447527449012982 12.98665573817505 13658.530873314321 15.604413161167503 0.26152623256949037
0.7676591446383806 12.986743887687814 11857.157539539838 16.336201518815347 0.26522881220277694
0.7908895100387253 12.988113408101398 10308.066345212723 17.099667560535714 0.26898965741038744
0.8144500252470677 12.990621542375145 8974.016896313693 17.896263133966578 0.27281119447185354
0.8383167375294492 12.994083914101399 7772.348376939568 18.72745532447891 0.2766954303063761
0.8624832322795833 12.99833883915008 6828.14734946761 19.594381865036432 0.2806410128904411
0.8869443248795876 13.003266792140394 5967.500248453219 20.499222787030384 0.2846551887209144
0.9116900377191968 13.008757543691566 5221.852002026491 21.44376795686318 0.28874096268129
0.9366948276322138 13.014652698110291 4575.12529550679 22.429630840957024 0.29289931278479414
0.9619577012258308 13.020834869905794 4013.0183838411217 23.45857301063802 0.2971319405330635
0.9874686100457871 13.02723776750479 3524.25838021996 24.533136879565934 0.3014459595754104
1.0131977070308922 13.033682624238502 3098.621437586203 25.655417260119844 0.3058441531241535
1.0391443864159913 13.040134606220445 2727.4840108900144 26.827063088702307 0.310325488471439
1.065284922016909 13.046472146991238 2403.591422410618 28.051312901175688 0.3148998065423216
1.0915980984171114 13.052589406614064 2120.5355464301842 29.330400046333068 0.31956880127293547
1.1180829119028932 13.058435664823453 1872.8330499622143 30.666713355954272 0.32433466649450654
1.1446990947740059 13.063889911771843 1656.0168325930442 32.06392441282842 0.3292073438717184
1.171448577123577 13.068915065469902 1465.5911594829643 33.523865134940884 0.33418383234863597
1.1982963430009363 13.073389442006823 1298.6495392121249 35.05096297632208 0.33927703069936516
1.225223908748784 13.077257220823086 1151.8717223443905 36.64757189874764 0.34448577774943484
1.2522084698049976 13.080435426042614 1022.7176435601689 38.31827384287811 0.3498216926059959
1.279236599577329 13.08289225424451 909.0123747318695 40.065763159248256 0.35528410249713266
1.306269142853889 13.084496798555021 808.8249276456185 41.89528716860786 0.3608862647232282
1.3332934801841572 13.08523038152614 720.4421161142695 43.81001364216613 0.36662842309846605
1.3602920593574255 13.085047964645934 642.3523702589829 45.81519254668761 0.37252149076537694
1.38721342794465 13.083817385885416 573.3209384631449 47.91585988109616 0.3785738187590915
1.4140524767867486 13.081531800195508 512.1916899551229 50.116418181179036 0.3847893031821855
1.4407819810942948 13.078144130278128 458.09728035532095 52.42273220563498 0.39117831115973556
1.4673619281267585 13.073563082243671 410.1192450979709 54.84087364984138 0.39775080126610424
1.4937644260059075 13.067730625944009 367.53840284743364 57.37701129156962 0.40451579915769614
1.5199710400406738 13.060627008869055 329.7389895028867 60.037750130063095 0.41148303767504874
1.5459494228811617 13.052174579226163 296.11832574510584 62.830170636975616 0.4186630150219359
1.5716612125537859 13.042335175236014 266.21025552082637 65.76187176241294 0.42606705768705716
1.5970770679001354 13.031044100000724 239.58138829041053 68.84101807685795 0.4337073886633899
1.6221712805207247 13.018275297544639 215.83322780111942 72.07639147708788 0.4415972015882591
1.6469194238804603 13.00398806886212 194.64673882493082 75.47744793783487 0.44975074150242517
1.6712740896487863 12.988111602451301 175.73693172012273 79.05437985173944 0.45818339301019095
1.6951972788171605 12.97059793760669 158.8206285364704 82.81698074703148 0.46690683475239336
1.718692556662198 12.951463157055372 143.6946474082443 86.77779747196155 0.47594197805937916
1.741690728711645 12.930604825431933 130.16071754057188 90.94913599961026 0.4853062159615986
1.764172935079583 12.908008280902228 118.02247266374131 95.34391539177957 0.4950169244608578
1.7861035361252475 12.883630151719894 107.14095240815452 99.97690565794639 0.5050960976637908
1.8074494817591473 12.857438389151568 97.36672065449032 104.86399769780662 0.5155670797928977
1.828180089246513 12.829400768075654 88.59060744980086 110.02111508205527 0.5264502665149962
1.8482635805525698 12.799481682222636 80.69939891946261 115.46678698070598 0.5377725836739513
1.8676631723643522 12.767651189626077 73.60167082570231 121.22081472127086 0.5495620034339297
1.8863425012522168 12.733858582034186 67.20322564098346 127.3044258095215 0.5618478096524303
1.9042883983900907 12.698147099502767 61.435447120356564 133.7407032547241 0.574661781816357
1.9214390784487219 12.660385497300341 56.23858097665154 140.5537473802667 0.5880348367881146
1.9377846769750422 12.62061409119916 51.54403481178945 147.77183848967942 0.6020076652013868
1.953305091127687 12.578866616592995 47.300627066645966 155.42417687448673 0.6166187048657195
1.9679517517739167 12.535041447287293 43.466438826479596 163.54278355515575 0.631910277956756
1.9816919399255726 12.489128216988439 39.994387394647894 172.16245072869572 0.6479277593152333
1.9945039832186524 12.441136356155656 36.85125393473577 181.32195459585841 0.6647229334343396
2.0063671839464656 12.39106572785362 34.00196764818077 191.06292643197645 0.6823493843135537
2.0172577835924015 12.338926630467546 31.419796685164265 201.4311720367965 0.7008660466965018
2.027118684951347 12.284615451635595 29.074249426196037 212.47713502592907 0.7203377181003775
2.0359549721475534 12.228225462699902 26.94448699974528 224.2547885980086 0.7408303192653103
2.043749753682045 12.169778254129591 25.011063943454765 236.82624066961236 0.7624247075831456
2.050456095303724 12.109200867227045 23.252072355731112 250.2563471700157 0.785197627511888
2.0560569969764293 12.046519345154156 21.651841906357717 264.61961163523677 0.8092426090075824
2.0605525260351993 11.981802252816589 20.196477174812816 279.9968531141382 0.8346572463077297
2.0639078032782625 11.915035650251452 18.870604897709857 296.4774366627689 0.8615483495109764
2.0661101062841847 11.846230698431015 17.664411555937054 314.1598819159887 0.8900314872314992
2.067150321224611 11.775455835556205 16.566141361144325 333.15495243892127 0.9202383182856798
