M[M_sun], R[km], Lambda[1], P_c[MeV/fm^3], rho_c[fm^-3]
0.24162668629717493 15.618656898711224 2160425.4255784233 3.5677272577965504 0.1711233750220791
0.2536397999853378 15.277419551720293 1723250.9145549806 3.7847598396572093 0.1738874280944569
0.2660327904874455 14.981435650307638 1383278.600135387 4.0112758467672345 0.17666514286447813
0.2788041753029625 14.723713416745355 1116677.6364073493 4.247533228906889 0.1794552526782564
0.2919550901365211 14.498630086435263 906114.6386199401 4.494156249891966 0.1822643070363447
0.3054863453229673 14.301484784304261 738844.0502746511 4.751295916078621 0.18508792216671632
0.31939814186348087 14.128408699768867 605253.4123711168 5.019641996234114 0.18793288142110615
0.33369189696132295 13.976236774481436 497854.088719355 5.299408243172224 0.19079560653957808
0.3483674355385488 13.842312715041606 411172.88080631004 5.591335069997951 0.19368263337592323
0.36342532326179755 13.724269336106182 340817.55463358056 5.89557481345556 0.19658874927617292
0.37887231063074017 13.620300600745267 283445.77189001214 6.212997600356319 0.19952176269309202
0.39469945485603136 13.528734380285877 236542.01829752082 6.543871909250552 0.2024780493997481
0.41091944061308927 13.448142197782294 197986.15334830876 6.888877891753346 0.20546094544945165
0.4275201234793575 13.37731912969581 166194.37914684435 7.248730142940931 0.20847370149850689
0.4445104491309294 13.315151232076488 139900.26073403237 7.62370347822249 0.21151211893914582
0.4618851112048766 13.260781848936636 118064.42989846894 8.014715055122156 0.21458186934681428
0.47964271163534644 13.213359953505048 99882.12002927648 8.422483852946979 0.2176848335965499
0.49779335287992016 13.172170295486412 84709.8073858629 8.847472198854954 0.2208187923154742
0.5163253554218433 13.13656350957597 71995.44988222067 9.290510239802158 0.2239865463960677
0.5352352999274551 13.105998596494658 61328.65357025108 9.752502052942157 0.22719130616715721
0.5545352185577871 13.079959589430619 52349.106557572 10.234256289900099 0.2304344210627183
0.5742080434993976 13.057950807783287 44770.323517736826 10.736274339448984 0.23371297641432104
0.5942609987609399 13.039644610164418 38361.22546701588 11.259740078084272 0.23703240054602626
0.6146885033719761 13.024588019623149 32933.60105913052 11.805618592342945 0.24039467464496628
0.6354818672929792 13.012515460718797 28323.06842539179 12.374887682245232 0.24380142949855516
0.6566457220995422 13.003096336162429 24397.106216110984 12.968277629610668 0.24725108667941684
0.6781693703712869 12.996025993100297 21049.994966274233 13.587031969049661 0.25074750601819024
0.7000481498010138 12.991099496910655 18192.31506030553 14.232386280937863 0.2542937716542006
0.7222736746233674 12.988017418946306 15746.998105753593 14.905528680089567 0.25789186520177126
0.7448526232568905 12.986653491819137 13649.976128311062 15.607542278208404 0.2615422265401781
0.7677637319963188 12.986756549485602 11849.732101148067 16.339585160597707 0.2652456788084154
0.7909989554269862 12.988125240543374 10301.511007361121 17.10332269628972 0.2690074310978264
0.8145645742953367 12.990638777584 8968.281183076047 17.900207857438478 0.2728299119026664
0.8384384982681555 12.994096517445493 7816.931586158992 18.731672144197102 0.27671480441114005
0.862608863088593 12.998359346735292 6823.285852772504 19.59892557808721 0.28066139766533005
0.8870740092651952 13.003301367577142 5963.124161876947 20.50411524555956 0.28467662823277695
0.9118244212885392 13.008790721835458 5217.974244043434 21.449032508699194 0.2887635039677061
0.9368338685184318 13.014682745988358 4571.434510039021 22.435245564065376 0.2929226331480477
0.9621044017205691 13.020872889040657 4010.260776736744 23.464608321678796 0.29715645172446575
0.9876187998059258 13.02726327696866 3521.437023441528 24.5396211638577 0.30147171855866733
1.0133566811998707 13.033729038607591 3096.5982094719 25.66232542877177 0.3058708130774194
1.0393062983758041 13.040169191562514 2725.473230586947 26.83447953948705 0.3103535064870268
1.0654510382578164 13.046506873363064 2401.7278774029887 28.059272322200204 0.3149292519017128
1.0917710824739677 13.052632283360536 2118.8886450423556 29.338874241908304 0.3195993031738237
1.1182589588208092 13.058470167828103 1871.406835410349 30.6758034284093 0.32436673231411367
1.1448820237989201 13.063930419291657 1654.5653858001465 32.073672975188586 0.32924105819264393
1.1716358441382237 13.068950078961583 1464.340097249555 33.53424107559849 0.33421880033845636
1.1984815402017777 13.07340646990576 1297.4855959675267 35.06208749110285 0.3393138164538824
1.2254190633347084 13.077284667824035 1150.8463981821888 36.65941272411884 0.34452397441916194
1.2524069227998453 13.080454164624745 1021.9183315523774 38.33096710892784 0.34986190209020085
1.2794414865673158 13.082905049462946 908.2138103372504 40.07927579777804 0.3553259060864629
1.3064769861930545 13.084503891354933 808.1114093461503 41.909674992021856 0.36092976129315446
1.3335058480333366 13.08522683929013 719.8066248396657 43.82543783061369 0.36667427176333506
1.3605036835169628 13.085046892958731 641.7359814911986 45.83162080339484 0.37256926190427153
1.3874332773567446 13.083804341060018 572.7779752458498 47.93336231913874 0.37862363634767066
1.4142819824522472 13.081528797204742 511.70819970368484 50.1351865557118 0.38484189423594395
1.4410081387589553 13.078111938609787 457.6532345761406 52.44273674438218 0.3912332361280824
1.4675898578875521 13.073518201255226 409.72817761335466 54.86220285562822 0.39780821565210844
1.4939944151462123 13.06767428988862 367.1981417585777 57.399760832376565 0.40457587047932136
1.520203175357369 13.060553778940088 329.4228312189476 60.06202348017296 0.4115459464511724
1.5461827292373567 13.052094568487007 295.8266763790757 62.85607978205957 0.4187289558560429
1.5718976537767342 13.042243394207105 265.9780565549274 65.78953797566923 0.42613624045907617
1.5973131973796124 13.030931207507347 239.3499296195441 68.87057277418712 0.43378003984138036
1.6224047927591476 13.01815287428749 215.61946475768596 72.10797716026555 0.44167356567304583
1.647156291811706 13.003844754337594 194.45598876227527 75.51121923575467 0.4498310826198535
1.6715104217359427 12.987948939880306 175.56040532169223 79.09050467106013 0.4582679966674675
1.6954457990227785 12.970434848615545 158.66851279317683 82.85545717133165 0.4669952534633736
1.718910353621175 12.951225546805901 143.55780819470732 86.81899952223371 0.4760352804314512
1.741924891914587 12.930380580499232 130.02843073177328 90.99308083337671 0.4854039770412171
1.764404205345704 12.907763357675602 117.90391461589641 95.39102590319077 0.49512029544216
1.786331958919458 12.883361915454307 107.02241304455352 100.0272228538568 0.5052046799896157
1.8076749344509382 12.857142739360706 97.26791930279242 104.91778224485878 0.5156812913912998
1.8284038130151932 12.829087387700978 88.4999804016292 110.07887858437716 0.5265714057309264
1.8484806103360512 12.799140863472935 80.61519104679526 115.52861997397382 0.5379003093011171
1.8678767584051181 12.767286582512392 73.52153379833487 121.28705691601827 0.5496968482673792
1.8865567998921273 12.733491011320448 67.13397260848872 127.37544872283866 0.561990352072756
1.9044907276163339 12.697724151873803 61.373541922780966 133.81665267021407 0.5748117295446183
1.9216458347281544 12.659967570467424 56.18153468460258 140.63531967047072 0.5881937706298063
1.9379797528185914 12.620161563292426 51.49135039800141 147.8595216003186 0.6021763280272081
1.9534788106982879 12.578326105620276 47.25527016702441 155.51821830962274 0.6167969227989826
1.9681173103462717 12.534481453822908 43.420452694350615 163.64404774942432 0.6320998884801
1.9818524644631879 12.488548076746504 39.95383115898905 172.27127586402406 0.648128693028923
1.9946573921000692 12.440528833238188 36.812705168221406 181.43902996294744 0.6649361878388341
2.0063029710400366 12.390832104926298 34.005022933431654 191.2470454628105 0.7808063046881574
2.0147809012011995 12.340367842438884 31.718178314022946 202.16859587388583 1.0171749800054746
2.0195470895213297 12.28710693977066 29.88497531577018 214.39007398136894 1.261002388969396
2.0207330679990783 12.22990144799787 28.401027636549923 228.03311876045305 1.5132014100984141
