M[M_sun], R[km], Lambda[1], P_c[MeV/fm^3], rho_c[fm^-3]
0.24162668629717493 15.618656898711224 2160425.4255784233 3.5677272577965504 0.1711233750220791
0.25364443564291334 15.277267780624937 1723210.3232664776 3.7848274499942183 0.1738882708246914
0.2660408717460558 14.98123998152507 1383035.9015942167 4.011417975963497 0.17666686041193605
0.27881661480712594 14.723481057959852 1116407.8993422561 4.247754684152532 0.17945782122537993
0.2919710275741997 14.498390148630865 905850.3026384923 4.494462841035538 0.18226772099988445
0.30550743141630354 14.301190947145688 738617.239283404 4.751698051790631 0.1850922659998936
0.3194237771304508 14.128102998662477 605074.6519957514 5.0201426373650655 0.1879380757660695
0.33372277786858956 13.97590548868884 497684.1249194236 5.3000205684205595 0.1908017716387975
0.3484041328897612 13.84200122214959 410990.4725567277 5.592060606764785 0.19368965314373063
0.3634673193049137 13.7239604626715 340647.1134715459 5.8964298597567915 0.19659678005198117
0.37892167744332644 13.61996522451432 283279.53680563363 6.213992501347704 0.19953083499219468
0.394753895639871 13.528421510069379 236387.5832061082 6.545005630553917 0.20248799060399614
0.41097963233230783 13.447868871247609 197857.52783562138 6.890172316875275 0.2054719693169744
0.4275875363694671 13.377044813432219 166064.86493926347 7.250197416022394 0.20848583987267996
0.44458392207619457 13.314936178779156 139797.85480810542 7.625339542570051 0.21152514306333833
0.4619660392366944 13.260552378087796 117976.7058484084 8.016548443713129 0.21459605208979649
0.47973113307926907 13.213144718741885 99801.58169587655 8.424528859136949 0.21770020918423225
0.4978887167568231 13.171965099694834 84635.400779087 8.849721281321436 0.22083507663349053
0.5164280051185266 13.136386910663195 71934.54002747827 9.292999790549025 0.22400407298853103
0.5353474241917443 13.105827703567419 61270.7782524009 9.755248947990923 0.22721011286467735
0.5546547015517689 13.079792071618446 52300.685462221845 10.237278430562153 0.23045454734058668
0.5743377857314411 13.057843387079465 44726.89638187907 10.739558593998996 0.23373406234586686
0.5943956922092732 13.039527872087238 38321.92532501372 11.263335829490446 0.2370548668658818
0.6148332423625614 13.024492086078325 32899.07955998185 11.809547077704659 0.2404185663904986
0.6356388106400132 13.012420675061465 28289.541941943087 12.379171463382505 0.24382679408453822
0.656809304881782 13.003021377411116 24368.83360774423 12.972897035045 0.24727748930660312
0.6783418119947389 12.995972486172793 21025.89460832462 13.592052584701388 0.25077545946103563
0.7002297143701504 12.991065971519175 18170.67066813145 14.237835020200615 0.25432333133062685
0.722465924933837 12.98799766655196 15727.89835891957 14.911434185329508 0.25792308983407186
0.7450541867317928 12.986645078173469 13536.216109677702 15.613877420910262 0.26157460758740375
0.7679770337539492 12.986757663897691 11834.879705491783 16.346435716728354 0.26527982711254783
0.7912211991058116 12.988139487324938 10287.561655004887 17.110723039096516 0.2690434164589295
0.8147966335841402 12.990668046376063 8955.26454445904 17.908194638728254 0.2728678086088042
0.8386800084210833 12.994132134675374 7806.792006996383 18.740209942715563 0.27675403117775677
0.8628604707875299 12.998413002678753 6813.394170289751 19.608125384756054 0.2807026713958387
0.8873432073264496 13.003353431507474 5954.709324584582 20.514021327838048 0.2847200382212836
0.9120992466774037 13.008846871856592 5210.557302959068 21.459692164914323 0.28880914552872156
0.9371195124552463 13.01473960190262 4564.667425629781 22.446614395453214 0.2929698528012018
0.9624043404952399 13.020953654583826 4003.951299446877 23.476828969408835 0.2972060834060057
0.9879258420871122 13.027342885907078 3516.1487058459343 24.552751134545623 0.3015238776991207
1.0136678417795228 13.033800809170765 3091.6789333335987 25.676313905398505 0.3059247973027505
1.0396335765768472 13.040252358890065 2721.102600004109 26.849497496313408 0.3104102416236401
1.0657848513186636 13.04657826726911 2397.849910520047 28.075390039024356 0.31498887834476574
1.092117623054072 13.052707895019521 2115.5201559753486 29.356034604071933 0.3196610699410967
1.1186165077476915 13.058542878881736 1868.371787512859 30.694211265195843 0.3244316671511763
1.1452482681925664 13.063997203457143 1651.8709167000375 32.09329549681626 0.32930856197900066
1.1720121510879495 13.069014418062102 1461.867245717477 33.555253517934766 0.33428961443560307
1.198868206771925 13.073470942895616 1295.1523112370978 35.08461627895065 0.3393883130477269
1.2258150618231904 13.077338833615807 1148.9003131184759 36.68339249354796 0.3446013294433518
1.2528112161739566 13.080500499257228 1020.0403030127108 38.35664940042587 0.34994319242402366
1.279855675738432 13.082932311800757 906.6019956600452 40.106642189066946 0.35541056855859016
1.306898996558967 13.084521812641238 806.6205615850855 41.93881428713013 0.3610178537968506
1.333937024586263 13.085236959460927 718.5082270453457 43.85667663952424 0.3667671296589395
1.3609452776121311 13.085034524414501 640.5260046878968 45.86489368545319 0.3726660149255178
1.3878773168344334 13.08377449240624 571.7095347389237 47.96881135360813 0.3787245357429678
1.414733966572364 13.081480293599803 510.7437315487842 50.173200339610304 0.3849484130476331
1.4414577179930435 13.07802577554208 456.8089330448144 52.48325494693688 0.391344483931439
1.4680516881723458 13.073427475370073 408.9428628470871 54.90540483540326 0.3979245076119562
1.4944615761092568 13.067561347699023 366.46270479291337 57.44584047368083 0.40469754612001474
1.5206744813609325 13.060412086887684 328.7855315033999 60.111190493336615 0.4116733716565842
1.546657680476313 13.0519266521521 295.2470203656102 62.90856113343033 0.41886252506773397
1.572373726049544 13.042042088675114 265.4180237020257 65.84557946176837 0.42627637909389704
1.5977989726930315 13.030712714457303 238.88784132261728 68.93044075622677 0.433927206952268
1.6228848977123795 13.017890389003401 215.19658684165694 72.17196047721771 0.4418282568796024
1.647636982427546 13.003548123162965 194.06818714670538 75.57963131641787 0.44999383333850024
1.6719853382694962 12.987618119515524 175.1958992091499 79.16336037771836 0.4584380264640462
1.6959233419621285 12.970061041318033 158.33998373557537 82.93340357233518 0.467174374065863
1.7194030073923012 12.95084781374291 143.25171971834652 86.90246932997184 0.4762242984780513
1.7423857829111904 12.929908717595335 129.75720889006388 91.08210879669862 0.4856020314895931
1.7648679124996327 12.907256671756512 117.66028474630015 95.48646935373293 0.4953297196841364
1.786795553242394 12.88281924374164 106.81284900547735 100.12916488748482 0.5054246664755551
1.8081330886366977 12.856557775789016 97.07175926671931 105.02675130660955 0.5159126874223356
1.8288423990363185 12.82842122375594 88.31714847946267 110.19577236000163 0.5268163237527871
1.8489222316236051 12.79845248994734 80.45154483145618 115.65390116027122 0.5381590970007937
1.86829798764318 12.76651090834407 73.37404831890404 121.42127468503467 0.5499700664597714
1.886976013404646 12.7326891101778 66.99692873072789 127.51933145123482 0.5622790845777503
1.9048992538420697 12.69687095945438 61.24598376467545 133.97054566607648 0.5751155621018019
1.9220390863983434 12.65905261616317 56.064834717710006 140.8006101312654 0.5885158193042197
1.938352730121976 12.619162188995924 51.38266544258572 148.03719898178062 0.6025180993104512
1.9538495385095922 12.577314751539504 47.15754089625682 155.70878441006397 0.6171580646352542
1.9684655933354362 12.533382882229386 43.33174311867326 163.84904770757728 0.6324834229711873
1.98217847613711 12.487379430377086 39.87369007304398 172.49181131807788 0.6485358876319856
1.9949680168079311 12.43930231585386 36.73995752519777 181.67629085728947 0.6653683618476868
2.0068031304016207 12.389138600685246 33.89873410985563 191.44453786605476 0.6830354117653372
2.0176490259380255 12.336861986032249 31.3229183769706 201.84259516466597 0.701596282164925
2.027484465763544 12.28247483468829 28.98635944605299 212.92037126460772 0.7211134954265018
2.036293728329532 12.2260066622416 26.865341644853807 224.73346135288386 0.7416577165176943
2.044037230581602 12.16740798477929 24.938697738209818 237.34293964022905 0.7633057612344729
2.0506956399691174 12.106699647734397 23.184117256373764 250.81573561410093 0.7861404047983397
2.0562680069175143 12.043949750535722 21.590732053239233 265.225043640716 0.8102500830395579
2.0607131648949073 11.979098103306981 20.138786205609307 280.65240314483685 0.835733796797455
2.0640183709017106 11.912200974525634 18.81891522926101 297.1877743146748 0.8626992237861564
2.0661755805442126 11.84329730274133 17.615193737159505 314.93150383255465 0.8912667021535707
2.06716955230943 11.772404017656356 16.521584015502885 333.99294430380195 0.921561859497941
