M[M_sun], R[km], Lambda[1], P_c[MeV/fm^3], rho_c[fm^-3]
0.24162668629717493 15.618656898711224 2160425.4255784233 3.5677272577965504 0.1711233750220791
0.25364532534703776 15.27726210140987 1723208.1790065216 3.7848454850673194 0.1738884956231772
0.26604244225719503 14.981211380343815 1383035.326305614 4.011455889568235 0.1766673185754742
0.27881967074309955 14.72340485165579 1116309.6696813316 4.247813759255093 0.17945850640754538
0.29197519344942857 14.49831109845044 905775.7242387813 4.494544628111313 0.182268631717955
0.30551207807810227 14.301132278778265 738583.8659104783 4.751805328235586 0.18509342479023927
0.3194304476318473 14.128022335172187 605015.707548069 5.020276193717508 0.1879394614647741
0.33373075465003493 13.975832899658537 497586.3030912832 5.300183921256154 0.19080341633080056
0.34841384334438336 13.841919048238172 410933.1217532659 5.592254164256157 0.19369152586570548
0.3634792892994791 13.7238568658589 340612.2144447672 5.896657970915978 0.19659892252026173
0.3789332534459358 13.619918654896994 283250.42323745514 6.214257927098723 0.19953325535545058
0.3947685900508886 13.528352112038847 236356.37237383396 6.5453080956363845 0.20249064281415907
0.4109957063668498 13.44779156584957 197824.2788280588 6.89051766097472 0.2054749104122433
0.4276061077870498 13.376964247275302 166036.48252173 7.2505888803464575 0.20848907835670924
0.4446039516978437 13.314842186292534 138145.539751259 7.6257760454465 0.2115286179069053
0.4619854278084096 13.260480033773208 117946.83005339328 8.017037599600014 0.21459983610604708
0.47975621521943 13.213061251394368 99777.66539359326 8.425074483043016 0.21770431151323763
0.4979149482770849 13.171906279600869 84615.22855540417 8.850321361689181 0.22083942147174762
0.5164554641463666 13.136342057862958 71918.59824625352 9.293664039604673 0.2240087493432939
0.5353770892144671 13.105782292010842 61255.06019865093 9.755981870287753 0.22721513083867984
0.5546870234432251 13.079765353537029 52287.86373760886 10.238081041130897 0.23045986908763477
0.5743713801997574 13.05779699579917 44713.29747883258 10.740434915813362 0.2337396886033656
0.5944316099954083 13.039509579759596 38313.71916247189 11.264295279402875 0.23706086152629716
0.6148716958457865 13.024484828828076 32889.822415916715 11.810595324677607 0.2404249414810556
0.6356814238710167 13.012401955287357 28281.97508605748 12.380314530092786 0.24383356226734873
0.6568526152116267 13.002993375548497 24360.78336897986 12.97412967228408 0.24728453455559504
0.6783872691708381 12.995966662497525 21019.701648788414 13.593392298335758 0.2507829186276211
0.7002792063856188 12.991045451087151 18164.938226453378 14.23928899483935 0.25433121921400326
0.722515125600431 12.988012025201915 15722.190430359886 14.913010067259842 0.2579314221158707
0.7451077798489507 12.986645615542853 13628.227653174847 15.615567970158839 0.26158324855377685
0.7680312325885699 12.98675290024616 11830.915091160969 16.34826382985297 0.26528893979796747
0.7912785013510812 12.988159252263673 10285.037200613075 17.112697892695163 0.2690530195032382
0.814857132458749 12.990684934117727 8952.003809609983 17.91032601786594 0.2728779218504116
0.8387441053696595 12.994140878528393 7804.07434455668 18.74248839323934 0.2767644994790116
0.8629278321476225 12.99842222572581 6810.718727846023 19.610580536178265 0.2807136861118872
0.8874130396673293 13.003370890974171 5952.232553237693 20.51666499894671 0.28473162319798945
0.912171911563733 13.0088743796867 5208.588362406065 21.462536983912752 0.28882132621985024
0.9371954749179733 13.014758866441893 4562.800804583739 22.44964851082265 0.2929824547890831
0.96248302385399 13.020968485661113 4002.4056956702275 23.4800904627679 0.29721932929962097
0.9880060772146112 13.027356166016885 3515.1117972066777 24.5562553603556 0.30153779832472966
1.0137519364637984 13.033816744872777 3090.390006997753 25.68004729789501 0.30593920518340534
1.0397210210306222 13.040273048458536 2719.9554465027145 26.8535057040384 0.310425383910669
1.0658751697283384 13.046602263738388 2396.8787741911306 28.079691827869745 0.315004792532266
1.0922098695230902 13.052731694223251 2114.5055007572755 29.360614725993376 0.3196775555678047
1.1187114982784656 13.058563529110897 1867.3252327690116 30.699124411035953 0.3244489985914912
1.1453462602290057 13.06401548202548 1651.1174803981132 32.09852562912544 0.3293265321984677
1.1721129510429207 13.069028585783476 1461.1888087123257 33.5608619957272 0.33430851558402186
1.1989717369764126 13.073481067186279 1294.6224209648778 35.09062957820661 0.33940819739815725
1.225921249377603 13.077348990248105 1148.331679127964 36.68979316180492 0.34462197700834657
1.2529195390353995 13.08050820724829 1019.6127110256971 38.363463417639764 0.3499646491109939
1.279964335723184 13.082947942317748 906.1478044027524 40.113947017350824 0.35543316725691504
1.3070192683206758 13.084550434429826 806.2787173323106 41.946592451046264 0.36104136836475575
1.3340510009249378 13.085240356028018 718.1042010009496 43.86501536102017 0.3667919166516946
1.3610620259136306 13.085028920812862 640.2220043512912 45.87377548945965 0.3726918420050668
1.3880018628502158 13.083781143346135 571.4088415325878 47.97827418374257 0.3787514700121985
1.4148464860935868 13.081453337626238 510.4770127340497 50.18334797859103 0.38497684785035
1.4415797703278703 13.078010630274862 456.573432229688 52.49407128301775 0.39137418153778614
1.468174865313097 13.073406271739323 408.7377481090321 54.91693777110702 0.3979555522007175
1.4945865743085072 13.067530113310626 366.2812582436114 57.458141792139756 0.40473002837817684
1.5207992463236064 13.060376756688784 328.62362543990537 60.12431620577875 0.41170738931388107
1.5467840664999695 13.05187879906391 295.08663984162854 62.92257186134237 0.41889818348417235
1.5725018498591687 13.041988614192787 265.28492680059713 65.86054085759788 0.4263137919059494
1.5979150296863216 13.030645239771943 238.74919240271606 68.94642396695626 0.43396649678408844
1.6230237568169887 13.017832122237296 215.077950655551 72.18904265567447 0.44186955612637435
1.6477659039753785 13.003469134160493 193.95104276594586 75.5978961857878 0.45003728502988466
1.6721140244695016 12.987525155899217 175.1180166259696 79.18280346052781 0.4584833869537973
1.6960492068613902 12.969963011785332 158.24316703478766 82.9542146069569 0.46722219776281215
1.7195308344537485 12.950738870956089 143.17624120133453 86.92475546910511 0.4762747656181991
1.7425114408969196 12.929788433505067 129.68549082539616 91.10587931591998 0.485654912145247
1.764993248145716 12.90712201909238 117.58945459851812 95.5119532944876 0.4953856371404396
1.7869044336632367 12.882642620538604 106.74933944338298 100.15638444095988 0.5054834050910673
1.8082543040745533 12.856402115028375 97.01610505027638 105.0558476494064 0.515974473567253
1.828958029885252 12.828245007650748 88.26818848589275 110.22689948333839 0.5268814022876278
1.8490393071229876 12.798266866179667 80.41089732719381 115.68735437933135 0.5382281998075535
1.8684116998671807 12.76631303194578 73.3339924232271 121.45711487565579 0.5500430239539115
1.8870854260998282 12.732479385840971 66.95605535787965 127.55762358357553 0.5623557232488985
1.905008304701759 12.69664255348803 61.2123509600565 134.01164126904612 0.5751966975821354
1.922145245704084 12.658807325313397 56.033460958802955 140.8447502380059 0.5886018210177845
1.9384540207374377 12.618902478021296 51.354936283605035 148.0846479870971 0.6026093698329127
1.9539455448231755 12.577037928723882 47.13118586052269 155.7596763803129 0.617254510013234
1.9685549095687815 12.533088668870182 43.309354328993095 163.90369111720756 0.632585497314495
1.9822668038746378 12.487070742523482 39.85057370248079 172.5507094295092 0.6486446365549572
1.9950486612486453 12.438968539235843 36.71938853272663 181.73965722417404 0.6654837845635915
2.006880288484398 12.38879091817193 33.879896995511615 191.51278408172274 0.6831580988057337
2.0177206426299286 12.336495706164088 31.3068352251657 201.91617527097696 0.701726879595548
2.0275501765129045 12.282095193522567 28.97233241712824 212.99960106019807 0.721252103213719
2.036352195265298 12.225602795508104 26.85155635406553 224.81907438097474 0.7418057006749065
2.044088515167286 12.166987231514062 24.925227358760683 237.43535307961804 0.7634633346378743
2.0507395904492225 12.106256409747502 23.17232351892639 250.9156173016811 0.7863084676345525
2.056050142288657 12.04486363901718 21.62280729432616 265.5796715033198 1.3709893519797793
