M[M_sun], R[km], Lambda[1], P_c[MeV/fm^3], rho_c[fm^-3]
0.24162668629717493 15.618656898711224 2160425.4255784233 3.5677272577965504 0.1711233750220791
0.2536450911308686 15.277246598269024 1723167.2399131723 3.7848411779560887 0.17388844193711353
0.26604194885412497 14.9812486432792 1383045.884101473 4.011446835070259 0.1766672091572098
0.27881779256051586 14.723468376551663 1116357.6236857616 4.247799650949393 0.17945834277246
0.2919743087197462 14.498354553710026 905864.9219085685 4.494525095688822 0.1822684142198973
0.3055111709644987 14.301143267804983 738564.9854737683 4.751779708368716 0.18509314804678081
0.3194289315647247 14.128054727465486 605052.4815311821 5.020244297583011 0.18793913053006792
0.3337284216351039 13.975869222233603 497611.32658953406 5.300144908986087 0.19080302354197407
0.3484115092240936 13.841940086833002 410946.0021680195 5.592207938343037 0.19369107861727974
0.36347624215949353 13.72391635451921 340638.4617844323 5.896603492676856 0.19659841084911106
0.37893008159090785 13.619936760060758 283251.74348254467 6.214194537121793 0.19953267731518748
0.394765467846207 13.528350511290864 233250.71345282716 6.545235859633685 0.20249000940200146
0.4109919091038316 13.447787917655543 197826.22655139683 6.890435184234281 0.2054742080057117
0.4276019749999889 13.376973707623987 166049.907703961 7.250495388740334 0.20848830492461162
0.4445986242785943 13.314856098072028 139774.41739992786 7.625671797280848 0.21152778802447536
0.46198033166545455 13.260497224800046 117945.66830022956 8.016920776274922 0.2145989323831799
0.47974941512851765 13.213090420557966 99789.17383932877 8.42494417337713 0.21770333176671974
0.4979084477333632 13.171934143880101 84621.98052150736 8.850178046076316 0.22083838380547643
0.5164499643710472 13.136342516192192 71923.19657554726 9.293505398406305 0.22400763249936725
0.5353698034984274 13.10579901901304 61259.41494026603 9.755806827622786 0.22721393240393997
0.5546806138417195 13.079767541206154 52292.81313187945 10.237890328703122 0.23045861062656378
0.5743634759150938 13.057804894004965 44717.44539254899 10.74022562442446 0.2337383448878185
0.594423212099397 13.039491285433801 38317.64958380455 11.264066134088853 0.23705942982222847
0.6148625430383323 13.024474949291085 32892.269994258626 11.81034497143298 0.24042341891562308
0.635669446540987 13.012409581197822 28283.36997091422 12.380041530425299 0.24383194581606016
0.6568421855936162 13.002996567639416 24362.593260762595 12.973835279872825 0.24728285192929358
0.6783767922035483 12.995975654797322 21021.191002864598 13.593072332039979 0.25078113714101025
0.7002672664678108 12.991059336455468 18166.550608633897 14.2389417386318 0.2543293353321294
0.7225044018839962 12.987990040591258 15724.894351484507 14.912633694837648 0.2579294320929999
0.7450947526318762 12.986647696219498 13628.741332469821 15.61516421069396 0.2615811848032166
0.7680181968459348 12.986762956826325 11832.223490648545 16.34782721461609 0.2652867633805185
0.7912666806103749 12.988142043138357 10286.461874117462 17.112226229855573 0.26905072596656765
0.8148441683443526 12.990669668763271 8952.927619288394 17.909816970254397 0.2728755064558935
0.838728747877648 12.99414467268993 7804.6902209156215 18.74194421889507 0.27676199927946304
0.8629112757223146 12.998415564250053 6811.289750490625 19.60999415815441 0.28071105540350344
0.8873959431573732 13.00337153096055 5952.967337789787 20.516033594297003 0.28472885628491357
0.9121553386422657 13.008858416783715 5208.953130775387 21.46185753635185 0.28881841702215366
0.9371777970953366 13.014756442643623 4563.287212413535 22.448923851025576 0.2929794449648448
0.9624651929337011 13.020960753191043 4002.85115782122 23.479311494907414 0.2972161656796856
0.9879877526289933 13.027350519508833 3515.048036522626 24.555418416942864 0.30153447354586654
1.0137317263368595 13.033813595239158 3090.4443838691477 25.679155619082024 0.3059357640231384
1.0396988995250953 13.040272070131849 2720.1248795114093 26.852548386528568 0.3104217673375006
1.0658529566101467 13.04659605059717 2397.078719860656 28.078664389300922 0.31500099159023537
1.092188307428282 13.05273178582965 2114.653412465838 29.359520808368572 0.31967361813602424
1.1186891243761137 13.058555110099526 1867.47947238075 30.69795095114965 0.3244448591357039
1.1453228553598453 13.064018213869817 1651.3090436067966 32.097276457559815 0.32932224016800665
1.172088363580473 13.069021478832619 1461.3423637908845 33.55952245645123 0.3343040011985496
1.1989459140370633 13.073481088671016 1294.7481718533584 35.08919334716078 0.3394034481714518
1.2258958499628814 13.077344759940518 1148.506989026655 36.68826440759852 0.3446170454839228
1.2528942573461004 13.080509535013098 1019.675443687194 38.36183593472248 0.34995952432330857
1.2799381898435735 13.0829441407428 906.2511035600834 40.11220230310175 0.3554277696938998
1.3069911332946225 13.084545321692756 806.3668627654286 41.94473467961137 0.36103575204025695
1.334023269155237 13.085240028113871 718.1665640518578 43.863023698394905 0.36678599640036025
1.3610336382315704 13.085030516424224 640.2833815475063 45.87165410973446 0.37268567332099356
1.387973503704136 13.083785565776209 571.4828901576402 47.97601402359173 0.3787450368668136
1.4148183469398736 13.081458185445877 510.58838207207225 50.180924248004445 0.3849700562901458
1.4415504192484707 13.078011621870278 456.6367250904713 52.49148783048889 0.39136708834507794
1.4681455445367289 13.073410084310357 408.7861006913777 54.91418315437721 0.39794813726788786
1.4945560373963642 13.067538684651065 366.3315446272206 57.45520364196354 0.4047222700429332
1.5207692351820723 13.060384332540453 328.6703014996508 60.12118114291378 0.4116992642315577
1.5467534744231093 13.051890928576817 295.12315049440144 62.91922540525415 0.4188896664873728
1.5724708470960826 13.042002676808055 265.31109085754406 65.8569673259583 0.426304855850175
1.5978848271006487 13.030661477856842 238.77863197139374 68.9426063648988 0.43395711237783025
1.6229931117197482 13.01784973109814 215.1033186841111 72.1849625536455 0.4418596917439728
1.6477353792767244 13.003488247829315 193.97574864869108 75.59353358468795 0.4500269065052544
1.6720827163579755 12.987547115269516 175.13949046355808 79.17815943012377 0.4584725524839958
1.696020398890234 12.969982828054864 158.2686006774092 82.94924382373526 0.46721077491744606
1.719500362453927 12.950764473110628 143.197296242698 86.91943233701019 0.47626271134303494
1.7424816648462544 12.92981800517663 129.703218728445 91.10020161952912 0.48564228136066223
1.764963001523354 12.907154535524693 117.60360395684654 95.50586632110353 0.49537228096167985
1.7868747951019766 12.882677195712095 106.76085475648837 100.14988288994218 0.505469375026033
1.8082258623914689 12.85643834499879 97.03164030470113 105.04889779696275 0.5159597155410215
1.8289385222977592 12.828302837165495 88.27881327646631 110.21946454439396 0.5268658578080465
1.8490111714479058 12.798310102858984 80.4182657426791 115.67936380864386 0.5382116940458471
1.8683840312555173 12.766360430749929 73.34164648681445 121.44855413155649 0.550025597416088
1.887059484188098 12.732529801498892 66.96917114945533 127.5484771466635 0.5623374173795768
1.904981062083204 12.696698546464471 61.22025554015006 134.00182516483926 0.5751773175445578
1.9221196083408723 12.658866437425257 56.0407782197657 140.8342068876299 0.5885812785618185
1.9384298350912619 12.6189631437294 51.36135022472272 148.0733142306248 0.6025875687884487
1.9539228169759624 12.577102596460419 47.13616047831486 155.74752019209453 0.6172314728197086
1.9685353013014935 12.533161380345149 43.31658599054737 163.89063880706885 0.6325611154906836
1.9822458556002107 12.487144562189307 39.85687976569649 172.53664077317967 0.6486186603192798
1.9950291270852267 12.439048788902024 36.72532061756221 181.7245212069476 0.6654562140983407
2.0068610555026494 12.388873462068835 33.882060119597725 191.4964823780666 0.6831287930375616
2.017702542303971 12.336583704824791 31.310353994396543 201.89859941417774 0.7016956841834447
2.027534526217516 12.282187778856418 28.975094323646566 212.9806756098298 0.7212189942705735
2.0363388604098915 12.225698361916658 26.85558885938958 224.7986240966832 0.7417703518716563
2.044076227472828 12.167088140753778 24.92893460761554 237.41327830092519 0.7634256951123793
2.050729600706569 12.106361811938633 23.174629000192 250.89175848486877 0.7862683223334538
2.0562960265652936 12.043596457770109 21.582955539876785 265.3074025357499 0.8103870235826429
2.060736705984964 11.97873210830256 20.13248779031615 280.7415487268441 0.8358800163003993
2.0640331077044802 11.911815778047062 18.811322442435007 297.28449160931746 0.8628559231333901
2.06618676932576 11.842897132377798 17.61000609065854 315.0365696730268 0.8914348918993064
2.067171238938034 11.771988711446374 16.515071912496623 334.10705180885265 0.9217420831873254
