M[M_sun], R[km], Lambda[1], P_c[MeV/fm^3], rho_c[fm^-3]
0.24162668629717493 15.618656898711224 2160425.4255784233 3.5677272577965504 0.1711233750220791
0.2536391931714388 15.277413868126844 1723219.5431803681 3.784751627421945 0.17388732573290602
0.2660318449113816 14.981435178562576 1383223.409586334 4.011258583403973 0.17666493424692126
0.27880280111522904 14.723755356818428 1116680.9973097264 4.247506330774961 0.17945494070046067
0.29195245151758614 14.49868185447471 906154.7302981258 4.494119011583746 0.1822638923791401
0.3054835663495406 14.301508354513478 738893.2448061218 4.751247073668275 0.18508739457546747
0.3193951299607053 14.1284396104489 605278.0630112555 5.019581190378868 0.18793225053688908
0.33368782482643755 13.976258577899257 497890.3807933616 5.299333873597483 0.1907948577613619
0.3483640208935933 13.84232641773771 411196.695975573 5.591246951476646 0.19368178080498905
0.3634197042064611 13.724308287207965 340836.8346705785 5.895470966971864 0.1965877739280218
0.3788671713180928 13.620321998877822 283467.0983454937 6.212876769888813 0.19952066086471773
0.39469377579840564 13.528764996194433 236555.88007607695 6.543734220705229 0.2024768420572137
0.4109121092237989 13.448178870595923 198000.2988964112 6.8887206879764955 0.20545960663611998
0.42751312842029904 13.377338808918678 166218.50969798115 7.24855194956157 0.20847222735034648
0.44450180326174926 13.315179030603549 139904.57726388058 7.623504788165587 0.21151053723853558
0.461876185559478 13.260797096966414 118074.55161047546 8.014492403974298 0.21458014696017988
0.4796321733263893 13.213399932017674 99892.91493647972 8.42223550548503 0.21768296637081944
0.4977827564615127 13.17218310326026 84716.12123295559 8.84719907111656 0.2208168147539497
0.516312498668512 13.136587173510625 72011.29012685406 9.290207913335996 0.22398441799889807
0.5352216695703131 13.106018276189856 61333.550849390536 9.752168479072571 0.22718902234387509
0.5545206983103459 13.07998063334102 52353.75831915129 10.23388929551755 0.2304319770232955
0.5741925870007331 13.057982545148018 44775.48112296736 10.735875519313629 0.23371041586551303
0.5942446333843038 13.03967637307722 38368.5963623188 11.259303436837504 0.23702967240361486
0.6146707392994117 13.024600748282495 32939.07129135455 11.805141552033707 0.24039177344396193
0.6354653606907849 13.01251356222691 28326.898478409905 12.374367504155108 0.24379834948548476
0.6566259308260952 13.003096259012878 24401.293696150926 12.967716702379581 0.247247880649383
0.6781478466584449 12.996044474133416 21053.21018841062 13.586422330691043 0.2507441117151414
0.700028940170182 12.991083760401327 18195.63204967106 14.23172466463578 0.2542901823534716
0.7222498515744313 12.988027260201052 15634.215098790126 14.90481160921099 0.2578880737777343
0.744827114607597 12.986651040925691 13651.621730899355 15.606773046512034 0.26153829473799783
0.7677375593090295 12.986751260871841 11851.340670016558 16.338753355740135 0.26524153246982424
0.7909716681260089 12.988122177383364 10302.63467339727 17.102424146184287 0.26900306175293826
0.8145362908019019 12.990629277383189 8969.634493184334 17.899238113501205 0.2728253105370241
0.8384070224710339 12.994090192321897 7818.221989791467 18.73063550661565 0.276710041597824
0.862578182080481 12.998353445797326 6824.45703687167 19.597808574567242 0.28065638637499324
0.887042679296924 13.003287231146443 5964.442596265775 20.502912503392626 0.2846713576301133
0.9117915644336694 13.008785498126025 5218.869557718288 21.447738287409898 0.28875796248693497
0.9367997662755323 13.014672754530698 4572.3253263623665 22.43386525323446 0.2929169001226859
0.9620687227725826 13.02085826411092 4011.027794800999 23.463124608424593 0.2971504259240863
0.9875828397621956 13.027250139431198 3522.1991801085446 24.53802706904982 0.30146538597674793
1.0133182808600212 13.033720031608432 3097.1688370524275 25.660627120703207 0.3058642589795072
1.0392653557936038 13.040163031025132 2725.9622206831523 26.83265626747111 0.31034661849366635
1.0654099170715823 13.046498709563112 2402.2075900718805 28.057315557306016 0.31492201297750255
1.0917269089354633 13.052625174597964 2119.2950735162667 29.336790916406574 0.31959180448118585
1.1182156515385424 13.058460542868414 1871.7897848966682 30.67356868405787 0.3243588491086062
1.144836698161395 13.06392213351623 1654.8457157136163 32.071276334355574 0.32923276967632714
1.1715897796449746 13.068935692581727 1464.698771140942 33.53169018763245 0.33421020358300324
1.1984397638530435 13.073411946664319 1297.7439817450268 35.059352556782045 0.33930477276752585
1.2253719067006978 13.077276596976018 1151.135156991448 36.65650167612502 0.34451458382895445
1.2523575831625882 13.080451925529937 1022.0311578954714 38.32784647563573 0.34985201660804227
1.279390857576846 13.08290256975118 908.4196808844239 40.07595370982838 0.35531562865618455
1.3064259375908902 13.08450954397007 808.2614372569775 41.90613772615275 0.3609190676025387
1.3334511820872785 13.085229523055713 719.8916117092567 43.82164575514316 0.36666299975391964
1.3604546943773737 13.08504471717936 641.9269208070156 45.82758185946178 0.37255751720396324
1.3873790918468742 13.083803209475834 572.9246710820166 47.92905926689644 0.37861138847193354
1.4142266159825685 13.08153430401306 511.7858291476967 50.13057224462781 0.384828964427779
1.4409522343914298 13.078121467549671 457.7738522114919 52.43781849503241 0.39121973245807673
1.4675338544307246 13.073531431308947 409.83516385846855 54.85695890596202 0.3977940998827108
1.493938296816935 13.06768664160992 367.27418345213835 57.39416765834655 0.4045611014183142
1.5201459698712751 13.060573584253394 329.4981822489536 60.056055638053984 0.411530479709165
1.5461252882323269 13.05211405295648 295.8994463576089 62.84970973504205 0.41871274357994215
1.5718388798168506 13.042264920270668 266.0079380404922 65.7827359029758 0.42611923103895616
1.5972556204456665 13.030959670353116 239.4070390914794 68.86330636074987 0.43376217758787455
1.6223470621698552 13.01818619932121 215.68793946408755 72.1002113647576 0.44165479046203426
1.6470985938310996 13.003879791421914 194.5063104283949 75.50291603450131 0.4498113295008437
1.6714522397750144 12.987988694166775 175.59988438820778 79.0816227750384 0.4582471954316103
1.6953875970341907 12.970480681214067 158.7105037342511 82.84599705264169 0.46697351413817645
1.7188513651263968 12.951271887189137 143.59810894855312 86.80886920589876 0.476012340249163
1.741867726253903 12.930437153908821 130.06404644895338 90.98227610119389 0.4853799404891893
1.7643478963348358 12.907824450283387 117.9324948415583 95.37944276019655 0.49509487944004055
1.7862751953729266 12.883427696529353 107.05413009744875 100.01485121707914 0.5051779825341778
1.8076204412976646 12.857212988595512 97.291498086907 104.90455801321306 0.515653209707681
1.8283486783207512 12.829164608000083 88.52251274243739 110.06467594487735 0.5265416205457492
1.848427997175506 12.799223909487338 80.63972475645375 115.5134166635944 0.5378689045081323
1.867825558381443 12.767377512069295 73.5393551177422 121.27076939360396 0.5496636928404547
1.886505822041301 12.733587893462618 67.15057502022559 127.35798562458217 0.5619553037738958
1.9044409700490457 12.697827876949681 61.38907520824163 133.7979781473459 0.5747748602380888
1.9215800498919295 12.660017317402685 56.196708788351685 140.6152624658252 0.5881546915677873
1.937933362038655 12.620282724384223 51.50418060926301 147.83796171452383 0.6021348565142106
1.953437249490695 12.578471522958903 47.26608533778453 155.49509487730094 0.6167531015800445
1.9680753881772592 12.53461628159447 43.43509882326529 163.61914817618847 0.6320532656718468
1.9818129822440727 12.488688183532151 39.96389954431006 172.24451698284906 0.6480792856805888
1.994619521409771 12.44067945496436 36.82321709136811 181.41024225333695 0.6648837506266144
2.0064754285166453 12.390581415435554 33.9779003314349 191.15800811505045 0.6825203137955492
2.01735799591034 12.338415193683876 31.39707245150863 201.5336793696918 0.7010479871008763
2.0272129361885844 12.284087562074598 29.053464454663036 212.5877443771213 0.7205315845872788
2.0360363773083585 12.227665511022618 26.92541599406972 224.37404622932382 0.7410364589201601
2.043822297488192 12.16918834586576 24.99284308839195 236.95498604356982 0.7626442647141445
2.0505110278901273 12.108565797575771 23.23552998363633 250.3957437105187 0.7854326185701352
2.05610860766834 12.045872973425563 21.636906948829687 264.7704397126383 0.8094935956913051
2.0604524130583823 11.981656638102072 20.20078582419574 280.2479334737924 0.9594951706318664
2.0620035501210916 11.918398081094388 19.046239131809898 297.6494594260962 1.2768985030162752
