M[M_sun], R[km], Lambda[1], P_c[MeV/fm^3], rho_c[fm^-3]
0.24162668629717493 15.618656898711224 2160425.4255784233 3.5677272577965504 0.1711233750220791
0.25364442905595713 15.277286152566447 1723014.6701671327 3.78484168246323 0.17388844822555166
0.2660419517852067 14.981221650523084 1382969.3252294818 4.0114478956548245 0.17666722197374835
0.2788180301967392 14.723463659012868 1116412.0126333907 4.247801303502728 0.17945836193958833
0.291974066172291 14.498330094392909 905780.1922421365 4.494527383585682 0.18226843969615986
0.305511262246212 14.301146286881474 738601.2867536269 4.751782709305905 0.18509318046262985
0.3194290077683725 14.128067807273812 605042.0364704663 5.020248033677162 0.18793916929348675
0.33373029010415456 13.97584877404343 497621.966882617 5.300149478612456 0.1908030695505292
0.348411796920724 13.841936309243668 410948.560286542 5.592213352922116 0.19369113100482183
0.36347667816968865 13.723881224527178 340623.4652217921 5.896609873871352 0.19659847078264017
0.37893020213445805 13.619937185268142 283254.1393964369 6.214201962169268 0.1995327450226801
0.39476540215365385 13.528374452429096 236362.1080326291 6.545244320836242 0.20249008359531734
0.41099235132261447 13.447811140616183 197831.150271799 6.890444844956644 0.2054742902804773
0.42760243035684203 13.376974434880818 166039.3716712401 7.250506339656642 0.20848839551873574
0.444600177077199 13.31484307048762 139770.23388284267 7.625684008134252 0.21152788523072
0.4619807793251318 13.260510560302915 117952.28822658339 8.016934460080387 0.21459903823847803
0.47975029661949553 13.213083101473636 99787.57638404763 8.424959436861721 0.21770344652678592
0.49790921976854796 13.17192472869208 84621.78795841702 8.850194832969713 0.2208385053497571
0.5164493669719743 13.136352759038065 71922.78134916766 9.293523980410155 0.22400776331783281
0.5353707226221387 13.105794822445587 61259.992820082116 9.7558273307553 0.2272140727792381
0.5546797134424847 13.079779510357573 52291.53330626612 10.2379126672578 0.2304587580328014
0.5743632290075289 13.057811856248307 44715.98727793509 10.740250139157943 0.23373850228000118
0.5944242553406444 13.039490409110076 38316.98144292393 11.264092974337645 0.23705959752058864
0.6148638854937488 13.024473321901834 32891.043490807766 11.810374295791622 0.24042359725665025
0.6356706023503873 13.012408640353575 28282.83322286731 12.380073507384115 0.2438321351540061
0.6568433773312906 13.00300985118047 24362.572699762866 12.973869762586212 0.247283049018343
0.6783777780650002 12.995971283247007 21020.801143450728 13.593109810246332 0.25078134580962225
0.7002680647212608 12.99105747946609 18166.225843766602 14.238982413328603 0.2543295559943447
0.7225057325156269 12.987987174006228 15724.695108579437 14.912677779938905 0.2579296651875483
0.7450970526476147 12.986651287766161 13629.522784349216 15.615211503659863 0.26158142653348765
0.7680196764124738 12.986764101118759 11831.967968593115 16.347878355998628 0.26528701830748375
0.7912683052226125 12.98814239601193 10286.330399167384 17.112281476382226 0.2690509946117188
0.8148470524887836 12.990658147766018 8952.897329667354 17.909876595675904 0.2728757893742551
0.8387305373523682 12.994141888592509 7804.460051669199 18.742007958726166 0.27676229213100706
0.8629131040004188 12.998414593603856 6811.15937169436 19.610062841314704 0.2807113635415275
0.8873980847315497 13.003368188059373 5952.805680140434 20.516107551435212 0.2847291803765605
0.9121570658658091 13.008859303493361 5208.991496165707 21.461937120762 0.2888187577795513
0.9371795670760292 13.014763305790444 4563.217697533114 22.449008731150812 0.29297979750856157
0.9624668523789373 13.020969415753802 4002.65276871289 23.479402736134222 0.2972165362374181
0.9879894068918513 13.027355859614833 3514.941267437153 24.555516448839114 0.3015348629800524
1.0137343709552893 13.033813945717897 3090.4188762172707 25.67926006213011 0.30593616708897553
1.039701859309439 13.040266084733954 2720.191578104668 26.852660517818954 0.3104221909493242
1.0658562358055497 13.046601001750526 2397.0353654102737 28.078784733845204 0.31500143679703446
1.0921912199231836 13.052727007766746 2114.708070151076 29.35964893958191 0.3196740793297193
1.118691843100151 13.058560300099616 1867.4944414219406 30.698088399106 0.32444534399227637
1.1453255754221665 13.064017050987163 1651.1529533667376 32.09742277358725 0.32932274289546537
1.1720914929591892 13.069027115733267 1461.3066890622165 33.559679357185786 0.33430452997020216
1.198950820855662 13.07348489445066 1294.772386047197 35.08936157332612 0.33940400444977437
1.2258988877168673 13.077349637842385 1148.4857826799803 36.68844347093146 0.34461762311451644
1.2528971503922355 13.080507092315516 1019.6386879637489 38.362026562066895 0.3499601245905413
1.2799413151836458 13.082947852335442 906.2249079099493 40.11240666163013 0.3554284019109148
1.3069943838024893 13.084551560939966 806.3509313673459 41.94495228041355 0.3610364098804483
1.3340261834400338 13.08524448073223 718.1357261426023 43.863256981708794 0.36678668983901436
1.3610365915309612 13.085029227087324 640.2588931439191 45.871902586657434 0.3726863958581325
1.3873152814026097 13.083480681465451 572.8687655274009 48.00242732139817 0.46786910999565523
1.406335831529868 13.074677538005021 526.1092767909822 50.469979885782564 0.6984665398563559
1.4184349860007985 13.055020134470128 493.54219494417896 53.342315871309815 0.9199614299762522
1.4253375913194972 13.024831904806458 469.49239885067516 56.62481148439385 1.1358469257236115
1.4282411860965731 12.984895590169168 450.8818041242447 60.32687119969857 1.3524919392502037
