M[M_sun], R[km], Lambda[1], P_c[MeV/fm^3], rho_c[fm^-3]
0.24162668629717493 15.618656898711224 2160425.4255784233 3.5677272577965504 0.1711233750220791
0.25364162393750317 15.277350414224207 1723216.8528538588 3.784792908403023 0.17388784028042056
0.266037135399384 14.981301472432374 1383118.0376136687 4.011345362821151 0.17666598292496413
0.27881068517265106 14.723587414623637 1116477.8718487036 4.247641543024788 0.17945650895879814
0.2919633838851932 14.498522596402985 906004.9766159691 4.494306203200949 0.18226597680124257
0.3054959257318432 14.301372591425848 738784.9383338959 4.751492598889773 0.18509004671645157
0.3194108173951139 14.128263905920084 605195.8615647429 5.019886856182306 0.1879354219375759
0.33370691313680895 13.976060979695607 497758.8772176029 5.299707725208279 0.19079862182675061
0.34838572237880094 13.842151524413076 411104.50717851054 5.591689920640005 0.19368606665350116
0.36344600658104054 13.724116241513187 340719.926197308 5.895993003072587 0.1965926770015544
0.3788976193112762 13.620109935846953 283370.0687771293 6.213484187845928 0.1995261997851078
0.3947259805825663 13.528586702223196 236458.08975202797 6.544426388202126 0.202482911431089
0.41094891204072265 13.448009478053997 197922.9296309595 6.889510963894099 0.2054663369574607
0.4275541973351308 13.377169025515023 166135.38540812177 7.249447746767672 0.2084796380510594
0.44454686364917656 13.315042127300094 139846.3659963494 7.624503629240774 0.21151848865574677
0.46192508467093407 13.260660496433172 118020.17758966432 8.01561170660988 0.21458880567098343
0.4796866318996234 13.213247260624144 99847.22473481529 8.423483994230777 0.2176923532608322
0.4978397817871993 13.172087570083878 84669.53800177458 8.848572141347026 0.22082675636908605
0.5163762176913824 13.136474484729481 71965.48577389042 9.2917277796782 0.2239951179526998
0.5352909687208673 13.10590647216387 61298.94621510069 9.753845442274331 0.2272005037216227
0.5545937785833597 13.079871278828143 52320.38978222688 10.235734282050371 0.2304442639138725
0.5742712423404001 13.057916839106095 44749.31677300165 10.7378805120907 0.23372328854021085
0.59432654581471 13.039569090419887 38011.050706122274 11.261498579486176 0.2370433876946077
0.614759393587705 13.02453545708756 32917.002940070466 11.807539806808297 0.24040635883439118
0.6355550637139321 13.012485677756812 28307.43788349799 12.37698264175361 0.24381383390925648
0.6567258150822485 13.003061446908779 24382.99006214365 12.97053671404615 0.2472639986796689
0.6782531011085824 12.99599891259905 21038.411672306764 13.589487249010288 0.25076117635920214
0.7001374687953482 12.99106480683094 18181.75436684375 14.235050915942692 0.2543082274291494
0.7223676720559576 12.987999327970918 15737.050656195068 14.908416674960957 0.2579071351192942
0.7449497702734122 12.986648633057031 13641.391385785195 15.61064036671709 0.2615580619135912
0.7678674530719609 12.986751815352296 11842.211803431552 16.342935284761815 0.2652623783371333
0.7911083865640183 12.98812084152042 10294.566310591743 17.106941662770147 0.2690250289063358
0.8146781455487466 12.99065408221129 8961.416704431918 17.904113586869116 0.27284844430954175
0.8385557244195464 12.994115320995345 7811.758069368265 18.735847315849874 0.27673398716459274
0.8627328119788271 12.998387168792036 6818.71412396591 19.603424461741564 0.2806815813189897
0.8872030522668267 13.003332709639633 5959.309751729121 20.50895948506457 0.2846978564413991
0.9119600610533407 13.008819104482495 5214.392214152897 21.454245229637216 0.28878582332922653
0.9369741391750723 13.014705014545624 4568.160195818748 22.4408050566697 0.292945724115231
0.9622489971995583 13.020906237929601 4007.3203466328346 23.47058432916827 0.29718072206652535
0.987769114065993 13.027299236339474 3518.8515610972427 24.546041802407625 0.3014972247076059
1.0135067783553027 13.033762400323955 3094.2061398835754 25.669165851004 0.3058972115842046
1.0394662701377713 13.04020821205628 2723.3279767053878 26.841823339857456 0.3103812500424314
1.0656144644564414 13.0465534166688 2399.7083070374765 28.0671538612573 0.3149584091418408
1.0919390969587377 13.0526692747797 2117.293438291742 29.34726559381087 0.3196295068883566
1.1184339987457903 13.058504624025215 1869.9201349005039 30.684804737895615 0.32439848501659696
1.1450602325177632 13.063970520180295 1653.116695711526 32.0832821515253 0.3292741571108558
1.1718198364413117 13.068979535601427 1463.201926041686 33.544515909419985 0.3342534275878145
1.198670010851906 13.073444732689877 1296.3605714892974 35.07310373306409 0.3393502441795383
1.2256082738049812 13.077317852026864 1144.6873492967536 36.671138416494884 0.3445617996876689
1.2526046750022846 13.08048014470863 1020.9626690357604 38.34353710344875 0.34990172107722634
1.2796431497264698 13.082925313273455 907.3964835488698 40.09265733845791 0.35536730410284256
1.3066833130075568 13.08451907943691 807.364586745705 41.923923368476075 0.3609728362937951
1.3337161969628228 13.085231260657826 719.1716071005535 43.84071271742216 0.36671967662651955
1.3607209478390798 13.08503661791938 641.1317446188613 45.84789020688862 0.37261657111960006
1.387649477262165 13.083787510410474 572.2544043337477 47.950695698921976 0.37867297274187045
1.414503555559104 13.081503308381654 511.2376947226492 50.15377388570492 0.3848939779829508
1.4412312621882482 13.078080075393283 457.2376704881906 52.46254853000661 0.39128763186857246
1.4678174808154343 13.073473387447795 409.3459792435489 54.88332677926457 0.39786507745548266
1.4942226713969737 13.067616900698292 366.83159732206303 57.42229167672785 0.4046353643218125
1.5204328448602813 13.060485336213185 329.11594568205487 60.08606376376914 0.41160825119328076
1.5464153380381434 13.052010097915202 295.54386519884946 62.881740458154574 0.41879426431681893
1.5721303760404872 13.04214400181878 265.68851322837116 65.81693920158455 0.42620476059762846
1.5975530455573106 13.030830856820963 239.12110988230046 68.89984475901986 0.4338519960572242
1.6226411546948138 13.018029156648748 215.4168578606576 72.13926109984781 0.44174920023827857
1.6473917761759274 13.0037007222673 194.270150752434 75.54466834485444 0.44991065725771434
1.6717412213787919 12.987785198849075 175.37945326437455 79.1261423732106 0.4583511972853312
1.695679552211806 12.970254189214787 158.50151695992034 82.8935674603532 0.46708283079655
1.7191505157164642 12.951052922100379 143.40694898524265 86.85981007084979 0.47612769624489465
1.7421485554871914 12.930139299579876 129.89769881981277 91.036608632861 0.48550081037306264
1.764633089725741 12.907516951907043 117.77872683984688 95.43769002396668 0.4952226869427342
1.786559179154398 12.883093395553356 106.91643350878448 100.07706392003817 0.5053122348481417
1.8078991110703055 12.856858747469301 97.16977502699575 104.97105856508523 0.5157944237689722
1.8286137932114652 12.82874674618583 88.4113861652428 110.13609717023516 0.5266914021707
1.8486967162581933 12.798804151119718 80.53642222031256 115.58987053371837 0.538026831821606
1.8680867831764103 12.766922163833424 73.44787096151556 121.35267611076533 0.549830424901132
1.8867626703882807 12.733098428580375 67.06722672205072 127.44580474353796 0.562131556044919
1.90469008601227 12.697306314631728 61.30928614553468 133.8918899691328 0.5749602713336579
1.921837678345187 12.65952060390535 56.123429384415275 140.71612843476032 0.5883512168326623
1.9381594640262343 12.619656061303363 51.43284647741467 147.9463854426587 0.6023434149496949
1.9536653940634998 12.57784987573885 47.206513316887275 155.61138250719594 0.6169734782792514
1.9682864903979969 12.533946002958288 43.37688505086709 163.74436912389714 0.6322877336355744
1.9820126237056384 12.487979055987674 39.91418992774153 172.3790895806161 0.6483277592685022
1.9948108390796342 12.439929545670989 36.776885958546266 181.5550192425558 0.6651474639199232
2.0066506212469184 12.389786788384262 33.93393539020987 191.31392897357847 0.6828006145929145
2.0174846940529334 12.337632419387061 31.36165156152646 201.71374220153152 0.749428524656276
2.024778799524583 12.286412723649125 29.346482996102505 213.48794284491396 1.1309067726848956
2.0266857700688448 12.233477673074672 27.91953826175755 227.18489385256368 1.5160359236115857
