M[M_sun], R[km], Lambda[1], P_c[MeV/fm^3], rho_c[fm^-3]
0.24162668629717493 15.618656898711224 2160425.4255784233 3.5677272577965504 0.1711233750220791
0.2536433880392713 15.277286907485832 1723216.0211008748 3.784808582470246 0.17388803565010708
0.2660381061311292 14.981303601197636 1383039.292104472 4.011378312642234 0.1766663811041063
0.2788122038014234 14.723597114519194 1116495.6297910996 4.247692883141202 0.17945710442678064
0.291966417643665 14.498484892504708 905912.3591329246 4.49437728060711 0.18226676826465638
0.30550103050035926 14.301289115954118 738667.2222244622 4.751585826748948 0.1850910537552587
0.3194162312674344 14.128207038077143 605181.4870139747 5.020002921012103 0.18793662615498197
0.3337143028092445 13.97598279648222 497723.60028618807 5.299849682385502 0.1908000510999757
0.3483937870125162 13.842085206531168 411030.91468054027 5.591858124367537 0.19368769407083627
0.36345464592387877 13.724063838007481 340666.5288439886 5.896191231928397 0.19659453880891786
0.378908822719455 13.620038142829259 283335.00488371344 6.213714840336459 0.19952830305809774
0.39473807779101866 13.528552369488493 236424.37533819454 6.54468922462314 0.2024852161514267
0.41096346629411634 13.447939759893563 197895.12927500528 6.889811057811773 0.20546889268319316
0.4275696478974325 13.377120747872164 166105.23195434458 7.24978791380436 0.2084824521657766
0.4445630397834178 13.314984592989472 139822.65282514627 7.624882929000481 0.21152150812572298
0.46194435442184534 13.260602373183147 117996.7040897937 8.016036754349525 0.2145920937588859
0.47970706819368925 13.213207497785568 99827.24641762771 8.423958103895616 0.2176959179027186
0.4978629078666575 13.172017141391699 84656.46941984106 8.849093564649602 0.22083053169658376
0.516398844817902 13.136434934273701 71947.37920182389 9.292304954026704 0.2239991812960959
0.5353149109383167 13.105885712624614 61287.39683811398 9.75448228044096 0.22720486385280952
0.5546211953343166 13.079855067708715 52309.029231071996 10.236434934536279 0.23044892998610322
0.5743020221283542 13.057865373157092 44737.702045877595 10.738641934477158 0.23372817710779106
0.594356866082062 13.039552509485157 38335.28218945505 11.26233222123755 0.23704859630335612
0.6147922987547862 13.024535588112652 32909.68284081727 11.808450591880142 0.24041189792723933
0.635592594805837 13.012439882209684 28299.724637452924 12.37797580126038 0.24381971448039144
0.6567632982264524 13.003029706916283 24375.423810420794 12.971607687295105 0.24727011992358666
0.6782939646391956 12.99600197820265 21032.75497043211 13.590651242305736 0.25076765716201876
0.700180109288247 12.99106101503903 18040.57837272065 14.236314169387466 0.2543150806407404
0.7224110943808808 12.988000586652687 15733.382875509755 14.909785829552906 0.25791437435572856
0.7449984151372866 12.986654356546786 13637.818002312251 15.61210913277247 0.26156556927139524
0.7679164286988683 12.98675354145459 11838.720874517601 16.344523549951102 0.2652702954407512
0.791159479362348 12.988128906739144 10291.771311943585 17.10865739690809 0.2690333719404523
0.8147321902367524 12.990656218684908 8958.845678118327 17.905965288102834 0.2728572304994928
0.8386120503653388 12.994123940553582 7809.624173124927 18.737826771693594 0.2767430817399967
0.8627901033318862 12.998386544438254 6816.388255421746 19.605557406422434 0.28069115049659493
0.8872619179584753 13.00334993503694 5956.755040141362 20.511256182585544 0.2847079209260446
0.9120226117329913 13.008829527058031 5212.690667337085 21.456716646779558 0.2887964052217398
0.9370404960331846 13.014719635028444 4566.540484565934 22.443440899320297 0.29295667190498037
0.9623172858003127 13.020919525266104 4005.726665305066 23.473417670366416 0.2971922291069987
0.9878411724426439 13.027327108480486 3517.6850438414544 24.549085975976407 0.30150931776405765
1.0135803301782447 13.033772636975524 3093.0696164195574 25.672409074576567 0.3059097278085807
1.0395418176371183 13.040226611149992 2722.293266602808 26.845305256222975 0.31039440409547325
1.0656915177670923 13.046558792857786 2399.059926560092 28.070890766040645 0.31497223357756515
1.0920208537592115 13.052682962839073 2116.6364215706303 29.35124424432379 0.31964382758729926
1.1185166805199545 13.05852398749338 1869.1445207402473 30.689072627169054 0.32441354027256136
1.1451461157008793 13.063981950931012 1652.5162863033568 32.087825351840166 0.3292897670996504
1.1719068262622907 13.068994123853583 1462.67250816366 33.549387702563706 0.33426984603301174
1.1987609815658855 13.073451837319633 1295.8739753542613 35.07832710812395 0.33936751646480107
1.2257048309070047 13.07731986391576 1149.4596334104942 36.67669821779377 0.3445797347460204
1.252698822418606 13.080489289344019 1020.4964189206703 38.34949728742112 0.34992060163344857
1.2797379049049586 13.082930050069786 907.0055889273092 40.09900237043338 0.35538693351203643
1.306781659894936 13.084522989910344 807.0302124534744 41.930679471248226 0.3609932610160204
1.3338164760889035 13.085231965871104 718.8287264919246 43.84795562300569 0.36674120628766876
1.360823495657168 13.085037886612207 640.8443437012286 45.85560474151126 0.3726390039383424
1.38775229325827 13.083779973793973 572.0248357142985 47.95891480706586 0.3786963669768338
1.4146076301017423 13.08149254297996 511.0084131551554 50.1625876735057 0.38491867518766804
1.4413300176796844 13.078045773421032 457.04831803017066 52.47194300835045 0.3913134255862978
1.4679233361733237 13.073452021586535 409.1656531260557 54.893343537180854 0.3978920407663187
1.4943319330650464 13.067591594497346 366.67436123945697 57.43297567158464 0.40466357595459806
1.520542142248863 13.060452659340013 328.9583371381327 60.09746362280816 0.4116377959894
1.5465249051236218 13.051972145237512 295.40132221767425 62.893908810108066 0.41882523373996744
1.5722414500648052 13.042096542125831 265.5639083410775 65.82993304172588 0.42623725329447215
1.597664269294472 13.03077722844476 239.01361432187832 68.91372585140364 0.43388611847445774
1.6227509047709754 13.017965026306848 215.3205898745906 72.15409642095939 0.44178506730225275
1.6475030073753354 13.003632099556905 194.17490787732225 75.56053057340992 0.44994839312353974
1.671851898417567 12.987704423961617 175.29912387260373 79.14302762665365 0.45839059038843394
1.6957897697335729 12.970164960771891 158.4242438095483 82.91164044012135 0.46712436245142014
1.7192546566370321 12.950926304006042 143.33940072403712 86.87916378860318 0.4761715228933958
1.7422566433553155 12.930033216888253 129.8266563162429 91.05725114531286 0.4855467323650323
1.7647373148605692 12.907393453245525 117.72648645294966 95.45982013591882 0.49527124534977107
1.786665669589775 12.882968706141654 106.86560743777291 100.10070089920411 0.5053632424237204
1.8080050933536964 12.85672231281618 97.12514935329372 104.99632495134503 0.5158480769931553
1.8287173103873455 12.8286004955099 88.36843762733234 110.16322264587943 0.5267482709590342
1.8487982670109593 12.798645405310499 80.49559637386139 115.6189193586443 0.5380868366699242
1.868187158528916 12.766750816297387 73.41169750672694 121.38379715004292 0.5498937759325127
1.8868598023583047 12.73291240539059 67.03529575030977 127.47917267651876 0.5621985252201641
1.9047846928057026 12.697109173427982 61.28155673334789 133.9275733186404 0.5750307213451676
1.9219300621331523 12.659307705220806 56.09673437448375 140.75445466058946 0.5884258908953046
1.9382466587235438 12.619432020546093 51.412686286534786 147.98758399556624 0.6024226624159684
1.9537576718194665 12.577639660795686 47.18135985536098 155.65556974923732 0.6170572175261251
1.9683675519225765 12.533693859973456 43.35670368280198 163.79191090335155 0.6323766909460536
1.9820875905825337 12.487707217661276 39.89560353192147 172.4302263005435 0.6484221776306749
1.9948818364155296 12.43964537392593 36.75959996526693 181.61003438188683 0.6652476747590428
2.006715191516998 12.389488777963345 33.91708468443923 191.37317968721692 0.6829071303114278
2.017575563815141 12.337244217699501 31.340436560756473 201.76566067231417 0.7014597310299625
2.0274167458411165 12.28287490936349 29.002747964716058 212.83753034061831 0.7209685701861974
2.036232304901092 12.22642647508046 26.88035779166626 224.64394726149268 0.7415029892796963
2.0439834350656776 12.167849728648505 24.9514009314179 237.24631630472064 0.7631410095714604
2.0506500397132057 12.10716373999106 23.197153646092847 250.71123859450984 0.7859644716304273
2.0562239291936963 12.044412967130976 21.602335430978933 265.11181631533884 0.8100616661917613
2.0606839133495285 11.97960313092804 20.14949404770416 280.5299487582524 0.8355329431024476
2.0639964086206253 11.912725372055204 18.82828537005414 297.05492056205856 0.8624839769020345
2.0661648859912636 11.843844261903381 17.62451612420415 314.78718393932814 0.8910356743900535
2.0671652830453144 11.772970460178428 16.529191267284716 333.83620644253176 0.9213143045661968
