M[M_sun], R[km], Lambda[1], P_c[MeV/fm^3], rho_c[fm^-3]
0.24162668629717493 15.618656898711224 2160425.4255784233 3.5677272577965504 0.1711233750220791
0.25364446802822743 15.277272416571217 1723051.433140095 3.7848435902931197 0.17388847200573088
0.2660422649918311 14.981219913566628 1382991.3646930791 4.01145190633308 0.17666727044042813
0.278819977083844 14.723442323368928 1116380.3389817611 4.2478075527570605 0.17945843442152118
0.29197479817696287 14.498353741594052 905825.2207730565 4.494536035442847 0.18226853603659737
0.3055124141105885 14.301141385108906 738571.8688150091 4.7517940575845845 0.1850933030456981
0.3194298380787929 14.12804736794157 605033.1370010426 5.0202621620151335 0.18793931588044624
0.33372995071219724 13.975870991208208 497624.4402839562 5.300166759026263 0.19080324353562286
0.3484127308348577 13.841885855866945 410927.85611145326 5.592233828601309 0.1936913291126507
0.3634780641618028 13.723870254763757 340630.63091075496 5.896634004896727 0.19659869742633718
0.3789324790789959 13.619908071530137 279330.61898511945 6.2142300406242255 0.19953300106438066
0.3947667329585654 13.528372119547852 236360.03852623104 6.5452763176125375 0.20249036416381994
0.4109940682771147 13.447782180539198 197825.07334415612 6.890481377836441 0.20547460140981208
0.4276040718884584 13.376969421282375 166042.06998077166 7.2505477515360495 0.20848873810860113
0.4446019504378243 13.314855169968846 139769.07671973645 7.625730184596038 0.21152825282504717
0.4619830019486883 13.260490271360405 117947.17809891465 8.016986206665623 0.21459943854015015
0.4797532213699327 13.2131007293636 99795.84827007553 8.425017157173288 0.21770388050283737
0.49791226910421305 13.171914121524724 84620.3823105876 8.850258314217523 0.22083896498111472
0.5164531718441526 13.136336406030198 71920.07710599757 9.293594250067448 0.22400825802060095
0.5353737379544119 13.105790944166467 61257.34278612777 9.755904865377365 0.22721460362230222
0.554683444391827 13.07978584313609 52288.374223867955 10.23799714273808 0.23045931546424214
0.5743678544990132 13.057803588950488 44716.51919942139 10.740342844111344 0.2337390974745184
0.5944278158568856 13.039489164439548 37982.403690226754 11.264194473501766 0.23706023168920282
0.6148679231567719 13.02447022783684 32890.633985220404 11.810485188914749 0.24042427167185995
0.6356746841593532 13.012432215517302 28282.515727990245 12.380194431637324 0.24383285115548228
0.6568479977055394 13.002994467833311 24361.883501577307 12.974000162656992 0.24728379433167452
0.6783818644808015 12.995979086337073 20857.838249574485 13.593251538147491 0.2507821349126047
0.7002738237215511 12.991051093310833 18165.287360844195 14.239136229163078 0.25433039045275374
0.7225109727982977 12.98799204942281 15723.563746479203 14.91284449265517 0.257930546660522
0.7451025122973877 12.986650260735855 13532.228940483186 15.6153903473292 0.2615823406636936
0.7680263721855277 12.986766031511806 11831.519753178909 16.34807175296111 0.26528798234283607
0.7912740718556743 12.988150918596048 10286.016398839407 17.112490397493783 0.26905201052433764
0.8148504800912155 12.990683345716345 8952.51224754974 17.910102076168847 0.2728768592630715
0.8387373392067308 12.994138387856545 7804.119587322503 18.742248998414176 0.27676339958365614
0.8629195927603236 12.998433903664528 6810.841294083256 19.610322574884158 0.28071252880224823
0.8874062648274684 13.003378612887213 5952.677485221763 20.516387229288924 0.28473040596828014
0.9121653578863391 13.008860387907351 5208.867121336631 21.46223807894054 0.2888200463953182
0.9371862123428796 13.014773971522212 4563.013750249641 22.449329715823946 0.29298113069615284
0.9624745188617684 13.020966777006945 4002.622738899523 23.479747776232987 0.2972179375477806
0.9879987201045191 13.027354765701498 3514.857192050748 24.55588716884834 0.30153633567466
1.0137452767306658 13.033809401065602 3090.6682482655224 25.679655026845907 0.3059376913338797
1.039710766115259 13.040276927929854 2720.0637639673896 26.853084556773236 0.310423792892137
1.0658649968462206 13.046596875005774 2396.9497091853464 28.07923983246284 0.3150031204047132
1.0922007548314063 13.052729325991058 2114.6937431814877 29.360133484663717 0.3196758233945016
1.1187019189744891 13.058560343799426 1867.403404947771 30.69860817689324 0.3244471775421016
1.1453364990428636 13.064012956245202 1651.0807359169837 32.097976087352166 0.3293246440270624
1.1721016538528544 13.069029202896976 1461.2526297206985 33.5602726986947 0.33430652959226326
1.1989603042480184 13.073481330254102 1294.6910822652587 35.08999774376425 0.3394061080929471
1.225909580855281 13.077346819077324 1148.4127948382622 36.68912062384672 0.34461980750500004
1.2529084320845127 13.08051171956675 1019.5963525293469 38.362747446153165 0.34996239458542033
1.2799528265718423 13.082947176912567 906.1922125884009 40.113179472457205 0.35543079272943434
1.3070055229028463 13.084552850298625 806.298020966526 41.94577516907906 0.3610388975975512
1.3340387452283577 13.085242194578585 718.1393981875793 43.8641391764411 0.3667893121779963
1.3610494436398324 13.085029032506604 640.2329005870496 45.87284223858023 0.37268912823828193
1.3879892409607673 13.08378343513267 571.4301577723548 47.97727987931594 0.37874863990083185
1.414827977926597 13.081451621102872 510.5572284349495 50.18044329445363 0.38491880166502057
1.4354612840608096 13.07406990062589 466.7047564418273 52.715773659536026 0.6933895692643808
1.4464852231080627 13.054443686678232 440.00538966704204 55.77849125074009 0.9756524333343894
1.4509139394388701 13.022741678670148 422.4276952013887 59.366970089954954 1.2400226887166925
