M[M_sun], R[km], Lambda[1], P_c[MeV/fm^3], rho_c[fm^-3]
0.24162668629717493 15.618656898711224 2160425.4255784233 3.5677272577965504 0.1711233750220791
0.25363820191871983 15.277429553525447 1723250.6609726504 3.784726836151958 0.17388701672168536
0.2660294341208759 14.981512087223933 1383228.2717035972 4.011206468719174 0.17666430447171144
0.27879756313714654 14.723867364852158 1116758.413038013 4.247425131111333 0.17945399890672786
0.29194691535114065 14.498758363357977 906220.8240161457 4.494006597810815 0.18226264062568864
0.3054759497018813 14.301618327574 738938.2650592631 4.751099630686409 0.18508580190986415
0.3193862220914125 14.128530594116882 605357.1551832152 5.019397633783361 0.18793034606636436
0.3336775161098627 13.976334812185272 497978.11946356634 5.299109373057029 0.19079259741343327
0.3483501507575836 13.842457878139419 411265.82808099006 5.590980948214495 0.19367920715025275
0.3634053161525373 13.724400885909331 340889.58363030927 5.895157487494005 0.1965848296624264
0.3788500255393626 13.620412423833887 279597.77935460757 6.212512023206588 0.19951733481415942
0.3946740679556455 13.528858496057413 236605.49913588064 6.543318587255711 0.2024731975133547
0.41089001310889856 13.448262099165424 198038.08757916567 6.888246147481634 0.20545556525013253
0.42748906944005655 13.377421459634599 166250.38155321265 7.248014052088094 0.20846777746239972
0.4444746401948985 13.31526971514027 139944.48168469488 7.622905022004792 0.2115057627142473
0.46184575538147943 13.260895001083941 118100.86932158426 8.013820312417716 0.21457494778862704
0.4796001984116459 13.213460795781176 99924.25377723611 8.421485851396737 0.21767733002007267
0.49774721862952465 13.172263679279617 84745.00544576252 8.846374619898766 0.220810845374872
0.5162746383392194 13.136654583896004 72031.51587776004 9.289295328936028 0.22397799334782928
0.5351812314512134 13.106099828059353 61358.86670561732 9.751161578424014 0.2271821285690515
0.5544771574595094 13.080015768022324 52374.00881520392 10.232781520044655 0.23042459967079063
0.5741475351687332 13.05801117263572 44792.34557848546 10.734671682951682 0.2337026868631675
0.5941962366433321 13.039705846674108 38383.56610351697 11.257985444485122 0.23702143756354638
0.6146177416106712 13.02463312384768 32950.36660040607 11.803701623413561 0.24038301627548359
0.6354067260718534 13.01255225633746 28337.915277216587 12.372797373844747 0.2437890526274088
0.6565612464993054 13.003096740793824 24410.309295527586 12.966023580282739 0.24723820345777484
0.6780846369735593 12.996044620038921 21062.999839298056 13.58458218671299 0.25073386628647565
0.6999597981013087 12.991110530738217 18203.035902821568 14.229727639729607 0.2542793483958908
0.7221807057934153 12.988028737842832 15756.519350602024 14.902647211180357 0.25787662978947035
0.744752043600734 12.986670108256984 13657.931879977463 15.604451216806584 0.26152642708467405
0.7676604168002283 12.986743971078376 11857.066186157863 16.33624266971659 0.26522901732969867
0.7908903998908898 12.988121298586874 10308.06524433535 17.09971201304049 0.2689898735678653
0.8144518626593336 12.990620757428179 8973.764969541995 17.896311108088668 0.27281142210563253
0.8383181381967862 12.994085864383498 7821.951629041627 18.72750660750725 0.27669566592535677
0.8624846533941727 12.998337798972017 6827.983372873662 19.594437123303372 0.2806412607994353
0.8869455056372627 13.003276253949121 5967.440273981417 20.49928228624576 0.28465544945570165
0.911691141135257 13.008764894542578 5221.9332291202745 21.44383198092165 0.28874123681376784
0.9366964735967371 13.014644335421107 4575.141496037698 22.429699123278773 0.29289959639068464
0.9619601604731898 13.020838072568925 4013.1317791744646 23.458646407463768 0.2971322386193812
0.987470663515636 13.027223285621673 3524.3170738005747 24.53321573603663 0.3014462728347336
1.013199322362934 13.03368371029645 3098.6993567277036 25.655501271154233 0.3058444773389148
1.0391471919937207 13.040131972702312 2727.5863243069357 26.82715328052294 0.31032582919989654
1.0652868657494134 13.046467372407049 2403.5974565228403 28.051409695551676 0.31490016462680775
1.091600504394099 13.052595326075362 2120.5671982693284 29.330503100414095 0.3195691722043516
1.1180848849505804 13.058431077565233 1872.7957079007497 30.66682389905061 0.32433505644244187
1.1447013131789945 13.063890979267425 1655.9927815006697 32.06404296305712 0.3292077538645264
1.171451914994695 13.068909442809787 1465.6351747285842 33.52399131400528 0.3341842575850926
1.1982985721310238 13.073396863765362 1298.6305791056845 35.05109825781529 0.3392774780385883
1.2252264088488662 13.077262133840831 1151.8851735037542 36.64771589037374 0.3444862422441312
1.2522091294687616 13.080431060445317 1022.7096708918153 38.31842819978553 0.3498221815748402
1.2792395298519748 13.082890509372136 909.014714415662 40.06592747936445 0.35528461084867635
1.3062719147734017 13.08450095358734 808.7960791388491 41.895462130524294 0.36088679365960824
1.3332945406840195 13.085229384086482 720.4030297604697 43.81020120555557 0.3666289806338601
1.3602946961256468 13.085048848009958 642.344446474138 45.81539231886831 0.37252207167574136
1.3872165901962235 13.08381829293554 573.2980469075411 47.91607271451333 0.3785744245517009
1.4140549218384386 13.08153378857498 512.155894473245 50.11664640718423 0.38478994269660305
1.4407851287695377 13.07814592890405 458.0885669017497 52.422975462251166 0.3911789790512632
1.467364459977975 13.073561621138426 410.116528203604 54.84113301307226 0.3977514994252763
1.493767747939755 13.067729084603075 367.5352123108773 57.37728792452204 0.4045165296211019
1.51997296914091 13.060626210159082 329.7236054365807 60.03804529074 0.4114838026373164
1.5459523988172224 13.052176068304343 296.1130345360244 62.830485686846984 0.41866381684890613
1.5716639388834335 13.042335640201316 266.201345014306 65.76220817584851 0.4260678989302661
1.5970803311594906 13.03104374124328 239.58056487151703 68.8413774515221 0.433708272076013
1.6221740485770868 13.018273745271795 215.8374689349195 72.07677554540327 0.4415981301426689
1.6469228942740672 13.00398591430806 194.65228941626629 75.47785857963795 0.4497517184095432
1.6712765361468782 12.98811056006333 175.73435427800612 79.0548191082656 0.4581844217408336
1.695199138330443 12.970600862405217 158.81914096902062 82.81744859503746 0.46690790986574854
1.7186954105246501 12.951460933323386 143.6932967213366 86.77829845831118 0.47594311254697114
1.7416945576856304 12.930601262097197 130.16067048487594 90.94967033294617 0.48530740465659
1.7641758300638632 12.908006190130612 118.02095245336969 95.34448821299459 0.49501818135850834
1.7861064512821436 12.88362729453748 107.14045782243645 99.9775174656116 0.5050974179181897
1.807453071276788 12.857434183429701 97.36844519423269 104.86465166071089 0.5155684684844957
1.8281830173745983 12.829395369259416 88.59036550793398 110.02181741928744 0.5264517394274444
1.8482660835211404 12.799478487843015 80.69990823463102 115.46753879291286 0.5377741366585402
1.8676657273783805 12.767647377629237 73.60081445457773 121.22162013799289 0.5495636429672234
1.8863446525504908 12.733853790492034 67.20140202215411 127.30528934688769 0.561849542765034
1.904290796066318 12.698141697917436 61.43399028335712 133.7416266850265 0.5746636049544964
1.9214412750244247 12.660380294524371 56.23724120561085 140.55473916824934 0.5880367691682626
1.9377868873288757 12.620606323584028 51.54118923438246 147.7729045665519 0.6020097158532917
1.9533078238802064 12.57885921383427 47.30016729021685 155.42532024895385 0.6166208716747881
1.9679538767755074 12.53503532489749 43.466380122500205 163.54401473444034 0.6319125832587452
1.9816936963323015 12.489121512293998 39.99242135922389 172.16377382364115 0.6479302022653858
1.9945061526313093 12.441129037261774 36.85041703998497 181.3233779848051 0.6647255261570424
2.0063689823118493 12.391057988773465 34.000937943096076 191.06445934510566 0.6823521400498707
2.0172592257057627 12.338917842623525 31.417630080069838 201.4328246552406 0.7008689799312227
2.027120268136735 12.28460717217429 29.073867358656976 212.47891859376062 0.7203408447046501
2.035956731197378 12.228219060814338 26.945036187720962 224.25671123684953 0.7408336425923183
2.04375052437571 12.1697683214366 25.01053124785434 236.82832029301943 0.762428260367156
2.0504571342188687 12.109190745308233 23.251618507960035 250.25859444855197 0.7852014159155278
2.056057913113272 12.046508879273114 21.65207911757774 264.62204318809665 0.8092466552528115
2.060553040441792 11.981791009113126 20.196098460914218 279.9994874031463 0.8346615748562619
2.063907760343741 11.915023935992249 18.870397271623474 296.48028935445785 0.861552971382661
2.0661100247734683 11.846218572908278 17.663847123289337 314.16298061251 0.8900364476351631
2.0671499165431877 11.775443682186637 16.56568757050813 333.1583175469187 0.9202436332049588
