M[M_sun], R[km], Lambda[1], P_c[MeV/fm^3], rho_c[fm^-3]
0.24162668629717493 15.618656898711224 2160425.4255784233 3.5677272577965504 0.1711233750220791
0.2536444774523223 15.277252697813628 1723155.8542811926 3.7848292516567494 0.1738882932815457
0.26604028401537655 14.981275062553406 1383002.0482899244 4.011421763434343 0.176666906181286
0.27881690938356624 14.723473468245341 1116311.4066409904 4.247760585584819 0.1794578896731012
0.29197134916283396 14.49839361882282 905814.6201601774 4.494471011305019 0.18226781197773134
0.30550756155264625 14.301196053074001 738618.5242866855 4.7517087683361146 0.18509238175903764
0.3194250626468754 14.12810524546395 605069.7658105298 5.020155979145696 0.187938214192193
0.33372262583144635 13.975987170028464 497679.4351328301 5.3000368867123315 0.19080193593691872
0.3484051015146894 13.841993048788389 410985.3825463369 5.59207994232923 0.19368984022063568
0.3634689051746971 13.723936362838332 340636.7304992936 5.896452647021615 0.1965969940747947
0.37892268625478875 13.619971879007442 283284.48801978194 6.21401901609732 0.19953107677478535
0.3947554277497773 13.528423185864991 236393.59806722007 6.545035845277914 0.2024882555463075
0.4109811255803963 13.447835237290288 197851.40487919332 6.890206814902201 0.20547226311664823
0.42759004806862716 13.377026247420156 166071.81992512578 7.2502365211082 0.20848616337903306
0.444585825653236 13.314898352914133 139795.44940148474 7.625383146649614 0.21152549017984898
0.4619681585938394 13.260551707091125 117974.99555505971 8.016597307391283 0.21459643008985158
0.4797333184363694 13.2131323870736 99800.12451180464 8.42458336348167 0.21770061898070886
0.4978914548849922 13.171963032468417 84637.75071003268 8.849781225380989 0.22083551065409382
0.5164305911178247 13.136383361825409 71932.0429317281 9.29306614446449 0.2240045401242326
0.5353501609973289 13.105825207657302 61270.74338374069 9.755322161702521 0.22721061412450122
0.5546581242402234 13.079805154982557 52301.246953892936 10.237358981352227 0.2304550837774256
0.5743415286619342 13.05783631060553 44725.40081881706 10.739646131881708 0.2337346243661897
0.5943995040196223 13.039521721671578 38322.87602937014 11.263431670993615 0.23705546568532798
0.6148379285995885 13.024483066353922 32898.34499877892 11.809651789069614 0.24041920321030458
0.6356421706740452 13.012449734756231 28288.678936781384 12.379285646179325 0.24382747016935089
0.6568137621535978 13.003029169813903 24368.465611964057 12.973020164924561 0.24727819306650292
0.6783462613072533 12.995990080222304 21025.43038092208 13.592186410254964 0.25077620456586397
0.7002351504792137 12.99106198272868 18169.585769975463 14.23798025905094 0.25432411925847825
0.7224711835960007 12.988008224515339 15727.637518245197 14.91159160121086 0.25792392215117493
0.7450597990443008 12.986638324526226 13632.286996763132 15.614046290630881 0.26157547073739984
0.767980787704298 12.986764217789709 11834.455134288406 16.346618327302753 0.2652807373804609
0.7912269028253391 12.98814116688918 10287.564946788227 17.11092030710325 0.2690443757064457
0.8148015569690676 12.990674783303879 8954.744020470993 17.908407541517878 0.27286881881731767
0.838685840067671 12.994128929989817 7806.578972188896 18.740437535944437 0.2767550768508836
0.8628677073416692 12.998401788989169 6813.154139534714 19.608370627915466 0.2807037716472282
0.8873498004537196 13.003355448003505 5954.417186396816 20.514285401400237 0.28472119543257834
0.9121061173536278 13.00885058386481 5210.288018161413 21.459976330192635 0.28881036224215273
0.9371270275884543 13.014741826371672 4564.51884040427 22.446917468662182 0.29297111159476813
0.962412265463412 13.020966063210118 4003.8924449245233 23.477154754207792 0.2972074065148743
0.9879339077198089 13.027352331550613 3515.9760562040915 24.55310116453437 0.30152526820209896
1.0136772674706211 13.033800795038996 3091.6133180897846 25.676686825583538 0.3059262364735649
1.0396418225580817 13.040251238445785 2720.9492244762982 26.84989786610061 0.3104117541486018
1.0657944867532674 13.046586137324542 2397.782063485144 28.075819732728448 0.3149904679686223
1.0921267113713313 13.052711964784349 2115.3349358867267 29.35649209868865 0.31966271664081375
1.118625951482335 13.058546774813061 1868.31870669544 30.69470202321899 0.32443339833190327
1.1452575582205837 13.06400005144462 1651.77648740918 32.09381791640881 0.32931035696126437
1.1720222993125964 13.069014473969633 1461.8076406783932 33.555813727556526 0.33429150239978844
1.1988789517189555 13.073467330543918 1295.1665770464435 35.08521692294609 0.33939029921458486
1.2258255719772402 13.07733932966503 1148.8509613242359 36.68403182877086 0.3446033918398139
1.25282198955005 13.080495459394067 1019.9866881284706 38.357330021693464 0.3499453356351465
1.2798657127540771 13.082935330250509 906.545184884375 40.10737183307154 0.3554128258333821
1.3069094001672088 13.08452202629296 806.5894722338774 41.93959120845468 0.3610202025477178
1.3339475187946366 13.085239350429568 718.4633967608675 43.85750954957242 0.366769605498352
1.3609574697837301 13.085033647369492 640.492709221533 45.86578083886104 0.3726685946471172
1.387888449463464 13.083773176972072 571.6876070563309 47.96975654002373 0.37872722604861947
1.4147378028945348 13.081462020946656 510.7414516829286 50.17421392433297 0.38495125322372536
1.4414694846080445 13.078025603999347 456.77868677336954 52.484335320790656 0.3913474502332604
1.468064413616865 13.073426828339 408.93110589857326 54.906556782630474 0.39792760844671865
1.4944740519768531 13.06755702611982 366.45270536611247 57.44706916607652 0.40470079054488933
1.5206863810958358 13.060409156381624 328.77210396195676 60.11250152494994 0.411676769432082
1.5466700426750877 13.051919883313678 295.2241493512393 62.90996055872812 0.4188660867163761
1.5723863102745075 13.042037034642446 265.40858685280716 65.847073837647 0.4262801159647425
1.597810861044025 13.030706056403636 238.87280101850928 68.9320371883055 0.4339311312919359
1.6228977605657005 13.01788100084806 215.18321831105615 72.17366667089827 0.44183238191049545
1.6476498233619041 13.003541846487645 194.05620257551598 75.58145563325733 0.44999817334502806
1.6719986138144485 12.987603826229494 175.19384316388164 79.16530237065594 0.4584425571113517
1.6959359633999664 12.970050459893638 158.33528237987406 82.93548219062835 0.4671791507246468
1.7194165419700496 12.950837174606091 143.24680818578454 86.90469527496458 0.4762293391482741
1.7423955795491108 12.92988665591095 129.76350568533837 91.0844829948803 0.4856073132066364
1.7648794561313605 12.907242750969584 117.65274732715898 95.48901467922407 0.4953353046966075
1.7868074511255583 12.882803668089323 106.80313584239425 100.13188355665366 0.5054305332456752
1.808144888787856 12.856543031706327 97.06328024290332 105.02965741862438 0.5159188585572906
1.8288542963623733 12.828403415070927 88.31039657812809 110.19888129372976 0.5268228237062121
1.8489335803018296 12.798432997197034 80.4474443326482 115.65724240788515 0.5381659988653882
1.8683097556780077 12.766491607187852 73.36988748361377 121.42485432621702 0.5499773532974266
1.8869874252412988 12.73266839898749 66.99479655829569 127.52315597471528 0.5622867390586945
1.904910354103987 12.696848337112256 61.2428549648121 133.9746501774962 0.5751236656817839
1.92205021935775 12.65902806418075 56.062042015239065 140.80501870153282 0.5885244088755952
1.9383632501206662 12.619135773950823 51.38025499995565 148.04193801466462 0.6025272150759852
1.9538590804692708 12.577287558956613 47.15436708475933 155.7138672944768 0.6171676972100205
1.9684735348188611 12.533353894720541 43.33021369380999 163.85450524915754 0.6324936177042145
1.9821871358627823 12.487347772216928 39.870518802835925 172.49769377386752 0.6485467489434268
1.9949720049587685 12.4392707929688 36.734663070705324 181.68261955382775 0.6653798896561836
2.006810316685799 12.389103743412686 33.89523350735281 191.45135390604275 0.6830476650421697
2.0176561401198803 12.336825647992505 31.321861797934535 201.84994388949468 0.701609325426604
2.0274904092931245 12.282436498177619 28.98527822738731 212.92828421104193 0.7211273386528719
2.0362995825058627 12.22596600344964 26.863670412917116 224.7420117722332 0.7416724961210962
2.0440431439907853 12.1673656150916 24.93729049250273 237.3521691926599 0.7633214984692087
2.050700422062472 12.106655064212468 23.182186933266852 250.82571098935733 0.7861571895553707
2.056272064466329 12.043902987839123 21.589410929616896 265.235859365064 0.8102680810332533
2.0607162569828588 11.979050321174483 20.137798246346783 280.6641003326825 0.8357529829080185
2.0616471509468655 11.92037976286923 19.10225216667332 298.9451190671688 1.765379392697142
