M[M_sun], R[km], Lambda[1], P_c[MeV/fm^3], rho_c[fm^-3]
0.24162668629717493 15.618656898711224 2160425.4255784233 3.5677272577965504 0.1711233750220791
0.2536377013997506 15.277472354931854 1723439.2929635318 3.784718451584778 0.1738869122121003
0.26602793235620326 14.98152502893703 1383250.4487389247 4.011188843306729 0.17666409147900386
0.2787971158258119 14.72385780077412 1116739.0251121554 4.247397669197837 0.17945368038991552
0.29194512934446804 14.498796719940465 906224.18543232 4.493968579436117 0.18226221728226277
0.30547346424639965 14.301634082429295 739013.2516467113 4.751049765717783 0.18508526327303426
0.3193838641499196 14.128523637890561 605369.027413656 5.019335555599721 0.18792970198124911
0.3336732941076529 13.976424157997469 498014.6767106294 5.299033448217081 0.19079183297627708
0.3483456976390553 13.842438103588506 411287.63312397734 5.590890987869192 0.1936783367591647
0.36339988542703683 13.724437168283673 340916.0382866269 5.895051471641412 0.1965838339391035
0.37884478725234144 13.620438356582603 283557.7175099481 6.2123886699531505 0.19951620998101507
0.3946664962747279 13.528908536195386 236616.35506530138 6.543178025386479 0.20247196497565134
0.41088245299432236 13.448299414541802 198067.15589886002 6.888085664892748 0.20545419851306168
0.4274812906684027 13.37744734421763 166273.45648526997 7.24783214409934 0.20846627258422779
0.4444653566990252 13.31530450268838 139954.87455978483 7.62270219204703 0.21150414805736426
0.46183660370680446 13.26091356608224 118116.01097746052 8.01359302455502 0.21457318953325474
0.4795893002822269 13.21349114610144 99932.79233455502 8.421232334801328 0.2176754239296849
0.4977358343943122 13.172285957444101 84754.87307271095 8.846095809863877 0.22080882667109303
0.5162615782861304 13.136679996658053 72038.39695949951 9.288986715959625 0.22397582069323563
0.5351675730602605 13.106095469371558 61362.34462814678 9.750821071869586 0.22717979728093926
0.5544629484756076 13.080031271525298 52381.07217075564 10.232406902321669 0.23042210486289438
0.5741304883376526 13.058024043877854 44798.761530248936 10.734264582041385 0.2337000731492193
0.5941796333611048 13.039716839399045 38388.053734878056 11.257539741804262 0.2370186528051308
0.6145995589772129 13.024645258377687 32955.27867707355 11.803214688334723 0.240380054897771
0.635387119626774 13.012545297109915 28342.351456519962 12.37226641172327 0.24378590876128856
0.6565409653211662 13.00310597091522 24413.79395503908 12.96545102922379 0.24723493099070748
0.6780642429719503 12.996045453159963 21066.886708259965 13.583959921527697 0.25073040168063876
0.6999370938100085 12.9911151948127 18205.938969002716 14.229052327005828 0.25427568479140567
0.7221552813288237 12.988027477777566 15758.268645793483 14.901915303455976 0.2578727599174368
0.744728151017059 12.986662401396211 13660.028514573782 15.603666075725624 0.26152241396427284
0.7676342121394673 12.98674586165554 11858.758561603832 16.33539367010368 0.2652247852795648
0.7908644771223629 12.988106336585256 10309.891909588036 17.098794897958612 0.26898541394778336
0.8144223044782082 12.990611025633504 8975.282061762322 17.895321338538125 0.2728067257198871
0.8382899544696139 12.994067880323005 7823.57851522735 18.726448571930906 0.2766908047993258
0.862453438636245 12.998332845557554 6829.366358440576 19.59329707482275 0.28063614612089366
0.8869133535306948 13.00325959291762 5968.758142400807 20.498054743149506 0.28465007017152033
0.91165742040002 13.008750549792728 5222.82603994006 21.44251108634744 0.28873558112571496
0.9366620363214443 13.014629560770487 4575.885318135282 22.42829037698593 0.2928937452606027
0.961923076671368 13.020828604979904 4013.761090212941 23.457132144761747 0.297126088748617
0.9874323835290164 13.02721953907066 3524.843128392011 24.531588836560488 0.3014398099354403
1.0131604685648157 13.03367820599407 3099.2335541728908 25.653768028936593 0.3058377884233933
1.0391060793309295 13.040120275051889 2728.1220162838795 26.825292524176604 0.3103187995974856
1.0652457704176053 13.046454199137692 2404.0639402136203 28.049412723887976 0.3148927769602739
1.0915573701353027 13.052582338258846 2120.975016486166 29.32837698662043 0.31956151950013495
1.1180407784245812 13.058421972397948 1873.3191809486577 30.66454328209883 0.3243270114183642
1.144656388773379 13.063892085376098 1656.3307334388146 32.06159715413768 0.3291992953058399
1.1714044211709334 13.068905924508163 1465.92252855592 33.52138811752594 0.3341754845445564
1.1982502727044653 13.073387560486404 1298.9188177528615 35.04830727330344 0.33926824900944524
1.2251773421816934 13.077251484859344 1152.1387165445187 36.64474521101424 0.34447665929236876
1.2521587009062 13.080429568596358 1022.9299774058721 38.31524367972391 0.3498120937134012
1.2791883923755416 13.082885563916626 909.2147957268113 40.06253741344203 0.3552741231172602
1.3062194056091427 13.084492397149068 808.982455477442 41.8918525193817 0.36087588125827047
1.3332436071541909 13.085225735561698 720.5943268708716 43.80633162122071 0.3666174782280152
1.3602400297827857 13.0850461445026 642.4912916219508 45.81127086239318 0.37251008704016925
1.3871605267427758 13.083816629513343 573.4249518278922 47.91168180002833 0.3785619265916586
1.4139987472924902 13.081541642245888 512.3532316405816 50.11193793929931 0.38477674905070564
1.4407281641787064 13.078154493136484 458.18420935756365 52.417956908526456 0.39116519998302474
1.4673037699700866 13.07356226700598 410.2438920918068 54.83578217578295 0.3977370959336206
1.4937099317272111 13.06774317644695 367.6220841231121 57.371580809072746 0.4045014596919716
1.5199145993588932 13.060645082274782 329.8035222892206 60.031955944902094 0.4114680209964501
1.5458927957621607 13.052195021073716 296.177170842804 62.82398602396809 0.41864727469013324
1.5716048594981717 13.04236110369575 266.27327576202595 65.75526778024866 0.4260505436166907
1.5970205246048366 13.031073074133984 239.6437240164308 68.83396336407563 0.433690046811152
1.6221145770262666 13.01830559623169 215.8860936242802 72.06885202706145 0.441578973608265
1.6468630578874295 13.004023441850874 194.69389127791825 75.46938685036527 0.4497315643663692
1.6712171669276783 12.988150354899176 175.7771549225075 79.04575705855183 0.45816319858836885
1.6951418980580784 12.970645545213587 158.86935097988817 82.80779670410428 0.4668857298484949
1.7186362301040288 12.951510564814761 143.726179380464 86.76796292745847 0.47591970765476765
1.7416352327283227 12.930658121495402 130.19450004262993 90.93864685770592 0.4852828814817758
1.7641177569725852 12.908066152693815 118.0530965748874 95.33267074078167 0.49499225118575985
1.786048137133873 12.883696103658187 107.16695783380534 99.9648957109354 0.5050701807191779
1.8073913969323034 12.857495965272953 97.39349617818375 104.85116025391466 0.5155398194538847
1.8281279290387995 12.829474926121481 88.61324840497943 110.00732806646056 0.5264213529589958
1.8482120126043535 12.799564108918986 80.71900735431434 115.45202878831194 0.5377420983411259
1.867613332591003 12.76773851039248 73.61906480039455 121.20500429311716 0.5495298191960842
1.886299872543004 12.7339775964997 67.22236625603111 127.28747449854484 0.561813788506557
1.9042402706661845 12.698247560537833 61.452170906434226 133.72256840295495 0.5746259657436328
1.9213929288162013 12.660491716788782 56.251872722088706 140.5342785725319 0.5879969041470338
1.9377400801994709 12.620727641721329 51.556899657707945 147.75091143452892 0.6019674109696189
1.95326204303501 12.578989029806678 47.31234847949851 155.40173251373815 0.6165761705553887
1.9679110458154296 12.53517019938787 43.4772281750789 163.51861564644608 0.6318650251420601
1.9816525662880657 12.489268771613013 40.003916918809956 172.13647858064678 0.6478798045835968
1.9944821532310022 12.441321644951039 36.85831893971426 181.29401375316885 0.6646720388019589
2.0063329078665233 12.391217152118259 34.00935251150313 191.03283571951945 0.682295289878886
2.0172159977737927 12.339060514379247 31.427043164538123 201.3987316143912 0.7008084681467162
2.0270897227177853 12.284786143617056 29.081940712371164 212.4421241903194 0.7202763439119286
2.035941554353833 12.228441017986558 26.95263921288311 224.21704793334172 0.7407650836279558
2.0437267247109485 12.169964705175127 25.016728286372565 236.78541856516256 0.762354967975739
2.0504290076356075 12.109379297388832 23.25737764313227 250.21223417986326 0.785123262981743
2.0560411148418827 12.046724372194124 21.656691799485777 264.5718815551823 0.8091631833813125
2.0605333627880036 11.982000097389705 20.201950404690866 279.9451435740751 0.8345722794521374
2.0638933945882423 11.915242041599491 18.87524039251762 296.42144015726876 0.8614576251385498
2.066105026145065 11.84646186919722 17.66835460089226 314.09905667448925 0.8899341179832627
2.0671485918442922 11.775693059865967 16.568978576473523 333.08889792036143 0.9201339904500122
