M[M_sun], R[km], Lambda[1], P_c[MeV/fm^3], rho_c[fm^-3]
0.24162668629717493 15.618656898711224 2160425.4255784233 3.5677272577965504 0.1711233750220791
0.25364022558069166 15.277390804252878 1723247.760472064 3.7847672401088412 0.1738875203375164
0.2660336821604814 14.981405708885264 1383181.6011574375 4.011291403683811 0.17666533086063388
0.2788054079628666 14.723733099124388 1116643.7995044675 4.247557468284284 0.17945553381850624
0.2919569872681336 14.49862745323315 906097.3970717208 4.494189807460039 0.18226468070765348
0.305488452162684 14.30144652488718 738819.1991336661 4.751339930889345 0.1850883976106757
0.3194005366629301 14.128385081540102 605234.3635262622 5.019696792163722 0.18793344995002512
0.33369588243703135 13.976192525743404 497857.2104389779 5.299475262393685 0.1907962813119332
0.34837123192154795 13.84228799403691 411150.3871651164 5.591414479483749 0.19368340168454312
0.3634289736822566 13.724245328376872 340785.22080721194 5.895668396707901 0.19658962822988324
0.3788776433855987 13.620269879373502 283430.39796865144 6.2131064893392765 0.19952275562950572
0.3947060272162587 13.528683453057976 236522.25716195191 6.543995990553402 0.20247913742514845
0.4109262879211064 13.448086082977342 197975.35953156845 6.889019560037418 0.2054621519560076
0.4275286026503778 13.377267031744942 166169.5268809169 7.248890726966094 0.2084750299689929
0.4445185186971041 13.315129406604994 139886.79593596584 7.623882533823438 0.21151354433686173
0.46189424538731677 13.26075167800479 118052.60936674973 8.014915704498472 0.21458342153195814
0.4796532103887587 13.213327500033177 99871.997677254 8.422707659962501 0.21768651631243016
0.4978031537703756 13.172153566152216 84698.78539381953 8.847718338029713 0.22082057446826664
0.5163359281832574 13.1365517231545 71987.73403800327 9.29078269316896 0.22398846448475548
0.5352489998406937 13.105970857626923 61321.503358137226 9.752802666878669 0.2271933643292908
0.5545486974550536 13.079940542652711 52344.05075924738 10.23458702293636 0.2304366236157204
0.574222647533141 13.057954449152 44765.11160250141 10.736633754416808 0.23371528396974728
0.594273682537011 13.039623710363681 38360.54380652248 11.260133578236688 0.23703485914209943
0.614704597438583 13.024586918055155 32930.973592163915 11.80604850109539 0.24039728920746806
0.6354979174303722 13.012493814062601 28318.837629163583 12.375356467914182 0.2438042052132863
0.6566633632408361 13.003088447491477 24393.84810089974 12.968783139537134 0.2472539759668624
0.6781882289914412 12.99601610207905 21047.69933390333 13.587581378981572 0.2507505649854954
0.7000680469009033 12.991093059168609 18189.540024761962 14.232982535172352 0.2542970063625229
0.7222943215544946 12.988019471571233 15745.513967621362 14.906174912035945 0.25789528207367074
0.7448746010650542 12.98665712039841 13648.396397655595 15.608235519440738 0.26154576992951273
0.7677872622035894 12.986757268860792 11848.222862662738 16.340334795374744 0.265249415549764
0.7910238511395593 12.98812465481022 10231.765575904546 17.104132484847685 0.26901136882536636
0.814589757081952 12.990635388246117 8966.600781257026 17.901081809228376 0.27283405874141897
0.8384622405228039 12.994104419761467 7815.648101971666 18.73260638369392 0.27671909675823947
0.8626371901166991 12.998361123871451 6822.305012875182 19.5999322475354 0.2806659139562709
0.8871022622646322 13.003304418284056 5962.406719558157 20.50519918735217 0.28468137823378
0.9118546172394405 13.008802208350112 5217.26051875255 21.45019889671186 0.28876849810340555
0.9368662781844732 13.014686779521796 4570.785211385783 22.436489540871715 0.29292779991948825
0.9621364174732904 13.020872912219396 4009.42001101162 23.465945491168476 0.29716188236707514
0.9876526785744126 13.027269080676218 3520.873403107162 24.541057816358297 0.3014774256970412
1.0133925554356982 13.03374284551866 3095.9720101118296 25.663856004958312 0.30587671986569565
1.039342440264615 13.040176756455876 2725.0077998341126 26.836122741902678 0.3103597142098623
1.0654878908760308 13.046519328075759 2401.450303288632 28.06103583808663 0.31493577591381217
1.0918081048592574 13.052632201354957 2118.6227176618395 29.340751823304316 0.3196060613140085
1.1182981659790274 13.0584780962586 1871.0993700006634 30.677817480235852 0.32437383701243916
1.1449233489698312 13.063939118632899 1654.2576849245654 32.075832941169566 0.32924852819525363
1.171677210374415 13.068948885508549 1464.198293153278 33.536540061389964 0.334226548157609
1.1985237049974555 13.073418083526338 1297.2378706593354 35.06455235527458 0.3393219670914721
1.2254633416128515 13.077289442527555 1150.6184812884394 36.6620363168968 0.34453243772334025
1.252451008529738 13.080458811916033 1021.6346856457812 38.333779599118074 0.3498708114425644
1.279486146775835 13.082912222971235 908.002617905182 40.08226985712021 0.355335168705817
1.3065229985391935 13.084510343528423 807.9759449325039 41.912862989702504 0.36093939909312256
1.3335527088662393 13.08523021808508 719.6044524382875 43.828855488072165 0.36668443080878393
1.3605543974849514 13.085040540056418 641.5689273115181 45.83526096307623 0.3725798469941467
1.387481364852376 13.083797162271125 572.661299039955 47.93724052000377 0.37863467495924297
1.4143314099735833 13.081521841576631 511.59622015743577 50.139345296728465 0.38485354748657535
1.4410580612770494 13.07810603751484 457.5682294123545 52.4471694272346 0.3912454066144124
1.4676405460290796 13.073508004407396 409.6460306462724 54.86692909555245 0.39782093783998873
1.4940461732160448 13.067660781685257 367.1289575828141 57.40480183286897 0.4045891814979684
1.5202545396992018 13.060540028822237 329.35220636508024 60.06740217513162 0.4115598863117792
1.546235232120614 13.052074536117557 295.76439615769374 62.86182099210298 0.41874356769204985
1.5719500439807812 13.042216434369168 265.8851215446104 65.79566858021006 0.4261515707904214
1.597366017320103 13.030907228115376 239.2835286604446 68.87712190103137 0.4337961388653272
1.6224579302362323 13.018120695546413 215.5921704358015 72.1149763947243 0.4416904875844904
1.647209104216597 13.003812548318736 194.413995303454 75.51870285150271 0.449848885964369
1.671558790556213 12.987911230729102 175.51700310254964 79.09850244151366 0.45828671364090356
1.695497813206956 12.970393508669916 158.63245191933115 82.863983557962 0.46701484707501734
1.7189713389728867 12.95120683062241 143.52280059388292 86.82812998666303 0.47605595644110965
1.7419765332251185 12.930332052653515 129.99961515295297 91.00281917730695 0.48542564127190635
1.76445557974669 12.907707107085574 117.87534775634926 95.40146586761384 0.495143203055235
1.7863825991219036 12.883301516480202 106.99301471417374 100.03837352692885 0.5052287426583469
1.8077252568676303 12.857082635899008 97.24209783641129 104.92970140719683 0.5157066017575082
1.8284521287697821 12.829017259463594 88.47913797304003 110.09167964547355 0.5265982515841375
1.8485295110439628 12.799064921132164 80.59888156632418 115.54232300124131 0.5379286150269005
1.8679242726819631 12.76720532048336 73.50288277024265 121.30173721456482 0.5497267319754907
1.8866027672822228 12.73340345253346 67.1163257959855 127.39118864967632 0.5620219419803282
1.904535669797523 12.697630279375355 61.36085750958964 133.83348453870784 0.5748449608792738
1.921688085345522 12.659868019948206 56.166583572862066 140.65339785755177 0.5882289938130272
1.9380218191064615 12.620054238389152 51.47948544241869 147.8789542774861 0.6022137077485757
1.9535178924940064 12.578211450050611 47.243377313694275 155.5390603414661 0.6168364205356425
1.9681558408308002 12.534360972652669 43.410379440242714 163.6664907790532 0.6321419115725079
1.9818881986868915 12.488420040814402 39.945527456834284 172.2953948602979 0.6481732261184261
1.994691746285376 12.44039663180471 36.80508111452519 181.46497774007415 0.6649834520746568
2.006541719634442 12.390284534224808 33.95967407627643 191.21695632810585 0.6826262857051364
2.0174131873629584 12.33808020055271 31.379484390952975 201.59723202369779 0.7011607867927846
2.0272685226999356 12.283755933853913 29.039325710790084 212.65617396778242 0.7206512980621281
2.0360994105419308 12.227351862957855 26.913446601428163 224.44798547680276 0.7411642646696713
2.0438663014692424 12.168823185273997 24.98096005492597 237.03479485845264 0.7627803460748823
2.050552211870414 12.108182437829443 23.218366208665625 250.48217116999137 0.7855783157308381
2.0561405752185027 12.045471435677552 21.626957868677913 264.8639560574849 0.809649212322315
2.06061745092675 11.980710295713573 20.173034080094865 280.2615738021237 0.8350922237691595
2.06395661250172 11.913893742350552 18.850358661801106 296.76410843055606 0.8620128091409586
2.0661377290408005 11.845046638653798 17.645357983961425 314.4712795852352 0.8905299736527551
2.0671583445348047 11.774223804080801 16.54813542581281 333.49312740448715 0.9207724386305655
