M[M_sun], R[km], Lambda[1], P_c[MeV/fm^3], rho_c[fm^-3]
0.24162668629717493 15.618656898711224 2160425.4255784233 3.5677272577965504 0.1711233750220791
0.25364163380296295 15.277349411737077 1723211.829556469 3.78479309104473 0.17388784255696133
0.26603725097321557 14.981304194367556 1383092.058834584 4.011345746767092 0.17666598756472426
0.27881071211219055 14.72359628896769 1116511.8223568131 4.2476421412609335 0.17945651589743591
0.29196288940009446 14.49851766407055 906000.8361502964 4.494307031421836 0.18226598602367436
0.3054980734244462 14.30129375477079 738766.0867262832 4.751493685213152 0.18509005845081733
0.31941109077830254 14.128258770623315 605198.3410990323 5.019888208606427 0.18793543596949816
0.3337064669283645 13.976070058655042 497770.53353739355 5.2997093793337555 0.19079863848104947
0.3483859279217861 13.84214798350321 404839.0142713802 5.5916918805928475 0.19368608561658407
0.36344610465268395 13.724143702015551 340719.1408006347 5.895995312879794 0.1965926986957525
0.37889770610094575 13.62010827081303 283366.01981327543 6.213486875453573 0.1995262242928534
0.394726732249024 13.528575676038217 236472.25530532526 6.544429450815837 0.20248293828607386
0.4109490748061082 13.448008734028392 197922.59844768906 6.889514460629406 0.20546636673712593
0.427554340599086 13.377164241638685 166130.87478746797 7.249451710430297 0.20847967084142452
0.4445470987060119 13.315040669115804 139846.5641979471 7.624508048871946 0.21151852383885272
0.46192550217013606 13.260675456600586 118022.39080616839 8.015616659287744 0.21458884398395078
0.47968740944279104 13.213242403848746 99841.58361060148 8.423489518566864 0.21769239479611668
0.49784003288789147 13.172076015574778 84672.73079195608 8.848578216969294 0.2208268003591872
0.5163754411491546 13.136477647803948 71962.722385832 9.291734504894846 0.22399516529864424
0.5352907368329424 13.10591538267697 61301.19861031493 9.753852862673591 0.22720055452560386
0.5545934733361685 13.079876631438292 52321.315639009495 10.235742445990144 0.23044431828252662
0.5742715384261917 13.057901968848702 44748.388341206184 10.737889384097192 0.23372334550124074
0.5943247152627014 13.039582683976159 38345.14485810058 11.261508292960867 0.23704344838457336
0.6147602215277875 13.024535392464914 32916.6492026557 11.807550419120153 0.24040642337495352
0.635557799116576 13.01245560712346 28307.14608774719 12.376994213850212 0.24381390242849915
0.6567262111496888 13.003056499712825 24382.13805889944 12.970549192787516 0.24726407000303738
0.6782537200683235 12.996012629813345 21037.746453920015 13.589500811567705 0.25076125187188825
0.7001381905721742 12.991079621216786 18182.23871005369 14.235065635018872 0.254308307280856
0.7223683756115911 12.98800549497157 15737.097334691382 14.908432627929129 0.2579072194686504
0.7449516684323505 12.98664836214091 13641.265570999447 15.610657480293103 0.26155814938683986
0.7678672569753977 12.986750567047176 11841.638419915025 16.34295379065739 0.2652624705843813
0.7911090351760096 12.98812529527461 10225.964267941987 17.10696165383961 0.26902512611613705
0.814678399104398 12.99065525505639 8961.591238531635 17.904135162121882 0.27284854668257347
0.8385560164349368 12.994107143393116 7811.5723539066075 18.7358703796003 0.27673409313059244
0.8627330152327252 12.998381987736282 6818.6529900355845 19.603449313815634 0.28068169281457267
0.8872038034824065 13.003331550765271 5959.31368170235 20.508986245044227 0.28469797370777916
0.9119608211142327 13.008812238157388 5214.314891065495 21.454274025291873 0.28878594662388096
0.9369749117573873 13.014710720645155 4568.089220059376 22.44083576806234 0.29294585167287157
0.9622498680196327 13.020907055124308 4007.2892213025284 23.470617341623054 0.2971808561399132
0.9877699575377198 13.027304234778356 3518.8350301897894 24.54607727126994 0.30149736560855805
1.0135081787336064 13.033761801166987 3094.2036162824056 25.669203638998972 0.30589735741535473
1.03946739433935 13.040207206657346 2723.3818268535806 26.841863908846506 0.31038140330476677
1.065616374920346 13.046547206872043 2399.7882620261357 28.067197401090493 0.3149585702146164
1.0919412038885987 13.052662320139767 2117.287359342892 29.34731195020135 0.31962967374289936
1.118434934248815 13.05850307997368 1869.8978039129586 30.68485446415867 0.32439866042921206
1.1450626438386426 13.063968569615955 1653.1136413397044 32.08333508539417 0.3292743389864154
1.1718206908600228 13.06897836770414 1463.1812434298697 33.54457267164699 0.33425361888237193
1.1986709851241333 13.073441430388549 1296.3488301739296 35.07316459147622 0.3393504454218084
1.2256143110526119 13.077309648593008 1149.8538340237922 36.671203194521524 0.34456200865155545
1.2526065512773057 13.08047872201526 1020.954915400952 38.34360654619697 0.3499019410566293
1.279643364494589 13.082919573807636 907.3830907847846 40.09273126494306 0.35536753280669037
1.3066840150456147 13.084518346720293 807.392051080014 41.92400208419798 0.3609730742633478
1.3337170209396207 13.085233482843268 719.1753422179739 43.840797104665825 0.3667199274690496
1.3607225950368464 13.085038000339202 641.1168594893437 45.84798008887625 0.3726168324842105
1.3876511307047017 13.083790151568662 572.2600067220396 47.950791459457974 0.3786732453072681
1.4145045361238555 13.081504489375751 511.2341840443709 50.1538765745214 0.3848942657283311
1.441232463021324 13.078079751668371 457.2335610724692 52.462657984129486 0.391287932388585
1.4678187631427366 13.073471408077785 409.3542624094867 54.8834434832019 0.3978653916014932
1.4942244197406505 13.067615367478345 366.83796632631976 57.42241615422625 0.4046356930109894
1.52043385172963 13.06048429203074 329.1030025685545 60.086196581326725 0.41160859541399847
1.54641715466086 13.05201005378559 295.5486233864377 62.88188222888302 0.4187946251345941
1.5721311444117474 13.042144250088581 265.6886430256823 65.81709058946261 0.42620513916165376
1.597554342296223 13.030830417621393 239.12395763525154 68.90000648357753 0.43385239360755246
1.6226426008856627 13.01802837332739 215.41660146237237 72.13943394133506 0.4417496181137417
1.6473924116531007 13.003702093320886 194.26278584526713 75.5448531499459 0.44991109690464737
1.67174208706901 12.987783150769804 175.37232668566264 79.12633909668699 0.4583516562389509
1.6956812525642724 12.97025279932862 158.50141767669797 82.89377802089481 0.4670833146640614
1.7191550648046856 12.95105025376911 143.41495062345922 86.86003555198612 0.47612820684872964
1.742151437542838 12.930138549298336 129.90037535847483 91.03684912846138 0.48550134538725026
1.764633727700106 12.90751693521511 117.77503827334655 95.4379478499623 0.49522325267053835
1.7865139808790977 12.883083227809024 106.92991745039913 99.9566908451109 0.5274035547251748
1.804015092435048 12.85652918358255 98.48546921830828 105.29576349119056 0.7943953001859735
1.8155431171973397 12.824058298146658 92.23617231236699 111.2646845241751 1.0339710190307811
1.8221166670805085 12.784133100796627 87.404896609601 118.00768068589633 1.2621158630227276
1.8247259966580514 12.73681044056924 83.51204266964474 125.53977401592769 1.4799040138941209
