M[M_sun], R[km], Lambda[1], P_c[MeV/fm^3], rho_c[fm^-3]
0.24162668629717493 15.618656898711224 2160425.4255784233 3.5677272577965504 0.1711233750220791
0.25364451563741985 15.277284400649803 1723099.4223347756 3.784830066751164 0.17388830344130438
0.26604041209126883 14.981272597952684 1382981.8713553334 4.011423476933826 0.17666692688791602
0.27881693554526193 14.723485027520478 1116434.1800399397 4.24776325546833 0.1794579206397265
0.29197144506025785 14.498373001505492 905811.8546892317 4.494474707641215 0.18226785313729277
0.30550760367581054 14.301192085687056 738593.5384889897 4.751713616642978 0.1850924341300049
0.3194249457790349 14.1281048566833 605060.5582751996 5.020162015146328 0.18793827681802924
0.33372311625871964 13.975949572045716 497634.7390842434 5.300044269329924 0.1908020102676279
0.34840553974211164 13.841989350809461 410983.08020890335 5.5920886900058155 0.19368992485681305
0.36346952781420666 13.723940009880288 340639.65951666865 5.896462956299764 0.19659709090171676
0.37892325802163895 13.619967991055349 283282.7169634487 6.214031011747162 0.1995311861606682
0.3947562800038643 13.528419828269932 236396.24721203567 6.545049514854322 0.2024883754100259
0.41098201835308934 13.447832605892081 197846.45105551995 6.890222422313324 0.20547239603591078
0.42758971053267836 13.377045926216915 166064.70042073907 7.2502542128276755 0.2084863097380943
0.44458671194338306 13.314896953651498 139784.69113571118 7.625402873788068 0.21152564722055558
0.46196913499366027 13.26055617926451 117970.26606565772 8.016619414060255 0.21459660110280857
0.479734872381292 13.213121844760648 99798.83288634456 8.424608022084156 0.21770080437892747
0.4978928098979287 13.171955646783054 84631.60805912066 8.849808345004064 0.2208357070117522
0.5164322545318101 13.13637473670666 71929.02860884568 9.29309616401837 0.22400475146376342
0.5353517565933373 13.105840184832715 61267.52459354832 9.755355284749687 0.22721084090241517
0.5546588545835704 13.079821236625039 52298.66304204216 10.237395423825506 0.23045532647008138
0.5743430709205215 13.057821090662909 44323.23656719647 10.73968573544215 0.23373487863331538
0.594401292912358 13.039500747063329 38322.7769801937 11.263475031264692 0.23705573660108634
0.6148393650649904 13.024500309092497 32897.370869764854 11.809699162231365 0.2404194913181684
0.6356439660378406 13.012423728640998 28287.732546032406 12.379337304395433 0.24382777604148168
0.6568157604605734 13.003028499106708 24368.06869080281 12.973075870970439 0.24727851145941782
0.6783482160718525 12.995972037773296 21025.135956508722 13.592246955229903 0.25077654166406343
0.7002372643988791 12.99104869719944 18169.485535957814 14.238045967623847 0.25432447573069317
0.7224728823029225 12.987993367355342 15726.240792348619 14.91166281891272 0.25792429870601036
0.7450618854136379 12.986639279627957 13631.987655537821 15.614122690276089 0.2615758612417083
0.7679833068611468 12.986757693991484 11834.543452898397 16.346700943586807 0.26528114920191603
0.791229510098714 12.988141160960708 10286.66930837664 17.111009554708026 0.2690448096873259
0.8148038905760424 12.990676860376812 8954.74664567357 17.908503862620087 0.27286927585406034
0.8386895660218321 12.994138173335791 7806.440386877579 18.740540503303738 0.2767555499326228
0.8628703721794442 12.998404393099305 6812.94107068033 19.608481580473605 0.2807042694213825
0.8873530818107099 13.003359921770842 5954.285510639529 20.51440487323188 0.28472171897666904
0.9121079537970376 13.008861303905103 5210.170373733538 21.46010489194722 0.288810912706356
0.9371310840893425 13.014746686032822 4564.362310013628 22.44705458476932 0.2929716810970151
0.9624157230092111 13.020953016284563 4003.865847971219 23.477302145534246 0.2972080051148453
0.9879375046935389 13.027338968229415 3515.9414368016405 24.55325952491975 0.3015258972927328
1.0136810470693 13.033795282903522 3091.5461560813733 25.676855541997732 0.30592688758270026
1.0396454912010011 13.040258522509543 2720.8491889653533 26.850079001332187 0.3104124384448897
1.0657989556755674 13.046578562586479 2397.7490250761634 28.076014134766332 0.31499118714629293
1.0921315121491433 13.052718558340343 2115.278923629427 29.356699078489292 0.31966346164100984
1.1186303966299331 13.058551784029625 1868.2575671907953 30.694924052154843 0.32443418155336157
1.145262362735503 13.0640008068915 1651.7796968198927 32.09405426976951 0.3293111690481319
1.172025983927826 13.06901235144718 1461.7138638781948 33.55606717801793 0.3342923565539752
1.198883487081857 13.073472828420485 1295.1194789388455 35.08548866688229 0.33939119779811194
1.2258302989576608 13.077335303438684 1148.82651071713 36.68432107753787 0.3446043249115615
1.2528278218559574 13.080501070791785 1019.9764109546398 38.35763794925665 0.34994630526952303
1.2798706671821096 13.082940130239933 906.5104349546806 40.10770193972251 0.35541384707307866
1.306914741112537 13.084524671303125 806.6150840506243 41.9399427045205 0.3610212651735762
1.333953056546714 13.085237414467722 718.4560381831051 43.857886376336225 0.3667707256223745
1.3609617430550185 13.085030128701687 640.483392471864 45.866182206672526 0.3726697617701913
1.38789428623557 13.083769377393867 571.6717839667131 47.970184163427156 0.3787284432028654
1.4147439105303705 13.08146188118697 510.7327554823206 50.17467249288997 0.3849525381833574
1.4414755311670673 13.07802275029645 456.77754212666434 52.484824106464465 0.3913487922555885
1.4680710315491354 13.073422855392446 408.9183632627089 54.90707794995235 0.39792901133541925
1.4944798773450443 13.067556487613729 366.4465611173397 57.44762505491965 0.404702258397703
1.5206921963929365 13.060407894950776 328.75921543346476 60.11309466622938 0.4116783066649645
1.546675932270838 13.051918655813822 295.21828260509113 62.910593691667366 0.41886769809004276
1.5723920603230284 13.04203471605312 265.40384409639626 65.84774992878631 0.42628180661386467
1.5978060391195186 13.030697055997392 238.8543227336226 68.93275945244616 0.4339329067572724
1.62290379947135 13.017876891185544 215.1823704639413 72.17443859420443 0.44183424817428557
1.6476560054950233 13.0035375169504 194.04665101388468 75.58228099876071 0.45000013687000084
1.6720047485952418 12.98759736817158 175.18910256063396 79.16618097608448 0.45844460688776456
1.6959423625499104 12.970046023299213 158.33148414101558 82.93642260923718 0.46718131180387096
1.7194221921739345 12.95083111543971 143.2450548609018 86.90570234839048 0.47623161967409416
1.7424005238669973 12.929880233320599 129.75481454150594 91.08555714228689 0.4856097027892366
1.7648864673297968 12.907235394682322 117.6505693123676 95.49016624962765 0.4953378314992062
1.7868130213471278 12.882796340023145 106.80236416310582 100.13311355280143 0.5054331875240002
1.808150637160424 12.856535942452588 97.06292969918924 105.03097221944982 0.5159216505395993
1.8288597813170595 12.8283970315172 88.30661087933898 110.20028785715101 0.5268257644561691
1.8489386098881524 12.798424944456444 80.4429100549685 115.65875407719207 0.5381691214525393
1.868313885543444 12.766482715659759 73.36654389155187 121.42647385205521 0.5499806500585431
1.8869922679067714 12.73265849702145 66.99317748371757 127.52488629278584 0.562290202153317
1.90491462524687 12.696838246520445 61.24314138784164 133.97650717084835 0.5751273319632524
1.9220549207101492 12.659015994243193 56.06155113464387 140.80701326070854 0.5885282950353621
1.9383683286530586 12.61912331910713 51.38005123898815 148.04408208568736 0.6025313393032716
1.9538638848381669 12.577275607835253 47.153359496619714 155.71616693494863 0.6171720552589118
1.968477476555331 12.53334131495344 43.32936227276596 163.85697439667757 0.632498230092302
1.9821903801836183 12.487332606961505 39.86984784276989 172.50035516663493 0.6485516629141811
1.994979817360523 12.439254494275154 36.736294030559364 181.685482840742 0.6653851051729996
2.0068141055421433 12.389088687759036 33.895169524149395 191.45443768353323 0.6830532087859487
2.0176587273399704 12.33680885450595 31.320390999483603 201.85326867175937 0.7016152265871611
2.02749426453293 12.282419097366631 28.98497224248641 212.93186426649046 0.7211336017456912
2.036302096691589 12.225947974289298 26.863885546863237 224.7458802427036 0.7416791828643995
2.04404443506143 12.167347585972477 24.936596862939126 237.35634492682365 0.7633286184795474
2.050702469344678 12.106635105836867 23.182052154437212 250.83022416034746 0.7861647835031231
2.056273757160191 12.04388194048013 21.589221569522 265.24075274051916 0.8102762238943099
2.060717116494468 11.979028694483723 20.137716407788602 280.6693925143284 0.8357616633176623
2.064021082221906 11.912128197947665 18.817475948733286 297.2062066315554 0.862729087442226
2.0661799196335853 11.843219902886574 17.614695601015338 314.9515271306662 0.8912987555155677
2.0671719365124295 11.772320771707868 16.52129012077292 334.0146906648976 0.9215962061382046
