M[M_sun], R[km], Lambda[1], P_c[MeV/fm^3], rho_c[fm^-3]
0.24162668629717493 15.618656898711224 2160425.4255784233 3.5677272577965504 0.1711233750220791
0.25364423672631614 15.277260942266272 1723156.038017577 3.784824701009167 0.1738882365599189
0.26604043240986447 14.981270806732153 1382957.8291385432 4.011412197027863 0.1766667905769094
0.278815668837493 14.723504392828177 1116465.0999747207 4.247745679734914 0.17945771678770492
0.29197069719155194 14.498382707135793 905849.1918771843 4.494450374831451 0.18226758218580869
0.30550616759647964 14.30122167050917 738643.2538907381 4.751681700489752 0.18509208937463717
0.3194233994890629 14.128103405427314 605103.0557335729 5.020122280497115 0.1879378645557075
0.33372213293260516 13.975930431905203 497697.26338284893 5.299995670016359 0.19080152095318112
0.3484026550095637 13.842013691736211 410998.2408416803 5.592031104636151 0.19368936770252035
0.3634662866172164 13.72395347257415 340633.7236649418 5.896395091064192 0.19659645349706242
0.3789193938728392 13.619988334350197 283296.4803638046 6.213952045308943 0.19953046608183342
0.3947510736495226 13.52845466343618 236399.4160289372 6.544959529149833 0.20248758635696226
0.41097720672506405 13.447878570176268 197863.6837049851 6.89011968007878 0.20547152103992727
0.4275858886559083 13.377057344063436 166078.69947617123 7.250137749859314 0.20848534626980392
0.4445809774911024 13.314921165563144 139793.71009643498 7.625273011930349 0.21152461343666723
0.46196267752549774 13.26055895891928 117975.12092115812 8.016473888089003 0.21459547534176823
0.4797282684691568 13.213138036690916 99807.77759438744 8.424445697111372 0.2176995839220583
0.49788505488299495 13.171975555227444 84639.91807508908 8.849629819508236 0.22083441441088433
0.5164242434419479 13.136393547629112 71934.66336086005 9.292898548740096 0.22400336023988449
0.5353428552309266 13.105847731861447 61274.71109856981 9.755137239688706 0.2272093480505097
0.5546492044331532 13.079819508318332 52297.41426433726 10.237155527552273 0.2304537288544855
0.574332420461421 13.057835072378001 44727.68358455639 10.739425030285975 0.2337332048254564
0.5943911354533751 13.039508170891098 38324.52070822795 11.263189596368445 0.23705395319868927
0.6148271394740245 13.024499286761188 32622.80416647181 11.809387311232074 0.2404175947437808
0.6356316986301201 13.012445227479116 28290.376526947643 12.378997245715846 0.24382576252880647
0.6568024878382419 13.003010975651405 24369.620718572016 12.972709166223709 0.24727641552545987
0.6783348067538616 12.99598456584112 21027.309146207295 13.591848396804268 0.2507743225975297
0.7002237541874079 12.991053929483083 18171.59225326994 14.237613418319924 0.25432212912960883
0.7224582918293808 12.987994661379107 15729.021295095761 14.911194004203972 0.25792181990592417
0.7450454991745762 12.986648833065987 13633.103059580351 15.6136197639612 0.2615732906159908
0.7679663389326493 12.986764653614719 11835.722969366607 16.346157094546587 0.26527843825085257
0.7912125636596089 12.988140898858523 10219.699011035582 17.11042205322311 0.26904195286654947
0.8147867017348686 12.990659229631197 8955.826612522567 17.907869797983654 0.2728662672626983
0.8386697574962033 12.994132459381815 7807.140344235956 18.73986268793885 0.27675243572173225
0.8628514530325453 12.998403581678357 6814.3069814836845 19.607751200525215 0.28070099266718057
0.8873321748610964 13.003363534313138 5955.101942999673 20.513618413067665 0.28471827258628685
0.9120882686607967 13.008849244800258 5210.935863243586 21.459258595178706 0.28880728910866976
0.937108000911194 13.014741648553569 4565.031306259689 22.446151976911832 0.29296793217784206
0.9623922403996674 13.020946712026344 4004.2818072647706 23.476331898680204 0.2972040646540826
0.9879133200490725 13.027332201474506 3516.3588988959755 24.552217071774198 0.3015217561212613
1.0136554272916154 13.033793238761694 3091.687267921445 25.675744917956006 0.3059226014706291
1.0396201883448315 13.040244367491631 2721.2686438923306 26.848886627770252 0.3104079338722829
1.0657708919226254 13.046574164888455 2398.0018299747735 28.07473442969453 0.31498645296077393
1.0921035605942455 13.052707167873328 2115.64965664644 29.355336577659433 0.3196585574746021
1.1186017588827413 13.058538221044108 1868.5085136984192 30.693462487428274 0.3244290257890816
1.1452339502806814 13.063997301311199 1652.0369543382653 32.09249841166974 0.32930582327294694
1.1719967329893477 13.069010928228987 1461.952917597903 33.55439877507515 0.3342867338640385
1.1988530878176398 13.07346359182826 1295.3195136062202 35.08369984385814 0.3393852826453221
1.225798741529054 13.077333316704534 1148.972373426541 36.68241702578856 0.34459818273535914
1.2527953033956374 13.080492117548994 1020.0993301263223 38.355610941038144 0.34993992241496524
1.2798391112996605 13.082930708544028 906.6580897746256 40.105528934052465 0.35540712451948986
1.3068819140222738 13.084527081457813 806.6717211854672 41.937628899508944 0.3610142701904863
1.3339184843280092 13.085236971422201 718.5236651803776 43.85540582819556 0.3667633521504554
1.3609285340133783 13.085033291914513 640.5810257356658 45.863540113349686 0.3726620789217097
1.3878583554808943 13.083772097046127 571.7649791498657 47.96736923882352 0.37872043101876607
1.4147154858077133 13.081482419799805 510.7889764000931 50.171653867730136 0.38494407966300015
1.4414383914584485 13.078028715691309 456.8240054573264 52.48160657309989 0.3913399581144749
1.4680341120574572 13.073430620495873 408.9857404511847 54.90364726026503 0.3979197765357771
1.4944426859648265 13.067565999409807 366.49718829393396 57.44396580661429 0.4046925959661083
1.5206537900003654 13.060420967021988 328.78239880095225 60.1091901994908 0.41166818753337253
1.5466383617066055 13.051930931564769 295.26805816892846 62.906425975505236 0.41885709092106205
1.572355543622228 13.042049435934334 265.44319266642094 65.8432994359191 0.4262706776085848
1.597778757665889 13.030721603598009 238.89833106627356 68.9280050214372 0.43392121944375917
1.6228655363012587 13.017898509842984 215.21306673310602 72.1693572774005 0.44182196317462097
1.647617537207478 13.003561362586764 194.0854444623775 75.5768478944106 0.44998721164350736
1.671967035914203 12.987624394316832 175.2176907274683 79.16039741555016 0.45843111390720626
1.695903903909531 12.970073036168102 158.34650594797387 82.93023215935335 0.4671670861680674
1.719384096666095 12.950864761033278 143.2649626761993 86.89907313928396 0.47621660777710084
1.7423644359376775 12.929913860341118 129.77242648409012 91.07848641471453 0.48559397302302937
1.7648491978825416 12.907277137345147 117.67010332061322 95.48258588183377 0.4953211984796525
1.786775779421572 12.882838700458132 106.81477771382539 100.12501694413103 0.505415715393751
1.808114106062123 12.85658148111848 97.0769113511885 105.02231738095725 0.5159032719719191
1.8288241774610132 12.828447077952497 88.32486163298807 110.19102898882927 0.5268064066254393
1.8489038528272679 12.79848033186457 80.45896615426305 115.64880334819343 0.5381485666801606
1.868280192479893 12.766542574085223 73.38241422975864 121.41581315635896 0.5499589487888147
1.8869591240004868 12.732721657870751 67.00330062782987 127.51349630612933 0.5622674059968119
1.9048825753807892 12.696905739541887 61.25346791309651 133.9642833450202 0.5751031983356033
1.9220241531413291 12.659088965934725 56.070301345070824 140.7938839100688 0.5885027140674761
1.9383377375652737 12.619201198564634 51.38907571971198 148.02996857715672 0.6025041912674222
1.9538340397024412 12.577356283951689 47.15834086873372 155.70102939486262 0.6171433681051597
1.9684512932291445 12.533427248118288 43.33773682192299 163.8407210827978 0.6324678687669001
1.9821656411692612 12.487426952222599 39.87647825710427 172.48283640886984 0.6485193164434292
1.9949562584628613 12.43935159452002 36.743413545805474 181.6666351265064 0.6653507738001812
2.006791215295589 12.389191616843057 33.90123580339913 191.43413860521773 0.6830167168894101
2.017640044677036 12.336916533307294 31.326892526157078 201.8313831986628 0.7015763820312386
2.0274742025678183 12.282532107925565 28.989013532239518 212.90829847911263 0.72109237481057
2.036284995264674 12.226067413969295 26.86805549654583 224.72041599267243 0.7416351673020029
2.044029601236665 12.167472404037436 24.940516813598457 237.32885814645783 0.7632817509940449
2.050689244850915 12.106766397557196 23.185655993244993 250.8005162422109 0.7861147963923627
2.056262174778792 12.04402121407386 21.592237372196898 265.208542178432 0.8102226236476027
2.0607089774896084 11.979172194553826 20.14016502989253 280.6345568658297 0.8357045247461983
2.064013601832297 11.912277142823651 18.819444331337678 297.16841234441983 0.8626678539250439
2.0661761451786984 11.843376172267615 17.617422073475062 314.91047067832204 0.8912330322105474
2.0671687967887302 11.77248345223618 16.52254133138654 333.97010122842136 0.9215257806850693
