M[M_sun], R[km], Lambda[1], P_c[MeV/fm^3], rho_c[fm^-3]
0.24162668629717493 15.618656898711224 2160425.4255784233 3.5677272577965504 0.1711233750220791
0.25364494072505844 15.277271780037863 1723254.300228458 3.7848380334379086 0.17388840274221137
0.26604147620801316 14.981252143549717 1382958.1260027941 4.011440224608577 0.17666712927368158
0.27881743145007226 14.723486618992638 1116421.8673081938 4.247789350843435 0.17945822330675282
0.2919734898392311 14.498338818540995 905800.2368977042 4.494510835595426 0.18226825543044775
0.3055103362934988 14.301199205659417 738610.1259462296 4.751761004021763 0.18509294600413595
0.31942847506315664 14.128050750380288 605044.0651708484 5.020221011138298 0.18793888892421629
0.33372542499316726 13.97591348863735 497642.1788633708 5.300116427293738 0.19080273677859177
0.34840983636722506 13.841952783035723 410960.54809884925 5.592174190226406 0.19369075209496756
0.3634740901527551 13.723908029963482 340624.3592605343 5.8965637198414855 0.19659803729422443
0.3789276495447942 13.61995474021207 283261.7318849793 6.2141482581675005 0.19953225530684782
0.39476259878436765 13.528372708408334 236375.53031357806 6.545183122545266 0.20248954696898033
0.41098914111062645 13.447806211521439 197841.16244329425 6.890374970800343 0.2054736952028407
0.42759807158369845 13.377001759986214 166052.4338254941 7.250427133815325 0.20848774026910924
0.44459560183957586 13.314867355602713 139783.3405747537 7.625595689454757 0.2115271821572425
0.4619786551828351 13.260511952912331 117958.21391972253 8.016835487881481 0.21459827260850392
0.4797449587240539 13.213106155209207 99794.27765992605 8.424849039218955 0.21770261649084538
0.4979044754042349 13.17192985008366 84626.72335035495 8.850073416878807 0.22083762624538184
0.5164446203079298 13.136354971036697 71926.08715312406 9.293389580727801 0.2240068171356902
0.5353639259778572 13.105815202334764 61261.6750267814 9.755679036031962 0.22721305747506518
0.554672749519401 13.079793001019375 52293.742830055875 10.237751097392634 0.23045769187582393
0.5743579409750771 13.057821992687654 44718.53196128748 10.740072829556471 0.23373736389743607
0.5944168531392054 13.039493944590244 37986.47251889977 11.263898844898186 0.23705838459633788
0.6148556981016742 13.024503159840119 32893.426534623235 11.810162199452995 0.24042230735703646
0.6356624070054718 13.012413376154486 28284.293523872282 12.379842225512744 0.24383076571688392
0.6568346830144389 13.002999476466888 24364.192319085112 12.97362035728071 0.24728162351989022
0.6783684529860173 12.99596638425359 21021.863683878426 13.592838739382236 0.2507798365596752
0.7002586035380352 12.991050943053011 18167.01636210846 14.238688223160972 0.25432795999832736
0.7224953571459315 12.987995579218987 15724.565916119154 14.912358923304042 0.25792797927232586
0.7450854990688043 12.986646727480945 13629.896558587596 15.614869445472198 0.2615796781589285
0.7680081929724628 12.986758548760063 11832.484565927103 16.347508463358448 0.2652851744854447
0.7912546417024908 12.988151838536732 10286.670817335667 17.111881892473438 0.26904905157048076
0.8148335299685672 12.99067242268101 8953.458436645795 17.90944534056104 0.2728737430995713
0.838717572916335 12.994146370731693 7755.724754762672 18.741546945346784 0.2767601740130635
0.8629013931392443 12.998413898782081 6811.977426884546 19.609566074386525 0.28070913486161525
0.8873838756826996 13.003372583280175 5953.356148074626 20.51557263950287 0.28472683630953355
0.9121422871524043 13.008868428217891 5209.373330785434 21.4613615085867 0.2888162931749065
0.9371642983356467 13.014749386287074 4563.573457662684 22.448394816773483 0.292977247657748
0.9624499733601518 13.020969102395423 4003.064472241088 23.478742814010623 0.2972138560975922
0.987972501722745 13.027349647499621 3515.268247019511 24.554807412077007 0.3015320463135921
1.0137182245745253 13.033802431352576 3090.688649744206 25.678504655647572 0.30593325182987635
1.0396847437034737 13.040267642626963 2720.444239453069 26.851849504915396 0.3104191270886133
1.0658379952401107 13.046593653543551 2397.284509242543 28.077914317328844 0.3149982167478544
1.0921721168261163 13.052727639808557 2114.7942185445368 29.358722204783724 0.3196707436534639
1.1186723249135688 13.058554242501526 1867.634083150647 30.69709427961836 0.3244418371713664
1.1453057897711507 13.064015532388499 1651.3880744067562 32.0963645144837 0.3293191068214199
1.1720711604483072 13.069016261728422 1461.4425088399528 33.558544542748734 0.334300705528545
1.1989298117515967 13.07347581961663 1294.907087438831 35.08814484622518 0.339399981063107
1.2258769926684476 13.077340886759025 1148.5895917599478 36.687148362579165 0.3446134452954504
1.252874823873999 13.080505548351272 1019.684827501616 38.3606478155137 0.349955783049821
1.27991923301093 13.082942190236079 906.321999445343 40.11092860266429 0.35542382929026206
1.3069654279279477 13.084526690103031 806.429989014679 41.94337844511664 0.36103165193791076
1.3340042358846635 13.08523599159331 718.2818072175659 43.86156972093599 0.36678167442741055
1.3610128102088288 13.085031495326305 640.3317840591644 45.87010543642954 0.3726811699893942
1.3879460001401709 13.08376932287836 571.5568702839505 47.97436403819212 0.37874034047573946
1.4147971966090833 13.081457593291237 510.59651239402734 50.17915485380911 0.3849650982526192
1.4415288781411615 13.078015544155923 456.6862995086924 52.4896018369096 0.39136191011332994
1.4681246382164181 13.073413623024415 408.8238332782779 54.91217220858572 0.39794272416347787
1.494535424381443 13.067542973794014 366.36437624515577 57.45305871445047 0.4047166062525476
1.5207474422235472 13.060392194346768 328.70040241613617 60.11889246689383 0.41169333271379416
1.546733655965937 13.051896981162628 295.15861505419946 62.91678241002498 0.41888344887028783
1.5724483539950649 13.042011494572215 265.33877101631776 65.85435856353797 0.42629833231859865
1.5978626825311932 13.030670477812496 238.80436586916045 68.93981942918823 0.43395026154934435
1.6229602189936472 13.017850839044511 215.13524698143473 72.18198399126564 0.4418524905323087
1.6477120625558674 13.003502655618043 194.00297471160496 75.59034879653917 0.4500193299697226
1.672061280096191 12.987562018080675 175.1494886945724 79.17476919703371 0.4584646431089835
1.6959978670068205 12.970001275594877 158.28617274281171 82.94561506024264 0.4672024360295087
1.7194781719202212 12.950782862539569 143.21111230796782 86.91554635842812 0.47625391151348434
1.7424577441041393 12.929827649998321 129.71831189496157 91.09605680852684 0.48563306068183226
1.7649416933371909 12.907176698851538 117.61608670540323 95.50142273854367 0.4953625307493398
1.7866204822829508 12.882939630047254 106.88346881130903 100.1301268670202 0.5860380953783673
1.799814905837879 12.855691270810441 99.89485381992476 105.79818735597358 1.04391000639191
1.804079427254383 12.819757337437277 95.73366157166518 112.59231196597217 1.4436701499938496
