M[M_sun], R[km], Lambda[1], P_c[MeV/fm^3], rho_c[fm^-3]
0.24162668629717493 15.618656898711224 2160425.4255784233 3.5677272577965504 0.1711233750220791
0.25364138349311754 15.277378769353454 1723244.065164055 3.7847888507611134 0.17388778970387164
0.26603635514716134 14.98134771649301 1383176.2835056174 4.011336832930457 0.1766658798462691
0.2788090820854778 14.723628639270776 1116474.957611251 4.247628252390643 0.17945635480747063
0.2919621857858476 14.498523171486818 905966.4749547775 4.494287803154765 0.18226577191245788
0.3054949541405035 14.301369768017972 738751.0596188315 4.751468464766859 0.18508978602186343
0.3194094684745317 14.12827310190414 605222.0528690375 5.0198568102974725 0.18793511019992412
0.3337056027831646 13.97610125047312 497786.52950435365 5.2996709766572705 0.19079825182981883
0.34838373763652464 13.842118093996502 411076.6435277962 5.591646377766397 0.19368564536422075
0.36344303339547596 13.724135527223115 340740.31738770375 5.895941687771127 0.1965921950373836
0.3788948166010622 13.62013363907992 283374.32712079695 6.213424479270574 0.19952565531479435
0.39472384299687036 13.528588787328891 236470.87921390941 6.544358348440784 0.20248231481429926
0.4109452928716604 13.448026000965033 197930.1610525542 6.889433279638501 0.2054656753657411
0.42755019604185546 13.37718537463868 166144.1914899535 7.249359689211319 0.20847890957346293
0.4445427128942444 13.315035873409402 139855.89114050093 7.624405441853145 0.21151770702100697
0.4619200288951825 13.260694382933966 118028.22707392254 8.015501677028853 0.21458795450321907
0.4796803504157984 13.213275334245845 99848.01917810382 8.423361264671774 0.21769143050612125
0.4978343145184398 13.172087281626059 84678.22083295535 8.848437164404666 0.22082577907835219
0.5163736339430394 13.136447253648624 71968.20151420316 9.291578371349956 0.22399406610875444
0.535282850969413 13.105929381664433 61303.57339271155 9.753680589785633 0.22719937505422355
0.5545860185116546 13.079903246757803 52324.37864995912 10.235552911097415 0.23044305605407883
0.5742641018631096 13.057923339451131 44751.19745532076 10.737683410765575 0.23372202308864923
0.5943177158201267 13.039582309299206 38013.67912554368 11.261282784169321 0.2370420394015629
0.6147492116678543 13.024553188541057 32918.38931903427 11.807304043010413 0.24040492499713684
0.6355476064169822 13.012464115248676 28308.948372501756 12.37672555548716 0.24381231168239625
0.6567155996645463 13.003047483978461 24384.310768374206 12.970259485870432 0.24726241415709924
0.6782434118029401 12.99600487159284 21040.10372549256 13.589185942936075 0.25075949876770565
0.7001261924571853 12.99108328027326 18182.79706177448 14.234723916839021 0.25430645344305275
0.7223559868798736 12.988005836314745 15739.081576990895 14.908062263939259 0.2579052612146262
0.7449388120236222 12.986645784612495 13642.651238412445 15.610260171848282 0.2615561186096151
0.7678541819720027 12.986753621465327 11843.077821524348 16.342524158421412 0.26526032897544044
0.7910946807538143 12.988114648282718 10226.78637276455 17.1064975421533 0.26902286929816793
0.8146642407643303 12.990644682112833 8962.296768878581 17.903634272432683 0.27284616999681355
0.8385418717805139 12.994109788849208 7812.260890519927 18.735334933324015 0.2767316330320002
0.862717472948287 12.998373544422698 6819.180346542055 19.60287235032323 0.2806791043432541
0.887188334874534 13.003333831212606 5959.960954609956 20.508364988189008 0.2846952512639122
0.911943043851634 13.008809728901964 5214.91857556672 21.453605508855304 0.28878308423009325
0.9369571042811132 13.014702107126324 4568.463892094834 22.440122776459937 0.2929428903116711
0.9622311946616056 13.020904031857588 4007.5999681969174 23.469850929371173 0.297177743512035
0.9877524822379823 13.027295072222765 3519.428753011178 24.545253831968996 0.3014940944751204
1.0134881083325258 13.033752630809282 3094.195882309698 25.66832635956284 0.30589397182505623
1.0394462628671284 13.040203932738956 2723.560928845496 26.84092206697258 0.3103778451957641
1.0655950030193388 13.046542830101242 2399.968100641539 28.066186589351382 0.3149548307824588
1.0919182543447339 13.052663693496394 2106.7366017093723 29.346235750441856 0.3196258000845552
1.1184128408104212 13.058500499682305 1870.0917480591934 30.683700030976162 0.32439458809135535
1.145038956473342 13.063955970811703 1653.2907530771408 32.08210618587765 0.32927011660871836
1.1717964006868042 13.068973960601912 1463.3369731878072 33.54325489484826 0.33424917783869174
1.1986471297409464 13.073432922454868 1296.4939959070425 35.07175171973363 0.3393457734379861
1.2255895794765557 13.07730762610547 1150.0199782345308 36.66969932698761 0.3445571574076847
1.252579551592028 13.080472487081318 1021.0474772155637 38.341994385040316 0.3498968340835059
1.2796186308698203 13.082920667322622 907.5001421653611 40.091015011776506 0.3553622232927562
1.3066573369079086 13.084518816557296 807.4805718018548 41.92217464678359 0.36096754964318856
1.3336895118203291 13.085234037759186 719.2078678139709 43.83883800061932 0.3667141039986494
1.3606957304639944 13.085038680753138 641.2144456481892 45.84589342213083 0.3726107647407671
1.3876223804747065 13.08378953604654 572.3259667436969 47.948568319945764 0.37866691753457127
1.4144756288669074 13.081508448807028 511.2875662430894 50.15149259262658 0.38488758554834157
1.4412042049999993 13.07808719545032 457.28706383174887 52.46011694331513 0.3912809556425545
1.4677882418809647 13.073480114418276 409.40138720229834 54.8807341355883 0.39785809852498294
1.4941952460597496 13.067622241832145 366.8820021652913 57.419526341016144 0.40462806231196763
1.5204047380848933 13.060493102499185 329.1484990155439 60.0831131512657 0.4116006041474232
1.546386812304077 13.052020226401122 295.57242363975956 62.878590948586066 0.41878624856457
1.5721007335964199 13.04215686302898 265.7179115994341 65.81357604469946 0.4261963506098253
1.5975245366673754 13.030844214373774 239.15081536298348 68.89625197050395 0.43384316428625247
1.6226111834204264 13.018045156981096 215.44583930554387 72.13542134652556 0.4417399169422165
1.6473624260985145 13.003720025791164 194.28991001779926 75.54056281794973 0.4499008903065021
1.6717121796244492 12.987804157389816 175.40771194793342 79.12177207719797 0.45834100143473316
1.6956506474115625 12.970275847178671 158.5194647651852 82.88888977210188 0.46707208148257207
1.719116654790717 12.951051737666388 143.42651666909035 86.85480091996682 0.4761163529826939
1.7421205919126117 12.93016733617866 129.9127980168644 91.03126593398277 0.48548892483463535
1.7646050192498193 12.907549305551633 117.79346626307911 95.43196232930514 0.4952101191017147
1.7865308724616735 12.88312667642039 106.92704800759 100.07094624295497 0.505299033166404
1.8078716062091862 12.856894223974196 97.17950182069842 104.96451919400447 0.5157805374007751
1.8285859902580266 12.828784717603433 88.41897526623546 110.12907385936177 0.5266766731750845
1.8486704970247712 12.798846378725486 80.54717324720691 115.58235227035875 0.5380113016838584
1.8680611945106695 12.766967044312782 73.4563738592333 121.34462156304077 0.5498140287936273
1.8867363213519255 12.733146996365857 67.07397396239993 127.43716870818179 0.5621142235908674
1.9046669719210048 12.69735660195666 61.31910785120875 133.88265471295756 0.5749420380704464
1.921814680698265 12.659574767268063 56.13100242860236 140.70620921998884 0.5883318904302007
1.9381434306998278 12.619745088736002 51.44358728274971 147.9357228936531 0.6023229050061878
1.953637905148649 12.577898696779636 47.21490814008706 155.59994651155506 0.6169518059227527
1.9682665976069238 12.534011372496634 43.38213926615006 163.7320544817867 0.6322646752806227
1.9819931339788543 12.488049748114788 39.9197466486394 172.3658551427884 0.6483033233260769
1.994792694642573 12.440004369331174 36.78092836276392 181.54078112369191 0.66512152898899
2.006633233684695 12.389866056154519 33.93938736736304 191.2985947545055 0.6827730480833807
2.0174974485770325 12.337644401614273 31.35799353438967 201.68524814182433 0.7013170067203851
2.027346187620946 12.283299347497973 29.020137004085353 212.75094525468646 0.7208170947585808
2.0361698771334673 12.226867505939987 26.89624612939482 224.55038849339704 0.7413412707217246
2.0439276148252854 12.1683146952527 24.966621867096418 237.14532819537723 0.762968815568104
2.0506013731665846 12.107647392339887 23.20883791563846 250.60187262252663 0.7857801053226278
2.056183243545492 12.044919414091261 21.613434525181024 264.9934770863941 0.809864742839433
2.060652379646072 11.980134956546195 20.16082027210789 280.40189866273715 0.8353227994453927
2.063980542523644 11.913289832893529 18.838948274161215 296.91607230230164 0.8622590178422423
2.0661519611506236 11.844416683345406 17.634665457649547 314.6363542408355 0.8907942257086853
2.0671626797988827 11.773566156851652 16.538481765817757 333.6724008533773 0.9210555867228255
