M[M_sun], R[km], Lambda[1], P_c[MeV/fm^3], rho_c[fm^-3]
0.24162668629717493 15.618656898711224 2160425.4255784233 3.5677272577965504 0.1711233750220791
0.25364438353628305 15.277263283554236 1723157.198905157 3.78482837497966 0.1738882823541887
0.266040971371445 14.981253557304779 1383052.262480959 4.011419920475717 0.17666688391021865
0.27881678394530246 14.723477472735702 1116414.1199996946 4.247757713985866 0.17945785636688075
0.29197103926623763 14.498404249930104 905822.6030518495 4.494467035703828 0.18226776770848938
0.30550680518857987 14.301189946039589 738613.6779793218 4.751703553732352 0.18509232543136478
0.3194239608498209 14.128113683997121 605073.635909695 5.020149487117977 0.18793814683489973
0.3337231901417886 13.97589493436801 497672.8442664772 5.300028946331473 0.19080185599045893
0.34840463018464807 13.841997025984806 410987.8592256531 5.592070533760544 0.19368974919014542
0.36347013411944945 13.72391658901661 340652.8629757223 5.896441558874657 0.19659688993257196
0.37892235927832413 13.61996961406093 283295.67951704934 6.214006114176517 0.19953095912480254
0.3947552109416186 13.528421325612818 236400.61414271028 6.54502114296929 0.2024881266269227
0.4109803699129613 13.447847814007106 197853.54878321674 6.890190028360738 0.20547212015541694
0.42759016991537335 13.377012909321584 166074.18776132294 7.250217492795499 0.2084860059626786
0.4445849506956381 13.314899334015717 139790.65510598492 7.625361929149197 0.21152532127490287
0.46196711229255605 13.26054818016563 117977.44700623209 8.016573530596133 0.2145962461571184
0.47973257675852615 13.213129160588391 99798.69629285247 8.424556841965453 0.21770041957598332
0.49789023140287203 13.171964773324632 84636.2077529639 8.849752056925439 0.2208352994620129
0.5164292194085337 13.136388145623409 71932.31075002924 9.29303385700294 0.2240043128184904
0.5353487798944863 13.105832230455709 61271.275968495225 9.755286536295511 0.2272103702141072
0.554656503570475 13.07979379989836 52300.51265139947 10.23731978575567 0.23045482275004278
0.5743398594457284 13.057830870108937 44725.985442280034 10.739603536396766 0.23373435088998193
0.5943973699832227 13.039511734614763 37988.54786884549 11.263385035002752 0.23705517430281314
0.6148352089889838 13.024490131132218 32620.65564083758 11.809600837041476 0.24041889333696193
0.6356402077192259 13.012425359474785 28289.077262202052 12.37923008539162 0.24382714118980411
0.6568115225577354 13.003021680719367 24367.522770481846 12.972960250523066 0.24727785062035304
0.6783440655938765 12.995983175539848 21025.919729515626 13.592121291381018 0.2507758420014202
0.7002331313409758 12.991049786581481 18170.695355643413 14.237909586511254 0.25432373585650125
0.7224669249927465 12.988013418315022 15727.933650990957 14.911515003374221 0.2579235171495389
0.7450570596918042 12.98663925401208 13632.283013771874 15.613964119399403 0.26157505073257087
0.76797887661228 12.986755575290438 11834.694535731678 16.34652946982204 0.2652802944482058
0.7912247304619592 12.988141787742704 10218.961502321632 17.11082431736825 0.2690439089408692
0.8147997099411067 12.99067295833707 8955.218302958847 17.908303943951942 0.2728683272542749
0.8386820951240334 12.994133169681408 7806.4084787331085 18.740326790061836 0.27675456803085446
0.8628635909347286 12.998412193775376 6813.335623513341 19.608251293635412 0.28070323626957383
0.887347059061291 13.003361539896195 5954.5269417536765 20.51415690430729 0.2847206323383933
0.9121024628448743 13.008849908819732 5210.474134143369 21.45983805653398 0.2888097701943886
0.937124186351952 13.014747343300384 4564.554491126612 22.446769994464383 0.29297049907090955
0.9624083185135967 13.020958069209309 4003.8946695076183 23.476996228618454 0.2972067626953535
0.9879292119621867 13.027343821093123 3515.9280718961745 24.552930841306363 0.3015245915887703
1.0136724501929304 13.03379732034649 3091.6073059492387 25.67650536405307 0.3059255361785713
1.039637509419993 13.040249133017321 2721.0688663266483 26.849703047669355 0.31041101815964933
1.065789366712561 13.046586499882027 2397.804044862548 28.07561064535742 0.3149896944635187
1.0921228851443627 13.052709729173461 2115.3521371306088 29.35626948346829 0.3196619153627069
1.1186212864027265 13.058545702250203 1868.3631159793595 30.69446322210826 0.32443255594551124
1.1452528158259865 13.063998638932636 1651.8306431462074 32.0935637088585 0.32930948352915995
1.1720170055970671 13.069014043249766 1461.8510208778146 33.555541131466185 0.33429058372285814
1.1988741330354202 13.073467415317506 1295.193645628447 35.08492465158014 0.3393893327524126
1.225820399841701 13.077333825874623 1148.869396240461 36.68372073034138 0.3446023882844374
1.2528176060275145 13.080496358790548 1019.9820084409241 38.35699883356501 0.3499442927554799
1.2798609341066423 13.082939317047702 906.5749107273396 40.10701679057667 0.35541172745051497
1.3069044142849147 13.084526057756912 806.5893222109211 41.939213160911116 0.36101905965271963
1.3339420219726594 13.08523754231663 718.4597257009553 43.85710425801682 0.3667684007622474
1.360951175447117 13.08503203957563 640.5135284381403 45.86534915258596 0.3726673393620694
1.3878828238671341 13.083773288157746 571.7534677533475 47.96929661498821 0.37872591695350133
1.414739915996706 13.081478044499907 510.69636619974153 50.173720716785475 0.3849498712018247
1.4414634182790942 13.078025489689832 456.78580402377713 52.48380961375541 0.391346006838707
1.468058326828031 13.073426825446324 408.9304185174871 54.90599624809586 0.3979260995885614
1.4944679570992394 13.067558446535696 366.4469699369054 57.44647128744738 0.40469921181590623
1.5206788818889405 13.06041416342861 328.7636765781554 60.111863580161746 0.41167511608280477
1.5466640612191023 13.051923523283566 295.2350160917823 62.90927960167615 0.41886435362654034
1.5723804034401858 13.042039802266228 265.41410714084464 65.84634667774363 0.4262782976118891
1.5978045869968776 13.030709169117001 238.87127375215002 68.93126036795321 0.43392922171685033
1.6228935557373618 13.017882703160735 215.19148678356646 72.17283644064432 0.4418303746791448
1.6476436289931355 13.0035444629566 194.0593475313438 75.58056792436247 0.4499960615066044
1.6719934902100713 12.987610551129965 175.19163283584916 79.16435740066319 0.45844035250716975
1.6959294004991625 12.970055706198778 158.33297993649705 82.93447073881075 0.46717682641131575
1.719410942499877 12.950841534233739 143.23598800668748 86.90361213403682 0.4762268863669882
1.7423925156175089 12.929901351853598 129.7538799911884 91.08332771401523 0.4856047431319552
1.7648750490716785 12.907248892957174 117.65810452573632 95.48777612784309 0.4953325870383226
1.7868017048380151 12.882810328439895 106.80366929945743 100.13056065627318 0.5054276784840466
1.8081391612172812 12.856550874677593 97.06769170068628 105.02824330856969 0.5159158556916253
1.8288484901591011 12.82841200454384 88.31320960945598 110.1973684906211 0.5268196608373293
1.848927567469525 12.79844303041473 80.44743442995693 115.6556165607728 0.5381626404262908
1.8683037479400322 12.766502781320957 73.37292359499918 121.423112476721 0.5499738075301693
1.88698171669551 12.732678232283865 66.99624753800774 127.52129496541708 0.5622830143959273
1.9049047861973973 12.69685948411794 61.24658658451125 133.9726529259097 0.575119722487011
1.9220450405868508 12.659039563518505 56.06329786726542 140.80287349469796 0.5885202291969
1.9383595413171057 12.619147232483934 51.38261438521844 148.03963200444164 0.6025227793505902
1.9538536024631965 12.577301798493803 47.15444726374616 155.7113939657982 0.6171630100045908
1.9684690030029257 12.533368106156729 43.33228778334023 163.85184961191885 0.6324886569517828
1.9821831563913623 12.487362369457971 39.87135761495432 172.4948313728328 0.6485414638328846
1.994973283704941 12.43928376175448 36.738401244728124 181.6795400114503 0.6653742802270428
2.006806819848307 12.389120999099779 33.89709927209947 191.44803722161677 0.6830417025987995
2.01765202343292 12.336843598715259 31.3222096991411 201.8463679997453 0.7016029785750313
2.0274878736910695 12.28245768095587 28.985827259824937 212.92443377008846 0.7211206025367884
2.036297240404164 12.22598575689235 26.86347244731281 224.7378511356965 0.7416653043617918
2.0440401694335875 12.167386761199532 24.93798843714147 237.34767808856168 0.7633138407241614
2.050698215005177 12.106676407429529 23.1835103016372 250.82085696619748 0.7861490220832439
2.0562698528079912 12.04392570989812 21.590406290722026 265.23059642592636 0.810259323196758
2.060714398673232 11.979073838771585 20.13841098957352 280.6584084711653 0.8357436469303611
2.0640193966450213 11.912174842981505 18.818219427110304 297.194289683825 0.8627097798516108
2.066178088816511 11.843269472705988 17.615104304060655 314.9385815700565 0.8912780322192274
2.0671691124992124 11.772372680713884 16.521009740791815 334.0006310966307 0.9215740001731973
