M[M_sun], R[km], Lambda[1], P_c[MeV/fm^3], rho_c[fm^-3]
0.24162668629717493 15.618656898711224 2160425.4255784233 3.5677272577965504 0.1711233750220791
0.2536447496179782 15.277268652699174 1723138.6138414673 3.7848503447052755 0.17388855619621996
0.26604284882518336 14.981203935948905 1382964.8976914154 4.011466105616852 0.17666744203039267
0.2788198941873105 14.723434757174141 1116363.3313112722 4.247829677462432 0.17945869103476228
0.29197730986918446 14.498279293119865 905768.699730301 4.494566666310699 0.18226887711841996
0.30551383141894617 14.30110019207902 738549.1922524123 4.751834234873279 0.1850937370370955
0.3194324988643883 14.128012328016677 605026.7446671941 5.020312181860551 0.18793983485564833
0.33373254394816915 13.975822653346412 497583.72083043394 5.300227938546097 0.1908038595118724
0.348416452554235 13.841897157593328 410925.84357121726 5.592306320730289 0.1936920304939405
0.3634823216265528 13.723834651893926 340599.5759500713 5.89671943854565 0.19659949983724753
0.3789377070303385 13.619868719295502 279311.91930867115 6.2143294499256605 0.19953390755751316
0.39477226585157343 13.52832604949168 236346.71557242514 6.54538959953794 0.20249135749326932
0.41100007172956415 13.447750787911167 197808.1692064756 6.890610719644955 0.20547570293892958
0.4276101798063614 13.376955893122288 166025.3882739638 7.250694367270948 0.20848995102300155
0.4446095190605513 13.314812693051193 139754.01168826863 7.6258936691959915 0.21152955426758308
0.461991041215331 13.260465342904467 117934.93120023866 8.017169412163483 0.2146008557827914
0.47976118292925335 13.213086754735695 99777.48280490916 8.425221512555447 0.21770541696962764
0.4979212153157524 13.171898959963908 84608.8661504513 8.850483066133204 0.22084059228101335
0.51646301534021 13.136324442431828 71909.92924356512 9.293843036321947 0.22401000949134264
0.5353855545343682 13.10576938530457 61252.35408562735 9.756179373258858 0.22721648304856443
0.5546949443599443 13.079764632229049 52282.362895702434 10.238296224774626 0.23046128902781332
0.5743810113603345 13.057785374256248 44710.362145415595 10.740671062713094 0.23374120473961105
0.5944413799248134 13.03947720312271 38311.39403020394 11.264553828183233 0.23706247694375562
0.6148818579400772 13.024487740690363 32887.23957916326 11.810877803153424 0.2404266594214935
0.6356901467097404 13.012426905635925 28279.610551618134 12.380622561413915 0.243835386143658
0.6568642063151378 13.002995132729625 24359.360632573793 12.974461841893506 0.24728643310086995
0.678399880783175 12.995970464586136 21017.36324676675 13.59375332405288 0.2507849287220894
0.7002920535891769 12.991039358610397 18162.975441957187 14.239680812985092 0.25433334484656656
0.7225312099493443 12.987999630515507 15606.286027023823 14.913434738590743 0.2579336675132783
0.7451223722095222 12.986643163181693 13626.907097390886 15.616023543581441 0.2615855771429194
0.7680468272517151 12.986763944140103 11829.449391546003 16.348756476094437 0.2652913955159212
0.7912968968022872 12.988147575281223 10284.235186312737 17.113230084976795 0.2690556073740883
0.8148734764825399 12.990681469745104 8951.091497799705 17.910900393411037 0.2728806472213033
0.8387602763306684 12.99414935964548 7803.2884121089755 18.743102404182338 0.27676732054159686
0.8629466663809298 12.998426301218915 6810.074420369366 19.611242167968122 0.28071665443645893
0.887431898845327 13.003373938308341 5951.787664436474 20.517377436965187 0.28473474521185166
0.912191558734617 13.008875601235655 5208.043930997711 21.463303631709547 0.2888246087837049
0.937216586575384 13.01476819340343 4562.798013605471 22.45046617436211 0.292985850897919
0.9625041814760052 13.02098356197155 4001.913954253539 23.48096940563725 0.29722289894777276
0.9880278869750255 13.027363850710922 3514.3525105584695 24.557199720938225 0.3015415498210154
1.0137756866870111 13.033818416584875 3090.079716173797 25.681053420086705 0.3059430880027113
1.0397439805989963 13.040277155654717 2719.6335309923543 26.854585891024072 0.3104294646625921
1.0658994074462564 13.046603800987716 2396.762679542836 28.080851137560796 0.31500908132291966
1.0922354131879177 13.052742129926637 2114.3078083963924 29.361849048815326 0.31968199837208566
1.118737595089415 13.058569364878995 1867.089598058875 30.700448487492118 0.32445366935698833
1.145372934752473 13.064028701393921 1650.8569009377657 32.09993513682947 0.3293313751281078
1.1721391219475765 13.06903382950752 1461.0990814621769 33.56237347259711 0.33431360941691324
1.198999938577642 13.073489611145401 1294.5002886458851 35.092250160398784 0.33941355622412595
1.225948834803592 13.07735069367659 1148.2067965506958 36.691518145470795 0.34462754153863095
1.2529488259548924 13.080516111581883 1019.3623798409654 38.365299805186694 0.34997043171933107
1.2799947942310268 13.082944179443269 906.0446679389219 40.11591568739199 0.3554392576643322
1.307047927563748 13.084550278004167 806.1878892268484 41.948688693449235 0.3610477056231193
1.334082371305854 13.085237661772446 718.0156519980902 43.867262685274454 0.3667985968616088
1.3610927724928965 13.085028251819883 640.1221559738785 45.87616918547088 0.3726988025479084
1.3880335692596721 13.083778046215897 571.3291631109164 47.980824478770536 0.3787587289751012
1.4148793892719693 13.08145225476816 510.4241531034355 50.18608284635939 0.3849845112512256
1.4416121526980987 13.078003341502521 456.50930811413576 52.496986380805154 0.3913821853041176
1.4682079063839257 13.073397688210642 408.6773145673697 54.9200460107046 0.39796391902270944
1.4946198474151735 13.067521771680434 366.230089506561 57.46145713141043 0.4047387827004427
1.5208327796285939 13.060365488170921 328.5743092582139 60.127853742335326 0.41171655747955493
1.5468158581899174 13.051871625961537 295.06554181854693 63.01209718297057 0.41903202957705515
1.5612782357916193 13.037766501777536 276.14571563467183 66.49110490760813 1.1720476216216222
