M[M_sun], R[km], Lambda[1], P_c[MeV/fm^3], rho_c[fm^-3]
0.23841724892012095 16.20908015294055 2780876.1263280716 3.453507347168396 0.169602847481901
0.24842400773143175 15.865977266453797 2281881.1657240028 3.635738014848041 0.17198087599612216
0.25871589063545886 15.562316731182687 1880842.1321405098 3.8251559373201953 0.17437967889588551
0.2692919970245155 15.292759027751844 1557265.143508796 4.020893452696896 0.17677415601343158
0.2801562024056646 15.053004751265691 1294651.550765683 4.223236053532085 0.17915520168289673
0.29129983149361005 14.838900748715393 1080312.6955059406 4.433568873385195 0.18156004660570635
0.30273368158181696 14.6473295743325 904616.0708302502 4.652240087592945 0.18399250886460836
0.31444721557768873 14.47594698680936 760113.1884371372 4.879617398941852 0.18645423127346838
0.32644541343770817 14.32213013822313 640755.6719688515 5.113094959623405 0.18888709305876344
0.33873005382621346 14.183862207023187 541716.6463101794 5.355717751134023 0.19134017318942562
0.3512964918381922 14.05958497666209 459295.22968044097 5.608052001274243 0.19382328410686211
0.36414585764225094 13.947698801652658 390475.6798688483 5.870511195050048 0.1963419299002792
0.3772863732983956 13.84714784636593 332801.50760273717 6.140133308261291 0.1988386775315624
0.39070784227147143 13.756452698670321 284319.8236025491 6.420067393598816 0.2013631155023933
0.40441048486966485 13.67491026737515 243473.25201046842 6.711256296003466 0.2039219921103028
0.41839953364397264 13.601577108286353 208978.99356453647 7.014000411357178 0.20651030888793587
0.4326790196175757 13.535612885523665 179726.74524729553 7.324532620019179 0.20907206611873763
0.4472345603317027 13.476258763342512 154870.54455391943 7.647627984816153 0.2116782526262139
0.46207878887599596 13.423079633552192 133729.50415384682 7.983821161696368 0.2143288206427157
0.4772074558053676 13.37552684533202 115690.98020751549 8.331471013356353 0.2169905163649512
0.49261300141079284 13.332803992478683 100254.13108444483 8.689966518061881 0.21964529081733986
0.5083039829663591 13.29481962151364 87026.69664346974 9.063087246991502 0.22234838385677863
0.5242740402641027 13.261000736590935 75675.6963283418 9.45144035799287 0.22510243904701532
0.5405290251730033 13.23105427924991 65905.12546269484 9.850005929665315 0.22783553272459892
0.5570572738786314 13.204575096779172 57484.99799801135 10.264181576281674 0.2306101334900995
0.5738637544410119 13.181213692757433 50210.71185174497 10.69531178612831 0.23343525078277763
0.590950957788069 13.160927369065943 43923.38419457204 11.140901531811561 0.2362702842464765
0.608302325582858 13.14324263866563 38476.64488071771 11.600822022416718 0.2391173166525527
0.625932057621833 13.128000900124343 33748.857817406926 12.079624401968234 0.24202371112388488
0.6438217896584127 13.115037910460103 29642.190458056735 12.577576776170131 0.2449845595766452
0.6619904980099405 13.104133383507413 26067.051762911746 13.088497451608488 0.24791792651306682
0.6804076757166295 13.095026949888906 22952.136146455607 13.620418060721123 0.25090992836072107
0.6990854962475339 13.08766214970672 20232.93031854816 14.17424827235837 0.2539626146496067
0.7180354906403065 13.08186541402479 17856.46070280796 14.74469443766085 0.25701873277726495
0.7372216515699506 13.077278988827619 15775.059415706513 15.33595329778539 0.26011613663998884
0.7566532948824293 13.07412502485349 13955.0134812434 15.951522195901786 0.26327918671947215
0.7763289424568122 13.071978726447451 12356.216262070679 16.589330429634778 0.2664755839828779
0.7962361015432537 13.070992579195345 10880.715691971178 17.246846482431966 0.26967751986885447
0.8163931823463899 13.070847388202356 9718.72893821729 17.93147656725918 0.27295172773595267
0.836765209252193 13.071434408794817 8632.365805175228 18.644256779535286 0.2762995769624618
0.8573481299104156 13.072650881176948 7674.47851133389 19.376671958973052 0.27964007677033537
0.8781558284048184 13.074622195202798 6830.052273256871 20.13852913205571 0.28304520402509936
0.8991633095475762 13.076967184544072 6083.676739162437 20.93175227580138 0.28652329257990655
0.9203760316413113 13.079814119654976 5424.279269447417 21.752221073359692 0.2900339520334808
0.9417704593720323 13.082995450840745 4840.861466749427 22.600709249481355 0.29358203274017963
0.963350358529242 13.08645509783136 4323.9258301540085 23.484111958407535 0.29721369624542765
0.9851181346383671 13.090292057506115 3865.859453726307 24.40374486803038 0.30092922197996497
1.0070387870379294 13.093966539995463 3458.7833574875517 25.35011401878262 0.304637953285643
1.0291050232034729 13.097767353850335 3097.6427496797173 26.334821670554128 0.30842893172627267
1.051340274744876 13.101702835397147 2776.4078291981064 27.36000129043474 0.31230871839675417
1.0736980495036508 13.105525183470613 2490.682171028052 28.42374246582544 0.316256293402578
1.0961715599212334 13.109206111996137 2236.294287046542 29.522600916581958 0.32024091778446967
1.1187704745243787 13.112757843930476 2009.4117285077289 30.666624346699457 0.32431411499201207
1.1414642475777814 13.11596179863799 1806.9558884209036 31.857673888780678 0.32847815896273014
1.1642526229072354 13.118999373553283 1626.274322498788 33.09224156734927 0.3327067995056517
1.1871193597168161 13.121715263923774 1464.8681349771969 34.37067835929498 0.3369964449147104
1.2100450801174552 13.123962937304213 1320.5268299639645 35.70180444898622 0.34139215634813885
1.2330318832664497 13.125901684648795 1191.2543365874421 37.087646907652356 0.34589190470434783
1.2560386808319977 13.127266381130195 1075.5388272088746 38.52699497755843 0.3504684743597123
1.2790890320639887 13.128263674503675 971.9010874828087 40.017130589750536 0.35510994769126264
1.3021362468275888 13.128554438363787 878.8262885248879 41.5689736485478 0.35986913568710177
1.3251654294495459 13.128223688033588 795.2931160941115 43.185000644236624 0.36474812583727134
1.3481959236333791 13.127349444932133 720.2324428500399 44.86781288674677 0.3697478601914042
1.3711802410657716 13.12580066895168 652.8037194821461 46.61267029075954 0.37481871450426374
1.3941274264090322 13.123607558281138 592.1193126386408 48.42662751151154 0.3800030034363725
1.416955642748175 13.120390082855046 537.4974694731644 50.3163946429223 0.3853233214551111
1.4397257704953248 13.116532292322054 488.28863481698244 52.28518865309154 0.3907823564160077
1.4624023658686691 13.111868467857796 443.8952589147267 54.33641453546086 0.39638098318448767
1.4849434293778823 13.106332497849648 403.87472950850145 56.47218235645228 0.4021076267320963
1.507355435019994 13.099935429553325 367.730559773434 58.686149367552396 0.4079423059784056
1.5240296986793742 13.091335282120784 342.19888470065894 61.51287379321467 1.2106930951459338
1.518066460396392 13.071288857998574 345.16566733594425 65.67282826639344 2.649071064994736
1.500567899917123 13.041506302314124 361.89810425477475 72.7747219008429 4.263486210370014
1.4766689967679243 13.002086453866012 386.7525981293275 82.79397626776324 5.463950415832457
1.4467229710140574 12.948800942159837 419.82195063655274 94.27758568014937 5.616147635281445
1.4114263420592643 12.876439980441468 460.267735467699 106.31800518259284 5.653567018619119
1.3738241267934537 12.78814114876141 505.10191131217465 118.78785674308793 5.689502993737221
1.335264239780094 12.685407682277129 552.5477528231146 131.69395871904206 5.726478550396685
1.2963573324380537 12.569043694192487 601.5785826001056 145.04892997625385 5.764568036726206
1.2579668033576497 12.440128745723126 649.9920277224161 158.86949618225094 5.803806956576407
1.2200367102618945 12.298251854630502 697.0869252655475 173.17368773051427 5.8442449146458
1.1834493465815896 12.144968192436675 739.5619874315937 187.9814308900152 5.88591613973263
1.1484104370138575 11.980610119997348 775.6361879804975 203.3149910681803 5.928859493047675
1.1151591983345572 11.805816425769168 803.1195783525062 219.1983783657727 5.973137264583151
1.0840682792111003 11.62179694243786 819.6240090836989 235.65701101870508 6.018796225923686
1.0552277642960948 11.429295100775366 824.0890180867528 252.71891113705334 6.065891211959739
1.028884379278713 11.229753132574197 815.458914721282 270.4133717970026 6.114495029843288
1.00511238880844 11.024450086809614 793.8125125864988 288.7720791249774 6.164661699755325
0.9841080558820804 10.815679018483568 760.0149816162366 307.82939756174835 6.216478922817682
0.9656805025706272 10.603749053480621 715.8217935181403 327.62105564226226 6.269996837293706
0.9499552774622615 10.391493562034302 663.7567024966183 348.15544190073933 6.3252387279543685
0.9368291220113645 10.180266861508256 606.4471482251257 369.4305323597646 6.382119171842001
0.9261777182600348 9.971634182670014 546.5188321030313 391.55517254218177 6.4409619469218775
0.917898316425826 9.767190198026354 486.63006871182307 414.57716281874593 6.501843215852918
0.9117601795840572 9.567480099977828 428.60782407948085 438.54657535564587 6.56487603002758
0.9077078598884413 9.374762902644454 374.20313097062046 463.501883957761 6.630125946229002
0.9053387886056936 9.187546033490456 324.1820931922918 489.37886637264234 6.69734010905315
0.9046917444946112 9.008728876669807 279.2855688939025 516.3671943032361 6.767033768260012
0.905534150707536 8.838038884532049 239.58674561360112 544.5326488713257 6.839338031806896
0.9076189443823578 8.674936000800761 204.91770133356982 573.8250087647957 6.914035313601308
0.9108513264191063 8.520143218710205 174.99627679043735 604.3702867572302 6.991433021031652
0.9150634094731138 8.373788453093258 149.39221240409125 636.3087063015859 7.0718671663484
0.9200863912054217 8.234832672312047 127.55151013734242 669.5282878185942 7.15492385222203
0.9257650058452243 8.102521892416735 108.99793993672981 704.2992195096962 7.241311638407873
0.9320274585940349 7.978036220703313 93.3713117412844 740.5763468890892 7.330807191040104
0.9387477130909812 7.860192531575777 80.14663591946456 778.5366059860572 7.423828990869002
0.9458170565764616 7.74880657962841 68.99885678459304 818.1949387331363 7.520295189623812
0.9531371871273635 7.643561612919593 59.595457488819335 859.757800100747 7.620723801406329
0.960651141464229 7.54343932962416 51.62495168838706 903.1877812644861 7.724842739374116
0.9682450712818143 7.448368299401155 44.89258882011667 948.7465078985981 7.833294381683612
0.9758815369497613 7.358193115861179 39.09020854188839 996.5000027944632 7.946125382193959
0.983494364609202 7.272434277523096 34.23239230004894 1046.5455081331113 8.063445987624865
0.9910230981441337 7.191018134022611 30.17372251764578 1099.1000211422179 8.185725875086723
0.9984288336403088 7.112861672529655 26.57774657615262 1154.309702240824 8.313191041127233
1.00565302256428 7.038176161033539 23.54533514852263 1212.3355774074028 8.446099856198416
1.0126531967235353 6.966996569935622 20.969464881959063 1273.3206662334835 8.58463510231454
1.0194138379925295 6.898208838588969 18.70829703350268 1337.5066106167587 8.729262578862825
1.025880445212789 6.832674752136168 16.75918698483746 1405.1108444275806 8.880345172216144
1.0320621264413594 6.768723703508526 15.030117780182168 1476.3665411032848 9.03826601845273
1.0378750117411026 6.707663909620027 13.572442396013015 1551.5287442287195 9.20344250505521
1.0433460944359767 6.648205256658572 12.278741148821464 1630.8762264616157 9.376326292872758
1.0484368643682507 6.5905337018655725 11.142493127994898 1714.6665428258216 9.557270718674188
1.0531103315471098 6.534662708692239 10.142869660611721 1803.2691670907857 9.746944293527976
1.057372926394553 6.480338222145056 9.264839508163105 1897.0502201300014 9.945940616495843
1.0612055445670603 6.427362902993958 8.477759189772728 1996.410103622147 10.15491398694865
