M[M_sun], R[km], Lambda[1], P_c[MeV/fm^3], rho_c[fm^-3]
0.23841724892012095 16.20908015294055 2780876.1263280716 3.453507347168396 0.169602847481901
0.24841841048911917 15.866152522881528 2282046.4852433624 3.6356010962552077 0.17197913433983836
0.2587019423303233 15.562737210246226 1881441.4020965542 3.824874284497987 0.1743762334080005
0.26926847037220214 15.293415835402248 1558012.2496830006 4.020439667213279 0.1767686048090306
0.280123413462069 15.053708875470779 1295288.3900425378 4.222614618241556 0.17914793496130893
0.2912578896536293 14.839649950700355 1080944.5039615508 4.4327712087424755 0.1815510712673342
0.3026799376634808 14.648273837547821 905389.7252998536 4.651257162142237 0.1839818632673016
0.3143841859387858 14.476783876920791 760860.9468720409 4.878439813257903 0.18644196070150837
0.3263736922740574 14.322971170384186 641430.7350217473 5.111653992450503 0.1888720780228063
0.3386462655103634 14.184687650062969 542316.677716683 5.354054878661743 0.1913235808616312
0.35120065109680587 14.060463821473313 459882.10949413234 5.606156791690264 0.19380506916361628
0.3640381886574133 13.94866104768825 391008.1851260182 5.8683724552222465 0.19632212479773997
0.37716851492714737 13.847998615338515 328624.13891148934 6.1376397492504955 0.19881558674171762
0.3905748857474688 13.757346878153324 284765.9698437638 6.417298117221062 0.2013384331557822
0.4042664714205295 13.675788211321315 243869.86118451905 6.708198880868801 0.2038958526793844
0.41824336381361205 13.602382666813552 206731.79553186407 7.010502163750678 0.20648040055111605
0.43250657268835757 13.536364644155254 180051.25746439415 7.32070994838504 0.20904055462745932
0.44704703045174293 13.476934601863617 155173.1962305023 7.643465906503906 0.21164516197977762
0.4618763710205288 13.423724890969117 133989.83285145168 7.979304108853422 0.2142942369368065
0.476988050825977 13.376019654232095 115919.50810897257 8.326386869549737 0.21695159086633042
0.49238181280107407 13.333377658840156 100463.00106997065 8.68448441460775 0.21960495792127388
0.5080560164688912 13.29539227720612 87222.65434793946 9.057189380168783 0.2223064992675359
0.5240096869086814 13.261485129543447 75846.4755512544 9.445107283087728 0.22505901109384246
0.5402478367444483 13.231528383672893 66061.08960507363 9.84295528761519 0.22778718418026972
0.5567580603616634 13.204967574653738 57623.82853641163 10.25664350126957 0.23056032032643523
0.5735492011476738 13.181650202766184 50336.91615658567 10.687264573080219 0.23338405095490486
0.5906185175953002 13.161354381583156 44037.4239312909 11.131993622081293 0.23621360829640906
0.6079482332946089 13.143531833003287 38577.920307845634 11.591344851662814 0.23905903666539674
0.6255595869906491 13.128379505505565 33841.88805306002 12.069550905888159 0.24196381363804523
0.6434355483588917 13.115270954347144 29723.96629657019 12.566476507264063 0.24491855685084551
0.6615759004617118 13.104398653222841 26143.797081116914 13.076730612864882 0.247850435447316
0.6799816987993527 13.09520883374121 23017.961018057067 13.607954288109045 0.2508409501532088
0.6986356246314068 13.087682889175909 20292.83338879232 14.161054492533227 0.25389193006594474
0.7175572660512759 13.081889950281061 17910.487594961003 14.730232103404656 0.2569412520182083
0.7367334141382837 13.077454837848487 15825.705267979327 15.320673877822605 0.26003685925898223
0.7561466493032204 13.074213389238762 13999.46896952545 15.935386430137571 0.2631983217904796
0.7757942656038365 13.072012524895097 12396.81046965128 16.571693625976938 0.2663871965523532
0.7956858831280863 13.070970611504697 10989.80555139715 17.22825321003287 0.269587396522649
0.8158182652522861 13.070736897276511 9751.095504760418 17.91187948699991 0.2728596083716722
0.8361664787538399 13.071363113913094 8661.883368683573 18.62355694360611 0.276204967680709
0.8567261494024703 13.072569151052662 7701.419894906683 19.354178098884915 0.2795374836818627
0.8775219341483256 13.074582250166948 6854.235910175024 20.114854474479 0.2829407371080662
0.8985010934494907 13.076840860889416 6105.755488274598 20.906838195623592 0.2864166890730291
0.9196931548620464 13.079765856745023 5444.4297395188905 21.72513597359991 0.2899180590686226
0.9410746375183359 13.0829824348705 4859.073495354409 22.572234454007457 0.2934636335064823
0.9626243288203784 13.08631025968332 4339.981352072747 23.45417361371765 0.2970926609643437
0.9843631565841978 13.090009750325876 3880.283741224182 24.371870927163283 0.30080274425162706
1.0062674875855733 13.093821329459896 3472.309047355272 25.315976216671718 0.3045041704639026
1.0283161144376847 13.097700267685802 3110.0471637830346 26.29895713601795 0.3082922719798111
1.0505192968241797 13.101573609212757 2787.5779344888642 27.322316401187585 0.31216886865667554
1.072847702494131 13.105288181608952 2500.814406854874 28.382922384015846 0.3161048088700477
1.0953088614032138 13.109010510838715 2245.436285494587 29.479731669517328 0.32008589195461906
1.1178899620843632 13.112619577602512 2017.7846210812043 30.621595389784687 0.32415592947025135
1.1405658840660546 13.1158731994181 1814.596814838114 31.810367993107374 0.3283161268345318
1.1633306393005045 13.118840561431579 1633.2136130753893 33.041083709515924 0.3325315736387523
1.186180399357188 13.12159268392898 1471.1685878840133 34.31695245867261 0.33681681204156355
1.2090853349680661 13.123860746887221 1326.1577670030408 35.645363449031905 0.34120784172377056
1.2320461352887853 13.125772912067452 1196.499993889724 37.028338752971464 0.34570332773210377
1.2550562975168862 13.12726928088854 1080.2990832561964 38.46293748679771 0.35026479633731883
1.2780727731378634 13.12818565441056 976.2156541183393 39.949836051229255 0.354900754871359
1.3010951826637882 13.128503560968161 882.7512982332939 41.49825203508726 0.3596540383156089
1.3241215324662832 13.12827930389073 798.9033114742259 43.110649484890715 0.3645267870829142
1.347133586963896 13.127422814937969 723.5301946834792 44.78962131838683 0.369520622108375
1.3701167851855838 13.12601890941638 655.8276717564003 46.528328330597944 0.3745736023297921
1.3930203139417854 13.123605810590634 594.8498523566384 48.33793450091432 0.3797503863502949
1.4158567077644673 13.120573450360984 540.0177991018046 50.22308667645116 0.3850627209951681
1.438627581730918 13.116813093330338 490.56300618655627 52.18698492834778 0.3905133871695635
1.4612746221356865 13.112168982390749 446.023326514204 54.233020139278054 0.3961037513403051
1.4838144447726396 13.106684625048606 405.80133097022895 56.36074271590688 0.40180882313921285
1.5061998675711448 13.100254893337464 369.5078168820397 58.572830949619984 0.40764284209404833
1.5284475376868225 13.093004246704767 336.70731939638625 60.878941748141465 0.4136378543890882
1.5505003887300146 13.084691388006323 307.0778586315199 63.283338696233834 0.4197968859720931
1.572378797698888 13.075483400492347 280.2470597385396 65.79054926825022 0.4261206452729117
1.5940235853554503 13.065149915029052 255.97943531940962 68.40545262253085 0.4326152215737634
1.6154408194207657 13.053804219232138 233.98237769040114 71.13312174220384 0.439295273526421
1.6366163186597587 13.041481059794588 214.052326607065 73.97901192185985 0.4461678289100144
1.6575363978396773 13.028015766677706 195.96796911076305 76.9474131358791 0.45322947479538134
1.6781376226562994 13.013380132053303 179.56095539379615 80.04306894209058 0.46047694887537255
1.6984070795559383 12.997380462869367 164.63510349932508 83.27633889179012 0.46794656260007234
1.7183700659652454 12.980367044828496 151.09211356707664 86.65146904753585 0.4756362710103053
1.7333335084913457 12.962754335168867 141.19664035293056 90.66168272840054 1.1068863212836773
1.7318903945953257 12.939008472056557 139.39927605521305 96.33412805361807 1.9606140873255629
1.7210487540746549 12.90580767057411 141.40498812960047 103.90798451039814 2.746590370640121
1.7045598482850428 12.864503264289795 145.56280333813544 113.40879598285991 3.6065062052354486
1.68410537339706 12.817251720915776 151.44154365103404 124.94078865541422 4.452040632509799
1.6594826898756811 12.760062674376924 158.9464180582234 138.03578097914408 4.752375658928562
1.6303949167655343 12.68657253126144 167.76035276429525 151.9038456415445 4.793107109524684
1.599122783931404 12.598759925061396 176.88211438314516 166.29577128648748 4.832259154456675
1.566851086418615 12.498436313685492 185.8112868942336 181.23625320990345 4.872535641242095
1.5343219871824507 12.38715378838726 194.13706238980112 196.7072816375395 4.9139963305163565
1.5021167774244357 12.265717369080658 201.4192281500313 212.73124615196596 4.95671157893928
1.4706064024096623 12.135221674890195 207.37650901820157 229.38884673642784 5.00085938125593
1.440143119832691 11.996563737573817 211.68646876543718 246.71441708933202 5.046529472452801
1.4110163600448613 11.850649570229567 214.04084426816496 264.7461001510933 5.0937921888780995
1.3833980453404802 11.698387309426366 214.3074555490262 283.5236232606051 5.142727868574419
1.3575385476913908 11.540800957334373 212.40115088415695 302.9949247565306 5.1931547025165505
1.3334688499709402 11.378766549898584 208.31326759439614 323.2425751909216 5.245267480906639
1.3113673163641932 11.213463983949918 202.16313488682007 344.36609962151726 5.299316959141133
1.2912575483084938 11.045844722052841 194.1378501495479 366.41316256978774 5.355387560036998
1.2731365728320436 10.876921481812728 184.58793448039273 389.27206185080695 5.41311324800057
1.2570166956394813 10.707662405238718 173.79929882817567 413.1655943212861 5.473084199633581
1.2428496300911656 10.539088225808273 162.15369526624025 438.11391895936424 5.535299018256618
1.2305616276609306 10.371918818071382 150.02532826596135 464.07444104912156 5.599578575840106
1.220068617369638 10.20693682246822 137.70086235709016 491.2651969677836 5.666478664316219
1.2112682191649224 10.044921995293482 125.54942292603869 519.5744768041827 5.73561220719052
1.2040400548485124 9.886322400711908 113.77365836479142 549.2441424435914 5.807597895035517
1.1982616751669029 9.73174103885611 102.58212742661216 580.1882695693698 5.882093922332262
1.1938091059853788 9.581422871845799 92.09168573937953 612.6434539761531 5.959713602906644
1.190535198639733 9.435717207170498 82.39926738033166 646.5376813081912 6.0401311059150675
1.1883343420006547 9.294734513998646 73.5133203804774 682.0805292354861 6.123847883165541
1.1870610876723777 9.158617372079807 65.48397679533872 719.356561969016 6.21100297381983
1.1866022083330274 9.0273946168651 58.24729300889868 758.3789311010778 6.301497592112424
1.1868341698635487 8.900986494276976 51.786167230024645 799.3550497453105 6.39580191990414
1.187654153386877 8.779368421035315 46.04312259538214 842.3951456240175 6.494079942200339
1.1889450657930996 8.662358234641914 40.963281537357744 887.621469040722 6.59652264278116
1.1906244538487785 8.549907463878627 36.38234562373287 935.1537125110694 6.7032999254788574
1.1925915264570552 8.44171161576386 32.500719813985874 985.1504572545547 6.814676936534578
1.1947689441573233 8.33765551048391 29.019829896352103 1037.7967970082727 6.930981191383244
1.1970737593732614 8.23754527594404 25.951258720500253 1093.2717238808589 7.052500514414348
1.1994405513807884 8.141133045503013 23.26910305044628 1151.7712141018358 7.179548835497004
1.20180806728141 8.048261014360842 20.90548935156922 1213.503105362816 7.312445959132747
1.2041053452573784 7.958700751969723 18.82603876247579 1278.674029755797 7.451489116181816
1.2062832865374697 7.8722836316396885 16.999536213340136 1347.5649865197481 7.597169583321712
1.2083049974985125 7.788760484651521 15.366178371540288 1420.457957252999 7.749935710288631
1.2101169446676243 7.707889155225532 13.977238448038836 1497.6612241706484 7.910281997780092
