M[M_sun], R[km], Lambda[1], P_c[MeV/fm^3], rho_c[fm^-3]
0.23841724892012095 16.20908015294055 2780876.1263280716 3.453507347168396 0.169602847481901
0.2484253912079591 15.86598769614878 2281722.531426349 3.6357627283123555 0.17198119036073495
0.2587188577368902 15.562228918829165 1880874.3565488923 3.8252067765147304 0.17438030081697078
0.2692980154794774 15.29269649142503 1557180.1381955193 4.020975365038171 0.17677515805551047
0.28016326466729424 15.052832446100155 1294454.2501196126 4.223348231501617 0.17915651343021022
0.29130629726879964 14.838811261406866 1080179.5180270523 4.43371286743155 0.18156166682957034
0.30274195062646453 14.64723696648389 904576.3245044015 4.65241752980654 0.1839944306566932
0.31445704390173973 14.475795547747222 760022.8756883875 4.8798299879072236 0.1864564464737999
0.32645824504691184 14.321963907957715 640655.059647188 5.1133551054128334 0.1888898038064167
0.3387458416931872 14.183632028097628 541603.2261597612 5.356017966653406 0.19134316877350654
0.3513141269208462 14.059450332709186 459213.2590226564 5.60839417181069 0.19382657272304182
0.36416589077775 13.947573132962635 390377.84407913167 5.87089734343039 0.19634550570139753
0.37730941768522663 13.846865614343779 332695.23789185507 6.140583534454488 0.19884284670436508
0.39073163437935315 13.756342703744796 284245.4827588836 6.420567414330668 0.2013675721485827
0.4044372954718295 13.67482197542874 243407.33186017632 6.711808356234452 0.20392671196012202
0.41842877979035425 13.6013744706459 208902.17245549645 7.01463209234166 0.20651570945695547
0.43270707979895084 13.5354540986177 179663.13270663345 7.325222898475134 0.20907775630236478
0.4472666756955142 13.476148665654742 153050.80504516987 7.648379568650864 0.21168422810122323
0.46211571849260213 13.42290247618045 133677.73887223352 7.98463686460446 0.21433506587173193
0.47724643591609195 13.37540636348297 115650.17381489837 8.332389156084467 0.2169975458992949
0.49265513383051035 13.332717510819739 100216.69082862708 8.690956549576683 0.2196525746707955
0.5083499560630139 13.294703004658901 86995.5652234174 9.064152385263185 0.22235594809658554
0.5243223603414431 13.26080449573821 75636.84678924685 9.452584117549431 0.22511028217807053
0.540575594377484 13.230946760788708 65875.75061615011 9.851279329063065 0.2278442648381842
0.55711062284801 13.204472861532395 57457.29796755784 10.265543037677196 0.23061913030947434
0.5739254029364347 13.181300700321602 50192.028614099945 10.696765232874 0.23344449823562333
0.5910108135871815 13.160842460541426 43903.27952437466 11.142510493343801 0.23628052115123002
0.6083645320070189 13.143145694663293 38457.379929408686 11.60253383867232 0.2391278434893039
0.6259979846453635 13.127938316337415 33730.76271639267 12.08144396519181 0.24203453033317945
0.6438941183809448 13.115000823394471 29627.09163775288 12.579581880764916 0.2449964820237399
0.6620629260457517 13.104075635103367 26053.19016660313 13.090623003403238 0.24793011804208
0.6804901634312053 13.095081504752779 22940.51469375816 13.622669548833462 0.2509223887624837
0.6991654871020384 13.087551479187463 20221.268438913303 14.176631675702712 0.2539753835358035
0.7181183805873895 13.08175822106563 17845.673233127305 14.7473071023255 0.25703272991201453
0.7373081601654858 13.077257465872549 15654.777061129982 15.338713622939375 0.26013045860701817
0.7567457735148354 13.074119517027565 13947.41528518788 15.954437279380558 0.26329379575767725
0.7764244720831311 13.072012958765601 12349.414253021783 16.59251681767773 0.2664915526729668
0.7963337473905117 13.070877500877561 10873.38353106325 17.2502057343695 0.26969380248005165
0.8164986207546666 13.070755031939719 9712.27110037316 17.935017242132627 0.2729683712723443
0.8368674550234697 13.07134109017581 8626.51656825698 18.647988149661785 0.27631659550814547
0.8574620881324114 13.072681832285241 7669.853885686936 19.38073624603206 0.27965861372931833
0.8782717528470594 13.074589387702165 6825.117624166781 20.142806848551963 0.2830640798991371
0.8992836923812338 13.07697915847156 6079.57962500827 20.936254022384333 0.286542554859284
0.9204934190255171 13.07984621839145 5420.93320397526 21.757115308692487 0.2900548937116899
0.9418942818098331 13.083023593223839 4837.63431826045 22.605854694430086 0.2936034276871432
0.9634840087920771 13.086494148361638 4320.922066528535 23.489521968415897 0.29723556793168193
0.9852405438873444 13.090143018404035 3862.96939070539 24.40943316650725 0.3009515138843666
1.0071690849090207 13.093939108896373 3456.5326813406236 25.35628327112478 0.3046621300028108
1.0292514872217058 13.097818955364334 3095.487935477579 26.341303091265946 0.30845362880718125
1.051483959283981 13.101737264454368 2774.5984295901867 27.366811811918726 0.3123339924436829
1.0738463744562616 13.10552156889093 2476.2867224134147 28.431119914660133 0.3162836713336954
1.0963285090182553 13.109213523134269 2234.6635762499905 29.530348859593257 0.32026893626804953
1.1189376264641824 13.112828468629965 2007.9054581895286 30.674762778938373 0.3243427050868807
1.141635852415007 13.116056994417912 1805.6424182887217 31.866224014892456 0.32850744485005007
1.1644224999557369 13.119028513969438 1625.0501654647956 33.101488323218774 0.33273847148883984
1.187292008147486 13.1217449319073 1463.7231640898892 34.380389478727864 0.33702891410117347
1.2102175069334065 13.123990335924315 1319.4768051980218 35.71200653504371 0.3414254724421305
1.2332177063826297 13.12601258439571 1185.0933118234877 37.098367468511604 0.34592599193768825
1.256225832254505 13.127322784688173 1074.7331809855023 38.538574574906974 0.35050529299653455
1.2792661671688097 13.128169099025497 971.0844139370412 40.02929559660425 0.3551477640154963
1.3023214226387394 13.128553684297524 878.110816887986 41.58175844677679 0.35990802021418705
1.3253633450208469 13.128232780509185 794.608253208029 43.19844186848025 0.3647881395217558
1.3483870589982698 13.1273351986453 719.6761067837188 44.88194869136353 0.36978894125948564
1.3713763259940035 13.125776075063381 652.2629374730498 46.62791873581417 0.3748630290959271
1.3943036786403427 13.123433393778615 591.6009363467367 48.44266295826335 0.380048675894722
1.4171783073219635 13.120502776347982 537.0313098380632 50.333264849902754 0.38537043837196944
1.439939872532697 13.116591693627088 487.8725506323565 52.30294443862922 0.3908309875679173
1.4625987165531733 13.111827530443232 443.5324606542476 54.355109273575295 0.3964311094671037
1.4851510954663303 13.106283495313997 403.5202654749458 56.49233278660285 0.4021616561681001
1.5075879682323312 13.10006384914555 367.42814141326636 58.711392041655316 0.4080077333867336
1.5297937941100803 13.092461486591919 334.81348170526707 61.02491004421923 0.414015574345188
1.5518668777646818 13.084104816388564 305.31937580305794 63.43717880084115 0.42018798968495635
1.5737495333549487 13.074786191089478 278.63573599955384 65.95275256626326 0.4265253723181265
1.5954107271522286 13.064527465513779 254.50292331195223 68.5765470641732 0.43303532995483823
1.6168297712716186 13.053048791856055 232.6221391651146 71.31367841812367 0.4397317427436584
1.6380107043262764 13.040611026501203 212.7996731730913 74.16964014002048 0.44662132184286024
1.6589065526569595 13.026944359329303 194.81238530921715 77.15030986938321 0.45370739612565864
1.679498266095497 13.01219361465228 178.5000517887366 80.25991236420198 0.46098439970259875
1.6998025827471615 12.996335130404978 163.67069070265873 83.50546294408419 0.4684751277331352
1.7197444169773697 12.979133366888819 150.19525659191646 86.89653579393028 0.4761995926880729
1.7393468161310488 12.960769437396696 137.94272620381898 90.44073446083416 0.4841619646486002
1.758596312393424 12.941296978314881 126.79294690041903 94.14619972675443 0.4923704356785761
1.7774262067640183 12.920421345744055 116.644856668261 98.02169536298855 0.5008456411253633
1.7958689807181145 12.898428897965138 107.39990639863483 102.07657676471646 0.5096026997232479
1.8138448649278416 12.874957467822883 98.97021792216759 106.3208389329859 0.5186480345679787
1.8313812433766001 12.850229489545626 91.283149652321 110.76521822719214 0.5279955114352567
1.8484371763657785 12.824053583077134 84.25589508897124 115.4212704856607 0.5376699423645772
1.8649832603875267 12.796451103144358 77.84399404267887 120.2979792637005 0.5476776251679945
1.8810560684638942 12.767732685940214 71.98125561562304 125.40894895472684 0.5580278359405327
1.8965704124183373 12.73749295915388 66.62446243690421 130.7702882074168 0.5687529337156159
1.911544109509197 12.705855675999118 61.71696247495293 136.39733426468018 0.5798813223696778
1.9259138779917029 12.672621468861665 57.22672457627546 142.3066119646916 0.5914302686412004
1.9396986546056916 12.637964510220648 53.11029718971715 148.5159400895961 0.6034206916051368
1.952890859134922 12.60193255683915 49.338636489022065 155.04452108713923 0.6158882541409846
1.9654458361882141 12.56439806065728 45.87482555244894 161.9040108967062 0.6288326498558144
1.97735057552877 12.525445070719476 42.703500096780544 169.11883146422878 0.6422792192283935
1.9885852571035274 12.484909968964645 39.787645060953096 176.71844130155793 0.6562919885115518
1.9991480548921372 12.442928545603824 37.10825753721923 184.72894696138607 0.6709104969496816
2.008987857191162 12.399391990526308 34.645419866433265 193.1629370646431 0.6861054071408038
2.0181349590228232 12.354389661295178 32.381472916045155 202.0597239855486 0.7019627533629906
2.0265516921431472 12.30790526755898 30.297077577866602 211.45727172667773 0.718547225142746
2.034211998253944 12.259752963727367 28.37597724565968 221.3699758150578 0.735818507168405
2.0411207183352973 12.210333770383816 26.612329022992363 231.85198077747498 0.7538982658419289
2.047246199361433 12.159219776931302 24.98255808727351 242.93677454384823 0.7728132125989846
2.0525868947390524 12.106644674273774 23.480263348664433 254.6646730131314 0.7925929008006616
2.0571187461383342 12.052574890072137 22.09665591088336 267.08945529316117 0.8133353236352661
2.060854434575374 11.997026480369279 20.818520199527228 280.2546365735824 0.8350660760813396
2.0637616001501824 11.940089835988388 19.64224232595924 294.22022562393556 0.8578681208894866
2.0658353409060184 11.881615265758487 18.555076596541166 309.0504505499636 0.8818332258914923
2.067081550413341 11.821704306282637 17.549829507809815 324.7975432054244 0.906976478597849
2.067471657553356 11.760439937820411 16.624305358212652 341.55000375609643 0.9334542301027003
