M[M_sun], R[km], Lambda[1], P_c[MeV/fm^3], rho_c[fm^-3]
0.23841724892012095 16.20908015294055 2780876.1263280716 3.453507347168396 0.169602847481901
0.2484078137798878 15.866413018699607 2282457.557297326 3.6354358912287443 0.17197703286942076
0.25868261272042165 15.563280941944447 1882026.7384376365 3.8245344636822023 0.1743720763450793
0.26923856568274024 15.294064512374115 1558705.4319720378 4.019892197684772 0.17676190755809207
0.28008436526099545 15.054479005123467 1296144.312005199 4.221864929286513 0.17913916851209566
0.2912041509054995 14.840526889090395 1081832.8386827763 4.431808971597564 0.18154024415590506
0.3026187097962571 14.649217788694846 906226.280024232 4.6500715036827325 0.18396902196535533
0.3143104577722641 14.477801271345832 761648.9427117875 4.87700096721691 0.18642678687934947
0.3262866463289598 14.324016718201536 642204.6281023496 5.1099160160920425 0.1888539681185658
0.33854582503054553 14.185889565530553 543081.1660706953 5.35204935743843 0.19130356954621736
0.3510866588880453 14.06151265384801 460526.56584768975 5.6038711682470295 0.19378310193547862
0.36391274562432624 13.949668359304544 391625.937147905 5.865793255139463 0.19629824095668333
0.3770239199860102 13.8489433194066 333823.41527744714 6.1346328492963 0.19878774232551327
0.3904203885688517 13.758439658407704 285278.95416391717 6.413958891225624 0.2013086708922197
0.40409166063685925 13.676677051107252 244345.1466235488 6.704512377839845 0.20386433484912206
0.4180506784552866 13.603281530895483 209745.67339552217 7.006284399417893 0.2064443406918719
0.4322942799304201 13.537247261807941 180441.3310927441 7.316101232417343 0.2090025635241369
0.4468224475957812 13.47783783037665 155525.85604263376 7.6384482055581495 0.21160526869679197
0.4616341369518058 13.424522557979348 132810.9083565498 7.973858685476249 0.2142525453898676
0.47672776610478274 13.376790673743134 116206.6969298784 8.32025821310662 0.2169046683131931
0.49210209625863005 13.334110471545724 100721.78106622136 8.677876307496259 0.21955634079838468
0.5077582394514853 13.296093081698212 87454.73410845012 9.050080395960746 0.2222560137458317
0.5236924628808303 13.26213573135004 76053.1775045299 9.437474019867437 0.22500666732677005
0.5399089793391649 13.232109702537617 66247.47753507023 9.834457719840966 0.2277289135959312
0.5563987471468622 13.20554933607463 57791.89937520313 10.247558818056094 0.23050028685488916
0.5731675369782497 13.182180708710755 50492.36522083741 10.67756665557902 0.2333223486358761
0.5902152673519733 13.161808095648153 44175.06936068969 11.121259205005975 0.23614531132163202
0.6075290471834294 13.14398391884259 38701.24743895265 11.579924872337989 0.23898880935118508
0.6251127622289574 13.128684865950868 33952.17561268921 12.057412798560751 0.2418916398757303
0.6429649850490393 13.11566083643901 29824.585808632935 12.553102140646654 0.2448390322321121
0.6610828572410474 13.104638718127768 26232.26412252912 13.062553626919385 0.24776912049846314
0.6794679109545656 13.095493269831055 22923.368690271876 13.592938151599471 0.25075784640826515
0.6980946511875169 13.087914215048547 20366.315003184704 14.14515941481366 0.2538067735023389
0.7169946727254763 13.08208888813325 17977.239932341898 14.712810018843825 0.2568479146418062
0.7361399349299763 13.077539885377249 15885.831482305583 15.302268130348025 0.25994136090506514
0.755521681088796 13.074243847188056 14053.754502491814 15.91594979196878 0.26310091442919653
0.7751543139468619 13.07208965006742 12445.456366943732 16.550450472072715 0.2662807357771322
0.7950310702529118 13.071108667887168 11034.018171281752 17.20585877689798 0.26947884859159255
0.8151263931951668 13.070739369796332 9790.774519020599 17.888276835661262 0.2727486601483714
0.8354495033816346 13.071286950914358 8697.555422390944 18.597822075869917 0.2760839966164313
0.8559843752926477 13.0725426248507 7734.089154622973 19.327089572695048 0.27941393460877784
0.876746403779091 13.074438165696169 6883.6511699266875 20.086344927219056 0.2828149357316954
0.8977043234046769 13.076810641950559 6132.511515422156 20.876837126942068 0.28628831912685004
0.9188673808862231 13.079657133605085 5468.699350856102 21.692523160689554 0.28977851387166675
0.940218550933276 13.082745392529421 4880.7804892894 22.537949493959143 0.2933210753974772
0.9617443363855119 13.086178541176498 4360.0201532153615 23.418127707782872 0.2969469339242574
0.9834547341394119 13.089870899566328 3898.4665689264216 24.332748324392764 0.3006445786859582
1.005336016977265 13.093684621590983 3488.6588594510804 25.27487886419007 0.30434311382167367
1.0273635848215414 13.09753476165002 3124.7047201257687 26.255782520783143 0.3081277575912133
1.049540345225214 13.10141750553752 2801.0900039876283 27.27695198042418 0.3120005199477017
1.0718460511176724 13.105197344106271 2512.9613821626112 28.333787933397666 0.315922469468629
1.0942745074067073 13.108885317694964 2256.5158587027686 29.42813249874127 0.3198992965554253
1.1168208251450904 13.112369240995598 2027.892009823559 30.567398639966903 0.3239655377371297
1.1394873410361548 13.115735056192191 1823.7343104222537 31.75343277861504 0.3281211123687381
1.1622268762080588 13.118780720240718 1641.535517141413 32.97951769090684 0.33232069774521
1.1850428641720911 13.121462856235143 1478.746102235795 34.252298301880316 0.3366006404779239
1.2079247401113962 13.123775032541571 1333.1705064745163 35.57744446035114 0.3409860443974244
1.2308748182259195 13.12574946360514 1202.7963882665092 36.95697224238524 0.34547640985616607
1.2538587492438855 13.127299282520049 1086.1177910501692 38.385862796667666 0.35001972866020803
1.2768557876467814 13.12818210523659 981.4481220610386 39.868869644235765 0.3546490614744115
1.299881013283921 13.128726657913319 887.5634228169406 41.41316565209654 0.35939525098828984
1.322859073649994 13.128331159567674 803.3077771519735 43.02119993556798 0.36426050136525917
1.345855912777032 13.127508063062491 727.5384637821471 44.694710003327685 0.36924243624106745
1.3688052160125534 13.125995214036287 659.4440448353779 46.42687259804297 0.374278754603091
1.3917000968603883 13.123765844546702 598.2044683397002 48.23124934481085 0.3794465237000013
1.4145228912450787 13.120769955791701 542.7868881078487 50.1108552168539 0.38474926898139855
1.4372412317734047 13.117026694206944 493.5418357719099 52.06887002115219 0.39018988337512883
1.4599155700756943 13.112486308289343 448.5822784599897 54.1086677229942 0.3957703246656721
1.482435706162632 13.107052588615126 408.1593526137228 56.226727103376184 0.40144948649445455
1.504843294055147 13.100914103075672 371.6861815131126 58.43172291939505 0.4072712436113811
1.5270464761626008 13.093450250873078 338.68473003259135 60.73029801894904 0.41325321125510817
1.5490957075470142 13.085285563212643 308.88391116531915 63.12668714339442 0.41939863478721723
1.5709631807874622 13.076059156890144 281.89979000515166 65.62539059553362 0.42570854402454616
1.5926076827748539 13.065894694306488 257.5037215257385 68.23125042786917 0.43218748235981536
1.6140229247588198 13.054635412177133 235.38488565356838 70.94929584830315 0.4388509014553799
1.6351936637575115 13.042286268375207 215.3290927867783 73.78468625689071 0.44570504088774354
1.6560896070275157 13.028822369122352 197.13989169571872 76.73841357940843 0.45273227756644063
1.6766878198118351 13.01423331494497 180.63883603770836 79.82234999367905 0.4599604286514001
1.6969984362991293 12.998543743702598 165.63672869422854 83.0431342435327 0.46740858396054097
1.7169847495811204 12.981715313165827 152.0196905667946 86.40779693019539 0.4750877233679857
1.7365960092268038 12.963485005778983 139.61170425272317 89.92382713722202 0.48300294316790676
1.7558478782816156 12.944208551547844 128.34395942243586 93.59924398781655 0.49116164175556165
1.7747104400511706 12.923537059912704 118.06534280145992 97.44266256555623 0.4995822237998639
1.7931820147955522 12.901850075981416 108.71645631382565 101.46327479248147 0.5082810756306048
1.8111701594992033 12.878462937328223 100.18312211488137 105.67091672887796 0.5172658168459788
1.8287720615410663 12.854089742588414 92.39602688360146 110.07615134255356 0.5265486314895071
1.8458559161812749 12.828091603410995 85.28692533531478 114.69032916490977 0.5361526506162442
1.8624430640634115 12.800827740732382 78.79829981548575 119.52563036734153 0.546097919716739
1.8785854226807148 12.772413123701865 72.86814212213025 124.59510565864971 0.5563930323928095
1.8941631350949273 12.742439555266134 67.44408773572216 129.9071627018499 0.5670399056277438
1.9091635525469786 12.71091339717465 62.47265331130676 135.47953247643426 0.5780781075521542
1.9236227748939092 12.6780585435122 57.92621105043991 141.33015711082933 0.5895328648598929
1.9374832836669436 12.643735858696363 53.75961893287063 147.47653260511714 0.6014213090343578
1.950752017334157 12.608033140205416 49.94145131810185 153.93749305909157 0.6137787471724092
1.963393487418062 12.57085455745049 46.438258032054286 160.73339774982807 0.6266372946095078
1.9753849030278783 12.532096130416313 43.219172484180454 167.87523027670585 0.639976117018155
1.9867124766631068 12.491860590332214 40.26580170796159 175.39137602627628 0.6538554134593277
1.9973718771536104 12.450207094469324 37.55263240824462 183.3119873968999 0.6683307639398232
2.007332107012915 12.407139005806567 35.06055109887415 191.66432459801203 0.6834251312326644
2.016578378490261 12.362403755797622 32.76505410436577 200.4573957953034 0.6991197156830944
2.025104280238653 12.316241106506224 30.653554832786185 209.7429978722959 0.7155292595735177
2.032886833763027 12.26853385514659 28.71010631610323 219.55124192333534 0.7326691095857046
2.0399348152647367 12.219466165429825 26.9217309589007 229.90344572015084 0.750549041329788
2.04617552988015 12.168637618317824 25.26926668569279 240.86051437391657 0.7692925065184721
2.051652637040391 12.116490916289335 23.747874885489864 252.4417022403094 0.788857997098252
2.0563372205868236 12.062812347103984 22.34696674157495 264.714645980905 0.8093915128841971
2.060215655351947 12.007659483417381 21.05242807799662 277.70932269626013 0.8308816517691132
2.063278663830317 11.951020385600595 19.858025019651574 291.50207663653964 0.8534585104208249
2.0655002786522845 11.892991558205582 18.757774361536313 306.1549790419152 0.8947318299154106
2.0658591984424635 11.837487085818134 17.86391158863729 322.5064875386139 1.3667346444809403
