M[M_sun], R[km], Lambda[1], P_c[MeV/fm^3], rho_c[fm^-3]
0.23841724892012095 16.20908015294055 2780876.1263280716 3.453507347168396 0.169602847481901
0.24842075049171555 15.866051677392154 2281956.8019540887 3.63566813539276 0.1719799871030224
0.2587084744645785 15.562572321509554 1881234.9605725857 3.8250121876922374 0.17437792039193117
0.26928010134896535 15.293116310775584 1557516.6835540705 4.020661847070779 0.1767713227580336
0.2801401305881915 15.05332329904064 1294920.1590987423 4.222918877926269 0.17915149280627346
0.29127549205002745 14.839262765956255 1080615.8771877305 4.433161746854027 0.1815554656099071
0.3027055547694923 14.64777988557005 904959.6983819996 4.651738398462506 0.1839870753086332
0.31441620545269794 14.476383459364659 760505.6066142995 4.8790163476471005 0.1864479682530662
0.3264087468449344 14.322571992260519 641076.3863001877 5.112359465637397 0.18887942913077546
0.33868752638435556 14.184332303193978 541993.9593185973 5.354868983628947 0.1913317040921856
0.3512492842539096 14.060041206704923 452627.79975880525 5.607084633362314 0.1938139866910182
0.36409138836111227 13.948203112199229 385062.3997951194 5.869419511142289 0.19633182071754807
0.377225402074404 13.847538909482925 333043.8307583112 6.138860494801658 0.19882689105769882
0.3906411606494781 13.756988522080011 284538.81485819875 6.41865382852177 0.2013505165059662
0.4043394473827062 13.675375918898236 243687.66661413552 6.709695636340144 0.20390864921976953
0.41831880030193824 13.601924469863276 209144.79853788108 7.012214702525724 0.20649504193510668
0.43258958537767384 13.535963728507689 179884.42452066328 7.322581287556418 0.2090559806680983
0.4471375076399431 13.476634691203097 155029.8317853001 7.645503377800085 0.2116613609162771
0.4619768465666142 13.423410653900508 132374.60234727015 7.981515330346914 0.21431116661119595
0.477097533859672 13.375847296194626 115811.15252983551 8.32887565915894 0.21697064567283972
0.4924961610560712 13.333060880747727 100357.53511746471 8.687167988216157 0.21962470149166413
0.508178145815992 13.295021507225501 87122.94395408896 9.060076449763645 0.22232700222695
0.5241450018091591 13.261231080201155 75759.70137476509 9.448207363706715 0.2250802693543194
0.540384397903412 13.231177407850453 65977.99062520634 9.846406567420367 0.22781085072772267
0.5569013536091926 13.204697635265406 57554.92085885896 10.26033334614141 0.23058470358690977
0.5737043107633637 13.181427290399007 50276.031102609195 10.691203603812955 0.23340911276130868
0.5907808423919169 13.161101133648934 43980.20113045325 11.136353884809923 0.23624135016180414
0.6081243113863896 13.143405973560068 38527.25939123494 11.595983717828279 0.23908756343436205
0.6257433530260562 13.12819950360062 33796.99305749958 12.074481618477643 0.24199313188914298
0.6436278800885936 13.115158209242274 29444.78963564248 12.571909708430255 0.24495086292287144
0.6617817337324109 13.104210849911988 26103.869397296326 13.082490029182262 0.24788346973577974
0.6801957862779943 13.095235555074675 22986.751743018205 13.614054776703133 0.25087471206312695
0.6988533765613537 13.087648181614567 20264.02850309289 14.167512236179345 0.25392652689316714
0.7177922783581329 13.081920888375304 17884.525895466242 14.737310626047512 0.25697917461753783
0.7369709850901289 13.077339493308838 15801.593632163855 15.328152258973187 0.26007566089367984
0.7563934020523552 13.07410052289231 13977.207859640599 15.943283879164932 0.2632379001200211
0.7760605401215278 13.072004305402828 12376.426075531655 16.58032558993897 0.2664304559280194
0.7959564292773487 13.070947191531236 10971.701914493411 17.23735322542807 0.2696315051561554
0.8160919964284619 13.070719621985262 9735.148240614466 17.92147071544029 0.2729046935504288
0.8364567112926428 13.071335512767076 8647.15789687384 18.633712140791218 0.27625148352490403
0.8570339714959568 13.072636198595657 7688.298943887788 19.365186791199545 0.27958769363872105
0.8778290913579999 13.074554985003065 6842.396960105031 20.12644096818567 0.28299186373039803
0.8988238737567306 13.076908612979143 6095.022792778434 20.919031172980166 0.2864688609427595
0.920027838703572 13.07977532227206 5402.8784354609115 21.738391209662705 0.2899747761795373
0.9414065993375398 13.082953177281738 4850.112840963824 22.586169686441355 0.2935215767090272
0.9629840566355792 13.086420138665858 4332.273312715554 23.46882497386554 0.2971518937479906
0.9847310827887454 13.090132710274613 3873.370686731809 24.38767170105203 0.3008662327568837
1.006642531188715 13.09392063654789 3465.8746716465453 25.33268228175466 0.30456963995487085
1.028699100487984 13.0977230575007 3103.957033496561 26.31650807414055 0.30835914882026133
1.0509179922949363 13.101632130841605 2782.2685382072746 27.340758012794666 0.3122373060235195
1.0732638305234856 13.105384618915744 2495.793212669238 28.4028978623504 0.3161789384617446
1.0957278977502085 13.109091147032792 2240.9633585195807 29.500709743568194 0.3201617538733857
1.1183220891513377 13.112650246877418 2013.653085187169 30.64363013600622 0.32423333694461315
1.141016857389611 13.115972062055414 1810.804502100662 31.833516757155934 0.3283954159685935
1.1637807734072925 13.11892639111116 1629.8459419668225 33.06611690711496 0.33261731733358885
1.1866404584291503 13.121671396198607 1468.093903569381 34.343242058916665 0.33690471147872547
1.2095589967040412 13.123975507303424 1323.4308757931155 35.67298138490802 0.34129803129307223
1.2325351561439906 13.12589213104782 1193.9519196610693 37.05735940172203 0.34579560216052574
1.2555433525378399 13.127298149405476 1077.97195235164 38.494281441007494 0.35036445797769256
1.2785618613470717 13.128173885282601 974.0553572118065 39.98276362911538 0.3550031140378227
1.3016228080846035 13.12859773935273 880.79032323222 41.532856182642455 0.35975928564832177
1.324644017130557 13.128318927803456 797.1290995803598 43.14702923307271 0.36463508731948435
1.3476527598444203 13.127385577911415 721.9382951212057 44.82787980140037 0.36963180780936494
1.3706401743429812 13.12598671648173 654.3200385421923 46.56959527501496 0.3746935311346299
1.3935827951586468 13.123805805635504 593.5458164918863 48.38132990936828 0.37987398596157174
1.416399304468333 13.120540585287785 538.7918196325963 50.268739618796836 0.38519022541116793
1.4391658986041422 13.11666333342878 489.43827033545824 52.235032736021125 0.3906449848524102
1.461835378131941 13.11207415374989 444.98782021880373 54.2836070425113 0.39623939022396415
1.484366242928141 13.106538583127447 404.874571224884 56.41526464005717 0.4019550130115715
1.506754114071924 13.100089049674716 368.66089359144536 58.630240351100284 0.4077940258817244
1.5290081659750818 13.09276633433464 335.9126487077456 60.93941924014943 0.4137943510821379
1.5510711935510957 13.084500305225545 306.34751647515014 63.347076655937016 0.41995892533597595
1.5729452521286738 13.075252818348824 279.5931927540987 65.85775115667843 0.42628832633778263
1.59458348548936 13.06480316404683 255.36680947772587 68.47633703513114 0.43278927244026205
1.61601732930434 13.053510532876897 233.41546160885915 71.20792512992888 0.4394760997180903
1.6371955810373964 13.04110708400001 213.53010019797424 74.05798655208751 0.4463557047503697
1.658096601438781 13.027536185326749 195.48527335847348 77.03237616386555 0.45343141101234474
1.6786981168257598 13.012785198581213 179.09976255364478 80.13289969558485 0.4606871682572988
1.6989908281187036 12.996983130081542 164.24188066152544 83.3712553857618 0.46816552498644637
1.7189428472025519 12.979835689955719 150.7206713798156 86.75465535132832 0.47587681804714504
1.7385516342800906 12.961572664339373 138.4256055591933 90.29066981838251 0.4838254862584728
1.757783320735655 12.94202786612832 127.24680940743602 93.98740415030605 0.49201949114294485
1.7766504980701305 12.921347659253785 117.0502264457613 97.85357883137517 0.5004788202135168
1.7950871511648792 12.89937329640185 107.78217013800753 101.8985016608809 0.5092189599699395
1.8130775336797986 12.876023658332942 99.3196360036073 106.13212135530854 0.5182466807156718
1.8306151724308621 12.851205200776992 91.59563425837516 110.56512377757241 0.5275753597012746
1.8476805899412025 12.825194590353162 84.55602105423806 115.20900497345306 0.5372293205239657
1.8642651829880603 12.797764069966846 78.11755999484492 120.07594794158494 0.5472273025079081
1.8803335171720958 12.769066356688967 72.24001929799111 125.17308589115594 0.557554849896398
1.8958752587593792 12.738913214554223 66.86085914174495 130.5196021850165 0.5682554021343581
1.9108429087264298 12.707230805881268 61.93533363768004 136.13075220027335 0.5793575657865238
1.9252635219184442 12.674212378468825 57.425875875923076 142.02297638828875 0.590879120563999
1.9390650655922061 12.639592879541674 53.293503291252655 148.21399946848155 0.6028398849202885
1.952275100028264 12.60369872590167 49.51150502628425 154.7229165395487 0.6152754177745339
1.9648482564067775 12.566271668130119 46.03681072352116 161.56524686760818 0.6281995256386598
1.9767840034183135 12.527329794638494 42.851414666506024 168.75751343382996 0.6416100719464839
1.988047853767829 12.486963204488662 39.92545556952767 176.33284671589846 0.6555840126755544
1.9986289323205149 12.445005066867402 37.236463536291524 184.31720322612077 0.6701608715319292
2.008534930491124 12.401732769551092 34.76632037091425 192.72744681918502 0.6853265306539726
2.017691488694195 12.356649247751701 32.48894644468897 201.59405948593385 0.7011365170609306
2.026139130781046 12.310342332463149 30.40086628025744 210.95903556122948 0.7176700843120534
2.033829072040161 12.262364192312141 28.47352678391133 220.8413516321505 0.7349031188692248
2.0407711205532877 12.212952230821656 26.701544159055413 231.2855833645225 0.7529247180004655
2.046947476243988 12.162006495050404 25.06549836829397 242.3344760020098 0.7717940845225602
2.0523213009598775 12.109517594082796 23.558507704986084 254.01841035390024 0.7915070885946706
2.056906599388059 12.055588342595142 22.1686525278505 266.40073018249495 0.812194287325609
2.0606729111418254 12.000145375243953 20.886944665806546 279.51454860595516 0.8338493923110128
2.0636239684703654 11.94329162527302 19.705337845428822 293.43210955837515 0.8565914695520804
