M[M_sun], R[km], Lambda[1], P_c[MeV/fm^3], rho_c[fm^-3]
0.23841724892012095 16.20908015294055 2780876.1263280716 3.453507347168396 0.169602847481901
0.24841653755480195 15.866167476899411 2282016.941722272 3.6355764279751708 0.17197882054998667
0.2586971329993929 15.562936709726378 1881571.7191513088 3.8248235413739766 0.17437561266215584
0.269263516731145 15.293514357057111 1558064.5787439498 4.020357915001758 0.17676760472583541
0.28011640401503757 15.05385131512663 1295429.3091339727 4.222502666229012 0.17914662585621183
0.2912489777736073 14.83972322444207 1081156.74631793 4.432627513031381 0.18154945440034445
0.3026712393560405 14.648351176212545 905469.4545916523 4.651080097488314 0.1839799455643857
0.31437458291042447 14.47690926750762 760995.49777787 4.878227688196988 0.18643975033511215
0.3263587647414441 14.323212982976912 641531.5326020974 5.1113944316884465 0.1888693733712024
0.33863112892977854 14.184900792723532 542431.5735687781 5.353755354115477 0.19132059217215744
0.35118381514377817 14.060579420027699 459943.46772826737 5.605815426250957 0.19380178828526085
0.36402016406401666 13.948783464499003 391089.2610337057 5.867987234739026 0.19631855758911027
0.3771456730421384 13.84815973584284 333369.4052328361 6.137190635634873 0.19881142787157663
0.3905521677711066 13.757440309564558 284818.69635867386 6.416799356468115 0.20133398773968755
0.4042403462049713 13.675847954466613 243929.64350756104 6.707648237970069 0.2038911449470752
0.41821340388470263 13.602484507676559 206787.73725109108 7.00987214862771 0.20647501422441228
0.4324752961840173 13.536463647075783 180102.40834995548 7.3200215222365905 0.2090348797129888
0.44701512897482015 13.477165774471047 155227.4896338902 7.642716373509055 0.2116392028099917
0.4618402956154675 13.423850959331844 134041.0293564258 7.9784906679159855 0.2142880090260131
0.47694887034578853 13.37613864538574 115968.14126327168 8.325471338347965 0.2169445813264969
0.49234040182988287 13.333488289293102 100501.32771749565 8.683497241915944 0.2195976951007323
0.5080098549135122 13.295444134241693 87255.06654436287 9.056127362764233 0.22229895719103684
0.5239613192525212 13.261609198836213 75875.88581971421 9.443966922455752 0.22505119127031797
0.5402009437655868 13.23168713315616 66090.72721033108 9.841685765125785 0.22777847865190512
0.5567072774267616 13.20503200375127 57643.3228065991 10.255286240533984 0.2305513512658928
0.5734922720783888 13.18175737707592 50362.308604536855 10.685815669172106 0.2333748324055442
0.5905612809704645 13.161409003000685 44056.05833148106 11.130389809316503 0.23620340415032684
0.6078829382161616 13.14364089728796 38599.02603663202 11.589638580784333 0.23904854393001562
0.625491702037321 13.128452224916032 33579.66362253602 12.067737307970182 0.24195302989874087
0.6433419027708611 13.115670422950787 29758.267347657817 12.564478129054471 0.24490667439915645
0.6615029252026954 13.104456495375292 26156.41623971577 13.074612273038996 0.24783828528399798
0.6799040830556132 13.095246037801878 22853.286583039506 13.605710524512503 0.25082853250120346
0.698555068488882 13.0877710848338 20304.550406006314 14.158679355651222 0.25387920546663584
0.7174726127320084 13.081905418449734 17921.17551895857 14.727628703744884 0.25692730451995566
0.7366439262718684 13.07745742127452 15835.111051648651 15.317923443872518 0.26002258861253585
0.7560502181784214 13.074183626343965 14006.58394830263 15.932481899950501 0.26318376564044826
0.7756994440935008 13.072014719853122 12403.559166714964 16.568519027321138 0.2663712869451717
0.7955956074263517 13.071043533951507 10995.911357903566 17.224906509748994 0.26957117475050174
0.8157133234972448 13.07073222250665 9756.767582763849 17.908352170514664 0.2728430276286259
0.8360572462524637 13.071390728058601 8667.459940054774 18.619710839563943 0.27618688842325667
0.8566156302826469 13.072536379082122 7706.060734701328 19.350129624992615 0.2795190188457437
0.877404784342909 13.074537210188813 6858.668440954879 20.110593556701218 0.2829219353601409
0.8983780201036952 13.076858925108834 6109.725882602142 20.902354290514214 0.2863975031345656
0.919568508035879 13.0797549619648 5447.982706237959 21.720261544312716 0.28989720213742814
0.9409345394982768 13.082912986401537 4862.366077703686 22.56711001845496 0.29344232591735125
0.9624932700647605 13.086318895682433 4343.386817251896 23.44878589087672 0.2970708793810528
0.9842306640560823 13.090034670264268 3883.1084846309154 24.36602311684668 0.3007791026183729
1.0061252222769204 13.093811393435312 3474.7916476687446 25.309833134449246 0.3044800963049618
1.0281732585421257 13.097622562988873 3112.1067386057243 26.292503448460824 0.3082676805744937
1.0503731000637162 13.101535452722967 2789.5701627418966 27.315535274286734 0.3121437036939154
1.07270631744559 13.105328875948956 2502.6274138487506 28.375577426475306 0.3160775515150852
1.095167754704692 13.109129699674913 2247.119292138685 29.47201814170867 0.3200579979249476
1.1177196920835784 13.11252479206319 2019.2825629933823 30.613493417026927 0.3241274674565653
1.140416484975886 13.115942799306913 1815.933420700162 31.80185649950312 0.3282869732712557
1.163169735023036 13.118904761966284 1634.4923342925788 33.0318795726197 0.33250004763404833
1.186008049689723 13.121554606972351 1472.3069269498785 34.30728647906625 0.3367844937803831
1.20891294067239 13.123902983833597 1327.3115458520529 35.635209191386636 0.34117468181900024
1.2318898823659281 13.125968469994785 1197.5038479582606 37.01766888415007 0.34566940167981963
1.2548748388336357 13.127248915899234 1081.183150358642 38.451413728205594 0.35022815524612544
1.2778905947270973 13.128165398258362 976.9497197921843 39.937730207972336 0.35486312246397683
1.3009052797584322 13.128477820240477 883.4762377421752 41.48552995253847 0.35961534453612254
1.3239092367716925 13.128303195076937 799.825125429463 43.09727477313047 0.36448697140193564
1.3469438466517472 13.127496644430392 724.164128877196 44.775556080423925 0.36947974611906975
1.369902194092457 13.12591362649551 656.3634302624068 46.51315749188809 0.3745295132754518
1.3928274214777978 13.123664034966602 595.3599130759642 48.3219813857283 0.3797049483902458
1.4156527299678914 13.120589196782865 540.4780900203882 50.20630386132482 0.3850158481556189
1.4384101855512892 13.11681984221691 491.01568911794897 52.1693219554243 0.39046501022123914
1.4610655633707321 13.112222936890968 446.4164577546129 54.21442401708809 0.3960538894769963
1.4836099406841174 13.106755304281407 406.16336237340875 56.34070063282398 0.40175508421467276
1.5060028690714218 13.100403305671556 369.8319641860096 58.55172773712618 0.40758726820693786
1.5282487734765655 13.093192561052575 337.02789617727177 60.8567110529289 0.4135803283547
1.5502847870253065 13.084754951165339 307.3388962324849 63.259909844890316 0.4197373234102243
1.5721657691826947 13.075572120443365 280.4962867506647 65.76584751727427 0.4260590098634805
1.593810442647329 13.065296460559434 256.2066875366349 68.37939767066302 0.43255124577453175
1.6152273605404652 13.053924269335665 234.19489325240076 71.10562673129239 0.4392288083800656
1.6364006593712372 13.041529919849854 214.23662837541582 73.9499841861632 0.4460987736928909
1.6573039434062908 13.028033766932005 196.14120057825312 76.91615060265633 0.45315510313091223
1.6779175680289327 13.013409017840097 179.71127868031212 80.0100525458599 0.4603996848411853
1.6981990953617716 12.997522744982057 164.78278841293607 83.2414538877167 0.467866086558228
1.7181679660250333 12.980557196811539 151.22811599339715 86.61743783530905 0.47556465145356885
1.737751723851691 12.962259407767752 138.9010538053156 90.14554246069315 0.4835000783617094
1.757030051190756 12.942888379822076 127.67070749301321 93.83383895142923 0.4916801059496397
1.7758816474327173 12.92222531476178 117.4550315125449 97.68882670522947 0.5001138485820763
1.790553049381455 12.9014523934232 109.70939606594341 102.18881675858276 1.0817762462204352
