M[M_sun], R[km], Lambda[1], P_c[MeV/fm^3], rho_c[fm^-3]
0.23841724892012095 16.20908015294055 2780876.1263280716 3.453507347168396 0.169602847481901
0.2484169851786515 15.866280321444414 2281935.8455050318 3.6356260869319255 0.17197945223069774
0.2587036176564486 15.56270899217784 1881399.3215588438 3.8249256912837315 0.1743768622724873
0.26927116925750316 15.293393879149702 1557822.7652262503 4.020522489480969 0.17676961798233273
0.28012967443433384 15.053542601437645 1295089.848872232 4.222728036632776 0.1791492612134296
0.2912638393580821 14.83962422878689 1080913.1963528884 4.432916787910656 0.18155270932702042
0.30268901893466205 14.64813593998927 905235.9902664978 4.651436549173352 0.1839838061227785
0.3143973078599371 14.476602932678732 760697.0794964554 4.878654722346972 0.18644420007778326
0.3263862994803403 14.322841061826558 641316.729205254 5.111916962508732 0.18887481819965016
0.3386614869132772 14.184540526514674 542196.5428425284 5.354358339887813 0.19132660883173702
0.35121726887890486 14.060309871960305 459768.63594464614 5.6065026464614265 0.19380839318913898
0.3640576133902313 13.948504701038052 390930.2472971422 5.868762744787121 0.19632573894694683
0.37718889499358993 13.847834917242155 333176.5499332885 6.13809477749065 0.19881980038230979
0.39060084373589 13.757184289252775 284670.22933561495 6.417803450219067 0.20134293714978982
0.40429399549308853 13.67562058209433 243802.05632608366 6.708756783752493 0.20390062248107801
0.41827384967197406 13.602281772685972 209258.438223802 7.011140492212679 0.20648585795287563
0.4325364375534113 13.536159973588932 179988.64187627987 7.3214074635998 0.20904630446597805
0.4470815821669217 13.476826018511622 155117.80331389033 7.644225340634349 0.21165119986864392
0.4619132532210501 13.423592212906549 133945.53880688857 7.9801283007631065 0.21430054715977892
0.4770276694136273 13.375901047348783 115877.81049326526 8.327314511208467 0.21695869312690388
0.49242326261002556 13.333280252922004 100425.75804257503 8.685484652079538 0.21961231686193022
0.5081023803720988 13.295329547203442 87191.75516230425 9.058265459918298 0.22231414120989498
0.5240573618816147 13.261369652249645 75812.34859651222 9.446262750843367 0.22506693451182444
0.540297958502812 13.231364749252434 66024.360695327 9.844241642754799 0.22779600513558815
0.5568126730997005 13.204943134114119 57600.17867898744 10.258018766640463 0.23056940836534331
0.573606240917036 13.181585775603285 50313.75695046179 10.688732706392644 0.23339339185
0.5906800600083305 13.161283559239662 44016.08432976116 11.133618738807417 0.23622394798744908
0.608015969640187 13.143484396449164 38557.638184928655 11.59307379798711 0.23906966884373243
0.625627698499151 13.128244209035033 33821.76130113382 12.071388616604198 0.2419747407531914
0.6435068774204854 13.115242759465064 29709.040583423386 12.56850147880974 0.24493059742777318
0.6616594814070231 13.10430335020752 25921.925019077175 13.078877155099427 0.24786274737121036
0.6800593620298416 13.095171583794022 23006.299147551894 13.610227937204241 0.25085353320041126
0.6987176230140274 13.087699261153679 20281.866602671107 14.163461278630244 0.2539048242233041
0.7176449571039805 13.08187399059319 17900.456457673452 14.732870225584694 0.25695538553949
0.7368214783389612 13.077433009807397 15816.399183959616 15.323461011307018 0.2600513203212279
0.7562371034176971 13.074192712136666 13990.897010418135 15.93832973272834 0.26321307224970686
0.7758918522595659 13.071990003281195 12388.95172406409 16.57491064168193 0.26640331873399326
0.795789577464002 13.070963022133697 10982.912288278098 17.231644645975834 0.2696038351327581
0.8159225894402963 13.070785144433557 9745.623539404449 17.91545397351204 0.2728764108453453
0.8362754167160371 13.071335343445703 8655.908937962502 18.62737149445856 0.2762225642337005
0.8568398783194267 13.07260029707673 7696.745845252344 19.358280786716204 0.27955619578436547
0.8776345870632534 13.074516820903892 6849.542596506505 20.119172475220505 0.2829597907405739
0.8986225177661583 13.076840994013418 6101.636784351824 20.91138219639337 0.28643613215155556
0.9198189049828639 13.079769516519661 5440.740037797999 21.730075796220174 0.2899391958078044
0.9411936149395688 13.08285315335564 4855.608646854463 22.577427665937286 0.29348522707028796
0.9627669251472543 13.086423725897713 4337.090568770924 23.45963367732241 0.2971147350081823
0.9844991118466813 13.090039667289558 3877.6623299367157 24.377797334173238 0.30082670363701386
1.0064099804845639 13.093858197771302 3469.825538006268 25.32220189936545 0.3045285683262876
1.0284585514734004 13.097675821022518 3107.749030996932 26.30549763763969 0.3083171941851295
1.0506735534100236 13.101598543121522 2785.5120911286717 27.32918878623085 0.3121943722811049
1.0730021216519714 13.105383356366287 2499.0938243973087 28.390366288676777 0.31613243342070446
1.0954635108344644 13.10905966481178 2243.801801385713 29.48754915509008 0.32011416192134917
1.1180509320564413 13.112608207262678 2016.2259187708892 30.629806603716766 0.3241847752452621
1.140735502206926 13.11589951568767 1813.1790342533066 31.818994300719282 0.3283456736586846
1.1635025767659375 13.118922482308845 1631.9611914679924 33.0504121342373 0.3325635253540476
1.1863481685485797 13.121608620411273 1470.0425141230412 34.32674902180969 0.3368495669095675
1.2092597907629055 13.123898231987265 1325.1753254038733 35.655654949901006 0.34124144981218874
1.232228774364218 13.125865679172225 1195.594471242689 37.03915290130816 0.34573771253739244
1.255236599423914 13.127337763018243 1079.482243578368 38.474617240151616 0.35030193343146526
1.2782288346045894 13.12819731980669 975.7355350715956 39.962105846914774 0.3549388969437396
1.3012774232056845 13.128483974103526 882.0686412814672 41.51114649963473 0.35969325638905564
1.3243142425428158 13.128283742657842 798.2428713559643 43.124205511410196 0.3645671425265986
1.3473226002564038 13.127409673169478 722.93357277143 44.80387732828778 0.36956205251358987
1.3702965621128687 13.125854043804557 655.2391611309266 46.54370516807413 0.3746182900518117
1.393223005383136 13.12361896916398 594.3536682938466 48.35410434910371 0.37979644161332426
1.4160606539961846 13.120600556925865 539.5508522146692 50.24009761707445 0.38511023096798336
1.4388132015671975 13.116681270442198 490.15997672916404 52.204888120249706 0.3905624220513602
1.4614796642414623 13.112108178299096 445.6179236751252 54.251869310729035 0.39615429170569816
1.484020121683971 13.10661190439013 405.45653368771264 56.38105784375641 0.4018632941798732
1.5064043170296637 13.10019369973751 369.1891253425231 58.5942218267251 0.4076991735265154
1.5286501067836265 13.092876797291538 336.41951959341725 60.90147565346213 0.41369616503569556
1.5507170477730603 13.084627051808413 306.79688568667706 63.30708729004462 0.4198572614069538
1.5725818655345696 13.07534498690968 279.99643613317306 65.81558833872455 0.4261831223564984
1.5942307785054404 13.064998706301461 255.73548311592407 68.43186359439154 0.43268007155091354
1.6156653814765323 13.053798029083122 233.77799507380928 71.16099269008875 0.43936264744513664
1.6368338879785926 13.041344370898393 213.8611689284323 74.00843681066955 0.44623782893023034
1.6577299568122343 13.027809007389756 195.77148107818277 76.97910393481322 0.4533048652779213
1.6783400026177115 13.013086975228555 179.38247241953928 80.07653793696419 0.46055527206806923
1.6986342443515396 12.997295962333032 164.4946418789068 83.3117024420742 0.46802814259778247
1.7185806246452457 12.980175908837538 150.95778681312723 86.69169933126241 0.4757335945950726
1.7382068589602304 12.962045557868285 138.65224729276562 90.22408406943535 0.48367618616189356
1.757444233852832 12.94245183427823 127.43529302397975 93.91694633034194 0.4918637765603228
1.7762988885134137 12.92175115817454 117.23689839543724 97.77898742294876 0.5003160659133161
1.7947469341478366 12.899853142999547 107.95018648646973 101.81949406365135 0.5090487039643703
1.8127409478642011 12.876459892682208 99.47400785992187 106.0483944690726 0.5180686151176176
1.8302797963192572 12.851695993721542 91.7406771627706 110.47635213774717 0.5273889599362042
1.8473664827923417 12.825837731734522 84.69184936036828 115.1148366343162 0.5370338454018591
1.8639408320710886 12.798389646610612 78.24369279552747 119.97615710921234 0.5470227195245992
1.8800083692184537 12.769587545711962 72.35123205413859 125.06845369965912 0.5573450265964036
1.8955554225595972 12.739402387203011 66.95617613464748 130.4083981297081 0.5680346976493209
1.9105373625840336 12.707810349332803 62.029921732328226 136.01250083329157 0.5791252360832426
1.924965338084934 12.67491726875393 57.51645570989425 141.89716489999893 0.590634649257754
1.9388156160827907 12.640575139763726 53.382992669883365 148.08007340541934 0.60258226753706
1.95199632447422 12.604496615028918 49.59014283214918 154.58027392430094 0.615003603887932
1.9645910812214753 12.56707806513161 46.11002219274994 161.4149966118305 0.6279187193328079
1.9765248514841924 12.528211875294778 42.91856897747024 168.5972663214177 0.6413133003749513
1.9877985154415556 12.487812630750568 39.98733296184229 176.16183978489155 0.6552700332281152
1.9984038635410537 12.445969154557673 37.292889615019895 184.13460710801903 0.6698284349224837
2.008301636260919 12.402634041204987 34.81941273091196 192.53432496222928 0.684981131244813
2.0174896693777287 12.357719885502966 32.5398582369361 201.38756574274964 0.7007701317622699
2.0259572792757004 12.311416811053416 30.446167568638376 210.7381083059763 0.7172811436256199
2.0336553696401456 12.263468695505066 28.517209585612015 220.60695703454095 0.7344972311346479
2.0406118421260078 12.214055217259535 26.74012854090324 231.03445193981796 0.7524930626806251
2.04680725709489 12.163178092521562 25.101035158843175 242.06743576652397 0.7713422351777353
2.0522018286921146 12.110788907525935 23.592007606687307 253.7318922423693 0.7910256978500654
2.056802695158503 12.056888008504746 22.20071300255083 266.0953980069018 0.8116884322413922
2.06058814499695 12.001462334421001 20.915703919774174 279.1864631596868 0.833310029079592
2.063564434363195 11.944693587493902 19.732676534147522 293.0794548087652 0.8560174662887842
2.065699555111463 11.88639612238961 18.639281477527106 307.82276245789035 0.879855057898516
2.0668255966412525 11.82850325153756 17.668705992971034 324.2996820236116 1.6490804496239062
