M[M_sun], R[km], Lambda[1], P_c[MeV/fm^3], rho_c[fm^-3]
0.23848912294887037 16.21570186450063 2784644.0411725277 3.4469561053153734 0.1694538074003404
0.24847523181550898 15.872834225464723 2285505.3666462507 3.632607640634822 0.17193299809518536
0.2587518305438197 15.569385811757849 1884403.0683037646 3.8170997774889934 0.1742191099652946
0.2693182349323876 15.299800925124403 1560405.797809262 4.013169232580455 0.17662295805095074
0.28016296171051086 15.059951100591139 1297463.7848885402 4.2172620419241715 0.1790544905504913
0.29129696858038384 14.845930683663948 1082908.6913651226 4.424104064476942 0.1813859932217109
0.3027129295790033 14.654191001677168 906929.6959525408 4.645941173847303 0.18388651901762684
0.314414045474186 14.482482674130178 762114.9751703016 4.868413802265222 0.18625290311338794
0.32640517956576776 14.328578954019392 642531.5776882512 5.101876944449652 0.188690364552002
0.33866470552704075 14.190226823171727 543317.0786674533 5.349067870673907 0.19124610758398117
0.3512225425133029 14.065900047269702 460683.6579281433 5.594864039187912 0.19362585573941485
0.3640558890131371 13.953999109985226 391724.04963123903 5.857692865783492 0.19617051060147792
0.3771717885069057 13.853250158526421 333940.4783501435 6.128193841491261 0.19869560918943008
0.3905723927780608 13.762474601178544 285332.24133498606 6.404439204858153 0.201159184020591
0.40425909396295095 13.68085291162378 244372.88537033118 6.699577831856548 0.2037912502544447
0.41822674530500675 13.607215820004887 207158.64576122846 6.996289314145074 0.20629153777443085
0.43248492819787343 13.541096778612362 180417.0214556155 7.306020128403993 0.20884515489806196
0.44702409248980235 13.481688585265495 155492.41206044928 7.6366760059060566 0.2115712915042593
0.46184765181106746 13.42840391820256 134282.0273169767 7.962797765770184 0.21407778662180585
0.4769573661654311 13.380587707364738 116170.65669113903 8.309552785236002 0.21673667539040065
0.49234169296378344 13.337968716886753 100687.2127537796 8.674290955833227 0.21950038288824567
0.5080096005861426 13.29969350666692 87411.08348347069 9.038423934557866 0.2221005724158556
0.5239542963938959 13.265776935751113 76014.31899431781 9.426294574531356 0.22487026710173325
0.5401754965667009 13.235688480439164 66213.43511067817 9.828062594448468 0.2276615376486008
0.5566807564469795 13.209128472405144 57758.52757865747 10.235181990797136 0.2303495734464349
0.573469039164638 13.185732064974758 50454.44625539776 10.668608095843066 0.23321130122587347
0.5905212771831451 13.165349209452438 44145.01460604895 11.112090137899242 0.23603432435563879
0.6078592513832134 13.147571860564879 38670.43727090746 11.566874136321642 0.2388275999719958
0.6254601514095555 13.132290686546284 33921.655167943514 12.05081105261231 0.2417999323161831
0.6433197338582123 13.119109583393856 29796.839162268603 12.54085223408522 0.24468116080527072
0.6614595613885176 13.108166039585441 26206.13136692785 13.048819521852334 0.24759803895778887
0.6798610694979899 13.098968045799918 23074.403401527463 13.589127394581919 0.2507006250249473
0.6985158519321772 13.091549909199783 20343.748975210012 14.130928953954669 0.2536536386387015
0.7174271749243617 13.085620064983374 17955.625474182012 14.698485333976468 0.25670572393088104
0.7365803138133219 13.08109313018871 15866.774004114279 15.301976176208846 0.25995105001367785
0.7559760825103327 13.077790806800198 14036.40773168637 15.901084711799664 0.2629582774827477
0.775617884173932 13.075669341218395 12429.670614239329 16.5353065311379 0.26613029867066634
0.7955087229612712 13.074498262916814 11018.546074014264 17.205362496079005 0.2694638224261071
0.815623799278196 13.074233277111805 9777.281099793905 17.872995762188957 0.27259491264149205
0.8359679630869132 13.074821035710805 8685.297167207458 18.58196112385025 0.275919843587307
0.8565281858520273 13.07601645572804 7722.153861709935 19.323485991189163 0.27935129791355207
0.8773064988733221 13.077943240715713 6873.089281165316 20.07067009055002 0.28265096946294815
0.8982934478416558 13.080274026478033 6122.332668613382 20.864005629074136 0.28615445235000647
0.9194643051766948 13.083140466037797 5459.421822947384 21.684660435972255 0.2896977079789067
0.940835635806557 13.086269107880188 4872.330196535443 22.521949079052796 0.2931868137908186
0.9623876445352982 13.089706518585315 4352.511376276158 23.410906960885416 0.29689123297490727
0.9841018798431304 13.093317748937503 3891.6494006393764 24.31909153960625 0.30053557549402743
1.0060137443631445 13.097262112436256 3482.377072582105 25.258393534312248 0.3042062383099478
1.028037752501819 13.100977206998893 3119.009725546209 26.255671712446333 0.3081034640650698
1.0502292700319424 13.104800683755709 2795.8458539241938 27.261853359723673 0.31186613111290973
1.072570708505838 13.108627806887034 2508.247568120062 28.317022702923644 0.3157701494678266
1.0950133207603017 13.112275700507892 2252.035094491486 29.433164806337043 0.3198871810009053
1.11758659062803 13.115793754436414 2023.7120969292025 30.55241259729545 0.32382105147992635
1.1402579631049485 13.119112647830656 1820.045168333077 31.740052356280238 0.32799530228061924
1.1630095687481814 13.122138751044842 1638.2271004817221 32.97523935433751 0.3322641157490857
1.185858587401784 13.124749130443021 1475.5680659441941 34.23746149659407 0.3364881542502846
1.2087639190385424 13.127153617951059 1330.2767961985965 35.577139692677484 0.3409714001782608
1.2316964756259794 13.12901076437761 1200.2957112333836 36.944638841413585 0.3453802360267797
1.2546968896497988 13.130450825243486 1083.7358681521819 38.37093152200494 0.3499006211202508
1.2777243748271374 13.13140641252417 979.2577386998598 39.87939815933531 0.35466706362707123
1.30074027922641 13.131713954274273 885.5357934048546 41.401478206585494 0.3592810753683655
1.323761701386845 13.131511899398031 801.4203568124844 43.01678614484897 0.3641776968084917
1.34676242553409 13.13066400312943 725.8613325871746 44.687791557946866 0.36913987324704983
1.3697380942611146 13.129119514754153 657.896758721724 46.415507570376995 0.37416144099156484
1.3926497751603713 13.126870299351756 596.7870201658989 48.24993036428109 0.3794931495972605
1.4154928418411263 13.123867875333866 541.7490653821513 50.10376404810563 0.3846705635864713
1.4382325132973666 13.12000141960184 492.1623815863546 52.0704942413272 0.39016068543436644
1.4608930779139935 13.115438581453557 447.44133981940325 54.106277151253934 0.3957145750558723
1.4834201624886572 13.109948958908072 407.15097318333403 56.22001233930271 0.4013632253094075
1.5058333923520453 13.103770776159248 370.7494869461169 58.45154448706691 0.407299596299697
1.5280578343314037 13.096348055511012 337.84412125271473 60.72887675516714 0.41317291171771536
1.5501241920757172 13.088090205582219 308.08604018499074 63.1475650731198 0.419410789074568
1.5719931494170412 13.078825294897308 281.17845149626504 65.62985887275822 0.4256457144718826
1.593659425568939 13.068618566759435 256.818735383068 68.24254670531401 0.43216116481741235
1.6150680281025203 13.057266174736224 234.7652515683162 70.96012415462125 0.4388267418449801
1.6362483166454156 13.044914275530925 214.75883611602353 73.78979452484333 0.4456566770631709
1.6571515065757756 13.031433371421627 196.62616768400167 76.76175554309641 0.4527580961023486
1.6777729015332536 13.016809029749675 180.15258188160738 79.8339961536226 0.45992432104911146
1.6980611744555745 13.000990076235784 165.1986532725501 83.08280042741639 0.46747286435573093
1.718042987856265 12.984017435615806 151.60106547233545 86.42673940625198 0.4750557587673585
1.7376618906524417 12.96584073785904 139.23965327578833 89.97689031963735 0.483096737672699
1.7569158519396981 12.946375048918565 127.9802786949057 93.62601557877124 0.49115352692074127
1.775791008524324 12.92575423655665 117.73455745671204 97.50606673677295 0.4997175058550234
1.79424002409798 12.903795657846437 108.4070472761336 101.4983955218137 0.5083025740515991
1.8122535007798752 12.880533154831923 99.90189699214402 105.74146104109373 0.5174176339468873
1.829830450806994 12.8559445704735 92.13356520120176 110.12011118736167 0.5265834232771477
1.8469238147564915 12.829996042988014 85.05039428538335 114.76459441330235 0.5362799055601061
1.8635356672174497 12.802746131341786 78.5735219949819 119.57910739119349 0.5461325506361157
1.8796228328185578 12.774058402667887 72.65591896399056 124.66882486136683 0.5564911147020485
1.8951853638257175 12.743943108701263 67.24722874310726 129.97643467325713 0.5671215525517361
1.9101914807463347 12.71246904122495 62.29345384247664 135.5626401922793 0.5782007329755997
1.9246589721268479 12.679585973885228 57.758376181586925 141.42913961347094 0.5896984769166616
1.938509918063684 12.645188266970903 53.60324513250066 147.57156206013477 0.6015554024980488
1.951759897035555 12.609347591774785 49.795698442648856 154.0722969274185 0.6140228259062868
1.9643901399417867 12.57209403556209 46.30045399193637 160.84126216464875 0.6267661690729791
1.9763616921221825 12.53328943941053 43.09370367481426 168.0056515662503 0.6401691203565621
1.9876802902175028 12.493081814594326 40.150297775585216 175.54134466937558 0.6541054624323184
1.998311404047799 12.451292087265703 37.44546673473292 183.45768540157147 0.668544173620063
2.0082597665985946 12.408025414808376 34.95750713112744 191.83464055680957 0.6836993562324777
2.017480637205705 12.363270138172558 32.67125438406129 200.64200620121008 0.699406998499025
2.025987249527318 12.317001274462358 30.566375532974487 209.93190627225138 0.7157946327171822
2.0337669502641993 12.269284469214947 28.62890612759585 219.76749156229377 0.7330010110836731
2.040763349368051 12.21995805305183 26.84214868598985 230.14482688191327 0.7509435719109606
2.047026619734709 12.169302945657057 25.198956722495435 241.09960106295992 0.769640113004943
2.05246089174954 12.116925616608778 23.681002912040547 252.71149976708554 0.7892679333063537
2.057104828577395 12.06312109834751 22.282741713281876 265.0224326283923 0.8098717189434189
2.0609539034312876 12.007864328912245 20.993046694388067 278.0353772198646 0.8313751695773244
2.0639828864898595 11.951167124243513 19.803023193149777 291.8362820151934 0.8539436011392206
2.0661862744381643 11.892979369014625 18.704343007334312 306.4962047176296 0.8776693987731433
2.0675740468700883 11.833418623283523 17.689428010166093 322.07701840328286 0.9026142089196721
2.0681087811471737 11.772470771975701 16.752666680146103 338.64679018525385 0.9288592730255719
