M[M_sun], R[km], Lambda[1], P_c[MeV/fm^3], rho_c[fm^-3]
0.23848912294887037 16.21570186450063 2784644.0411725277 3.4469561053153734 0.1694538074003404
0.24847656822427433 15.872731412112294 2285357.735897031 3.632633712407098 0.17193334625764528
0.25875478640953176 15.56927627683374 1884265.4194118422 3.817150978430605 0.17421973769838756
0.269319742986903 15.299803762050447 1560396.485726822 4.0132517408325645 0.1766239696175091
0.2801666757122057 15.059960627216885 1297395.9276789224 4.217370191351656 0.1790557096000633
0.2913039155975218 14.845767569163913 1061946.764958599 4.424248976091511 0.18138762665099323
0.3027223578319155 14.65403566920247 906795.2557359404 4.646127771892265 0.1838886223321995
0.3144248178913698 14.482457918619746 762099.7734071735 4.868627537244043 0.186255134603824
0.3264181539507915 14.3284009633583 642400.4772147918 5.102138512267918 0.18869309543904755
0.33868143609440626 14.189992920457604 543166.9948892995 5.349357471006431 0.19124891143507983
0.35123838912174077 14.065719823484857 460602.0801833211 5.595207947152142 0.1936291853858795
0.36407586926428953 13.953804547716796 391630.15823942755 5.85809757798661 0.19617442894212853
0.3771911519995132 13.853010034511241 333837.4361936089 6.128627997648733 0.19869948102340154
0.39059600001661693 13.76232405506143 285269.6096283862 6.40494146763865 0.2011636632340322
0.4042856534343504 13.680707207994683 244307.9128649104 6.700156002965088 0.20379640642348856
0.4182544611080254 13.607160741234734 209701.9330162983 6.996898037245521 0.2062965564734472
0.4325180297038719 13.540932843711989 180362.69928230855 7.306712973227399 0.20885086714987425
0.44705781948152135 13.481505284026424 155444.00047315954 7.63746225986873 0.21157777388021343
0.46188221040055694 13.428304462777469 134234.7583554482 7.963615846829337 0.21408405959960827
0.47699795414120233 13.380455464838544 116120.61702833578 8.310473582071774 0.21674373598427052
0.49238469062885803 13.337788407697921 100647.1890169739 8.675246218618543 0.21950720419923814
0.5080557377805025 13.299632561932551 87373.71040071973 9.03949187071389 0.22210819830137352
0.5239999832428979 13.265691009166316 75976.97109130952 9.42748683584157 0.22487878076447218
0.5402235417872951 13.235633172458865 66187.63734334688 9.829291175841176 0.22766964944772844
0.5567376041329559 13.209023562891156 57727.00572302441 10.236546226651287 0.23035858091413486
0.5735260635787954 13.18570490058513 50433.27055427348 10.670121674339768 0.23322129473936964
0.5905813797973484 13.165308386551452 44123.17017904061 11.113641961339058 0.23604385562892535
0.6079201529129883 13.147570089385466 38651.96068340121 11.568588202153476 0.2388381277353065
0.6255275443735976 13.132253224164451 33906.26985662724 12.052703381496777 0.2418115549681441
0.6433889130613814 13.119202770529474 29783.22332856901 12.542785943505114 0.24469226465958582
0.6615334272147698 13.108117745829398 26191.8401810994 13.050946354019427 0.2476102517723375
0.6799365826696324 13.098929226605453 23062.28831891268 13.591466062989753 0.250714054257398
0.6985939162697852 13.091574754497177 20333.82441783706 14.133313430967666 0.25366646137751137
0.7175122856274467 13.085561012476209 17944.682320690987 14.7010989007965 0.256719778620657
0.7366717666414704 13.081022194546469 15743.484064048716 15.304840672258322 0.25996645409787084
0.7560691568378557 13.07774898341954 14027.929051263869 15.903999500026679 0.26297285561571704
0.7757191606541974 13.075633843146102 12422.73768215261 16.538492207544216 0.26614623163410367
0.7956080355774718 13.074517746707556 11012.126708415075 17.208607889408032 0.26947904278706486
0.81573035321554 13.074223311661001 9771.744167515482 17.87653375892705 0.2726115052643151
0.8360753865332835 13.074820917605816 8679.778542965933 18.58581863680628 0.2759379346886428
0.8566414784989076 13.076025085054095 7717.3437259004595 19.327412884263843 0.2793686396334403
0.8774205864306269 13.077952354053664 6868.41171628223 20.074942020213797 0.28266983491362446
0.8984081948516863 13.08027693315427 6118.598991756142 20.868653993541447 0.28617498019046395
0.9195869419036278 13.083130603023013 5455.81232133169 21.68939109735933 0.28971742134570827
0.9409596559745935 13.08627531670882 4869.138856981973 22.52708637110677 0.29320822164784754
0.9625188868522128 13.089739560374285 4349.55114314666 23.416487565544408 0.2969144881812338
0.984237656334205 13.093329711830613 3888.939379034964 24.324768867464442 0.30055776170930254
1.006136893488841 13.097112255912567 3479.9069461995196 25.264549798908067 0.30423029614402486
1.028182988361802 13.100985584321661 3116.679469005885 26.262349814271666 0.3081295611671619
1.0503883752295147 13.104958316907387 2793.906627599411 27.268646763674404 0.3118912660108168
1.072710947428801 13.108548586922108 2506.3334196459223 28.324380173782465 0.31579737135544467
1.095190883837757 13.112451704188702 2250.4230186358786 29.44066738999582 0.3199135506686501
1.1177479975895115 13.115742321965865 2022.1263418588755 30.560526457958744 0.32384956963041284
1.1404236009547362 13.119090054424996 1818.6102205834356 31.748831198780664 0.32802615767263466
1.1631752682253778 13.122119071261453 1636.966547790583 32.984197057436646 0.33229409278839306
1.1860221926207584 13.124815316441214 1474.494530519962 34.24714102643708 0.3365205468897112
1.2089383898568211 13.127168380969659 1329.2503750350645 35.58760433090724 0.3410064201904312
1.231879400687165 13.128958565456472 1199.2633940632884 36.955321693924844 0.34541409345864116
1.2548741964511556 13.130470996235312 1082.854700045666 38.38246781956355 0.349937183396863
1.2779082167906863 13.131406767829292 978.4606235775001 39.8912010499726 0.3547028427413695
1.3009251320822137 13.131755624813804 884.8774802779699 41.41421118653745 0.3593196739421436
1.3239525971284491 13.131497642186776 800.7687986786951 43.03052991911176 0.3642193594897237
1.3469500250567343 13.130639225281893 725.3022190529143 44.70186709020204 0.36918078346507816
1.369927195827502 13.12911753671298 657.3685212277699 46.4306872701928 0.37420556044778225
1.392843121488689 13.126865211847543 596.2826120076228 48.26631027620345 0.37954075744298027
1.4156906422639564 13.123859122397624 541.3022052362552 50.11899673938437 0.3847184891574966
1.4384505897878201 13.12000645181843 491.7451009095548 52.085318420693675 0.3902132207212025
1.4606139367537359 13.115239099389619 447.90962242918374 54.20649613126528 0.4641185864418597
1.4788228005746689 13.10680235039356 413.76536017272974 56.502175597732126 0.6233646506379998
1.4924624061731255 13.092315068743673 387.7496608053219 58.97513240374578 0.7886704472286402
1.502485560018265 13.071132022714988 366.937760793131 61.8468367725978 0.9280218597423187
1.509698539793269 13.04371506741712 349.58885333871746 64.92568762238622 1.0774251964821895
1.5144481981292073 13.010306400413679 334.8718923701031 68.32235380516616 1.2107091475051057
1.5172948806688453 12.971094088460383 321.84709500700734 72.00880795622665 1.3449783184939401
1.5184968025490135 12.926672974994217 310.14866217581846 75.98201345762737 1.4748654761806423
