M[M_sun], R[km], Lambda[1], P_c[MeV/fm^3], rho_c[fm^-3]
0.23841724892012095 16.20908015294055 2780876.1263280716 3.453507347168396 0.169602847481901
0.24842035079734795 15.866047002096135 2281894.2327198666 3.6356434065027385 0.1719796725421888
0.2587054882911078 15.562690256360309 1881311.3638132317 3.824961318595553 0.17437729810504987
0.2692771770901355 15.29329453946103 1557773.7981536814 4.0205798896849725 0.17677032016492028
0.28013276108737917 15.053553416627024 1295069.6240565325 4.222806642177882 0.1791501803833259
0.2912687817384665 14.839489859236439 1080806.4499216413 4.4330176835078 0.18155384460627955
0.30269669687175166 14.647999911236921 905146.3487702827 4.6515608766759815 0.18398515265473186
0.31440411946260854 14.476548151461213 760597.7730700407 4.878803670131905 0.18644575213003578
0.32639636196387145 14.322689352880456 641173.4671488936 5.112099221669894 0.1888767173600959
0.33867267502882975 14.184386286981363 542125.7045265231 5.354568664103508 0.1913287074703206
0.35123187503954084 14.060281857021343 459691.89265496086 5.606742354592283 0.19381069703460074
0.3640712511426112 13.94838368144132 390833.3556250711 5.869033251959998 0.19632824389038445
0.37720486085770305 13.847729365303552 333099.04154572386 6.13841015744274 0.19882272085548222
0.3906179861211307 13.757026634025348 284612.1061529937 6.418153698623699 0.20134605888678672
0.40431015235286155 13.675476647714927 243753.9663625716 6.709143470973904 0.2039039284710944
0.41829132503880195 13.602051227747396 209211.68731482024 7.011582927139492 0.20648964055899746
0.43255755819703284 13.536078346360846 179950.4325704802 7.3218909246764 0.20905028978853693
0.4471045757828278 13.476724702843045 155076.3897532284 7.644751722017839 0.21165538486924818
0.4619392552063334 13.423530401159486 133914.3513189641 7.980699570587743 0.21430492094691336
0.4770548607301377 13.375862693800439 115847.25218870021 8.32795749088667 0.21696361594292346
0.49245325638152476 13.333231246775762 100401.23840066811 8.686177954296882 0.2196174176205183
0.5081311906273177 13.295128932280319 87159.61581275648 9.059011335422841 0.22231943815709185
0.5240924410674321 13.261340590476294 75793.29393800297 9.447063657851809 0.2250724265915139
0.5403330105357634 13.231297927765176 66008.23234352491 9.845133282258221 0.22780211939748804
0.5568450135360764 13.204816079473394 57583.01057705977 10.258972039554124 0.23057570779053987
0.5736475910880818 13.181547537501883 50298.33723587615 10.689750356606465 0.23339986657801715
0.590720764946748 13.161206860368397 44000.951113846386 11.134745214547427 0.23623111511023392
0.6080635454982287 13.14355479325855 38546.99283549774 11.594272251081422 0.2390770387469195
0.6256757240524163 13.128264025732143 33813.57577739859 12.072662468388414 0.24198231513636484
0.6435565379207604 13.115183155464514 29697.742960939184 12.56990514882492 0.24493894371630992
0.6617085349911357 13.104289665028023 26117.81304630639 13.080365102993545 0.24787128179505552
0.6801148207066782 13.095252899806868 22998.78085768147 13.61180400132717 0.25086225560585845
0.698774143362856 13.087674892398988 20274.27668302777 14.165129639814548 0.25391376233029644
0.7177043659459931 13.08184960609249 17893.5569421362 14.734698965433909 0.25696518286190867
0.7368826457169365 13.077362238377201 15809.501025607664 15.325393054857047 0.26006134474316345
0.7563032501325838 13.07417817022998 13985.39746519515 15.940370042735113 0.2632232973314434
0.7759624346791365 13.072035603473074 12384.082535144278 16.57714071413793 0.26641449481658136
0.7958567916449433 13.070885858626223 10977.669172337663 17.233995639834276 0.2696152306218836
0.8159908768956801 13.070690497194652 9741.12462397826 17.917931872594576 0.2728880586257909
0.8363507962162892 13.07132721866275 8652.053704542745 18.629982781101845 0.27623447414869834
0.8569182140331584 13.07257153791615 7693.107602280938 19.36112488862302 0.2795691675552135
0.8777170230632714 13.074555296703814 6846.6427830671355 20.12216585252921 0.2829729993328395
0.8987040774186653 13.076865092601414 6098.647983605347 20.91453225919033 0.2864496107844669
0.9199036242482937 13.079778538695368 5438.221479117609 21.73350029439475 0.2899538487073737
0.941279814352375 13.08291787217413 4853.379679605614 22.581027841682932 0.2935001967317857
0.9628497416038917 13.086352355540813 4335.106147619604 23.463418865204112 0.29713003783417224
0.9845930516456536 13.090051708495238 3875.8959019536715 24.38190586080174 0.30084331366273415
1.0065061937930495 13.093878390983996 3468.1169720964376 25.326517921936706 0.3045454824110433
1.0285581372021062 13.097715887439199 3106.1837243494087 26.31003193382879 0.30833447186001356
1.0507763583074021 13.101619230604122 2784.17211072789 27.33395318862606 0.3122120531194969
1.073097061876563 13.105372948956507 2497.816925531681 28.395526966893247 0.31615158485040534
1.0955726609020124 13.10904543494938 2242.4979645075496 29.492968854739136 0.32013376089947837
1.1181640413909788 13.11262619627916 2015.0425801953295 30.635499295503966 0.32420477351931243
1.1408465107312522 13.115926269240783 1812.2643107217339 31.824974799952383 0.3283661580614136
1.1636207725956769 13.118962345544158 1631.0851904225042 33.05687947863513 0.33258567729857075
1.1864705043023436 13.12164923611509 1469.2297207136537 34.33354095892823 0.3368722757923355
1.2093786738293764 13.123902904849915 1324.4666886048135 35.66279006370248 0.3412647503529518
1.2323566638831611 13.125844081961036 1194.844992650297 37.046650407231795 0.34576155170376116
1.2553622568427505 13.12730713789893 1078.8834851670347 38.48271497432841 0.350327681091316
1.2783804296494836 13.12815923741922 974.8246987964103 39.97061271172883 0.3549653415123197
1.301408969149692 13.128474112017702 881.5399623189772 41.52008650778588 0.359720447118457
1.324442057120982 13.128269396060718 797.7825734349622 43.13360424765703 0.3645951219769758
1.347462302671581 13.127414784659948 722.5058718109759 44.81376143746855 0.36959077742689955
1.3704345308822976 13.12584847988828 654.8612780258875 46.554366516416025 0.37464927375517676
1.3933611207281866 13.123668951551442 594.0214583581934 48.365315588226665 0.37982837367357897
1.4162049718051621 13.120580065969817 539.2151252608908 50.25189209232782 0.38514317183886565
1.438955451325912 13.116750182231339 489.88573147607445 52.21730131137426 0.3905964204223126
1.4616236821239341 13.112073067554151 445.3605335128794 54.264938479779794 0.3961893341255162
1.484164624521019 13.106571763823082 405.2074032701127 56.39514362986141 0.4019010624594204
1.5065419525455315 13.100118711529587 368.9481979281854 58.60905359564166 0.4077382319898494
1.528798565137228 13.092843481657194 336.2193145622457 60.91710006683844 0.4137365960943101
1.5508647586773305 13.084546814483172 306.60105002257325 63.323554048768656 0.41989912442110233
1.5727306729639887 13.075278303981266 279.83221304627517 65.83295000721726 0.4262264429108591
1.594356789565376 13.064979061308067 255.66805420647196 68.45017664707402 0.4327250377511075
1.6158047023735764 13.053637349972746 233.62479765203022 71.18031821437934 0.43940936405872544
1.636982846848634 13.041246422260485 213.71884637442096 74.02883998018586 0.4462863668291447
1.6578836665398133 13.027707202818386 195.66561044224468 77.00107859966612 0.45335714166862884
1.6784879393715124 13.012924049748 179.26559369923856 80.09974579900867 0.4606095824487022
1.6987852905090783 12.99711260225484 164.3867244486301 83.33622421120322 0.4680847117446391
1.718739334130631 12.980075493101133 150.8577441151527 86.71762224087605 0.47579256859944485
1.7383470184963126 12.961780472980319 138.5493206057149 90.25150142923333 0.48373766199614504
1.7576046610423335 12.942453522136566 127.36364900061322 93.94595790844883 0.4919278933010682
1.776450332159067 12.921670571293813 117.1636209778307 97.80970088075505 0.5003830809682327
1.7948738481966735 12.899558509247356 107.87958411884773 101.85202574096016 0.5091188075193104
1.8128721734995372 12.876203190516541 99.41000814835981 106.0828691439423 0.5181419339029489
1.8304203162139645 12.85156569098787 91.68517019825768 110.51290379390045 0.5274657098997434
1.847505022052848 12.825654871773763 84.63346760055938 115.15361015565948 0.5371143316766362
1.864069547750614 12.798130776381221 78.19305292402348 120.01730919174234 0.5471071927300272
1.8801468381235518 12.769400279819298 72.30470954148484 125.11153531930248 0.5574314199661052
1.8956866494026638 12.739189765086033 66.91889378087777 130.4541853874374 0.5681255707124514
1.9106557848062387 12.707571118052819 61.99154557922425 136.06118944794312 0.579220895116063
1.9250773446802125 12.67449761666279 57.47395132684152 141.94896596841076 0.5907353067973131
1.9389200058452365 12.640190731921665 53.343054231814875 148.13521516477175 0.6026883370759248
1.9521186991640296 12.604236620679284 49.559392672230665 154.6390041721847 0.6151155178269092
1.964711420901748 12.566846755384516 46.081045574846755 161.47685891721113 0.6280343352787209
1.9766320208027024 12.527920323553438 42.89164427712526 168.6632441402639 0.6414354887918939
1.987913404383208 12.48758961769872 39.96442453955251 176.2322471734089 0.6553993056079664
1.998493989336867 12.44558729646316 37.27145209564279 184.20978545344968 0.6699653054897142
2.0084020953443305 12.402254046848256 34.797426566404795 192.61383657520037 0.6851233381631519
2.0175729033467307 12.357328200499847 32.52004979600844 201.47120712926474 0.7009158645434663
2.0231134097931442 12.318038144935759 30.905794070884447 212.22186052467654 2.134019211192695
