M[M_sun], R[km], Lambda[1], P_c[MeV/fm^3], rho_c[fm^-3]
0.23841724892012095 16.20908015294055 2780876.1263280716 3.453507347168396 0.169602847481901
0.2484161988266654 15.86628190438932 2282163.668108743 3.6355944602465082 0.17197904992729793
0.2587002270895293 15.562759726802224 1881496.656108697 3.8248606340543065 0.1743760664207218
0.26926577737047475 15.29352090054013 1558059.7608596915 4.020417674912888 0.17676833577496245
0.28012240764123075 15.05368158984324 1295261.5176222548 4.222584501741761 0.1791475827955685
0.2912543852635729 14.839618114666424 1060285.9939800778 4.43273255266397 0.18155063630837256
0.30267809529597717 14.64826055472557 905392.0890392046 4.6512095292204645 0.18398134737781743
0.31438339423834777 14.476766338669531 760795.3789468207 4.878382748412245 0.18644136607955894
0.3263702164721 14.323021780006787 641433.5831597219 5.111584166424387 0.1888713504279571
0.33864318842649543 14.184767594630994 542343.9925480973 5.353974301496292 0.1913227768536485
0.351196101611394 14.060464392462624 459892.4036245093 5.606064958353876 0.19380418654935316
0.36403451504071266 13.948655214329523 391017.9693949182 5.868268823813993 0.1963211651528874
0.37716219043253846 13.848008587964975 333276.07766432053 6.137518928951545 0.19881446792474958
0.39056933052114606 13.757339364828097 284779.38856381277 6.417163940510997 0.2013372372491217
0.4042591328482696 13.67581001284099 243895.33402419745 6.708050746420792 0.2038945862010032
0.41823481248491756 13.602390266368827 209343.9564486521 7.010332675853536 0.20647895151100087
0.432494237561396 13.53636319193914 180059.64055532834 7.3205247461610226 0.20903902794695275
0.44703875920406333 13.476974679676037 155187.4155482068 7.643264264643837 0.21164355882409489
0.46186543889787135 13.423763444815945 134007.54805442446 7.979085273723284 0.21429256147936854
0.4769778867913056 13.376050595285749 115931.45157152446 8.326140568706284 0.21694970512440281
0.49237195012679763 13.333451324134833 100473.94549989693 8.684218839765116 0.2196030040357598
0.5080441006766163 13.295341291267025 87227.31746648876 9.056903669495837 0.22230447025017447
0.5239947294431424 13.261554906057063 75859.27145311184 9.444800495306122 0.22505690735030348
0.540235759931491 13.231493067175938 66063.66060098793 9.84261375041724 0.22778484214868766
0.5567473627378391 13.205066301746326 57632.20993373976 10.256278359184828 0.2305579073917803
0.5735347656987957 13.181683484172945 50344.46500673625 10.686874775476642 0.2333815708950271
0.5906029471982222 13.161371494693046 44044.541628917796 11.131562147658155 0.23621086307069375
0.6079320102688226 13.14355124290991 38582.34240277589 11.590885811877953 0.2390562137941559
0.6255433632795452 13.128376238769235 33846.01397646211 12.06906299073751 0.24196091247140014
0.6434160845460909 13.115372157090595 29728.414304732196 12.565938878083323 0.24491536008221776
0.6615466041761601 13.104350060960822 26146.85478792039 13.076160708857715 0.24784716664847736
0.679961204322409 13.095215666551251 23021.54921630679 13.607350639648867 0.2508376093839212
0.6986125105779807 13.087710761518764 20296.31759900244 14.160415498865708 0.2538885067102461
0.7175349880107166 13.08193433121589 17913.71471512498 14.729531696132664 0.2569374996442054
0.7367083337022122 13.077371156322238 15827.535221346112 15.31993391154868 0.2600330199386171
0.7561170169836186 13.074186008119394 14000.983518022973 15.93460500478573 0.2631944056512326
0.7757694093407863 13.07201881579397 12398.91417529676 16.570839538473656 0.26638291626430766
0.7956603318482617 13.070963129218097 10991.273374686642 17.227352818820545 0.2695830322414613
0.8157891618633272 13.070732909052227 9752.868221752327 17.910930501143284 0.2728551475044069
0.8361389716395095 13.071363021930722 8663.323101861086 18.622522186723568 0.27620010363234343
0.8566989565774545 13.072611916574138 7702.698981196939 19.35308889414767 0.2795325158872052
0.8774884354744988 13.074567362482155 6855.626793534983 20.113708111337182 0.2829356786601103
0.898469208490376 13.076836750125914 6106.727102377035 20.90563183722048 0.2864115272514645
0.9196586991906244 13.079764573045171 5445.239940612793 21.723824541689027 0.28991244765372254
0.9410313528446169 13.082901752151736 4859.903050442088 22.570855756816837 0.29345790083349366
0.962588954884232 13.086353997349207 4341.194841924572 23.45272407777326 0.29708680075422567
0.9843231120146996 13.090005176561506 3881.1614505295734 24.370297599769067 0.3007963835751979
1.0062291873350429 13.093847014542488 3473.074477984456 25.31432344428826 0.30449769340505634
1.0282688285959385 13.09761067932396 3110.5246115469836 26.29722079289495 0.30828565574418926
1.0504844952981027 13.101551281566179 2788.0731368478596 27.320491957802044 0.31216209809323875
1.072805173263946 13.105262913009787 2501.303204096431 28.38094623381277 0.3160974753181181
1.095269461296297 13.108996178883492 2245.7756488740874 29.477656351633843 0.3200783870904304
1.1178386096502126 13.112523238665489 2008.345747168942 30.619415556482274 0.32414827177413935
1.1405251170497497 13.115849899315467 1814.9270860428937 31.808077973416133 0.3283082830603276
1.1632878495642482 13.11889769730153 1633.5398149501736 33.038607321374116 0.33252309151543236
1.1861318519521236 13.121591095445002 1471.442100539603 34.31435180528341 0.3368081167412531
1.2090367848318713 13.12387751542015 1326.4737638584218 35.642631417250314 0.34119891995746604
1.2320013435574124 13.125794588384275 1196.760578022942 37.025467988048604 0.3456941998109926
1.255008095689649 13.12726235250051 1080.5113718967514 38.45983696362266 0.3502549378739107
1.2780226667115417 13.128179121339668 976.3791212184206 39.94657890782272 0.35489062966611923
1.3010431709762245 13.128493718989544 882.9499232764778 41.49482908105982 0.3596436275178624
1.3240738216021932 13.128284380291468 799.049721904005 43.10705092833755 0.36451607440496847
1.3470804629951014 13.127402284908719 723.7059682036015 44.785836961838534 0.3695096241204132
1.3700509330108643 13.125913137687048 655.9680146660456 46.5242464816939 0.37456173977811774
1.3929653333060845 13.123631823662244 595.02407139388 48.333642162780855 0.37973816083281126
1.4158001147360535 13.120599997909302 540.1403926402513 50.21857108800462 0.38505010937720463
1.4385603894565644 13.116833368976394 490.68068097104987 52.182232511927324 0.3905003708214898
1.461208189371207 13.11216317038346 446.1425665525572 54.22801663539567 0.39609033542358335
1.483759488308761 13.106705182079946 405.8978006704408 56.355350128576866 0.40179436397135065
1.5061486724553432 13.100316749099429 369.59114043223224 58.5671528356446 0.40762788916377
1.528386349045306 13.093023648930075 336.8048054767952 60.87296025219699 0.4136223761623344
1.5504477112225148 13.08479945186901 307.15799828870803 63.27703480038819 0.41978085974098106
1.5723230827035546 13.075502343827242 280.3066200630384 65.78390285923301 0.4261040612606519
1.5939652291082647 13.065178687375377 256.03756234304296 68.39844209138657 0.43259800778901847
1.6153932648069753 13.053875575611334 234.03628647550326 71.12572371540308 0.43927738988434367
1.6365534230936676 13.041428892209925 214.0986107909575 73.97120146292183 0.44614924830340297
1.6574565128951082 13.027881961439244 195.99299456447986 76.93900131088854 0.4532094635755191
1.6780715772325916 13.013317333883695 179.59722926311434 80.03418517477061 0.46045615933501427
1.6983454234631927 12.997410686100531 164.68324208887614 83.26695230357363 0.46792490872654846
1.718301335331832 12.980435615342847 151.17232835898633 86.64439268015222 0.47562597308610655
1.7379105328096276 12.96222861801565 138.82047713618243 90.174050687288 0.4835640001625634
1.7571907719801854 12.942851310060398 127.59124952399092 93.86400421988947 0.49174677239192194
1.7760253620329074 12.922004013840844 117.37250252101478 97.72294019118715 0.5001937739741238
1.7944847405959146 12.900174514575104 108.07320634660343 101.76012949020482 0.5089207773408336
1.8124677793416477 12.87669169535741 99.58783650067238 105.96308973719881 0.5178492333486511
1.8300446564828634 12.85221176370605 91.85079603899551 110.41231223394954 0.5272590836363119
1.8361073061228523 12.829663190873893 88.36188175003085 116.4797080451896 1.7704907964001326
