M[M_sun], R[km], Lambda[1], P_c[MeV/fm^3], rho_c[fm^-3]
0.23841724892012095 16.20908015294055 2780876.1263280716 3.453507347168396 0.169602847481901
0.24839355610699915 15.866950813794443 2283236.750177473 3.6351656232855714 0.17197359495896752
0.25865110924994206 15.564055687660103 1883155.8871338887 3.823978578264295 0.17436527614170186
0.2691920434215073 15.295167358574789 1560050.4121097673 4.01899671532776 0.1767509530304998
0.28001882420526225 15.05578860840208 1297451.5628232043 4.220638779907624 0.17912483059743708
0.2911245551474475 14.841978208376533 1083214.7728610497 4.4302353126050305 0.1815225373137261
0.3025160676003664 14.650795521082673 907616.3033340167 4.648132604068471 0.18394802266729382
0.3141854941162673 14.47946713468922 763037.553574209 4.874576929301088 0.18640053327945585
0.3261428571472069 14.325750599721205 643489.1521204932 5.107074378995483 0.18882435794840763
0.33838238591884967 14.187549154888533 544265.7394461252 5.348770510918897 0.19127085284836678
0.35089912593062933 14.063204801125444 461654.8478937724 5.600134638712673 0.1937471899846421
0.36369970868222634 13.951358745147331 392636.5481632458 5.861577072334113 0.19625919837109218
0.3767890947946641 13.850550687457808 334758.20827987196 6.129717963930533 0.19874222963277138
0.39015719158997186 13.759928391456324 286120.38207132986 6.408501165901434 0.20126002660765432
0.40380526960807406 13.678284966141561 245128.46456603098 6.698487439447651 0.20381282451965949
0.41773826068370723 13.6048396840348 210464.34810886206 6.999391858097636 0.20638541277408592
0.4319569839781643 13.53868067911813 181069.46825853558 7.3085702799488175 0.20894048350112107
0.4464530442949229 13.479212194767854 156094.53548803212 7.630249445141939 0.21154008436776334
0.46124399069884403 13.426046138451792 133331.1439176553 7.964961573091602 0.21418442683362088
0.476298356630173 13.378120536101589 116680.01670835695 8.310245751109534 0.21682801035651791
0.49164562036754733 13.335317311625678 101148.24551619228 8.667081191310753 0.21947691903942423
0.5072368388610252 13.297469251432133 87897.72285457721 9.038467703195613 0.2221735444597169
0.5231698706945366 13.263191834751543 76399.42784240209 9.424589600595993 0.22491564724982174
0.5393542611424127 13.233054162068019 66554.36829961509 9.820578889238327 0.22763374194321379
0.5558057073954611 13.206310055276774 58068.38369920502 10.23272188750137 0.23040224133944767
0.5725500502169045 13.183012977836032 50740.264746143934 10.661729061119628 0.23322158305338267
0.5895568068773133 13.16252935194792 44400.61359121744 11.103730674199825 0.2360337872753847
0.606835565829797 13.144625900568549 38904.39163877398 11.561277859883617 0.23887413930096046
0.6243826087258809 13.129291251116 34136.35178157169 12.037594239446172 0.24177379778252936
0.6421721455670414 13.116362271333522 30010.806606064834 12.531267319360236 0.24470920134833368
0.6602774049980792 13.105049647373566 26380.579293558214 13.039409657917378 0.2476363736182105
0.6786207583159608 13.095911180172385 23235.800259888867 13.56842551991336 0.2506221862475945
0.6972093841742398 13.088200763313576 20487.27473964104 14.119213295836834 0.253667769316895
0.7160739416084555 13.082289484190662 18085.547354913546 14.684374299659181 0.2566955726292569
0.7351700848740661 13.077680117873374 15983.948508112844 15.272228417718225 0.25978549963878134
0.7545194083037785 13.074414344119235 14142.067077759473 15.88422915957833 0.26294194542063903
0.7740993037602839 13.072169775402273 12525.588805881825 16.515785332567603 0.2661070102728357
0.7939362129724339 13.070993385265242 11105.658375813025 17.16931675119739 0.26930172594407925
0.8139890503187126 13.07073193664749 9856.606415451815 17.84976519693084 0.2725676297280073
0.8342661555713401 13.071224280303788 8756.694143669043 18.555835998976736 0.2758866340164491
0.8547662732198709 13.072451271134728 7787.716699435119 19.2828971883224 0.2792123759086706
0.8754836020286797 13.07428255779321 6931.82422503903 20.03983655776003 0.28260971265896967
0.896405475436837 13.07666757953951 6176.347971928139 20.827897991573824 0.2860789161139121
0.9175223540551721 13.079444602664033 5508.139760525658 21.63932963087796 0.28955090696101055
0.9388306672916321 13.08265719737411 4916.953083268981 22.482031327908924 0.29308856563226476
0.960329844212565 13.086127265727873 4392.980405889039 23.359340367681064 0.29670926740304177
0.9819784796804478 13.0896145530651 3928.059765476331 24.26895057960536 0.3003866560101105
1.0038045912031321 13.093376563277774 3515.6430505692274 25.207864187570383 0.30408048963435547
1.0257861458703608 13.097202277645852 3149.1994312815345 26.185384093929077 0.30785950843394444
1.0479280383269098 13.101108842822303 2823.182912007218 27.202986676433742 0.3117260325140236
1.07018484151722 13.104867769225672 2533.22182169056 28.253685239990176 0.3156252060010581
1.0925904457504867 13.108583243892221 2274.7637528105174 29.344015915232074 0.3195951101267938
1.115094246186663 13.112187929649407 2044.5400746834573 30.479052042641722 0.3236551785027348
1.1377053671375554 13.115470110215162 1838.9163840257172 31.660627002536664 0.3278032340748585
1.1604072107647327 13.118526263038671 1655.393777978921 32.87917588686294 0.3319770070524309
1.1831778903670533 13.12119779840246 1491.3161724597408 34.146928949762774 0.3362483374128615
1.2060316080825326 13.123574171327983 1344.6053609880244 35.46676024045986 0.34062459225396
1.2289381807482784 13.125570439165774 1213.2288514608692 36.84067610782313 0.3451066331693443
1.2518791325213132 13.1270909550771 1095.628128095157 38.260280721783275 0.3496204262779767
1.2748462800546205 13.128102924883592 990.1114666017821 39.73695392735399 0.35423898628241973
1.297817155421131 13.128491982790925 895.4334123897632 41.27454527634921 0.3589736418507205
1.3207929654937287 13.128347690855723 810.4705824146822 42.87547965240985 0.3638267011899486
1.3437413841158616 13.127575670887131 734.1447226427338 44.53749696285532 0.36877442284554024
1.3666614101349122 13.1261235725711 665.4493169107991 46.26162479299599 0.3737985161933585
1.3895352124424443 13.124001380642976 603.7353411508699 48.05749455631274 0.3789516320725004
1.4123464589093901 13.121145523531617 548.0940245562738 49.928078665303005 0.3842387910961507
1.4350619504858664 13.117444713302211 497.9673970208449 51.876524064745006 0.3896630688669579
1.4576808034838147 13.112958975565453 452.7755196328442 53.903973343315876 0.3952160303873484
1.480186781502424 13.107699524228844 412.02592365164685 56.00853154298274 0.40086443778936454
1.5025681175495482 13.10154903668517 375.2196542741124 58.20199530158405 0.4066662714204346
1.524750942285302 13.094271766669014 341.9651139355786 60.48831865662853 0.4126270449123562
1.5468093866939123 13.086197829041373 311.8536749927261 62.87168960923548 0.41875036116159076
1.5686416182391756 13.077064852848173 284.6483706475889 65.35656444433201 0.42503777336090937
1.590274254117964 13.06700568585585 260.0211788768908 67.94772508923359 0.4314913091243524
1.6117056400878536 13.055924530517167 237.68407670875186 70.64965712153533 0.4381256818191543
1.6328628806263903 13.04365167528587 217.44727194981752 73.46251351190647 0.4449262356450012
1.6537496812490375 13.030347822432727 199.09789393227499 76.3983554559848 0.451923299980554
1.6743841864500841 13.016061883024157 182.43268312288262 79.46325231715832 0.45912007845202046
1.6946735912869217 13.000399250877145 167.29775405043972 82.6637541789517 0.4665333939824094
1.7146515777032976 12.98372161406321 153.57119560076814 86.00679147447356 0.4741754454697285
1.7342988076708346 12.965676594164732 141.0149819959049 89.49976004059533 0.48205209017783684
1.7535518347156775 12.946529375463333 129.6344727122915 93.15057991403458 0.4901700763193607
1.7724408968230971 12.926088172501395 119.25851890439006 96.9677450741641 0.49854598027537217
1.7909280641051142 12.904418490973491 109.81305640839143 100.9603143282882 0.5071972299930269
1.8089626743451945 12.88145829106913 101.19840655985273 105.14169349281012 0.5161438315460957
1.826412960119534 12.85718420356991 93.39090591750505 109.52914854395098 0.5607499045551583
1.8427950580501513 12.831287302401918 86.42393265485076 114.17017071023335 0.61519412091643
1.8581740091959955 12.803569667909 80.15123409098469 119.07633120313648 0.6675493321074094
1.872595681519063 12.77398195519848 74.49586314033272 124.25922552883524 0.7183829967403598
1.886069687839792 12.742102815826657 69.34400773002383 129.73062277476114 0.7673986291260926
1.8986733914592313 12.708012487298985 64.6382739872549 135.4992461969611 0.8150014021144255
1.9104743373343975 12.671825018856651 60.32080968654655 141.57837327822494 0.8608263308027765
1.9215586876186401 12.633755363116272 56.345923542882915 147.98594762143108 0.9056272362184815
1.931925233657802 12.593691317562444 52.68120879361539 154.7388335624715 0.9492693311949597
1.9415794058227873 12.55143161281304 49.284859992599245 161.8552109185776 0.9919608310807106
1.9506195287988335 12.50745517831219 46.14045459667179 169.3522038942859 1.0337248046966752
1.9590384845791975 12.461558264075698 43.2187239844373 177.23721282135836 1.0742443780195052
1.9668627394289562 12.414071551846877 40.505097307930576 185.54809027356282 1.1141083749142058
1.9741021805344248 12.364787238367175 37.981148734339826 194.31057669308132 1.1533821908052615
1.980781505285185 12.313911401551204 35.628016620893305 203.53371980967177 1.1917709105550127
1.9869159490910475 12.261547269785192 33.43639776107578 213.2555944350328 1.2295800929412852
1.9924725486295694 12.20760584739668 31.394656497387743 223.51760783559018 1.2670333283847868
1.9975000648729986 12.152289176970132 29.492205332806243 234.3217922397543 1.3036821215610863
2.00195480066351 12.095576868003816 27.721348727801054 245.7373775743353 1.3400931991598417
2.0058838129957155 12.037659806616196 26.06952042632579 257.7799489692448 1.375995437887857
2.0092100606429724 11.978349983908421 24.532813258298454 270.50941098599554 1.4116582700331222
2.011970254554741 11.917727282677049 23.09712830019837 283.95574133725256 1.4468704220997008
2.0141609690372007 11.856079349546674 21.76590692149482 298.1913517500402 1.4820182661498875
2.015747877152228 11.79329859508954 20.52650900715521 313.2417643578829 1.5167030383508753
2.0166958996571562 11.72927756411377 19.373772603033178 329.1963494085831 1.5513107324665776
2.0170514354302846 11.664430793495528 18.30331697729842 346.1121594713971 1.5857818878256584
