M[M_sun], R[km], Lambda[1], P_c[MeV/fm^3], rho_c[fm^-3]
0.23841724892012095 16.20908015294055 2780876.1263280716 3.453507347168396 0.169602847481901
0.2484267054892731 15.865895595729285 2281599.26209559 3.6357732640313674 0.1719813243790654
0.2587195754819041 15.56227310399859 1880822.8954757664 3.825228450168142 0.1743805659529977
0.26929760578309847 15.292760843543759 1557245.4582296314 4.021010285975841 0.17677558524692552
0.280165667054565 15.05281893696813 1294330.4574446925 4.223396055617494 0.17915707265904798
0.29131096490296743 14.838721997745374 1059432.4991016276 4.433774255878181 0.18156235757358877
0.30274502765448597 14.64725324638125 904529.2776380954 4.652493178548419 0.18399524997217864
0.31446303137644427 14.475723340902235 759974.009240916 4.879920621263422 0.18645739088331031
0.3264643684867718 14.321887529787817 640577.3557569642 5.11346601454585 0.18889095949174495
0.33875087092364675 14.183637937220285 541551.8509446715 5.356145959633933 0.19134444590180333
0.35132362815125495 14.05934763442598 459123.63719066215 5.604503249654593 0.1937418702697148
0.36418761707074343 13.947436452789546 390276.9647320174 5.856012148891725 0.19602839633740657
0.3773547379972651 13.846673049872626 332538.650760657 6.124678712620812 0.19847090673503884
0.390800972494875 13.756140756628232 284057.2493188251 6.411951839224853 0.20108257373576852
0.40335338241561824 13.68015153990899 246303.37384909886 6.739359532226985 0.3945095671116044
0.40412383226065546 13.656978924812686 238715.1685333456 7.230189460757965 1.123725805626311
0.39755851830636724 13.662953202975034 256081.71540305665 8.012298453806789 2.254461726311299
0.3885915957992039 13.686713066048354 279254.7267793077 9.59930888740516 3.8386176466634927
0.37393801124947135 13.727785304714876 322403.96543780965 11.668730224245067 3.903556195495448
0.35687503091211636 13.770161713021997 380694.1184087107 13.727427952563943 3.9424815917130225
0.3393796574689195 13.806698348367844 450778.3818984411 15.900551451847678 3.977055563199248
0.3222382832737766 13.832154822826695 530519.6658354457 18.168768894427387 4.004510170325401
0.3057881436662314 13.84002422429677 617169.2351400522 20.49101105017917 4.015884343460907
0.2903204484656201 13.822846531167045 705786.5739990949 22.82263737940558 4.027304479595391
0.27605774123306964 13.770801955698692 788838.7926638181 25.250244937429965 4.039090034918599
0.2631918290800008 13.674282656486541 856968.8593378309 27.770156577638687 4.051219865894299
0.2518709446206062 13.522926183266506 899972.6824483194 30.32862516881206 4.0634986957517665
0.24216392363553668 13.30980434081645 909900.2249123794 32.93393773657966 4.075986740946226
0.23419003642257516 13.031569726243807 882226.0632878295 35.63972615249496 4.088946171281717
0.22798926969650063 12.690597713294938 819235.3991555286 38.4438997970799 4.102366926007261
0.2235015005115282 12.295635010987676 728950.415766664 41.26850051361059 4.1158689785732205
0.220729718381742 11.86131461586557 623047.3857670753 44.182804823285124 4.129786900419445
0.2195903945664815 11.404034983463575 513896.1099896661 47.204163111064666 4.144203565837175
0.21999427615984832 10.941779487786404 411424.07057621307 50.31348687464019 4.159024926199297
0.22177854529388424 10.487552740781695 321651.3806595627 53.46091071299805 4.174011302452681
0.22487647374498618 10.054690662003162 247320.56583294424 56.72405404274568 4.189531599195609
0.22913744303250522 9.65037356076946 188076.8329468295 60.10379873732989 4.205590327593259
0.23445563546304163 9.278851651958037 142230.75433068234 63.54611998554438 4.221936125194346
0.24071545376427406 8.941570993609135 107412.15673661121 67.07748413657539 4.238671558867453
0.24782231991907247 8.63815055574906 81294.38295249359 70.7359666744986 4.255992208422475
0.25569693869388466 8.366891176638546 61827.939025205844 74.52073993503589 4.273899656681123
0.2642523509126273 8.12555058052738 47320.39622791418 78.35089747497469 4.291992725928752
0.2734311059291457 7.911143727519729 36443.54683068383 82.3179579139883 4.310707978317133
0.2831735902551415 7.721094818394415 28378.914548259287 86.4247834549701 4.330060379077743
0.2934253192414925 7.55287837074705 22258.68353655307 90.64173260676306 4.349911108500274
0.30415076109055955 7.403894225257004 17607.821073954838 94.95247392969243 4.370174388637202
0.31530612830112775 7.272103929662501 14047.056683628594 99.41484114131644 4.391121041161802
0.3268658783822499 7.155199154213628 11295.64767726662 104.03228467634328 4.412764758289821
0.3387807644277298 7.0517723146450315 9152.656751580762 108.75617093737095 4.434875955388941
0.35103958015062886 6.960134745617047 7472.028640009915 113.61478954605052 4.457587086299897
0.36361268588738327 6.878790712579281 6140.160684293947 118.64288262975283 4.4810627197431945
0.37647865190169283 6.8066800845714965 5079.531253143978 123.84417581524116 4.505315973011401
0.38960150618940564 6.7427582545095 4227.348913464859 129.16539491345418 4.530072212265637
0.402986339912725 6.6859076166015825 3524.342953867603 134.65183022394896 4.5555594640627755
0.41661144662569694 6.635623775309359 2974.543874570587 140.32910466805043 4.581897631501929
0.43044531634114364 6.590885919132163 2514.0528785864917 146.20210683985448 4.609105669194104
0.44447742495870746 6.551267565995915 2134.4252857330166 152.23020251954173 4.636980229739726
0.45867624962586545 6.516069005891616 1819.861126087943 158.44103094463736 4.665649550622839
0.4730496122969789 6.4849519299424445 1554.1111349038592 164.86811356585133 4.695270836532834
0.4875833629964925 6.457355737414985 1338.5508988957022 171.51803991478715 4.725869833310191
0.5022442349593177 6.4329927476626265 1151.752961041121 178.38833297210402 4.757427561206881
0.5170252863707583 6.411397038739878 998.617320196482 185.44035236483484 4.7897474675538465
0.5319032730997008 6.392306927112097 866.8262633075669 192.7403393290407 4.8231451623352335
0.5468848904058928 6.375569339730638 753.3201388481244 200.29632885081307 4.857651659857365
0.5619445994694642 6.360786329046306 657.6991591152802 208.1170860849578 4.893301007030809
0.5770639586763459 6.347731395999506 576.8956381649086 216.21170500997928 4.930128293333794
0.5922229325473545 6.336247836693015 506.30464431780354 224.53756612772295 4.967914268193365
0.6074243532079688 6.3261679004978815 445.5510717155536 233.15987075815067 5.006967477145307
0.6226389105915829 6.317279319769339 392.4898239634505 242.09075621370908 5.047335975254708
0.6378688440382226 6.309490990904478 347.0320736852339 251.34199347160973 5.089065262996656
0.6530850944396575 6.302573332572589 307.9463734385225 260.92602293685184 5.132203304759767
0.6682838339138427 6.296518679700645 273.43994668825394 270.85612751712273 5.176801315673885
0.683444562292036 6.2910965398398755 243.3690697405932 281.1394444419943 5.22287930012026
0.6985432552802815 6.286277286266171 216.97786905624818 291.77200781190874 5.270397229379935
0.7135920632271522 6.28184794667202 193.85678977774552 302.7997880075741 5.3195556835295035
0.7285468015857938 6.27782998266396 173.34595004281306 314.24016532022165 5.370430437631271
0.7434277578307059 6.2741087150889685 155.44545935315531 326.11144859306285 5.423093715259402
0.7581889154510936 6.270562105156811 139.64981732373786 338.43320382068765 5.477620640318875
0.772843166457688 6.2672197566566386 125.69150232418696 351.226189447895 5.534077997010052
0.7873456861313421 6.263918494430131 113.32377382983302 364.51303642181983 5.592550817737219
0.8017063903483079 6.2605999392302305 102.40280053745822 378.31755047375566 5.65314115048137
0.8159029896906933 6.257236288708535 92.63743908990085 392.6651492792665 5.715938867388487
0.8299303501555065 6.253797770246375 83.92052175852777 407.58325954946594 5.781038236608365
0.8437610356412939 6.2501572176935385 76.14162848456762 423.10115415142377 5.8485593129408855
0.8573740495661779 6.246303562617567 69.20209387235839 439.2499492776848 5.918613389367967
0.8707910166972241 6.242172304051622 62.93333815426219 456.0633646038139 5.991319354661246
0.8839663320473914 6.237747198625127 57.41532539685994 473.577136989177 6.066821611842715
0.8968954083052686 6.233000755617898 52.410822127195416 491.82971314979994 6.145250074387928
0.9095586737998971 6.227847407809637 47.918637651243756 510.8625574569983 6.226771249370763
0.921962717904463 6.222296701147793 43.869513390714445 530.7196260529882 6.31152421811324
0.9340812470094909 6.216269774591281 40.22403196627621 551.4472760336658 6.399709312463776
0.9459054035980818 6.209750120896154 36.90514039842491 573.0573843761038 6.491268603957421
0.9573942904112233 6.202685308795495 33.95806434715128 595.639892829538 6.5866226303388276
0.9685901314743136 6.195081405134584 31.265288333108696 619.253927460019 6.685957913690839
0.9794423382331299 6.18689887157315 28.809207031282543 643.9624377612139 6.789514454301362
0.9899379653968576 6.178099657555997 26.612089146065436 669.8337325124314 6.89753791919299
1.0000791461606355 6.16866643618704 24.60239965241121 696.8757988125698 7.009945481334117
1.0098525246941543 6.158574808999246 22.775968858067525 725.2251706417028 7.127320715974144
1.0192378967223905 6.14781117958644 21.1142035053435 754.9686277635935 7.249973673973325
1.0282302434900237 6.136303804910339 19.599388374361887 786.1504716719037 7.377978902908306
1.03681483099941 6.124110723758816 18.207361617215412 818.8763367754557 7.511721851031344
1.0449832958556369 6.111171934414937 16.958968230503995 853.2876738172072 7.651752042471666
1.0527317273206063 6.097473258539021 15.796916005223055 889.4129969679788 7.798017346391101
1.0600494209488993 6.082979016085638 14.74893191742692 927.446486813595 7.951305939226396
1.0669073107008802 6.067718443969867 13.77691265957352 967.4663360829956 8.111790908879726
1.0733099613802952 6.051626704403211 12.89425855540069 1009.6401655376758 8.280081226259439
1.0792518835969702 6.034734730075769 12.084570934272532 1054.0888433778987 8.456493952798807
1.0847296001421614 6.017007798098529 11.340469438065112 1101.01433016299 8.641807794750347
1.0897093521034238 5.998462650916406 10.659917708530067 1150.5296667267198 8.836205209134746
1.0942088119015025 5.979043316369316 10.036697826218134 1202.8915276105715 9.04066856698984
1.0982297762421296 5.958825038632039 9.458843204539976 1258.274352360263 9.255676315845587
1.1017253611926126 5.937718808063841 8.929177229047664 1316.8933769895048 9.481859438575126
1.104721754889794 5.915743883408818 8.43850805043564 1379.0270868265734 9.720176053138054
1.107198364657713 5.892918825706782 7.99039939944399 1444.9403137291108 9.971414911335671
1.1091612794767887 5.869245515523436 7.575366951578032 1514.92457491999 10.236447816534104
1.1106065763783748 5.844743199690718 7.190352889887546 1589.2822815406287 10.51610718562787
1.111511102449468 5.819361069316779 6.839592212845113 1668.3955187866277 10.811627635036226
1.1119039999107871 5.793170795744153 6.5159677870082575 1752.6543917624901 11.124157197278583
