M[M_sun], R[km], Lambda[1], P_c[MeV/fm^3], rho_c[fm^-3]
0.23841724892012095 16.20908015294055 2780876.1263280716 3.453507347168396 0.169602847481901
0.2484190684744995 15.866132404645265 2281970.0197074735 3.635638111131183 0.17197960518305988
0.25870442334925625 15.562726079083983 1881276.2418680722 3.824950425699463 0.17437716485113386
0.2692764509630047 15.293299023559074 1557816.3910194517 4.020562339778868 0.17677010547511746
0.28013244414768235 15.05350146659293 1295069.597490561 4.222782608761748 0.1791498993498112
0.29126916669156316 14.839484617028354 1060136.5159569802 4.432986834907047 0.18155349749721236
0.3026942547966293 14.6480363531063 905143.6324829665 4.65152286374383 0.1839847409547725
0.31440057138657906 14.476586236461584 760635.0099006727 4.878758129496081 0.18644527759161655
0.3263927079445368 14.3227465664805 641219.4530346162 5.112043495975676 0.1888761366922513
0.33866964072152206 14.184437846466963 542146.1443847077 5.354504357399222 0.19132806581082196
0.3512283451049488 14.060315542495653 459759.36054669955 5.606669063605166 0.19380999263167767
0.36406720680513155 13.948370333825313 390839.06523309066 5.8689505439824 0.19632747800013645
0.3771993895257019 13.847732220343273 333130.02962785633 6.138313729299744 0.19882182791411795
0.39061246606719924 13.757127373725773 284637.9664445255 6.418046609176957 0.2013451044068135
0.40430507074605165 13.675549839771113 243769.95034711645 6.70902524004577 0.2039029176534454
0.41828547891132134 13.6021315956502 209222.4338384868 7.011447650809206 0.206488484011347
0.43255094922578124 13.536096537817112 179952.01871903663 7.321743104174249 0.20904907125738645
0.4470970588443095 13.476842429824751 155101.21963222805 7.644590778157861 0.2116541052834338
0.46193055941282346 13.423538913760552 133924.0389896133 7.980524901563313 0.21430358363641858
0.4770463155731155 13.375880697756573 115859.78443438117 8.327760895640283 0.21696211075969435
0.49244393337332126 13.333238409636207 100402.46453919519 8.685965972262661 0.21961585802766756
0.5081210852709678 13.29520218584495 87170.81170307673 9.058783278375156 0.22231781857563074
0.5240795767430071 13.261322939121557 75796.83945842457 9.446818774126763 0.2250707473442125
0.5403217440018686 13.231321078657933 66013.69083551991 9.844860655606299 0.22780024990791928
0.5568350776348555 13.204898010065612 57587.67584017371 10.258680567498276 0.23057378168272083
0.5736348093666451 13.181513266430558 50300.79313823393 10.689439200126394 0.2333978868667648
0.590708938327765 13.161177094763651 44003.83564215571 11.134400782643697 0.23622892368643547
0.6080513965201872 13.143580744186412 38552.16080418176 11.593905810799352 0.23907478531754833
0.6256606683894799 13.128232780668851 33815.51993884608 12.072272973557174 0.2419799991816106
0.6435393129879498 13.115220625444051 29462.065376786762 12.569475959356204 0.24493639173535706
0.6616919328610589 13.104294739442619 26119.581621603833 13.079910143869714 0.24786867228566992
0.6800978388142758 13.095161139550592 23000.477968148934 13.61132209885698 0.2508595886149221
0.6987563589037802 13.087698026593769 20277.046734184896 14.164619515582078 0.2539110293819325
0.7176926626842206 13.082028221575523 17897.41039146602 14.734139801608126 0.2569621871879814
0.7368637015211452 13.077340469851052 15811.631153379276 15.324802303601857 0.2600582796260025
0.7562835279242942 13.074183366167969 13987.39225284375 15.939746186529979 0.26322017085523725
0.775942580712693 13.072030027022544 12385.561359039288 16.57645883311324 0.26641107754705423
0.7958365514681616 13.07089146701071 10978.884342440277 17.233276784138557 0.2696117462604788
0.8159671812852821 13.070755582190023 9742.494183693407 17.917174212474485 0.27288449711725593
0.8363259434242182 13.071382443935992 8653.837982122479 18.62918433436415 0.27623083248308467
0.8568932010325155 13.072594529442918 7694.4717258591045 19.36025525188326 0.2795652011964546
0.8776902688379209 13.074542207421798 6847.705278905138 20.12125057083605 0.28296896055608456
0.8986795231362106 13.07686411366236 6099.681164868492 20.914378220580325 0.2864534177259141
0.919392601847754 13.079530545047724 5452.379630966706 21.78933560553237 0.39451018183120057
0.9296125714769266 13.07284042912876 5134.151579853719 22.89535088097517 0.8563676890367493
0.9284608730944058 13.051670175127073 5093.51412529073 24.133643379164536 1.3452755312165785
0.9204953187996595 13.017905669998322 5200.45672731095 26.131245553297386 1.7855861117635248
0.9091348867482638 12.975399639942424 5379.357960763033 28.548865696193765 2.2950781760710957
0.8954907568311636 12.927021159629016 5616.948035717493 31.444158681384117 2.8493160983339596
0.8797662095826668 12.871693544720328 5911.714183038538 34.90439931643878 3.3447121979771826
0.8617391735615262 12.805140968609395 6264.455611139806 38.668602113543855 3.4380921017136377
0.8414596264864892 12.721170723151918 6659.716626035276 42.64830163966803 3.4590604454678973
0.8205602638860391 12.62233387622418 7051.548732273104 46.78606134518057 3.4746736943026106
0.7998973963329676 12.509836523692242 7407.5558069187755 50.99684595800251 3.489465913649544
0.7800176220514878 12.384755583467953 7699.034979678366 55.306460294911226 3.504282872891382
0.7614767015187357 12.248262888046304 7895.817038965948 59.781652036402136 3.5195661216121104
0.7442676874946709 12.100360609455308 7987.734048675221 64.41874996253391 3.535364998630989
0.7287209176716413 11.942311953979296 7955.411052745877 69.16744820403918 3.5515030846044464
0.715130165807933 11.775903761226402 7792.2017396208885 74.02342274286566 3.567960950890104
0.7033553946184699 11.601315184632762 7507.687225798197 79.05605018687147 3.5849793674695913
0.6937115764812104 11.421408141971046 7110.62703766729 84.26534141104831 3.6025543085007428
0.6860242278724986 11.23675313117204 6625.745801495037 89.65275757637701 3.6206865871658893
0.6803704795126047 11.04939408368968 6076.638203329207 95.14116357295745 3.6390990175642277
0.67673306887053 10.861642479425141 5490.9101049306455 100.81541511711039 3.6580861695742293
0.67507211123136 10.6755413719347 4895.578159950159 106.68669705373397 3.6776824355461213
0.6752260514941537 10.491504845324751 4311.737987756251 112.75853615495808 3.6978948397682307
0.6771861777237819 10.312291754506422 3758.6838779358322 119.03535556091094 3.718733234895745
0.680785336987 10.138489004537643 3248.7022835211415 125.48109954904187 3.7400640265159786
0.6859081048108646 9.970946730863508 2787.522700356054 132.12498579220465 3.7619838580074294
0.6924808150588575 9.810936259919686 2378.75475795561 138.99810039499098 3.784595748628695
0.7003422074266638 9.658581362981646 2022.1276602573516 146.1069047659662 3.8079152837588577
0.7093988807571384 9.513995733260652 1713.952654212406 153.45862187833606 3.8319602967327815
0.7195310966648929 9.37774943626851 1450.4305714979155 161.06119973149444 3.8567500939179307
0.7306344315684322 9.249730959434247 1227.2213827761852 168.92334754475945 3.8823041580061326
0.7426108098772993 9.129403757702994 1038.4185904250028 177.04351930497808 3.9086014884288725
0.7553555830685144 9.016914659094716 879.7433150456608 185.42295444145952 3.935644977619078
0.7687762500334159 8.911638553618872 746.7243854969348 194.09757519313501 3.9635512324569095
0.7828071838511901 8.813299267517575 634.9031319986859 203.0788424970478 3.9923497054774004
0.7973481957130353 8.721670219720462 541.3990494080949 212.37892960119248 4.022059483880679
0.8123391091225473 8.635979158208162 462.6823107619283 222.0113187276894 4.052720642026381
0.8277294482677445 8.555997016387714 396.5974528030878 231.99021587718119 4.084375316790027
0.8434397498235542 8.481176324522258 340.8080956017714 242.33076124523328 4.117055115932265
0.8594085916688396 8.411476272367993 294.04714984348414 253.04932959943415 4.150798968866758
0.8755994214560122 8.346072180694367 254.28812002692771 264.1634337687605 4.185659317515035
0.8919359909004961 8.284990475448774 220.67054920953453 275.6916170670852 4.221674767370808
0.9083905770983798 8.227539478494387 192.06476981063992 287.65399785301184 4.258898152480623
0.9249177530445473 8.17357055224321 167.6458672618727 300.07180060900146 4.297387572099944
0.9414920505816221 8.122600308856175 146.73501908971005 312.96780371494566 4.337191670391912
0.9580278954769575 8.074740380965281 128.86086386064832 326.36659130646825 4.378385368364053
0.9745315499415561 8.029388858554379 113.44276751822206 340.28921961516215 4.420995840106424
0.9909513565595269 7.986400815798604 100.16228795684047 354.73700882973736 4.465022861401518
1.0072569785232026 7.945563051505173 88.66859941983687 369.7667622911398 4.510612878821187
1.0234304749518393 7.90654102862817 78.6950583193888 385.4099784359273 4.557862412387644
1.0394383091838426 7.8691795181698145 70.00182096565987 401.70096236555713 4.606848257618232
1.055235189242315 7.833420933432273 62.435602427705376 418.67598145666796 4.657661554321129
1.0707869469527354 7.7991009085762135 55.828243716673505 436.3438313245127 4.710294058892906
1.0861131405420588 7.765933342056393 50.03071132191905 454.74228498042226 4.764830863173861
1.1011537624561756 7.7337884780086394 44.875525539846265 473.945384129165 4.8214913135946125
1.115909077041598 7.702560724747262 40.44916654045478 494.0010227761161 4.880388128480009
1.1303528072076126 7.672068619011763 36.48131494467876 514.8872739940122 4.941387549526164
1.1444442032072168 7.642328662454738 32.97889354708286 536.7214414902313 5.004847900465288
1.1581880110600815 7.613065159566228 29.86874211081066 559.5543202424797 5.0708810185917566
1.1715625588443428 7.58420888055922 27.104752007492635 583.3838446327649 5.139409570944008
1.1845151528900058 7.555858696094652 24.652948912560785 608.3514397571311 5.210856529379223
1.1970526516502527 7.5277474795607064 22.461094800200957 634.4442838290586 5.285094532674735
1.2091879216762516 7.49979453863722 20.481954737036812 661.8046068787617 5.362540271628948
1.2208690624341707 7.471978157270563 18.7516288709008 690.4405678620649 5.443111697600807
1.2320984767621206 7.444157074119366 17.164469889733336 720.5058104939308 5.527270560489475
1.2428427384832244 7.41634273294687 15.753428443430206 752.0053097428191 5.61489448416199
1.253091926278248 7.3885457178628275 14.501812974388445 785.1016735596897 5.706443797317809
1.2628267593376687 7.360503161089759 13.362076217041523 819.8824579301391 5.80209878906805
1.2720797431726916 7.332325092425567 12.330391312560076 856.4176581305967 5.901944935861376
1.2807984106735149 7.303899766340822 11.398979160865602 894.8709327073526 6.006410813400779
1.2889719084022748 7.275200677398391 10.556051714472044 935.3653711376437 6.115749221704557
1.2965880601286048 7.246142400879355 9.794037562824442 978.0359601750026 6.230242768244296
1.3036579237572743 7.216780471427916 9.10152991001348 1023.0202687454569 6.350162927796025
1.3101544744088056 7.186970603675244 8.472546270916096 1070.4904633015663 6.475887329952138
1.3160797312637402 7.1567154494969225 7.896299235628478 1120.633480049493 6.607824737678402
1.3214117221654729 7.126036414216663 7.377561658097952 1173.6442259813462 6.746383473648543
1.3261548494055473 7.094835006277077 6.904645171254332 1229.7362830245818 6.892008443169976
1.3302795305729966 7.063197567671549 6.479452838712641 1289.1412300170293 7.045172076383383
1.3338225656439384 7.030981705272046 6.085162128369927 1352.098916533197 7.206341258828008
1.3367280511779716 6.998235086870238 5.725411569196506 1418.9056327352046 7.376161775630161
1.339021701753393 6.9649354220791375 5.3947911555057715 1489.8718729560228 7.555269382238137
1.3406852758810512 6.931049345915169 5.098697074213279 1565.338892093342 7.744365156295368
