M[M_sun], R[km], Lambda[1], P_c[MeV/fm^3], rho_c[fm^-3]
0.23841724892012095 16.20908015294055 2780876.1263280716 3.453507347168396 0.169602847481901
0.24841650378038618 15.866194458063863 2282103.211804025 3.6355702232204514 0.17197874162316
0.25869727276563553 15.562842050282677 1881606.1232659386 3.8248107781497307 0.17437545652832354
0.2692631869600788 15.293502480540807 1557964.7537341241 4.020337352308432 0.17676735318029724
0.2801149261007046 15.053905968890291 1295480.0138620504 4.222474507702476 0.17914629658593093
0.2912464795541693 14.839793718037473 1081192.0990043306 4.432591370427943 0.1815490477230541
0.30266852842822606 14.648363006452293 905492.2191253105 4.651035562106838 0.1839794632228849
0.3143720706241939 14.476941270091762 760952.7611784757 4.878174334683846 0.1864391943856545
0.32635751353617554 14.323158463077311 641549.1908214107 5.111329147605194 0.18886869310389592
0.33862809818260237 14.184891226198763 542443.7114969504 5.353680018820088 0.1913198404681414
0.35117956052499655 14.060618629273224 459978.46477270237 5.605729567712222 0.1938009630950426
0.364015429940374 13.94881443733706 385439.0017464865 5.867890346461783 0.19631766038682288
0.3771411819140719 13.848177843290687 333371.88946810557 6.1370776780890175 0.19881038186506889
0.3905450682942897 13.757506935971502 284843.80764846137 6.416673912647312 0.20133286966859498
0.4042342704672612 13.67589074125958 240823.97279592743 6.707509745848208 0.20388996090595132
0.41820729700917864 13.602437039635165 209392.8145433735 7.009713694667904 0.2064736595191617
0.432465630511595 13.536580164475799 180123.79950389362 7.319848378192366 0.2090334524318719
0.4470068139154478 13.477156830870227 155245.98858537595 7.642527861478049 0.21163770404315002
0.46183093778379924 13.423855679017334 134050.36459922648 7.978286083523925 0.21428644267585195
0.47693824590030515 13.376182619577909 115972.76008145475 8.325241079325702 0.2169428184048341
0.49232997742562173 13.333582788440083 100513.65155175622 8.683248965858434 0.2195958684857282
0.5079990672702189 13.295491098339195 87267.24442410328 9.055860264185016 0.22229706035026134
0.5239497409465342 13.26154015640244 75878.57835788533 9.443680121611646 0.2250492245837061
0.5401851813539897 13.23156114787672 66089.60727497328 9.84136648228515 0.22777628922568488
0.5566891955895766 13.205098692219785 57655.92138898677 10.254944893003465 0.23054909557058903
0.5734774590463958 13.181769895981805 50368.40370833321 10.685451275024693 0.23337251397337222
0.5905395429586269 13.161410563409932 44061.11481675417 11.129986459024414 0.23620083786242022
0.6078714820355494 13.143702739474746 38602.469588080836 11.589209464447412 0.23904590507341447
0.6254765422742309 13.128423625044835 33863.01766702219 12.067281201263668 0.24195031786661444
0.6433509256316666 13.115432117598793 29743.913183470937 12.563975555115652 0.24490368607066113
0.6614847393981498 13.104462270949504 25954.759666396465 13.074079531802765 0.24783522963969232
0.679884644859495 13.095270970833987 22856.87254294378 13.605146242501917 0.2508254095975022
0.6985338409849061 13.087737185806288 20306.18649085739 14.158082036841614 0.25387600538053995
0.7174508396306173 13.081878414455314 17923.228286490394 14.726973984432542 0.2569237969154161
0.7366219248571588 13.07743905868872 15836.180022799557 15.317231749915297 0.2600189997534352
0.756028417491602 13.074174729401625 14009.041494434863 15.931751455622779 0.26318010499430616
0.7756720499149892 13.072030732525771 12406.072416152705 16.567720671055756 0.2663672859560861
0.7955639939201784 13.070956285787803 10997.413520477776 17.224064875867445 0.269567095271642
0.8156865472331167 13.07075347145725 9695.731311812073 17.907465118057242 0.2728388578896964
0.8360329623708159 13.071361913966388 8668.252409907815 18.61874362571304 0.27618234187224555
0.8565913159752928 13.07257766157149 7707.694334995081 19.34911152294775 0.27951437534601736
0.8773754989931293 13.074516256831325 6859.494744642941 20.109522033421523 0.2829172071509494
0.898348840921485 13.07684718127643 6110.784343176879 20.901226694938035 0.28639267832699083
0.9195370722157332 13.079755578922846 5448.892524685744 21.71903575100724 0.28989195715691357
0.9409102458726654 13.082904275635816 4863.005952681688 22.56582135950207 0.293436967626625
0.9624584667677515 13.086301697821945 4344.046160524531 23.447431026930353 0.29706540191259967
0.9842004676557596 13.09003557425148 3862.4312574796377 24.36455256565477 0.3007731574474322
1.0060887663535913 13.0938150340845 3475.424934898339 25.308288336545562 0.3044740423879023
1.0281337958234118 13.097667304147807 3112.730554207888 26.290880548517016 0.3082614966075826
1.050349592434966 13.1016562729865 2790.1970245650173 27.31383003970012 0.31213737551786197
1.0726651894267796 13.105300121972904 2503.0448352109265 28.373730422277585 0.3160706972278063
1.0951294477072384 13.109128656243286 2247.647375309905 29.470078461779025 0.32005098356124106
1.1176821852223586 13.112521330331164 2019.6679344764793 30.611456064341873 0.3241203102910527
1.1403626646243699 13.115830612593749 1816.2758608866297 31.799716175047706 0.3282796422330921
1.1631206501566527 13.11884310822029 1634.8322384253127 33.029565094243054 0.33249212008396817
1.1859641972187551 13.121535916150625 1472.5201286936535 34.304855874549354 0.33677636703950403
1.20886886725691 13.123894024776959 1327.526256227796 35.63265581436665 0.34116634347051794
1.2318353872976462 13.125828796364203 1197.6372583976042 37.01498586257568 0.3456608707098765
1.2548302739598067 13.127262182913656 1081.4048107039353 38.448516015439345 0.35021894164130446
1.2778483624177048 13.1281810780337 977.1234321584362 39.93468613884694 0.354853659624669
1.300860600304411 13.128485046450862 883.6549328863613 41.48233094015839 0.35960561484924664
1.3238872362854146 13.128308199386527 799.718865433778 43.09391166868192 0.36447695965018945
1.3468979448245104 13.12743293069318 724.2524066372528 44.77201935625938 0.3694694677932066
1.3698518237308097 13.125859848504096 656.4765926087778 46.50934279848749 0.374518427123404
1.3927790101518902 13.123668850457321 595.4519462764991 48.31797000690393 0.37969352310630355
1.415603120179773 13.120584591760545 540.5700083488847 50.20208387469693 0.3850040621260035
1.4383768595026432 13.116937837710388 491.12036249032053 52.164880675854285 0.3904528460429219
1.4610161888255402 13.112233851434615 446.50170740194665 54.20974812257969 0.3960413519807139
1.4835562110152825 13.10678145345814 406.24682476340735 56.335661208510444 0.40174157198434274
1.5059406963082143 13.100351678229211 369.91396417832806 58.546421525367506 0.40757329465606984
1.528185525678595 13.093104632907055 337.076863443953 60.85112137304999 0.4135658640244638
1.5502669006453567 13.085020335153677 307.4200512509442 63.25401893032375 0.4197223470907202
1.5721020764688882 13.075560078328742 280.5579247691364 65.75963657842375 0.42604351242933597
1.5937580626164631 13.065262220983774 256.25093830608506 68.37284652095198 0.4325351599632519
1.6151839135362946 13.053964735587133 234.23980089768082 71.09871353603494 0.43921209674696066
1.6363691863252172 13.041720933726037 214.28975536675523 73.94268565094804 0.4460814109216698
1.6572482886550033 13.028073055478103 196.18149520629512 76.90829024795642 0.453136403825319
1.677858985474141 13.013384696618225 179.73672159244094 80.00175126378242 0.46038025841627356
1.6981438542443337 12.997546583974039 164.8216574179267 83.23268283449922 0.46784585265932216
1.7181157539700203 12.980632809659856 151.26087034550787 86.60816583706784 0.4755435578775403
1.737707459081137 12.962331852620071 138.93284006072807 90.13573617339533 0.48347809047895973
1.756979469309688 12.942985653905804 127.70116288324627 93.82346272452051 0.4916571740757454
1.775825811050843 12.922295717259304 117.48135322511867 97.68002138717019 0.500100127533326
1.794267052613924 12.900262138319226 108.16395233848075 101.71467093855921 0.5088228172497343
1.8122737566503404 12.876996813961139 99.67949815529231 105.93731243082706 0.5178323721320904
1.8298292755775687 12.852358394699902 91.93020791405486 110.35857972827394 0.5271416653103438
1.8469278376068405 12.826534892250978 84.86684287005289 114.98990730668929 0.5367745164618308
1.863507467422593 12.799145153166148 78.40904011158955 119.8435662934315 0.5467505493079126
1.8795936974989713 12.770421641429442 72.49891338428768 124.92964699718715 0.5570666717234208
1.8951275481687055 12.74023845594306 67.10124372476757 130.26087670789167 0.5677419148066121
1.9101418855129788 12.708731320769017 62.15830875900569 135.85563451264682 0.5788170391747385
1.9245634461092471 12.675730698774533 57.63256340677165 141.7302740059554 0.5903103542714866
1.9384058543559648 12.641393575189182 53.491649283829595 147.9024230974551 0.6022405431077663
1.9516335529352034 12.605502156825063 49.68998433916238 154.39106640844605 0.6146430578465579
1.9642442000536173 12.568206875177243 46.206322965289445 161.2157009979024 0.627546250981057
1.976191622361754 12.529391675341584 43.006897478660655 168.38471671048288 0.6409196665607987
1.987480578076916 12.48899966999829 40.066642033616404 175.93502514606126 0.6548535873299767
1.9981062066973883 12.447260879983551 37.37012319868231 183.8924284599771 0.6693875216682913
2.008021857880399 12.403934667704425 34.888377895051725 192.27819081694275 0.6845230340421342
2.0172262131067313 12.35908630739828 32.60731737977098 201.11370537694208 0.7002842167395167
2.0257180948832345 12.312911756162393 30.508504841777672 210.4451151520763 0.7167653314943029
2.0334379836672345 12.265013120722141 28.575577277079503 220.29611042922252 0.7339589558257442
2.04041349704727 12.21565241325082 26.79224367482611 230.70142088958946 0.7519206348187107
2.046617953322887 12.164804473948996 25.151455546394264 241.71331638232778 0.7707430422828979
2.052045570916681 12.112437782379327 23.636916985354176 253.35195713583232 0.7903873534087307
2.0566516249099025 12.058604632983563 22.24496925433403 265.6905255724801 0.8110176651366361
2.060484239247713 12.003338754864828 20.957045480079056 278.7514362515489 0.8325948570974236
2.0634778643490024 11.946534650147168 19.767938016632264 292.61488859293155 0.8552638078034599
2.0656430922364994 11.888301572956145 18.673925932364632 307.322839462667 0.8790495343502395
2.0669752668489396 11.828618059853225 17.66161867429532 322.94865603002046 0.9040376468734006
2.067465562850344 11.76760451785713 16.72689268245492 339.56881630451187 0.9303454111856645
