M[M_sun], R[km], Lambda[1], P_c[MeV/fm^3], rho_c[fm^-3]
0.23841724892012095 16.20908015294055 2780876.1263280716 3.453507347168396 0.169602847481901
0.24841550461465856 15.866201498624706 2282259.2052027117 3.635562814476814 0.1719786473811389
0.258695697102735 15.56297242802627 1881740.5942662337 3.824795538351299 0.174375270098305
0.2692600396107952 15.293600739032469 1558246.0297245139 4.020312799700608 0.17676705282572547
0.28011357710579166 15.053925353309426 1295473.24010223 4.222440885476254 0.17914590342615896
0.29124295662652966 14.83988489142241 1081235.1394850619 4.432548215050693 0.18154856213789383
0.3026664017302529 14.648448526551674 905562.0430367064 4.650982385620661 0.18397888729369552
0.31436921714599614 14.476971357109145 761006.0927477948 4.878110629249036 0.18643853056803789
0.32635305237547263 14.323229997006555 641589.968481686 5.111251196989371 0.18886788084993103
0.3386233626706165 14.184992268632572 542491.8008695584 5.35359006703854 0.19131894291918922
0.3511747655915259 14.060644995367248 460023.22014443786 5.605627051199242 0.19379997780429614
0.3640095904323799 13.948850876715545 391141.61763610685 5.867774660503257 0.1963165891147396
0.3771357225765389 13.848167577312427 333401.293627239 6.136942805587283 0.19880913292226066
0.39053810417171025 13.757557695118892 284865.8342994259 6.416524131709456 0.20133153468265658
0.404225366382915 13.675959222802142 243980.25649386 6.7073443854647845 0.20388854715409602
0.41819991650572397 13.602566972546596 206826.57701027824 7.009524500294046 0.20647204199813568
0.43245563327570463 13.536506284410722 180135.72395731157 7.319641644229134 0.20903174825842916
0.4469971886674973 13.477190079249878 155252.8438495793 7.642302778571132 0.21163591451918318
0.4618216246650779 13.423954230707999 134065.20235364122 7.978041810714317 0.21428457246106747
0.4769265970736128 13.376232762624863 115991.04160331386 8.32496615195548 0.21694071349093366
0.4923177221098564 13.333519688764472 100524.80946838143 8.682952526838347 0.21959368752648745
0.5079850878518939 13.295495366965268 87271.4555892738 9.055541351841647 0.22229479554623846
0.5239398566254654 13.261615157419193 75892.88391844433 9.443337685614889 0.2250468763887685
0.5401698216014283 13.231581017686905 66097.09555421265 9.840985264433929 0.22777367509096527
0.5566749389765524 13.205145782286918 57662.7545606363 10.25453733102102 0.2305464023164489
0.5734588504619793 13.181767554082654 50372.93645085438 10.685016196590015 0.2333697458173866
0.5905253333269317 13.16141904032984 44070.15855978519 11.129504869342595 0.23619777378189108
0.6078518618160149 13.143691845555653 38608.1162556185 11.588697111636016 0.23904275435301037
0.6254556189151064 13.128421117569491 33868.133693749056 12.066736623607815 0.24194707978202387
0.6433268372233832 13.115376557797676 29746.954083445773 12.563375498917038 0.24490011810802195
0.6614627156590366 13.10442850120505 26164.191367086925 13.07344345790712 0.24783158131017502
0.6798608694648641 13.095277162976409 23037.262540751603 13.604472511132453 0.25082168096864665
0.6985103282937777 13.087730632994486 20309.488308076 14.157368861913762 0.25387218460487737
0.7174271817810635 13.081940799281174 17925.72378188769 14.726192278155905 0.2569196089887232
0.7365920661750406 13.077445055632888 15839.639321946794 15.31640589882317 0.26001471481906957
0.7559997638757702 13.074188769002628 14012.006402117664 15.930879339711867 0.2631757343562937
0.7756463203267228 13.07202223390383 12407.661003441559 16.566767474719025 0.26636250898081193
0.7955353243575544 13.070959316019428 10999.55459144423 17.223060009832555 0.2695622245911287
0.8156596061147052 13.07074359165336 9760.442136035004 17.906406026290014 0.27283387945112186
0.8360012881587378 13.071359865832802 8669.951827099792 18.617588829639885 0.2761769135595211
0.8565539335161229 13.07263407630952 7709.4323513461 19.347895971249866 0.27950883129077764
0.8773414786823368 13.074492216420976 6860.619048961574 20.108242701990733 0.2829115619664307
0.8983120321547636 13.076852911443446 6112.142617526945 20.899880418770177 0.28638691781888875
0.919501611098395 13.079745393714978 5450.061291799773 21.71757223827319 0.2898856950116248
0.9408666275412907 13.082850838306516 4864.0064976297235 22.564282791877265 0.29343057020656504
0.9624169647118597 13.086305547770516 4344.934490584294 23.445813417722963 0.29705886221285577
0.9841560203835094 13.090014251732878 3884.7571546178224 24.362796840635532 0.3007660593705876
1.006049079052835 13.093779198730171 3476.0758763470503 25.306443969522444 0.3044668144877617
1.0280944131806309 13.097638968526446 3113.306500807577 26.288942936827162 0.30825411344966075
1.0503058322217502 13.101631031510179 2790.7443987826973 27.311794130284802 0.3121298201977259
1.0726222141774864 13.105319020774946 2503.597873247349 28.371525259853946 0.31606251380474365
1.0950750994371303 13.108979141980734 2247.9176014120485 29.467762656281177 0.3200426090341929
1.1176355012421262 13.11252374877012 2020.1177874277462 30.609023650166222 0.32411176528508595
1.1403189991636808 13.115851231465408 1816.6762121332815 31.797160826077548 0.3282708896531857
1.1630793809910251 13.118915607496978 1635.2187554032923 33.02680183223597 0.33248265536044047
1.1859163133166446 13.121523594092478 1472.9206317317767 34.30195397403676 0.33676666451761744
1.2088233068296141 13.123900071367911 1327.8428764129942 35.628307905853816 0.3411408729098561
1.2317879363889817 13.125834227012136 1197.9200602053554 37.01392206021846 0.34564102613724634
1.2489122319670725 13.123033594451478 1107.0281867557553 38.621029676853 0.6771103545559025
1.2559171302764696 13.107979862042148 1061.5609643769876 40.6263440245753 0.9869905950926396
1.2566936749539745 13.081718272157998 1038.491709743739 43.00120628294826 1.275806316033487
1.253287822460017 13.045750539594257 1027.9306458436267 45.757881071699835 1.5455672042176416
1.2469055546391445 13.001230986912926 1025.0184399157076 48.900921103671294 1.7979736979553338
1.2383227642267 12.949027099356455 1026.8809956303903 52.42652136788156 2.0500054278684074
1.2280400835198597 12.89035674037333 1032.1507431157756 56.3472605832958 2.349450922056313
1.2163401128372835 12.826303122757587 1040.6366558115649 60.69941313568678 2.667704135714276
1.2033226523994953 12.756190733833133 1051.476838921285 65.47481326172122 2.9179056056227375
1.1888429398166362 12.674728085938872 1061.6183753880314 70.5769097542986 2.9405892740287833
1.1738681074150432 12.582104713347615 1066.6625784267042 75.79314703566787 2.9599330944290494
1.1591558171017704 12.480249034733424 1064.3320253377735 81.18925453728552 2.978707566968551
1.1451837113712282 12.370597252154981 1053.091901992221 86.77672090882257 2.997592951523808
1.132213494701008 12.254424931776235 1032.9244154293249 92.55941462556079 3.0169264758270264
1.1205484264187084 12.132831121141152 1003.2255798985613 98.54244635800617 3.0368513204485774
1.1102928826940004 12.006939522449194 965.2175078103863 104.73193418999254 3.0573999604619226
1.101566426160364 11.877755078231516 919.5696673173766 111.13491742006079 3.0785873922829596
1.0944124037900618 11.74626947947278 867.9531619631645 117.75347441253979 3.1004195916889894
1.0888866327066358 11.613413248022306 811.7297591979527 124.57859479085509 3.122857418899348
1.0849428268123862 11.47997207937886 752.6143462233572 131.6480334396339 3.1460260995428775
1.0826140201343628 11.346988962795432 692.2121245442294 138.97095000570394 3.1699387226617377
1.0818270448934666 11.215072645541628 632.011161136461 146.55778891115568 3.1946297102372876
1.0825269510329611 11.084927339774897 573.0830432778733 154.41963190911147 3.2201316234001407
1.0846248572433612 10.957109079997727 516.6677405809619 162.5683377057047 3.24646895191794
1.088080986565745 10.832233334644048 463.3890343173437 171.0168477712284 3.273674969065295
1.0927645199697533 10.710412384067586 413.77401101439114 179.7790826555767 3.301792757981151
1.098614495477175 10.59237703409746 368.2026936978434 188.86978105623527 3.3308521642506443
1.1055229785486884 10.47789232306849 326.6193852736597 198.3050465791349 3.3608995750416897
1.1134068446334182 10.367594948252586 289.11406073188743 208.1018531932639 3.391981366835015
1.1221477800790571 10.261113352857352 255.43999779604115 218.27844930327782 3.4241379728350947
1.131668729042664 10.158754714812225 225.5222545954256 228.8546295388173 3.4574329782670126
1.141886076382851 10.060386250500203 198.95558024384263 239.82496161768356 3.4918090416839185
1.1526923888084093 9.965924891047743 175.49601647273383 251.2307553287094 3.5274109597149734
1.16400678906177 9.875358913157017 154.8550107561409 263.0994549256876 3.5642968517152704
1.1757655565763199 9.788512114109283 136.71869152281036 275.4564378944149 3.6025423105536625
1.1878628504488502 9.705159086915655 120.82135573209113 288.32944337847886 3.6422157965439688
1.2002582868875387 9.625101857422532 106.86386074398237 301.7477591968538 3.683390498512619
1.2128626614773785 9.54833102455577 94.68276102879237 315.6982517583432 3.725992424912071
1.2256166893029927 9.474518879514932 83.98670027990612 330.2450733993609 3.7702129719326516
1.238454157695663 9.40359243967145 74.65078593979784 345.4344801256097 3.8161843623571303
1.251324071666201 9.33525218594483 66.46136271970414 361.2959981195023 3.863966166875271
1.2641710945483995 9.269328049507426 59.27358173904719 377.8181331098396 3.9134797064291567
1.276926516931258 9.205704928819246 52.973449503575274 395.10307110336385 3.9650417261522777
1.2895799658652476 9.144187285729478 47.42342424046085 413.1739405702614 4.018683693293291
1.3020596417793835 9.084472646337495 42.55925011534872 432.0477961446961 4.074415206192624
1.3143265044686359 9.026550008174693 38.26448607451036 451.83402800162 4.132564032142694
1.326333130151674 8.970226553688331 34.474766556088646 472.503849867759 4.192966435301129
1.3380568451927186 8.915343581549685 31.086203797371244 494.20030685759264 4.256064733286615
1.3494660613360658 8.861719517089671 28.157056648675873 516.9032716178195 4.321702706636648
1.3605113169588654 8.809279571200664 25.536050005523066 540.7538124057793 4.39031878501582
1.371171574140864 8.757865888151375 23.162197077009075 565.7561304130213 4.461823676387292
1.3814226964308802 8.707266282954924 21.12206748846103 592.0312928591852 4.536555671881793
1.3912203122317741 8.657564741044974 19.27316287229393 619.663918892649 4.614719550579119
1.4005513555112894 8.608466880600462 17.61903454573169 648.6930161852655 4.696326893257782
1.409392537680512 8.560068612590605 16.14615648763329 679.2621209041328 4.781772738596738
1.4177287840361963 8.512023894369404 14.822952639857741 711.4703215673071 4.871268407072676
1.42551208845513 8.4643951909974 13.63473577673985 745.4265664968226 4.965050870102517
1.4327560823425813 8.417081416334442 12.569284081687227 781.2454397170608 5.063362562167062
1.4394208414772416 8.370129013582146 11.614172462804229 819.0584728479286 5.166488150527358
1.4454957489285711 8.323179502854968 10.750771973274155 859.0227087219973 5.274791106674324
1.4509650961780187 8.276465272659532 9.973126773122424 901.2965568833517 5.388615614565632
1.4558235275397846 8.229731242276815 9.270143925984318 946.0538278046893 5.508337081749569
1.4600510776190057 8.182964410659642 8.633704242974149 993.4813263708297 5.634347300779022
1.4636139504823615 8.136236551145878 8.06178595819025 1043.7774605102056 5.767055121142269
1.4665312132810149 8.08934038545144 7.531086457907606 1097.1830015574674 5.906999203271373
1.4687974423158858 8.04236423901889 7.069420335647572 1153.9518636111309 6.05471804254716
1.4703748068382074 7.995270141118026 6.641437858216986 1214.3634007683454 6.210805759099576
