M[M_sun], R[km], Lambda[1], P_c[MeV/fm^3], rho_c[fm^-3]
0.23841724892012095 16.20908015294055 2780876.1263280716 3.453507347168396 0.169602847481901
0.24841244103696802 15.866298077111823 2282223.7857139134 3.6355112471686644 0.17197799142547635
0.2586904434090292 15.563016742750461 1881719.0535646393 3.824689465499408 0.17437397249821973
0.2692528083465334 15.29372750913157 1558442.6918902374 4.020141909376639 0.1767649623068509
0.2801019991381687 15.054123912439119 1295718.4998571135 4.222206871607066 0.1791431669970231
0.291227769151348 14.840109592993054 1081512.1904039956 4.432247852712528 0.18154518245491064
0.30264462633686307 14.648855547617135 905906.9887881179 4.6506122799373415 0.18397487885535188
0.31434593969429847 14.47730278992048 761280.30470214 4.877667247018146 0.186433910476571
0.3263267255613882 14.32352011432529 641840.3009924977 5.110708676611543 0.18886222772810163
0.3385920808702548 14.185278126251378 542728.2563656532 5.352964027034644 0.19131269622190472
0.3511391475627502 14.061042989659507 460221.43156781327 5.604913570767936 0.19379312051227254
0.3639705571692431 13.949253907501445 391313.92100155697 5.866969532530727 0.19630913348977488
0.3770893876240277 13.84854651356984 333577.62719174725 6.136004158659142 0.1988004408885601
0.3904890990333429 13.757848131370862 285038.1071686599 6.415481738610411 0.20132224391342085
0.4041712696245824 13.676275928002697 244132.97871546017 6.706193577974204 0.20387870830278682
0.4181385683028134 13.602882354832099 209557.5469249872 7.008207839572883 0.20646078518136468
0.43239348729889554 13.536926592992812 180263.0653211505 7.318202932379995 0.20901988850163464
0.446927932710816 13.47743310649958 155356.6688801219 7.640736384937023 0.2116234608904819
0.4617449218239562 13.42420977109042 132673.1977853978 7.9763418847803065 0.21427155739557824
0.47684479168525107 13.37651131803858 116078.56186695468 8.323052921948554 0.21692606531518793
0.49222981211184735 13.333750444224306 100600.30624112244 8.680889612763767 0.21957851026840408
0.5078916483906091 13.295683450021738 87345.74205718002 9.05332206350808 0.22227903493599466
0.5238378776802279 13.261853095152064 75960.31767380783 9.440954716026994 0.2250305355917267
0.5400636753759132 13.231740283880145 66158.98984289424 9.838332452076838 0.22775548389434344
0.5565658508844904 13.205270568175228 57713.81775047263 10.25170121677262 0.23052766068506433
0.5733374930187634 13.181930243289838 50423.59290729625 10.68198862499094 0.23335048310571005
0.5904007688203886 13.161564848224659 44112.03967803921 11.126153686533524 0.23617645211661772
0.6077235944379952 13.143794915687838 38643.424557361075 11.585131886678381 0.23902082995488202
0.625315189808661 13.128560607417702 33903.01412245718 12.062947187952245 0.2419245476177469
0.6431829733312135 13.115572902489383 29780.561285254124 12.55920007485335 0.24487529083834902
0.6613077200195666 13.10443613997099 26190.286951688104 13.069017439781463 0.24780619499471326
0.6797015032125173 13.095320412317179 23062.767193293315 13.599784491995853 0.25079573608286526
0.6983400113177749 13.087873358117557 20333.809645416528 14.152406417053069 0.2538455987171657
0.7172529110596839 13.081979687993549 17946.85961710261 14.720753052964064 0.2568904687898398
0.7364089357233214 13.077524784846968 15745.38322555845 15.310659546700087 0.25998489982951045
0.7558077849968551 13.074218073154464 14028.405915432788 15.924811113448033 0.26314532323771983
0.7754473469502806 13.072064416821842 12423.381794728994 16.560135183509715 0.26632927103192644
0.7953254106667637 13.07094625128538 11013.091919269624 17.216068250243346 0.2695283348724973
0.8154385739298351 13.07074025421738 9772.795379292727 17.89903701843859 0.2727992401931472
0.8357755139829309 13.071302651623514 8681.054957651508 18.609554045022204 0.2761391447061349
0.8563246787460497 13.072591141128695 7718.996387487213 19.339438520298362 0.27947025738615117
0.877100499463981 13.07450719397967 6870.072718620093 20.099341549515856 0.2828722846947709
0.8980665172351474 13.076798897142115 6119.926426070059 20.89051354967775 0.28634683843058345
0.919242273157689 13.079710014891837 5457.631636555768 21.70738983826508 0.289842126092301
0.9406071446091531 13.08282203126006 4870.6263033966625 22.553578268059493 0.29338606040777543
0.9621457993042508 13.08628602158659 4351.416488972214 23.43455904041296 0.2970133628128305
0.9838805017805018 13.090071490579328 3890.3456637421623 24.350581726125984 0.30071667588484546
1.005761642469077 13.093774023699996 3481.2186616491135 25.293612231713457 0.30441652811940256
1.0277977829157712 13.097609885215501 3117.950000486757 26.27546256270874 0.3082027472592708
1.0499966915488725 13.101502396757752 2794.867665697049 27.29762997453044 0.31207725659623325
1.0723035858240992 13.10527854246878 2507.460179629982 28.356183830584726 0.3160055813063711
1.0947536973228513 13.108941437056867 2251.377724749373 29.45165158864992 0.31998434741775844
1.1173136202455516 13.112503181711874 2023.1744928861901 30.592101453451306 0.3240523180604533
1.1399797821861017 13.115787938374043 1819.514742421474 31.77938350260919 0.3282099987744855
1.1627325770317625 13.118825300168611 1637.744092870302 33.00757839659645 0.33241681125911604
1.1855602689927467 13.12149628680263 1475.32570525759 34.281766204180485 0.3366991665872021
1.2084591331951067 13.123874711406115 1329.9709496340035 35.608400054955624 0.3410871334779907
1.2314075860552092 13.125727763629648 1199.928840752634 36.989498755351796 0.34557983157558886
1.2543992407223172 13.127236707175372 1083.4321191585755 38.42098999171547 0.3501314195418614
1.2774172512978414 13.128222951441568 979.0064135386881 39.905770084692016 0.35476377074152815
1.300414566870466 13.128455584052366 885.3637088302993 41.45194331626922 0.3595131919292277
1.3234336712984032 13.128305704820605 801.292370717916 43.06196560114715 0.3643818582037969
1.3464365671893601 13.127451694316195 725.6769231100935 44.73842437509326 0.36937183502691584
1.3693988241072694 13.125936309904297 657.7800624162062 46.47310813056734 0.37441312297552615
1.3923232432080908 13.12385834184033 596.7088297450456 48.279867427340726 0.37958499862893513
1.4151223785975073 13.120659655948701 541.6845787606586 50.162000180487446 0.3848921121013458
1.4378793596249675 13.11694329165076 492.1192611422606 52.122695423486554 0.3903373052569689
1.4605343035571214 13.112343588414275 447.4116985884167 54.165334823576366 0.39592226640892764
1.4830716405420064 13.106953723831227 407.09997738925847 56.28779596207968 0.4016132306909056
1.5054456647010457 13.100535916701674 370.6904784535416 58.496022794927995 0.40744057299784936
1.5276802604211637 13.093223009471192 337.78479281040387 60.79803078991388 0.41342848232398277
1.54974229882104 13.085008355146142 308.049690708851 63.19806781909439 0.4195801040300015
1.571607413681071 13.075821228013519 281.1507946254879 65.70064655411014 0.42589632147495926
1.5932612550077483 13.065603464345461 256.7983527631979 68.3106259393187 0.43238238242373295
1.6146729760772214 13.054248787696702 234.73929863126077 71.03305511025184 0.43905337715622494
1.6358455080994057 13.041908134549082 214.73897067898335 73.87336824045774 0.44591650901950736
1.6567370581832583 13.028390245113192 196.60198215057875 76.8336386473318 0.45295881220936857
1.6773481578907643 13.013812880293518 180.139341019233 79.9229130219102 0.460195763398322
1.6976380018315034 12.997995295721976 165.18338544806136 83.14938414753759 0.4676536913339746
1.717605973524291 12.981123364895286 151.60125103432213 86.52011078829912 0.4753432347306219
1.737232586941642 12.962979112190466 139.24012965151292 90.04260825253435 0.48326927691451665
1.7565109649929334 12.943689416595582 127.98233695928545 93.72492353414597 0.49143939854836033
1.7753205441486017 12.922792775482534 117.74031012374793 97.57570577989047 0.49987251668616567
1.793776822834433 12.900882447681292 108.40905858665653 101.60418435840735 0.5085847261741255
1.811797935203116 12.87765932766821 99.8979236769762 105.8202317312444 0.517583371533489
1.8293512309074422 12.85301654879564 92.13490965253956 110.23445057384643 0.5268810230008266
1.8464502611190674 12.827094618201608 85.0441486009336 114.8582384328179 0.5365011975370886
1.8630370890226957 12.79984146481874 78.58215637262813 119.703826420362 0.546463704164762
1.8791360485690725 12.771154539159825 72.65907541216602 124.78335778381738 0.5567733118590835
1.8947037717198056 12.741110837774446 67.2468147511292 130.1054074692415 0.5674333580893212
1.9097164834245748 12.709727698809038 62.298551883847736 135.69032178670128 0.578492247524986
1.924152694387075 12.676782081303683 57.761946655851034 141.5544022534648 0.5899686080792474
1.9379881712994012 12.642361845618137 53.60890794534172 147.71521873744442 0.6018804407031094
1.9512391747004594 12.606593789066716 49.79969122554753 154.191689627164 0.6142631336722546
1.9638601704191114 12.569322845472843 46.30792247716519 161.00426488092586 0.6271487172062183
1.9758298015008868 12.530546735801893 43.1006405027263 168.16075475364195 0.6405048975150751
1.9871403736633264 12.490292478508088 40.15624846066657 175.6960404482903 0.654414796440562
1.9977817103025237 12.448541744110678 37.44991854615143 183.63726436832332 0.6689229669649194
2.0077174956764057 12.405330228597483 34.96422987700669 192.00832896050937 0.6840403847592611
2.0169444977828284 12.360553051618254 32.675778188293194 200.8251779665449 0.6997722777344889
2.025451999446694 12.314415072240246 30.571109944111477 210.13644202160327 0.7162219148881799
2.0331874847091007 12.26652679260658 28.63401759118951 219.9686369162014 0.733391888650606
2.0401984182110486 12.2172912459238 26.848639397114223 230.3505903804765 0.751317612493651
2.0464278099042064 12.166570627422422 25.204679589194782 241.33983942118277 0.7701103280056302
2.0518850812245715 12.11428263707552 23.68731705286759 252.9517441276449 0.7897149392392299
2.0565271931226623 12.060483433922135 22.28866724341241 265.262189654114 0.8103050744685301
2.0603602933639538 12.00519126688798 20.998216517111565 278.2932259427284 0.831841572257615
2.063386960064918 11.948496672340514 19.80851432455906 292.125581633708 0.8544700127981875
2.0655819115211123 11.89035328553237 18.710009508734263 306.7963174343735 0.8782011519062849
2.0669484172142623 11.830727789217717 17.69380392110191 322.385219063032 0.903142056025381
2.067463149286513 11.769781411422038 16.75919327140756 338.9646878656284 0.9293966722557725
