M[M_sun], R[km], Lambda[1], P_c[MeV/fm^3], rho_c[fm^-3]
0.23841724892012095 16.20908015294055 2780876.1263280716 3.453507347168396 0.169602847481901
0.2484073439691677 15.866481493614572 2282541.8271415574 3.63542415386415 0.171976883565704
0.2586800657911828 15.563370392140808 1882047.5504548617 3.8245103211567186 0.1743717810070869
0.26923673526762243 15.294049700539324 1558770.8887039616 4.01985330417448 0.17676143176978834
0.28008210717210313 15.054497404164657 1296147.9743268588 4.221811671371944 0.17913854574341256
0.291201587027884 14.840568505078506 1081927.0062617261 4.431740616415658 0.1815394750220432
0.30261429221287445 14.649267178654027 906298.7553517735 4.64998727973284 0.18396810977587696
0.31430372747957486 14.47791697481103 761706.7951929559 4.87689566368546 0.18642564638696524
0.3262796836437572 14.324130360224846 642243.5203774789 5.109792566112166 0.18885268175623807
0.33853867390386655 14.185875465213313 543122.8575315082 5.35190690763516 0.19130214816612387
0.35107868879872933 14.06150886410573 460592.459403464 5.603708827685093 0.19378154167314818
0.3639023288558068 13.949851158550876 391701.3352398786 5.865610067792491 0.19629654461001061
0.3770139883799559 13.849052023918508 333884.7419405148 6.134419292613483 0.19878576475351217
0.3904088769021591 13.758502061066343 285314.57416343334 6.413721738349876 0.2013065571669426
0.4040784045909602 13.67679198571304 244385.0273675141 6.704250568063899 0.2038620965012855
0.4180383961121306 13.603322279427246 209782.8551642461 7.005984871760292 0.20644177987426318
0.43228098396595394 13.53717918400284 180455.86382972435 7.3157739493432015 0.20899986562624678
0.446806607598176 13.47792151181676 155553.42421823542 7.638091887701703 0.2116024357880089
0.4616168247728256 13.424580822016432 134330.72780690892 7.973472003529268 0.21424958485449205
0.4767089689696167 13.376882143788954 116225.09526793836 8.319823031510099 0.21690133645216017
0.49208550044211424 13.334305962003556 100747.62898790537 8.677407092363842 0.21955288869184808
0.5077367599175172 13.296138301951226 87468.37467870642 9.049575627305494 0.22225242905522688
0.5236699719186263 13.26219499035524 76068.23806785558 9.436932037537165 0.22500295077776153
0.5398857050394331 13.232079307689652 66257.11151268764 9.833854393666943 0.22772477639224642
0.5563731176145328 13.205558938743948 57805.70683873863 10.246913821233774 0.23049602458206464
0.5731394692601165 13.182142276481855 50502.650936517755 10.676878135357187 0.2333179679743186
0.5901851205272429 13.161782962553819 44184.590827675114 11.120497127891536 0.23614046265951114
0.6075013203749561 13.144017060559952 38709.97244861659 11.579114142091047 0.23898382375478658
0.6250839412915897 13.128682926592308 33959.7067235557 12.05655110520473 0.24188651620613436
0.6429317646679216 13.115632664265478 29832.917239289 12.55215272403681 0.24483338695588505
0.6610469626317294 13.104616691553732 26239.085013589196 13.061547255334977 0.24776334825221646
0.6794311287102753 13.095493314379533 23105.667269364047 13.591872233988786 0.2507519473046447
0.6980556083259943 13.087932460773002 20372.182975526168 14.144031128952468 0.25380072880420024
0.71695347207591 13.082100128691017 17982.09707687081 14.71157339378196 0.2568412895253648
0.7360945717672163 13.07749891685269 15889.81919184691 15.300961711233763 0.2599345825400403
0.7554837199406595 13.074277621709172 14057.605614906808 15.914570229341482 0.26309400070501837
0.7751095091990511 13.072099779999679 12364.141483159663 16.54894275357899 0.2662731797955496
0.7949813954193613 13.071008959221608 11036.376932155208 17.204269379010825 0.2694711446300215
0.815077440213001 13.070734368337655 9793.950155729612 17.88660172049743 0.2727407859884482
0.8353967384929083 13.0713068222726 8700.26314835814 18.595995715992498 0.27607541150535203
0.8559328304692151 13.072560733738865 7736.304418264929 19.32516718432456 0.2794051667156995
0.8766921982756987 13.07438239494859 6885.397523254919 20.08432173370254 0.28280600817747226
0.8976515115590049 13.07686182247577 6134.639579620996 20.87470812922956 0.28627920947396834
0.9188085572173361 13.0796476079556 5470.235380376365 21.69020892923886 0.2897686116321857
0.9401568203760926 13.082785678382525 4882.399420975293 22.535516654094828 0.29331095956096814
0.961685940693266 13.086180728982109 4361.518622801517 23.415569963559328 0.29693659342967615
0.9833842239351146 13.089815557885995 3899.5818896339038 24.32997239474609 0.3006333561074043
1.005269936747091 13.093663184574021 3489.8385929522465 25.2719628756632 0.3043316863380876
1.0272984691020055 13.09749713788905 3125.774141490152 26.252719205817378 0.30811608500569204
1.0494708114916915 13.101402703199327 2802.066283643789 27.27373336063957 0.3119885755543578
1.0717893789248967 13.10529884584955 2513.928693579039 28.330301997521804 0.3159095330573536
1.0942058835994506 13.108850864670853 2257.3179062268023 29.42447177450224 0.3198860584686412
1.1167480535640009 13.112355210763498 2028.5167855067996 30.563553709818827 0.3239520306003164
1.1394110802540545 13.115720827565257 1824.4121320064526 31.749393656329506 0.32810727756927677
1.1621451883754275 13.118740432129485 1642.2273737222708 32.97515026585604 0.33230573844329514
1.1849652383612277 13.12142821655131 1479.2553327958988 34.247711906478095 0.33658530583720225
1.207843667099293 13.123815647525412 1333.6902836822405 35.572626571837574 0.34097031102430303
1.2307954774587966 13.125794653653857 1203.2650523908478 36.95190991343965 0.34546031360987073
1.253756254902113 13.127113604301288 1086.4679407068104 38.380395843833945 0.3500023458665883
1.2767755712073952 13.128260152460186 981.8171906751418 39.86312677983993 0.35463120911932167
1.2997702235123025 13.128611035371431 887.9279089942387 41.40713070150891 0.3593768958922312
1.3227665086843974 13.12834291180269 803.6072076063138 43.01485566679225 0.36424161487363643
1.345763780781368 13.12751936847117 727.8347350490471 44.687864838912404 0.3692220586144322
1.3687139696219623 13.126048858996894 659.7453804077162 46.41967734063557 0.37425784395333106
1.3916074020727658 13.123788102155372 598.4328532872099 48.223683402469504 0.3794249742419907
1.41443236740289 13.120837626836101 543.2869675116922 50.102896140233696 0.3847270400216817
1.437163519284041 13.11701038741612 493.58856347515194 52.06049392631459 0.390166942168749
1.459818374844058 13.112513897387396 448.767679757323 54.099849528562615 0.3957466804025893
1.4823289476973527 13.107051393016778 408.32728586982984 56.21722419550617 0.4014240063062513
1.5047210993380726 13.100715713607963 371.8051747502028 58.421717367848856 0.4072448946660597
1.5269449429519009 13.093511022484508 338.8216178458436 60.719758427205704 0.4132259381126685
1.5489936202302717 13.085290560814125 309.008704882053 63.115580073594394 0.41937039757138256
1.570865808655745 13.076151107032217 282.0261269794369 65.61368068703553 0.4256793256502947
1.5925059820648901 13.065906699263763 257.6090102148604 68.21889969400955 0.4321571561449071
1.6139229390226197 13.054642355560324 235.4778734532217 70.93626320450709 0.4388193969551601
1.6350903837607875 13.04236189569894 215.42080652602084 73.77065014310834 0.44567111064636955
1.6559871393180094 13.02897244214679 197.2433015224114 76.72359756498241 0.4526970311695537
1.6765815345201165 13.014289718738647 180.72052611477721 79.80670370019914 0.45992381363909257
1.6969008048901548 12.998680985564718 165.714125712196 83.026603418407 0.46737044908253617
1.716883694449181 12.981816386354954 152.07912325907844 86.39032294344003 0.47504797046267255
1.7365040871916684 12.963679561663625 139.68086789487708 89.90534728301195 0.4829615072140884
1.7557332001078219 12.944221718343002 128.39735945780478 93.57969122881543 0.49111842938100164
1.7746301423406305 12.92386562201792 118.1267018673904 97.42196457049214 0.4995370619270252
1.7930849844706584 12.901935666200043 108.7624967621042 101.44135341051688 0.5082338365414447
1.8111021027297503 12.87872343762673 100.22668581644038 105.64768815244578 0.5172164156256506
1.8286770138602175 12.854222059645544 92.43848071677237 110.05152559372081 0.5264969231533072
1.8457695576490003 12.828300842367561 85.32766441441547 114.65424479969343 0.5360620116634571
1.862026661599787 12.801167115730946 78.93742825325715 119.54387800368178 0.6346285841974123
1.875052422033786 12.772908876702312 73.79621556851217 124.92419751909546 0.8297124781887644
1.8844628814957698 12.740922719318307 69.6642121721902 130.90087739515482 1.0198639315921314
1.8906791496493747 12.705013148235933 66.28961473542148 137.49571379234928 1.2087419194048998
1.8939993363681533 12.664169158497025 63.466762433166274 144.72890691221207 1.394864406870866
1.8948182671403946 12.618688561235258 61.06608344779985 152.62990180303925 1.5802420692752108
