M[M_sun], R[km], Lambda[1], P_c[MeV/fm^3], rho_c[fm^-3]
0.23841724892012095 16.20908015294055 2780876.1263280716 3.453507347168396 0.169602847481901
0.24843199653106654 15.865727137439036 2281399.264228272 3.6358761723912845 0.17198263341232378
0.2587284952447412 15.56205435610704 1880372.5499734385 3.8254401536363805 0.17438315574325547
0.2693164579481124 15.292239876375852 1556633.7977510637 4.021351393816615 0.17677975805415555
0.28018914401444983 15.052406278499042 1293904.6827942478 4.223863211503896 0.17916253532236356
0.2913391917620935 14.8381712607985 1079566.5233844263 4.434373923107456 0.18156910504113988
0.3027846081511894 14.646521724933246 903909.8004672203 4.653232160660474 0.18400325353539512
0.3145099897573032 14.475071327171925 759433.5158744801 4.880805998977765 0.1864666166161837
0.32651799972790935 14.321195799419606 640076.7947216898 5.114549487368094 0.18890224939736563
0.3388149076986474 14.182963172667582 541164.8528545001 5.357396347998791 0.1913569224169696
0.3513917195782617 14.058654961216922 458749.80539277237 5.609965216032481 0.1938416720986352
0.3642530061052269 13.947003192755897 389971.76250844024 5.872670345859372 0.19636192401205496
0.3774072295756387 13.846245749550693 332315.4595571845 6.142650810938675 0.19886199004392144
0.39084055455753725 13.755643455118058 283882.1096224609 6.422863377324268 0.20138803588953302
0.4045570225318632 13.674091860230988 243079.16938407367 6.71434332246047 0.20394838470380483
0.4185600137157486 13.60079745453935 208612.0530287513 7.0175327502981535 0.20654050868929133
0.43284924668212305 13.534871111372231 179405.37053657518 7.328392696890331 0.20910388595321483
0.4474209599032348 13.475522645553523 154588.56908807266 7.651830951886222 0.21171166835913985
0.4622795087018732 13.42235248095576 133463.3494191614 7.988382763253086 0.2143637454249127
0.4774233370629766 13.37482692027502 115444.09393855899 8.336605611317891 0.21702982815341987
0.4928483844957551 13.332169414918656 100032.84346858147 8.695503229372754 0.2196860254739762
0.5085554583829947 13.294248914038395 86837.33731692255 9.069044078771974 0.22239068719454683
0.5245475891044342 13.260511506318357 75497.9055648918 9.457836976658422 0.22514630274040803
0.5408094098605796 13.23051365286239 65745.59194067874 9.857127758066182 0.2278843694168741
0.5573587334961597 13.204127299872745 57343.78346528866 10.27179602470859 0.2306604513451347
0.5741854454776757 13.180828896547638 50085.028248091534 10.70344080976314 0.23348697112476308
0.5912868915655821 13.160542095949104 43809.23346893766 11.149900574701183 0.2363275400248702
0.6086589653337883 13.142936559649234 38374.16515404326 11.610396472484025 0.2391761948601357
0.6263047575617983 13.127713561339052 33656.47645321326 12.089801637019306 0.24208422544657013
0.6442178389216289 13.114795397414781 29558.76862821984 12.588792087898822 0.2450512463525288
0.6624026506343199 13.103879533981782 25991.00631505235 13.100386631012608 0.24798611928823533
0.6808468017163061 13.094921385824883 22884.207196288262 13.633011827387719 0.25097962599381557
0.6995413132674031 13.087441388293815 20170.426854127283 14.187580087060141 0.25403403874369807
0.7185108124482377 13.081775295162567 17801.65595591736 14.759309050450694 0.257097029355965
0.7377101079868339 13.077246840250197 15726.947618313781 15.351394089838976 0.2601962513012559
0.7571689181067589 13.07403003755993 13910.158419200916 15.967828891943514 0.2633609082712588
0.776861131981821 13.071923255222336 12315.706526264354 16.607155278051387 0.266564913805991
0.7967953426800628 13.070922204019663 10916.705889122673 17.26563858401023 0.26976860695885746
0.8169733016967732 13.070782781929232 9684.985411715807 17.95128382706643 0.2730448350844679
0.8373641331023064 13.071476493528607 8602.533508659833 18.665131095451827 0.27639478341129897
0.8579724527562974 13.072727056083425 7647.82700343359 19.399409358120312 0.279743780625219
0.878792162240793 13.074603917226755 6805.540728706585 20.16246085499432 0.2831508052700841
0.8998285038856126 13.077092110799457 6061.879285478797 20.956937658717006 0.2866310569493594
0.9210638650569478 13.079953681461758 5404.4630120501515 21.779603073403525 0.29015111538886706
0.9424881745569753 13.083124933444516 4822.477291152495 22.629497072004906 0.29370173355171764
0.9640905617567755 13.086576952597307 4307.307334875229 23.514380363961592 0.2973360659025395
0.9858554386794881 13.090227512059007 3850.887971263755 24.435570678217953 0.30105394432375376
1.007812355523323 13.094098703135426 3445.4628702809837 25.384631791852353 0.30477322517767824
1.0299105967326565 13.097925207910539 3085.2960926356623 26.371086538049873 0.30856711691845556
1.0521623318526083 13.101889016970572 2765.3987331428307 27.398108043857693 0.3124501336872832
1.0745366144573023 13.105623845506996 2480.6021873013315 28.46502261805724 0.31640948527007057
1.0970421894697813 13.109363660063128 2227.000272547568 29.565954727981016 0.3203976959191356
1.119660213606964 13.112901720316234 2001.1156692652305 30.712163762456587 0.32447409374203856
1.1423786513392156 13.116170699686528 1799.354277934659 31.905517628346903 0.32864203331353875
1.1651847620487406 13.119133911429898 1619.4029077343487 33.14398507888754 0.3328840313533034
1.1880681703202902 13.121797389472382 1458.57226503839 34.425021134389844 0.33717814031138105
1.2110155732416825 13.124099987046163 1314.7806866545943 35.753543287771876 0.3415442822736167
1.2340159978551497 13.125951653411512 1186.093860206194 37.1424071795069 0.34604888584504545
1.2495915193615328 13.123450189339012 1104.0834023175466 39.04690179426966 1.4389258292052576
1.2403211324097034 13.103394591039956 1134.5851617557817 41.528414904663606 3.309808387929124
1.2199533491120766 13.07316911099289 1217.7786682290766 48.00200511613739 5.451226052111163
1.193726488126147 13.033172363923685 1334.7027457416145 56.48972524405681 6.284725025824028
1.1600122067819265 12.973911973117309 1497.9823953677005 66.25646499008758 6.4899991305923885
1.1224103976951207 12.897102886968769 1697.5288796799807 76.53116268100979 6.53498643368013
1.0831018129153878 12.804674854575369 1927.468890400285 87.1732108387597 6.581004164950804
1.0431871366033874 12.697461963682663 2184.158319065666 97.91054387311128 6.627318872810953
1.0033384981659983 12.575940838682278 2464.018027202302 109.08353853299964 6.675418016709526
0.964011721804576 12.439853946659152 2761.005381463209 120.68730787904934 6.7252705341549515
0.9256861779117465 12.28926729514684 3065.7908796487327 132.72170765815414 6.776865483177595
0.8887317948212353 12.124172864727214 3366.415335119516 145.19303085389143 6.830219486998508
0.8534991935913698 11.944504444718893 3646.150392501129 158.11126390867827 6.885364632297035
0.8203071691554361 11.750333141364706 3886.442413224052 171.41867996658226 6.942034019032231
0.7894370952933002 11.54222018572463 4067.2702812075127 185.15146904008125 7.000373020251406
0.7611407897338972 11.321062062203206 4171.343137382171 199.40034471705764 7.060762090196724
0.7355970883704657 11.08798138915642 4184.557593353178 214.1811394612924 7.12324598583536
0.7129523822476604 10.844801799705582 4100.645235204332 229.51316948713253 7.187899112028155
0.6932621701148978 10.593702557379691 3924.087093508932 245.41748048478823 7.25480144442608
0.6765366169129128 10.337280560743384 3666.569148287157 261.91760110318756 7.324037295763616
0.6627144130678503 10.078284629741919 3348.199568473228 279.039041233386 7.39568688079125
0.6516952184574547 9.819543310547454 2992.3381223904953 296.81074027648356 7.4698441404673
0.643318151415913 9.564064623136717 2623.310385051851 315.26283802437314 7.546635319643941
0.6374024331112949 9.31426039370898 2260.947685599329 334.4279655728442 7.626173364124897
0.6337467759205008 9.072380389755642 1921.049604488223 354.34189235898367 7.708570094070168
0.6321233591862568 8.840074560729407 1613.9400487867651 375.04280237151454 7.793973104786846
0.6323107732251964 8.61885100706723 1344.114722711084 396.57127463495874 7.882527728444475
0.6341028166255303 8.4091416939999 1112.7345909561295 418.9718373043151 7.97437422441328
0.6372934078827159 8.211384989005658 917.7252746983447 442.291339506382 8.069697619167107
0.6416844656697195 8.02573101247774 755.5802275776222 466.58055413631007 8.168662653666026
0.6470860477591861 7.851999880742438 622.2657819116775 491.89445116976776 8.271473069990343
0.653383058650903 7.689586951875742 513.2015416815633 518.2908866979227 8.378313418944915
0.6603864829978054 7.538112734905312 422.8545485081868 545.8334883791207 8.489434098719917
0.6679801442308716 7.396782396940665 352.22076326305785 574.5550815022601 8.60487179883534
0.676043910381686 7.264992484955967 293.5187134408381 604.4846359921461 8.724732048674827
0.6844864861721427 7.142004369628251 245.84586042227392 635.7682210543487 8.849546089528001
0.6931917165939365 7.027220032816109 206.92640828624437 668.4890682815854 8.979627120431806
0.7020922073500795 6.919867218051175 175.04749824631313 702.7379988643771 9.115279184444564
0.711123096721946 6.819243845008109 148.85575438978515 738.5188162144168 9.256415078189491
0.720191141072309 6.724927322916247 126.9788723105344 775.9575015137274 9.403481054538899
0.7292617747064515 6.63617612748251 109.376292574012 815.2268778057517 9.557138532825112
0.7382793358727314 6.552568354850581 94.26463760906206 856.390184726094 9.717529730695652
0.7471753025237962 6.473639309001179 82.02755894830442 899.4995051143643 9.884743080965444
0.7559388281182587 6.3988652540892295 71.52864222895928 944.8209427235555 10.059804546554368
0.7645036749900399 6.327896182392523 62.71268771217126 992.358014337325 10.242564386238662
0.7728424945923881 6.260370357492349 55.20016745900847 1042.3459648103512 10.433863907803188
0.7809381680471377 6.195890361740179 48.71997447991607 1094.9173915807546 10.634107423869104
0.7887565507422327 6.134260034973069 43.25766248797154 1150.239580439559 10.843797465553893
0.7962678942811988 6.075102793800252 38.55121043112611 1208.509154852623 11.06354587922798
0.8034408957215283 6.018218792075592 34.54340364490741 1269.952913251496 11.294120868118553
0.8102540439491401 5.96336764484721 31.022355771438132 1334.719559039233 11.535835619835776
0.8167077408680986 5.910327440564095 27.960566602546855 1403.1587243337997 11.78993347748414
0.8227664889474909 5.858914390882783 25.281994797479154 1475.4388077758226 12.05677531495669
0.8284236984031251 5.808958936534325 22.940518472624355 1551.8684926099988 12.337324719575507
0.8336549481379328 5.760329392235324 20.88754722411947 1632.7997074598327 12.632710014487158
0.8384496308951869 5.7128307472064295 19.071832807843414 1718.5601113027344 12.943864920227155
0.842803339036291 5.666442565061974 17.45653396985501 1809.4959203814828 13.271743754028018
0.8467001799609782 5.620931681994043 16.042272900365123 1905.9993116109686 13.617454671161077
0.8501431871418907 5.576245890701356 14.79533951338237 2008.5534754617586 13.982471721004082
0.8530943677234333 5.53226536087207 13.662424484940889 2117.6448038594617 14.368172374256304
0.855580387484281 5.48903295989985 12.677053687302422 2233.8109743469145 14.776072453661339
0.8575789410782138 5.446334871171444 11.787604270894139 2357.645961023969 15.207831440007343
0.8590898144132392 5.404140512131763 10.973728513357631 2489.8067513066485 15.665262712860175
0.8601056924660901 5.362420560859694 10.26271949492899 2630.9753171067123 16.150122208792176
0.8606275931563191 5.32117073390391 9.622248225648537 2781.9816381525957 16.664766860242988
0.8606548797540683 5.280265097580992 9.054418982753496 2943.7254502455617 17.21164976704562
