M[M_sun], R[km], Lambda[1], P_c[MeV/fm^3], rho_c[fm^-3]
0.23841724892012095 16.20908015294055 2780876.1263280716 3.453507347168396 0.169602847481901
0.24840387395360666 15.86663235924641 2282654.2946971855 3.635384406571336 0.17197637796510687
0.25867297476476 15.563591383199595 1882363.4438404732 3.82442856595314 0.17437078088728958
0.26922771228449216 15.29439784869004 1559004.2255918086 4.019721598244762 0.17675982059763082
0.280071966158772 15.054739246820215 1296420.2988543808 4.221631324660462 0.17913643686842334
0.2911911162562338 14.840870348475809 1082126.3759834128 4.43150914811521 0.18153687053613812
0.30259825422057635 14.649545678564504 906520.3627650948 4.64970207823132 0.1839650208942794
0.31428749994268484 14.478119997307084 761909.2638734477 4.87653908571512 0.1864217844608365
0.32625978758090335 14.324264510104241 642415.0493897413 5.109374544404306 0.18884832592420217
0.33851448203681966 14.186109962181042 543276.9474049556 5.351424553496222 0.19129733518249484
0.35105004626369624 14.061876632705106 460749.21917179885 5.603159125272399 0.1937762584589148
0.3638738615306089 13.95000202359683 391803.44459478674 5.864989780902429 0.19629080064559676
0.3769788824681844 13.849301486982595 334008.9523848859 6.133696180614453 0.19877906861071726
0.39036952366523003 13.75870384082705 285434.5873561147 6.412918734881362 0.20129940005900673
0.4040378012352568 13.677038629941588 244488.9935466106 6.703364082653735 0.2038545174768094
0.41799319354554604 13.603589491522209 209889.8606063851 7.004970685267745 0.20643310906686782
0.4322314978359679 13.537436497221526 180548.5488974638 7.314665792499775 0.20899073073890914
0.4467544028710288 13.47814518253781 155634.30471810093 7.636885429901007 0.2115928438328538
0.46155993494183906 13.424825087811456 134408.9708536372 7.972162745121394 0.2142395608389865
0.47664168785801153 13.377071862989482 116301.63845952426 8.31834957591863 0.21689005530123778
0.4920160209198864 13.334370097335526 100803.19311261334 8.675818415607027 0.21954120048949088
0.5076638963726564 13.296337738395916 87528.9406385667 9.047866584380355 0.22224029202957518
0.5235961931690755 13.262408769590577 76119.8586566838 9.435080754221143 0.22499015175687154
0.5398024777488524 13.23223465377112 66304.30536256566 9.831811692584427 0.22771076892694933
0.5562887695009207 13.205684353429847 57847.14148656456 10.244730048726803 0.23048159376025396
0.5730477602448213 13.182266476615412 50538.73255950055 10.674547020162786 0.23330313641760553
0.5900887791714515 13.161851676288359 44215.3731948179 11.117917002636828 0.23612404679377702
0.607398468766709 13.144080752570984 38739.92976208838 11.576369311699706 0.23896694438391666
0.6249755321825329 13.12884555954604 33987.976622538146 12.053633750866636 0.24186916947876522
0.64281788342536 13.11570600207109 29857.065479260054 12.548938412417487 0.24481427450642637
0.6609275706004984 13.104717414859936 26262.03621923214 13.05814013981023 0.24774380605716206
0.679304431921835 13.095554653439148 23125.81835163215 13.588263544568742 0.2507319757490482
0.697924913027524 13.087979005654127 20389.93118742026 14.140211313200632 0.2537802644573897
0.7168185268542265 13.08212685387767 17997.64644919268 14.707386847322486 0.2568188604491341
0.7359504694982407 13.077550294058865 15904.727618057339 15.296538905936243 0.25991163478276
0.7553323396897437 13.074315517468511 14070.601407498052 15.90989982847364 0.26307059483509787
0.7749535992444255 13.072138790042231 12461.166286650081 16.543838556041624 0.26624759993913283
0.7948186129891095 13.070972798082762 11046.48617184313 17.19888869719441 0.26944506395741297
0.8149096655619944 13.070716459661499 9803.224536842397 17.880930887907766 0.27271412928825667
0.8352273125758721 13.071277532446045 8708.754003156735 18.58981294934368 0.27604634837320946
0.855754032390354 13.072513590023311 7743.9936309154045 19.318659370657457 0.27937548498474285
0.8765055101406509 13.074404038540415 6892.922061459949 20.077472706532223 0.2827757861245939
0.8974553630403489 13.07677938699407 6141.091675746374 20.867500969469212 0.2862483711488286
0.9186117986711296 13.079622031836271 5476.11164232979 21.682374814115462 0.2897350906617354
0.9399540190520564 13.08273190288881 4887.462590017943 22.527281074575843 0.2932767157222373
0.9614731793982992 13.08612379564563 4366.0826480644755 23.40691161186641 0.29690158928894184
0.9831706715860173 13.089834304792328 3904.139554585141 24.320575580992532 0.3005953664989027
1.0050459003716792 13.093632233346089 3493.7373262593906 25.26209200567829 0.3042930033310409
1.0270665712145586 13.097487493053292 3129.316231467544 26.242349684265093 0.308076572540116
1.0492330026417787 13.101311025730666 2805.1878088778776 27.262838186799375 0.31194814324156345
1.0715312202051808 13.105134094520087 2516.743665150495 28.318502112598036 0.31586574333493395
1.0939510255199347 13.108802297662452 2260.0112467409945 29.4120803059857 0.3198412478451435
1.1164890706697892 13.112284132182012 2030.9826402116485 30.550538787577104 0.32390630952644434
1.1391539195840206 13.11573393576727 1826.6529070545598 31.735721486017994 0.3280604476589425
1.1618854053756855 13.118805531681023 1644.2952155828525 32.960367025912724 0.33225510289786075
1.1846853023436301 13.121418321056828 1481.1682985537461 34.23218757379777 0.3365334001371442
1.2075674208916702 13.123794195267916 1335.3733237910837 35.55631876979487 0.34091705600737904
1.2304932774845543 13.125667965355944 1204.7871094161765 36.934774829116954 0.34540583067513597
1.253466159517399 13.127132514958511 1087.8679537265073 38.361891456420246 0.34994350907811494
1.2764653119745306 13.128142080922068 983.0653352617041 39.843688622832595 0.3545707833705544
1.2994619401492997 13.12846511431591 889.0595638662379 41.38670404313632 0.3593147689085648
1.322463497315492 13.12834224657353 804.6770398008476 42.99338219802148 0.3641776896992173
1.3454568349459266 13.127524275645875 728.7620058690479 44.66469634597447 0.369153087459008
1.3684009672623585 13.126145449278479 660.6563690881898 46.39532407641221 0.37418706919853717
1.3912833817260908 13.123807727681292 599.2739325804552 48.198075691498175 0.379352037882258
1.4141156426869872 13.120890023478305 544.0191699811083 50.07595802328096 0.38465180436996427
1.4368379007558822 13.117091127811698 494.25252365160543 52.032144591082705 0.3900892964444711
1.4594868747726513 13.11256631507569 449.3780661935462 54.07000411217764 0.3956666557578284
1.4820019415727719 13.107146163149713 408.88093315892496 56.18506187141403 0.4013377693267781
1.5043858656232016 13.100848608499259 372.33943161347077 58.387854128157684 0.407155718107735
1.5266079368861043 13.093587320124639 339.2890862659844 60.68408804675212 0.413133634407679
1.5486483329769514 13.085405531166757 309.44712406018164 63.07798942221217 0.4192748318321232
1.570521262168852 13.076273535394892 282.42556547771534 65.57405013081309 0.425580440127518
1.5921604595224943 13.06604952723708 257.97537278493655 68.17710071636154 0.4320545221805204
1.6135795336538392 13.054880416496962 235.82274464946423 70.89215681008984 0.43871277623150984
1.634748102994433 13.042552521696066 215.73641333836915 73.72314852913952 0.44555628247864404
1.6556484231608974 13.02918968691297 197.5201828522241 76.67345704231325 0.45257774991676186
1.676263297428317 13.014575602736004 180.96660961289064 79.75375383986231 0.459799901877473
1.696560140645315 12.998929976445247 165.95390922279628 82.97066068804419 0.46724139507697865
1.7165266267967771 12.982066872118352 152.30437355038285 86.33118900557119 0.4749134421569228
1.7361713138780581 12.964097022184944 139.88506074095326 89.84281001554936 0.48282128471573704
1.7554112914469238 12.944624410982035 128.58221554135156 93.51352386066229 0.4909721968674153
1.7742824184521235 12.924131087958104 118.29949329123738 97.35192242661242 0.49938423386877845
1.7927349801729855 12.902224473007898 108.92213728425837 101.36717213467463 0.5080739809306453
1.810767035256581 12.879103704002354 100.3755425250934 105.56908425866231 0.5170492453176984
1.8283360420503851 12.854551731837859 92.57413215858215 109.9681947296208 0.5263219477498795
1.8454500244638545 12.828784251365832 85.4512268795956 114.57582206691976 0.5359149561940335
1.8620520575083503 12.80157920398486 78.95338504166972 119.40411175908346 0.5458484775080439
1.8781739707897456 12.772940672847955 73.00321301506219 124.46607967830437 0.5561313426359961
1.8937526458496599 12.743018022725343 67.56907933664588 129.77197813345038 0.5667716074935539
1.9087807870436353 12.711664635245322 62.59624391762873 135.33579836607154 0.5777957116351828
1.9232753421884332 12.679034933790586 58.03846781885706 141.1772527650787 0.5892357479141804
1.9371367864350555 12.644673661327587 53.86548451070057 147.31378705170957 0.6011082550802408
1.9504292120270177 12.609065901159953 50.03667478475948 153.76417795613133 0.6134484850578188
1.9630530873220657 12.571760062230489 46.52529228620978 160.54872303907945 0.6262886114018588
1.975064412015719 12.53314161015159 43.3046050673726 167.68056632918604 0.6396156067739669
1.9864155440815296 12.49306477504467 40.34480877464681 175.18367078227627 0.653474053608254
1.9971053438605002 12.451431380247465 37.623208135047584 183.0902381477219 0.6679270446860396
2.0070803302416724 12.408394824550651 35.12664639503751 191.42784200551117 0.6829992519283277
2.0163326813543723 12.363713217393455 32.82753148307129 200.20668614719412 0.698674877365559
2.0248825743707637 12.317610383626084 30.712612757096156 209.47480623847596 0.7150571103222445
2.0326788985370876 12.269972685599729 28.765458638073184 219.26673233617842 0.732176440586614
2.039727216558012 12.220805351377004 26.968640152490902 229.59867130556955 0.7500251821689521
2.046018752379635 12.170280124581767 25.316433744136845 240.53382058218403 0.7687351035533573
2.05150935493722 12.11807767544257 23.79228579355413 252.0940842202216 0.7882739499096324
2.0562141454782488 12.064435747963506 22.38687205529338 264.3414865178841 0.8087689065663335
2.060111582524981 12.009286521283316 21.087651418159677 277.31139799898403 0.8302274747764238
2.0631901120288894 11.952794105408923 19.893364590630274 291.074616534326 0.8527609906555536
2.065445775277125 11.894740751715943 18.788672630199052 305.668263020353 0.8763835231856361
2.066870181628042 11.835303134102597 17.76952202270775 321.1781486684889 0.9012234009466303
2.0674579122736136 11.774393878710482 16.82662940676762 337.6638831162699 0.9273419920499537
