M[M_sun], R[km], Lambda[1], P_c[MeV/fm^3], rho_c[fm^-3]
0.23841724892012095 16.20908015294055 2780876.1263280716 3.453507347168396 0.169602847481901
0.24840912252796535 15.86639803976542 2282467.5341439527 3.6354653936344783 0.17197740815117957
0.2586846478955484 15.563206618201706 1881900.987919863 3.8245951475064577 0.17437281869653046
0.269243218547029 15.293984908415078 1558679.888593263 4.019989959893406 0.17676310349322533
0.28009029473251756 15.05437255948447 1295938.2065593912 4.221998798686349 0.1791407339070331
0.2912138659601489 14.840346359456317 1081683.2753621796 4.431980790840136 0.18154217746942847
0.30262969246493765 14.649026816457903 906066.1448970729 4.650283212559118 0.18397131488334076
0.31432465654863073 14.477681450826022 761532.2371952609 4.877265664879983 0.1864296536936405
0.3263017007913293 14.32382794349631 642069.6170653962 5.1102263299761885 0.18885720162326744
0.3385630110664416 14.185638843076552 542940.6892902473 5.352407433234739 0.19130714246662264
0.35110655981136984 14.061287723556088 460388.28211890685 5.604279246082839 0.19378702398963138
0.3639357843410644 13.9494603844582 391495.7692824841 5.866253738788865 0.19630250511531333
0.3770491877702502 13.848815803250693 333741.35793793434 6.1351696779572595 0.19879271345221983
0.39044477918059073 13.758129713123067 285174.70551867504 6.414555038589456 0.2013139843076605
0.4040917536303934 13.67727180309075 244489.96058336037 6.705170510932898 0.20386996157096493
0.41808724802343356 13.603079440058982 207070.06239584673 7.007037353823372 0.20645077809039314
0.4323333676745349 13.53708434801252 180362.02001793054 7.316923963417583 0.2090093455559774
0.44686199095652407 13.477672543647321 155458.63533615592 7.6393439299831725 0.2116123901630473
0.46167538779335565 13.424413261639742 134250.13878467586 7.974830745737192 0.2142599877305617
0.47677498440011795 13.376682438109794 116154.4388458651 8.321352204171307 0.2169130441871454
0.4921539810530042 13.33402150312288 100674.1219110468 8.679055861055827 0.21956501900220196
0.5078064938039994 13.29590386586703 87414.38331012039 9.051349333920033 0.22226502529980482
0.5237502491777126 13.261993317831724 76012.85319790963 9.43883651655276 0.22501601040941704
0.5399692134863724 13.232022154548742 66214.72990784276 9.835974443768022 0.2277393142649059
0.556463139502598 13.205389220703331 57763.24596612586 10.249180307838188 0.2305110019957926
0.573236489847947 13.18208995717818 50463.26685118715 10.67929756990156 0.2333333614566933
0.590284633557009 13.161680777867234 44150.338990341166 11.123175056884953 0.23615750079466413
0.6076044679865392 13.143910887654673 38678.439837897575 11.581963047827932 0.23900134313837326
0.6251921088457821 13.128642768567168 33933.11681295849 12.059579106077782 0.2419045208430523
0.643051942425834 13.11561789497516 29807.87581158911 12.555489008749941 0.24485322466314907
0.6611729391001155 13.104592648515847 26216.700316680104 13.065083694324237 0.24778363220796265
0.6795578387188008 13.095409477277755 23086.13103177088 13.59561793360449 0.25077267711522544
0.6981914093051884 13.087870433457768 20353.41780317226 14.14799600801387 0.2538219703156882
0.7170957286954561 13.082055868353896 17965.66698435884 14.715919015680422 0.2568645708350968
0.7362475932698614 13.077528307461172 15875.145107171384 15.305552611894973 0.25995840246133106
0.7556375992265685 13.074226387268382 14043.098124470665 15.91941818072795 0.2631182963752924
0.7752679010352043 13.072087258876591 12436.288877664208 16.55424109895797 0.2662997326303583
0.7951397803556123 13.070981411350731 11025.329833053844 17.20985477650313 0.26949821757883274
0.8152501065453406 13.070776529024798 9783.81098775597 17.892488361765945 0.27276845713354886
0.8355769817474131 13.071309998934638 8691.434271402253 18.60241390499449 0.27610558127977114
0.8561165052798898 13.072542728083647 7728.210401399001 19.33192285885962 0.2794359789245668
0.8768854664134235 13.074431265412393 6878.098420650146 20.091431682188613 0.2828373815731042
0.8978477499887006 13.07681346991992 6127.732477411043 20.882189921797405 0.28631122291053795
0.9190139604198765 13.079687807949966 5464.342133927319 21.698341738417422 0.289803410668434
0.940366422257169 13.082792122984577 4876.84116730537 22.544066312381595 0.2933465093506218
0.9619027416711056 13.086182550346507 4356.372304486491 23.42455859963338 0.29697293285007675
0.9836070042785133 13.089821799155903 3895.292969279153 24.339727872622483 0.300672795729705
1.0055031988410468 13.093705780376574 3485.768804832779 25.282210598294178 0.30437184619505586
1.027533569593295 13.097544084588618 3122.0455039864487 26.26348471729753 0.3081571063681169
1.0497091299910155 13.101380751079644 2798.640987294932 27.28504470359883 0.3120305522830784
1.0720236084732135 13.105207827943522 2510.929582050117 28.342552880462886 0.3159549964467723
1.094455236545251 13.108846422087849 2254.5099053464955 29.437336973559024 0.31993258221926746
1.1170211715962064 13.112474054199557 2026.0629796425756 30.577066326675624 0.323999500062065
1.1396791192165456 13.115750018756351 1822.1267666792248 31.763588791696396 0.32815589873923506
1.1624273429846055 13.118825008542812 1640.1250778933559 32.99049931953573 0.3323583120136325
1.1852490332672587 13.121504299446986 1477.4580884965326 34.26383057616181 0.33663919870662
1.2081314811778445 13.123815312499389 1331.9475458688496 35.58955887486211 0.3410256054215352
1.2310736635267407 13.125687180274053 1201.6779725549864 36.96970135970895 0.34551688352150195
1.254061113258751 13.127210792762304 1085.0742127332385 38.399609496889134 0.35006343784522753
1.2770750130865356 13.128177480270415 980.4462487489205 39.883310202703264 0.3546939516127969
1.3000824999400895 13.12854651525052 886.6781073202783 41.42834074937861 0.35944140552829257
1.3230816106783285 13.128333684830986 802.5320402604901 43.03715291199323 0.3643079923790015
1.3460854946213707 13.127498897545493 726.818712906481 44.71192272026971 0.36929367742359326
1.3690373628047254 13.126014148092914 658.8061063153337 46.44496575399516 0.3743313364116001
1.3919346196818605 13.123754697070254 597.6136067086508 48.25027473241726 0.3795007121636273
1.4147588530155184 13.120742968267962 542.5223283096753 50.13086930106998 0.3848051664545651
1.4375195246986672 13.11701358902769 492.84972736752655 52.089932875843445 0.3902475722272477
1.460162688527041 13.1124595096546 448.11167336717705 54.13084243446989 0.39582978181599726
1.482670491477366 13.106948086637075 407.7465385583461 56.25062394411424 0.40151356119746107
1.5050586993051391 13.100586345598568 371.2702374501691 58.456883911185116 0.4073375033866518
1.5272983351310363 13.093343028895525 338.31309651936147 60.756802135349155 0.4133217955569882
1.5493475903491085 13.085141251999316 308.5452357193364 63.1546184935825 0.4194696439352656
1.5712242834249481 13.076063727025144 281.6216194161877 65.65483812617842 0.42578202102663393
1.5928646431726883 13.06581304651886 257.23528188752834 68.2623096922567 0.43226374583835947
1.6142817371777225 13.05446043454675 235.1173940682631 70.98207019359361 0.43893012861638914
1.635451923311224 13.04211389906435 215.08994699116673 73.81954305866553 0.44578846218684304
1.6563521733778284 13.028679789799233 196.92804803288738 76.77567352024958 0.45282091669874097
1.676925136900641 13.014055012334241 180.49127852868773 79.86169825444962 0.4600525103354259
1.697250902424306 12.99832949431707 165.46804083951506 83.07191444518776 0.46745317550146626
1.7170550396139002 12.981558213743378 151.95589559325558 86.47836699899639 0.5323731371958385
1.7328708423114922 12.962544900227776 141.4086739881346 90.26340091513897 0.7500289240574095
1.7437809253811782 12.938689684480309 133.49688443623248 94.52791328157643 0.9621150807394399
1.750586272346464 12.908925011242818 127.34429498207587 99.30491182082352 1.1669539785103558
1.7539859638522923 12.873252324015787 122.43295819602471 104.60692829638583 1.3668050079871314
1.7545185167148734 12.831565731715823 118.38833619067073 110.44788317801886 1.5601186795777806
