M[M_sun], R[km], Lambda[1], P_c[MeV/fm^3], rho_c[fm^-3]
0.23841724892012095 16.20908015294055 2780876.1263280716 3.453507347168396 0.169602847481901
0.2484126800630681 15.866372321453296 2282271.557404146 3.6355424727676966 0.17197838862690565
0.2586941793026147 15.562957894146958 1881763.2877256782 3.8247536956414 0.17437475823213977
0.2692571021022594 15.293676251854077 1558257.9220537057 4.0202453879241835 0.17676622817054483
0.28010910315024473 15.05398935177515 1295502.4217473287 4.222348572576741 0.17914482397001938
0.2912374704732774 14.839953943907966 1081350.5688830314 4.432429728599447 0.18154722892599562
0.3026582613829565 14.648561210281299 905650.464113192 4.650836386136501 0.1839773060428344
0.3143575225010229 14.47716340136912 761163.6621474777 4.877935722673237 0.18643670802233792
0.32634314594374036 14.32333083130623 641659.3362311514 5.111037180757989 0.18886565077733114
0.3386119236952944 14.185065542967719 542574.9196562889 5.353343102294025 0.19131647867730478
0.3511607310466163 14.060785236909675 460093.58132246527 5.605345590930177 0.19379727267718497
0.36399371420364096 13.948970147063262 391212.6801732834 5.86745704473726 0.19631364793754175
0.37711613983269854 13.848303993896236 333471.98847023817 6.136572515345439 0.19880570397026115
0.3905186566000295 13.757696374642931 284939.84976236813 6.416112912324116 0.20132786951601458
0.404204387546542 13.676145904362555 244055.91426039324 6.706890395002121 0.20388466575369282
0.4181754489621682 13.602673794533306 209475.26440319515 7.009005077665021 0.20646760118413732
0.4324324135894437 13.536751386746905 180188.35126875702 7.3190740698915615 0.20902706956365755
0.4469693802555098 13.477300637328517 155302.1158500163 7.641684830837479 0.21163100151937
0.46179136684786704 13.42408851483756 134114.35427996432 7.977371181144569 0.21427943795044282
0.47689603671949865 13.376293621028102 116022.67050902413 8.324211367612584 0.216934934669953
0.4922827040856136 13.333665668732586 100555.47913222075 8.682138687540286 0.21958769995326893
0.5079478467677476 13.295542782632447 87301.42573961845 9.054665817810086 0.2222885778094902
0.5239003871925624 13.261833849113472 75922.92766982954 9.442397573703877 0.22504042973581392
0.5401297857818455 13.231720300043463 66121.78757593298 9.839938688725423 0.22776649838114554
0.5566327980213455 13.205184005674466 57683.04751134096 10.253418435438252 0.23053900842229183
0.5734128058778876 13.181802670701126 50391.03842639642 10.683821763162047 0.23336214631858473
0.5904764701160474 13.16154778678429 44086.56863635411 11.128182755720271 0.2361893619268194
0.6077996299380058 13.143689616917424 38621.59337110003 11.587290548417526 0.23903410467385652
0.6253988046438229 13.12847510121079 33881.50939365425 12.065241598472502 0.2419381902916066
0.6432702902967842 13.115468538914605 29760.78263468421 12.56172817974488 0.24489032307003283
0.661400331959737 13.104487492352261 26174.230089857476 13.071697266025119 0.2478215656760961
0.6797977939967724 13.095293345326256 23046.814024947613 13.602622945506935 0.25081144492491453
0.6984421530069042 13.087765569911891 20318.828705748238 14.155411019912234 0.2538616956283606
0.7173632437302578 13.082053159234494 17935.15586962993 14.724046314996444 0.2569081121686693
0.736520730679821 13.077404220841675 15846.950728619082 15.314138755266576 0.2600029517283259
0.7559245702933277 13.074192358747451 14018.33841727703 15.92848519661994 0.26316373602823445
0.775567513257915 13.072084773169639 12414.495312515981 16.564150766625193 0.26634939526081286
0.7954523987917642 13.070963869446203 11004.910792838113 17.220301467111234 0.26954885367419923
0.8155705385604848 13.070761120239654 9765.499724434792 17.903498633038332 0.27282021276126217
0.8359110690659242 13.071317062624049 8674.267737097762 18.614418733509105 0.27616201199069496
0.8564719147373996 13.07260663791812 7713.024555191224 19.344559101852056 0.2794936120382345
0.8772477956332226 13.07446902372514 6864.309267488274 20.104730758753025 0.2828960651474524
0.8982177351265009 13.076797458979248 6115.239222622312 20.896184714415273 0.28637110446989883
0.9193996549057366 13.079721357883551 5452.94862605925 21.7135547331196 0.28986850472664477
0.940766363937345 13.082851381085751 4866.6575015684475 22.560059265909018 0.29341300863220365
0.9623112681309143 13.086267568029362 4347.166159046466 23.44137292846759 0.29704091012262696
0.9840520514548843 13.090104618797751 3887.0497389308307 24.35797724609774 0.3007465746266702
1.0059355730601376 13.093755148403798 3478.051498533498 25.301381062151517 0.3044469734320284
1.0279809548897598 13.097655027064464 3115.1117760702077 26.28362408366779 0.30823384626555733
1.0501723421860432 13.101482183607033 2792.305052199095 27.306205462239525 0.31210908048509484
1.0725011191634635 13.105312594469657 2505.135423098471 28.36547203020529 0.31604005009024394
1.0949479970778033 13.108979909151945 2249.3931373718133 29.461405729099848 0.3200196208088551
1.1175074495555297 13.112510032204773 2021.3126233936123 30.602346651993923 0.3240883091690209
1.140190389698122 13.115862406122254 1817.8331797056144 31.790146394053277 0.32824686382442125
1.1629430338063462 13.118880667814585 1636.2377235782815 33.019216738299924 0.3324566749008054
1.1857792987964282 13.121546655009782 1473.8652476640314 34.29398834732692 0.33674003139661385
1.2086753723268815 13.123866160939755 1328.695587524384 35.621239404369234 0.341129061861014
1.2316358417096507 13.125803790124538 1198.7146879831885 37.00298984959275 0.3456227280325416
1.254627496034455 13.127256351031166 1082.3425912356577 38.43556022825734 0.3501777472535686
1.277640037972042 13.12816639257282 978.0459024878895 39.921076045871516 0.35481135108386846
1.3006535906166623 13.128480671966065 884.4685508314517 41.468028156289265 0.35956211342069117
1.3236837715950962 13.128330804178898 800.4372570319805 43.07887529724058 0.36443219731219556
1.3466822390999746 13.12749098551368 724.9490324328555 44.75620680741218 0.3694235138193548
1.369650996231804 13.125955175357655 657.0935242182841 46.49228763582309 0.37446886190108014
1.3925511571438707 13.123677559643268 596.036750398377 48.30003556571842 0.3796424418966095
1.4153807610642082 13.120674478379629 541.0990636886149 50.18321686191501 0.3849513683165179
1.4381379270889587 13.116893567971934 491.5901513583221 52.145024389327766 0.39039846184885846
1.4607811109411262 13.112246467272396 446.8921493751318 54.18884301389616 0.39598529902187724
1.4833237342464907 13.106824759953424 406.6423285764983 56.313131063590404 0.40168116180877733
1.505704930580791 13.100413740737386 370.273785961652 58.52269875704006 0.40751082234530844
1.5279486609900055 13.093168217167944 337.4200227166949 60.82613142216056 0.41350119790581663
1.5499993117125506 13.084918154708447 307.7230637693049 63.22768238471564 0.4196553923730436
1.5718723139403719 13.075688828807039 280.83568988676 65.73186945399695 0.4259742283496592
1.5935195231337564 13.065403842742988 256.5170110187113 68.34355859034684 0.432463245849658
1.6149407384296859 13.054123473393918 234.4759965608333 71.06780720635913 0.43913738523905016
1.636115892079775 13.041701647163503 214.4902446398813 73.91005680589468 0.4460037888844846
1.6570111219619221 13.028284398752582 196.38817521465486 76.87315013821188 0.4530528076422233
1.67762435818103 13.01364949535012 179.92757086279713 79.9646401985429 0.46029341215378755
1.6979179581388602 12.997853065023733 164.9957020275089 83.19347189866194 0.46775539714707526
1.7178849599256185 12.980864997485048 151.41917509314626 86.56671570273377 0.4754492598052992
1.7374914127731498 12.962623675630999 139.0661775230621 90.09189781503494 0.4833797951043402
1.7567511194898013 12.943281480948002 127.83392943519712 93.77707680970686 0.4915546593602968
1.7756201336252226 12.922729339124148 117.61175244280406 97.63091598663556 0.4999929822833744
1.7940294275874609 12.900524796419445 108.28337931047344 101.66266027405668 0.5087107378004698
1.8120478002011644 12.877267147135415 99.78163949753153 105.88219726000732 0.517715156309371
1.8296046930468586 12.852662128825955 92.02738597492724 110.30014612094385 0.5270189683465388
1.846695919763501 12.826715215933389 84.94572728570543 114.92792394144817 0.5366458510738656
1.8632857216661434 12.79944871279603 78.48701454356497 119.77778300410898 0.5466155154294057
1.8793681064802379 12.770805512706513 72.58174120404077 124.8607803541684 0.5569285705703148
1.8949251947864894 12.74063072467898 67.17071935696885 130.18768793381778 0.5675966584969597
1.9099569993509082 12.709225956818786 62.22294701837158 135.77781119029174 0.5786641388755488
1.9243606968087494 12.676230493939446 57.69683307623998 141.64747919139538 0.590149471058507
1.9382232711240222 12.64193644376057 53.54563352042583 147.81429251070077 0.6020710169481606
1.9514679753577178 12.606177563348073 49.74537904884218 154.29720457537383 0.6144641986072862
1.9640572732319224 12.568723028804836 46.25542150338413 161.11670304187308 0.6273610110198234
1.9760214416597355 12.529889376048017 43.051541110431096 168.27927929511753 0.6407244004684163
1.9873426322963754 12.489766600685899 40.111241070925715 175.82251423358233 0.6546470102402469
1.9979553185939396 12.447937189800104 37.41100473867901 183.77229934740723 0.6691688132132946
2.007877582454877 12.404608652938997 34.92476502218173 192.1511413506519 0.6842958054348566
2.017087099569475 12.35983187845414 32.64063596370624 200.977866900567 0.7000431962612743
2.0255956535812443 12.313637150783839 30.53889872738025 210.2997905830499 0.7165094887393291
2.033314285000049 12.265700417727594 28.602877823434316 220.14193347327006 0.7336919763986852
2.0403104128325973 12.216436728892074 26.819734315629095 230.5362454866794 0.7516367243465077
2.0465292362047047 12.165617974544164 25.176051957805605 241.53768535528386 0.770445863229126
2.0519716019250955 12.113321285151626 23.661270806048925 253.1635281969665 0.7900707662767651
2.0565924060471765 12.059487726696943 22.264945249472525 265.4895546718748 0.810684426757691
2.0604257210927646 12.004219694871978 20.97606194850889 278.5356964708215 0.8322401869753483
2.063434042536883 11.947481072567031 19.788130763368358 292.3845053775398 0.8548900607266418
2.0656200335006756 11.889302110758196 18.69069786069695 307.07493090843155 0.8786500804740148
2.0669696021810346 11.82963576694714 17.677994364821636 322.6833636856819 0.9036159610246548
2.0674625387472862 11.76858949922374 16.741381905647923 339.2845618984663 0.9298993678422856
