M[M_sun], R[km], Lambda[1], P_c[MeV/fm^3], rho_c[fm^-3]
0.23841724892012095 16.20908015294055 2780876.1263280716 3.453507347168396 0.169602847481901
0.24842146050858782 15.865981637439212 2281903.8689321275 3.635674502613713 0.17198006809648103
0.2587096719979836 15.562530052807753 1881205.8259850421 3.8250252855989375 0.17437808061996832
0.26928108018459235 15.293126637791282 1557716.6130269254 4.020682949803264 0.1767715809099262
0.28014163478545145 15.053301067973393 1268682.9855632188 4.222947777024344 0.17915183073638952
0.2912775039867434 14.839253042251393 1080675.4679866075 4.433198841308744 0.1815558829974469
0.30270740787895967 14.647838566695478 904987.1586621081 4.6517841082808 0.1839875703698997
0.3144171125364396 14.476362642069644 760475.9132114494 4.879071109948281 0.1864485388822497
0.3264128111486345 14.322469853319182 641044.8985058905 5.112426476247997 0.18888012738868623
0.3386916795141138 14.1842115183277 541984.8098298431 5.354946313748564 0.19133247570078127
0.3512542538825442 14.060042251779137 459575.8592483437 5.607172768122047 0.19381483375809727
0.36409570311381356 13.948168630309434 390717.93316381745 5.869518971078147 0.19633274173384122
0.37723105521249384 13.847465829348486 332996.36592184106 6.138976455331457 0.19882796487235985
0.3906470521023042 13.756918787048575 284516.8684466387 6.418782611087116 0.20135166433503118
0.40434384988199085 13.675346058177027 243673.896161994 6.709837818597997 0.20390986480978374
0.41832694406680715 13.601873696738899 209128.1728090201 7.012377385412865 0.2064964327956548
0.43259662576430985 13.535913351357001 179876.02140553336 7.322759057583237 0.20905744608265278
0.44714607248970906 13.476577826597184 155010.9271687921 7.645696931735247 0.21166289976882968
0.46198618925399654 13.423532229235173 133859.83819777868 7.9817253921739715 0.21431277489799316
0.47710681682380657 13.375847371457965 115803.56168532145 8.329112093268177 0.2169724558725396
0.4925056661207062 13.333059074165927 100349.19631193797 8.687422929245635 0.21962657714215686
0.508189321257756 13.295009203058811 87116.5214309132 9.06035072567702 0.22232895003864467
0.5241579267109785 13.261256711854971 75752.66101144269 9.448501878781935 0.2250822889399215
0.5403958930118944 13.231176128243034 65975.87772402244 9.846734452696792 0.2278130991436413
0.5569145997535446 13.204715797793174 57549.81607841191 10.260683899309191 0.2305870201149745
0.5737171497820006 13.181453118633215 50271.43501238474 10.691577834269713 0.23341149377630807
0.5907986144185756 13.161131590775836 43974.72413770057 11.136768141746058 0.23624398584246756
0.6081381352761036 13.143399495050941 38523.5301556343 11.596424448091225 0.23909027371095523
0.625759822591273 13.128178047198158 33791.41256362679 12.07495008069769 0.24199591738773937
0.6436454198000382 13.115133345272072 29679.838888393984 12.572425920564513 0.2449539323447242
0.661801596722757 13.104201563198192 26100.336179687773 13.083037240021625 0.24788660837339888
0.6802134103979361 13.095182766697809 22983.14527566286 13.614634398334596 0.2508779198608314
0.6988749454239913 13.087612673069119 20259.58955977434 14.168125806687282 0.25392981404639203
0.7178104980343095 13.081819948542682 17881.49469091585 14.737983190647949 0.2569827778267317
0.7369950578670565 13.077368176620112 15799.114618143496 15.328862822076772 0.2600793476554829
0.7564149297959468 13.07412901709791 13975.5125441566 15.944034266575182 0.2632416607115872
0.7760797765151485 13.071998599003457 12374.940258358103 16.58114578323043 0.2664345663540905
0.7959790593143831 13.07094442787208 10897.097445751422 17.238217899300075 0.26963569631202344
0.816119313136213 13.070767435381349 9733.816883085678 17.92238207141736 0.27290897753213067
0.8364836915464703 13.071337173932882 8645.320234122042 18.634672563825543 0.27625586395427215
0.8570627649641507 13.072639028691734 7686.896324453944 19.366232862333323 0.27959246470371196
0.8778611753200187 13.07449739150318 6840.767092656692 20.127541952431844 0.2829967219392033
0.8988549923905225 13.07689818294773 6093.995251888809 20.920189796728653 0.28647381851509846
0.9200563770502961 13.079815586680748 5433.559915217873 21.73965079732991 0.289980165760914
0.9414399009918767 13.082919008489233 4849.0482138096395 22.58749390217504 0.29352708284613926
0.963017222009173 13.08638327391058 4331.327055619594 23.470217252265865 0.2971575224762745
0.9847691229842356 13.090123563017599 3872.522594598986 24.389135571267005 0.3008719695259758
1.006682086395166 13.093905348846352 3465.0710327977613 25.334269857412433 0.30457586151390775
1.0287389933362678 13.097733831833388 3103.334302778239 26.31817595200897 0.3083655041729677
1.0509582706965113 13.101672437762987 2781.7101758600447 27.342510546843723 0.3122438097292789
1.0733026692347905 13.10541440003367 2495.4217279299223 28.404796200188045 0.3161859832496816
1.0957668088007804 13.109102572842284 2240.535502778434 29.50270337864209 0.32016896335227585
1.1183634312580168 13.112678070503113 2013.228847317992 30.645724209281905 0.32424069336804406
1.1410506403810694 13.115937907879353 1810.534058439777 31.835716720461306 0.32840295128171365
1.1638311185874965 13.119028702259511 1629.525559906696 33.06849600845766 0.33262546623021727
1.1866822257019225 13.121634273885194 1467.8064045559174 34.34574058840144 0.3369130653271448
1.209599160022029 13.123943162074948 1323.1927773828743 35.67560618153871 0.34130660287056763
1.2325788086099754 13.125873320771488 1193.7133741219718 37.06011753698333 0.34580437196291486
1.2555851000210532 13.127274427140843 1077.7680852854146 38.49726044790645 0.3503739300663846
1.2786081301295595 13.1281650341826 973.8649065168811 39.98589317697885 0.3550128425976281
1.3016438674398896 13.128498743416806 880.6637033931395 41.536145108893166 0.35976928880516373
1.3246841040648352 13.128213955302487 796.9332048959392 43.15048695385167 0.36464538073813263
1.3477157363161478 13.1275292167258 721.8084556642992 44.83151612314327 0.3696423755828406
1.3706735629036495 13.125828874000922 654.1947451796769 46.57351762662774 0.374704930159872
1.3936086974534019 13.123577343640925 593.3822382951074 48.385454610050616 0.3798857340109422
1.416440244932296 13.120446873837762 538.677126666679 50.27307894181438 0.385202344736205
1.4392223965354176 13.11669253147804 489.33785502579644 52.239599740465046 0.3906574933773872
1.461866398706453 13.111982770746195 444.8990526752876 54.288415443724055 0.3962522830110493
1.4844181889092252 13.106527644253473 404.7809179895193 56.42044719450348 0.4019689090173491
1.506804286032453 13.100044861668396 368.57008797089185 58.63569743493329 0.40780839674402686
1.529065270062307 13.092747318543193 335.8386089600468 60.94516802964798 0.4138092271379347
1.551121684041038 13.084402905585767 306.2678708446261 63.35313544648761 0.4199743284422456
1.5730018798679355 13.075259407204069 279.53802466136574 65.86413929812917 0.4263042659249886
1.5946509025626578 13.064853540560668 255.2998356159694 68.48307531708534 0.43280581773943033
1.6160685023032133 13.053434730432361 233.36168335321267 71.21503604063021 0.4394932892992113
1.6372608204006507 13.041139340828963 213.48285720808894 74.06549408454352 0.44637356471331097
1.65814162452307 13.027466791639903 195.44326400590128 77.04030584106702 0.45344996781806357
1.6787429979514594 13.012737087833784 179.07266470096693 80.1414395686269 0.46070715302601983
1.6990447115728518 12.996879721109735 164.19410005123137 83.380278866397 0.4681863412089027
1.7190060212016667 12.979803689521955 150.6807913076196 86.76419455681207 0.47589851951331114
1.7386053840294295 12.96151114051279 138.39093557643744 90.30075910390994 0.48384810868635686
1.7578424055610653 12.942005956954393 127.21398360691317 93.99808024981367 0.4920430857472018
1.7766979379766537 12.921263700059566 117.02503649500355 97.86488138600573 0.5005034817584344
1.7951272072301436 12.89918045187242 107.74726475405795 101.9104735082584 0.50924475848787
1.8131259175538097 12.875915579690567 99.29261409771605 106.14480844125838 0.5182736628912762
1.8306676734851945 12.85113943448457 91.57131835055874 110.57857543887323 0.5276036050565617
1.8477554574768584 12.825261610469148 84.53638600353702 115.22327456205227 0.5372589414092803
1.8643143012739611 12.797660046730359 78.09635593543419 120.0908739148305 0.5472575752816423
1.8803818125603364 12.76897516299697 72.2220583673401 125.1889413558335 0.5575866455213773
1.8959287210672147 12.738813334806256 66.84418158424349 130.5364537231064 0.5682888470480881
1.9108796363259772 12.707003545578964 61.9165685547905 136.14867189036875 0.5793927727899522
1.925311007305071 12.674150470414272 57.41315552290616 142.04204197454456 0.5909161679659465
1.9390983602358285 12.639482176827014 53.28315169519192 148.23429501005006 0.6028789250009908
1.952315855971467 12.603578747038844 49.499153168261714 154.74453330236892 0.6153166097865264
1.9648970832518557 12.566176132557866 46.028874700388705 161.58801670005727 0.6282420807245184
1.976821041267669 12.527271098077748 42.84299253954854 168.78179859389883 0.6416550471414192
1.988075027524595 12.48671902454883 39.91494476192081 176.3587628828875 0.6556315963830864
1.998661072594958 12.444866424063076 37.226866051691815 184.34487615049153 0.6702112531788496
2.0085672708415734 12.401611320374752 34.75742121883648 192.75671522248578 0.6853788773399795
2.0177184237371493 12.356490640922832 32.48255830790263 201.62535494356277 0.7011920451142909
2.026168086741213 12.310180108741449 30.392833952654218 210.99251904879114 0.7177290317272172
2.0338558191487333 12.262192917225496 28.466679554165594 220.8768766052981 0.7349646354358131
2.0407958152334613 12.212738383333482 26.693329820002457 231.32364562473055 0.7529901410239811
2.04696474584391 12.161783505860212 25.059164127082813 242.37494994290464 0.7718625690475327
2.052344299179369 12.109386325530327 23.554132098123496 254.06183723241213 0.791580051861359
2.0569189077629733 12.055345223139451 22.162199654979194 266.44700928175047 0.812270959617371
2.060686538813098 11.99991590077292 20.881728568458335 279.5642773446289 0.8339311449565222
2.063639678179478 11.943067737735227 19.700282215973175 293.4829360642928 0.8566720276011086
2.0657446676207005 11.884700567451612 18.60919486630591 308.2569699713683 0.8805546944031116
2.067032073697269 11.824900111769493 17.60153217409289 323.9483324709813 0.905626646395904
2.0674793503425652 11.763729184942957 16.67149847682169 340.6399939681335 0.9320262705013793
