M[M_sun], R[km], Lambda[1], P_c[MeV/fm^3], rho_c[fm^-3]
0.23841724892012095 16.20908015294055 2780876.1263280716 3.453507347168396 0.169602847481901
0.24840437249849287 15.866580056404434 2282651.9510479695 3.6353744777156574 0.17197625166630753
0.2586722942198164 15.56358645100387 1882332.5306842278 3.824408143733449 0.1743705310601798
0.2692274167577351 15.294362627060059 1558976.2584015916 4.0196886988046066 0.17675941813540236
0.28006871435399355 15.054841005766237 1296503.7909005943 4.221586275423859 0.17913591008749358
0.2911882952408781 14.840847935218843 1082191.5538612076 4.431451329607331 0.18153621996114133
0.30259429643285357 14.6496083554752 906552.4746337574 4.64963083831118 0.18396424932864192
0.31428314827034426 14.478169083690586 761956.6516378717 4.876450017723947 0.18642081980785466
0.3262531106052352 14.324368350972765 642459.3806562023 5.109270129533555 0.18884723790979888
0.33850917598421004 14.186221135945942 543334.1272819004 5.351304070432762 0.19129613298899176
0.35104385984957776 14.061878715331279 460776.98916107067 5.603021820952011 0.19377493882101068
0.36386384047788045 13.950081967553913 391831.2972322709 5.8648348472300835 0.19628936593286184
0.3769696453681684 13.84941958860873 334048.7622132326 6.133515565446522 0.19877739608286954
0.3903595788208301 13.758765560823353 285472.7463869193 6.412718166340502 0.20129761240708274
0.4040282769402929 13.677117343907684 244522.0501179669 6.7031426642021605 0.2038526244553962
0.4179816251085976 13.603617267361233 209912.79253871265 7.004717373498874 0.20643094337291015
0.43221714275077633 13.537500576629068 180569.6102373832 7.314389011874593 0.20898844914867823
0.44673808434650464 13.478180487948821 155657.05017030775 7.636584099075725 0.21159044809902763
0.4615428608097999 13.42488053426346 134431.14411615557 7.971835740544789 0.21423705720874317
0.47662771734222653 13.377054205099016 116313.35175542593 8.317981564970221 0.21688723771577806
0.491997143980257 13.334457358596985 100817.23820283024 8.675421629610282 0.21953828125812264
0.5076466096253713 13.29639319479038 87545.66544514454 9.047439738661812 0.22223726072043773
0.523574865362749 13.26230490858969 76126.09547978122 9.434604280966202 0.22498676801031225
0.5397819076037145 13.232272087826354 66317.33048019801 9.831301522349424 0.2277072705238185
0.5562672149413408 13.205669428155902 57853.75543317665 10.244184648947325 0.23047798964535274
0.5730248351334163 13.182303757397724 50547.053305768575 10.673964824972787 0.233299432241596
0.5900632813198382 13.161952566873078 44226.75719183893 11.117272624667605 0.2361199469842017
0.6073724119711343 13.14411308892998 38747.02222943903 11.575683803314769 0.23896272884101818
0.6249498568645018 13.12884166314625 33994.979057815566 12.052905159815177 0.24186483724179
0.6427952853663442 13.115752475130838 29861.25713890713 12.548135667560896 0.24480950134740606
0.6608933906423986 13.104674485224873 26265.165303064758 13.057289248972898 0.24773892560195224
0.6792758683331377 13.095523773249639 23130.243228082923 13.587362318052367 0.2507269880947002
0.6978927555733848 13.087988835067748 20394.031889073325 14.139257365946815 0.2537751537639141
0.7167799867954256 13.082156521800918 18002.20299482871 14.706341326580077 0.25681325915827075
0.735914991080604 13.077538609097536 15908.122492572962 15.295434389777729 0.2599059039926816
0.7552974638610462 13.074312254495505 14073.763044084852 15.908733486397178 0.2630647496728309
0.7749160398692749 13.072070481524559 12463.238035617369 16.542563897305765 0.26624121194430994
0.794777825896895 13.070981340299955 11049.73716050918 17.197545000276357 0.26943855093162916
0.8148683398244531 13.070746067007022 9805.87331730905 17.879514740694752 0.2727074724506429
0.835182786383786 13.071271085446812 8710.844642903397 18.58826897894016 0.2760390906812391
0.8557082960405527 13.072534357036602 7746.283637752956 19.317034238085174 0.2793680728567615
0.8764550217361321 13.074373905408784 6894.373099358864 20.075762375608765 0.28276823910947446
0.8974083869016034 13.076762599294433 6142.649913348118 20.865701216137904 0.28624067028187855
0.9185613591719907 13.079624698799542 5477.611679199275 21.680418524302954 0.2897267199993231
0.9399007540212688 13.082738318391264 4888.862216958143 22.525224544899626 0.29326816459715677
0.9614192443842378 13.086166312148388 4367.740272344226 23.40474952272405 0.29689284835587476
0.9831150612305464 13.089797815776418 3905.24153965823 24.318229120451043 0.30058588018581045
1.004990257600507 13.093633724916863 3494.836372785783 25.259627183381653 0.30428334392529294
1.027007250046705 13.097477613693918 3130.17218259552 26.239760360031553 0.30806670606902303
1.0491696529282215 13.10130856284229 2806.0602048020974 27.26011762000079 0.31193804713760115
1.071464766409934 13.105092449375508 2517.5818713239987 28.315555675958507 0.3158548090213025
1.0938951450269805 13.10884299149681 2260.6800298159715 29.40898616863024 0.3198300586770557
1.1164307618901712 13.112328477306981 2031.6123421574487 30.547288993503813 0.3238948930867504
1.1390788953261333 13.115629762634883 1827.1155790473179 31.732307598935513 0.3280487544147595
1.1618127057319365 13.118727472576197 1644.6919719463556 32.95667576072722 0.33224245957834975
1.1846185755876573 13.121425465507022 1481.619563026639 34.22831128666492 0.3365204397477091
1.2074999033550093 13.123783547970467 1335.8163483707367 35.55224688235677 0.3409037587871981
1.2304237373588511 13.125651664523218 1205.1831705669626 36.93049640457616 0.3453922269413793
1.2533933348761477 13.127167975585841 1088.2760466911318 38.35727120007182 0.34992881845154145
1.276392508277868 13.12811652845539 983.3691643691965 39.83883524966144 0.35455569610133425
1.299388493941224 13.128484914023938 889.3416757305484 41.381603891246165 0.35929925697081183
1.3223894778746517 13.128357132265805 804.9309122971866 42.98802071273521 0.36416172889261783
1.3453805802858476 13.127542571972342 729.0148830094851 44.65891173437651 0.3691358670318244
1.3683135948261758 13.126044463104954 660.836653983845 46.38924369739051 0.37416939857621867
1.3911973191833882 13.123791170642733 599.4617018891795 48.19168215385352 0.37933382768915885
1.414035676100911 13.12090655466428 544.1994135516376 50.069232367605 0.3846330202400678
1.4367572977201029 13.117088595297577 494.4166346214459 52.025066646884866 0.3900699107305154
1.4593941719515124 13.112575978136148 449.55664030323385 54.062552698198616 0.39564667624911765
1.4819243903450934 13.10720009639656 409.03524811769404 56.1770321282383 0.4013162391414769
1.5043016661343056 13.10088120147945 372.47544061709795 58.379399793749094 0.40713345418814667
1.5265262490118319 13.093678151777665 339.4354493725613 60.67518260916032 0.4131105899412667
1.5485749764602577 13.085442721801751 309.557897040499 63.068604646489845 0.4192509731599079
1.5704376308482892 13.0763152759721 282.5213983225608 65.5641561591968 0.4255557528495973
1.5920811699732698 13.066127337645554 258.0655870038919 68.16666547462258 0.4320288992995489
1.6134878767890841 13.0549147504145 235.91812376121436 70.88114560929458 0.43868615827253676
1.634674466011483 13.042618072433523 215.80654530348704 73.71128990755373 0.445527616004504
1.6555623333344234 13.029248649957083 197.59560902719548 76.66093973768868 0.452547972010635
1.6761759055678598 13.014632987296778 181.0318605446968 79.74053532053217 0.45976896827338454
1.6964741011304731 12.998945030251976 166.00826056285098 82.95669515299798 0.46720917805385914
1.716441349266846 12.982071556191432 152.35574167052815 86.3164269599226 0.47487985885328915
1.7360723838414938 12.964036990829502 139.93692939756744 89.82719852530532 0.48278628027352477
1.7553204840298235 12.944670103836547 128.62892280209633 93.4970063371302 0.49093569248388397
1.7741863510691482 12.9240714265162 118.33382189658784 97.33443781433571 0.499346083418272
1.7926708289247248 12.902463683435997 108.96567673978643 101.34865446812913 0.5080340766170216
1.8106760466234335 12.879101945356805 100.40186027312038 105.54946280001914 0.5170075155111206
1.8282664395483932 12.854727549924174 92.60721879202725 109.94739353558377 0.5262782700878545
1.8453781670827194 12.828935741259711 85.48753107076767 114.55375903086194 0.5358691576304507
1.8619887572886886 12.801640739803243 78.97784909948057 119.38069809701749 0.5458004160986589
1.8781009290346211 12.77308581172474 73.0271046433631 124.4412198995726 0.5560809221746802
1.893682071243478 12.743219764104614 67.59375635657696 129.74593193604792 0.5667199141216805
1.9087242605863826 12.711776745052381 62.6120947614512 135.30810535245283 0.5777413028803311
1.9231934287789676 12.679116962082885 58.05984227266625 141.1477934126423 0.5891785038065941
1.937065057598662 12.64484800658639 53.88423723660086 147.28243215914645 0.6010479414624966
1.9503469457153957 12.609119949504247 50.05300053854588 153.73078727866093 0.6133848571594959
1.9629961292410845 12.571962745492678 46.54194327000337 160.5131444521149 0.6262214356863743
1.975029146167812 12.533466030961518 43.319883574448816 167.64306363494543 0.6395461532072914
1.986351864316768 12.493203722857492 40.35951557376087 175.14365637038182 0.6534005846391178
1.9970538757635976 12.451748557875145 37.6384754724684 183.04751896197828 0.667849269641233
2.0070314944357275 12.4086143917019 35.138877743607374 191.38220856705718 0.6829169580450951
2.016287209028564 12.363948575331214 32.838144256244874 200.1583893779095 0.6985891836008674
2.024839767776515 12.317917130956292 30.72561612682263 209.42314278517205 0.7149661572211048
2.032639275906866 12.270199832656985 28.774041093326822 219.2119262132877 0.7320815359544769
2.039682530256479 12.221069010065985 26.98035315727436 229.5399627517489 0.7499242714222918
2.0459665361061714 12.170417016491816 25.32283909229647 240.47089109026234 0.7686277336360892
2.0514797996728955 12.118396909053855 23.801809626036547 252.02712526079014 0.7881614494356957
2.0561891458557082 12.06473017036754 22.39389424881054 264.26960937001803 0.8086489815187167
2.060090357452986 12.009630523111042 21.09609393003863 277.23475196656267 0.8301014708582598
2.063173745668948 11.95312737304348 19.901530953143382 290.99221832957323 0.8526264325497407
2.0654354858090103 11.895116266344047 18.795255001831148 305.5802103864286 0.8762416443947191
2.0668680147895246 11.835681430300479 17.775317778096422 321.07967483712 0.9010599882879056
2.067455257973574 11.774821742007349 16.833276280800742 337.56740887328107 0.9478939957314945
