M[M_sun], R[km], Lambda[1], P_c[MeV/fm^3], rho_c[fm^-3]
0.23841724892012095 16.20908015294055 2780876.1263280716 3.453507347168396 0.169602847481901
0.24840886276623408 15.866432550597558 2282492.996264002 3.6354480980989 0.17197718814542579
0.2586834355142532 15.563235683327802 1882103.3536813746 3.824559572045665 0.17437238349826686
0.2692401799891615 15.29405460621239 1558628.5406865904 4.019932647351838 0.17676240238302132
0.28008725176363897 15.054424925869261 1296020.5679551177 4.2219203183319225 0.17913981620104757
0.2912089008229903 14.840449005922821 1081749.7134120192 4.431880062335685 0.1815410440702996
0.3026228167780482 14.649142413701007 906167.980872606 4.650159098616389 0.18396997066435294
0.31431529816658044 14.477755198372266 761584.8690525398 4.877110485965446 0.1864279730247419
0.32629343061003024 14.323896370948297 642133.769869386 5.110044408194088 0.18885530597834851
0.33855407990991515 14.185685460174424 543010.5218724764 5.3521975105714255 0.19130504783477367
0.3510945880241367 14.061459042101596 460482.1691412864 5.6040400091576155 0.19378472467294783
0.3639218997820358 13.949602914205782 391576.3586227728 5.865983778277983 0.1963000052340608
0.37703464171603973 13.848858828787817 333810.62558282405 6.13485495904419 0.19878979910038358
0.39043055413823485 13.758346912795908 285258.0803653585 6.41420554309896 0.20131086928132919
0.40410479907121594 13.676608021508354 244304.51305346732 6.704784675188927 0.2038666628606717
0.4180648288601453 13.603170346103655 209718.36170315574 7.006595927166375 0.206447004104494
0.4323108599997882 13.537154244938483 180402.5513521344 7.316441628726557 0.20900536951857104
0.44683884746845765 13.477734527325342 155497.03083613125 7.638818801230397 0.21160821512149644
0.46165147617822383 13.424452358751578 134281.11093994757 7.974260863265678 0.21425562456535577
0.47674612817573 13.37679619839994 116187.659875908 8.320710836511322 0.2169081337131475
0.4921263344959419 13.334121376021754 100704.86635363202 8.678364330046875 0.2195599312747368
0.5077784695116587 13.295980091427428 87436.01200957694 9.05060539876887 0.22225974213231967
0.523717855873461 13.262148035414143 76036.3640598842 9.438037729842957 0.22501053286930453
0.5399346836017923 13.232051713579173 66233.90244082757 9.835085236279898 0.22773321668012542
0.5564244952470376 13.205441494832229 57778.325362762545 10.248229677956934 0.23050472003630254
0.573194719693103 13.182120061191359 50479.03185225954 10.678282786215513 0.23332690496675784
0.5902453772084427 13.161774064330402 44164.73669080313 11.122051846631784 0.23615035444831
0.6075614753487877 13.143961919432531 38692.719318105985 11.580768120887841 0.23899399491931833
0.6251465535625125 13.128693297537513 33945.28326856232 12.058309056936942 0.24189696907057684
0.6430008424750501 13.115616397297286 29576.715165471687 12.554089646699214 0.24484490398997347
0.6611185325218939 13.104546520101392 26019.427074163694 13.063600375892142 0.24777512433732626
0.6795040041551365 13.095415486951966 22916.12305114547 13.594046838806213 0.25076398221149204
0.6981332395173243 13.087922857006374 20360.93844157621 14.146332976043874 0.25381306075952054
0.7170364476195112 13.082005804985656 17971.334810830464 14.714096274099985 0.25685480564790675
0.7361834085857603 13.07751782614354 15881.601299387865 15.303626984491148 0.25994841132961655
0.7555693978921687 13.074205762111413 14049.240649965657 15.91738472927667 0.26310810566543574
0.77520181107939 13.072099786460624 12441.961414998521 16.55201871861571 0.2662885950970551
0.7950745423051503 13.07094989480554 11030.043839855241 17.207511986374485 0.26948686185395987
0.8151770634381753 13.070786392667411 9787.970728242572 17.890019208524375 0.27275685046439635
0.835503229227123 13.071296012454349 8694.608773271584 18.599721777600188 0.27609292648319717
0.8560423106182841 13.072581599083952 7731.4993552063315 19.32908916456689 0.27942305462219547
0.8768054529648366 13.074401338012697 6880.862485179002 20.088449378259764 0.2828242218432921
0.8977623002628705 13.076744629195801 6130.240545550213 20.87905163754678 0.2862977946762099
0.918929651934753 13.079666870509618 5466.81675469435 21.694930360038168 0.2897888139064456
0.9402750735423187 13.082725144002397 4878.998306355495 22.540480073309922 0.2933315976383206
0.9618103440981663 13.086188971377121 4358.657115847269 23.420788216746864 0.29695768987798893
0.9835205240679111 13.089832373319634 3896.9696463257997 24.335635803396535 0.3006562522382693
1.0054039095189387 13.09369020326211 3487.4602962180684 25.27791203853374 0.30435500054540615
1.0274375431176876 13.097555193757568 3123.5890618881244 26.25896895094254 0.30813989930010016
1.0496036675892517 13.101390589517504 2800.02614395089 27.280299966377864 0.3120129444227304
1.0719154268900264 13.10518338753336 2512.043123746377 28.337414003422513 0.3159359259218815
1.0943549627385394 13.108901627444396 2255.67518653805 29.431940394263883 0.31991306685007237
1.1169020588256668 13.112342543918706 2027.001841000532 30.571398158295334 0.32397958793808757
1.139567120705174 13.11571614020478 1823.005870156352 31.75763430871167 0.3281355034473459
1.1623136408462593 13.118813480357005 1640.9739768037573 32.98406075501431 0.3323362586459264
1.1851277371018911 13.121461038437605 1478.1635695005496 34.25706915627269 0.3366165918583929
1.208014554763897 13.123781562385297 1332.6222365367842 35.58245613304447 0.34100241059523584
1.230968750678876 13.12580040539672 1202.3446136776633 36.96223820314389 0.345493153572796
1.2539290189670407 13.127201483385967 1085.7015483964556 38.39154969686794 0.35003781080130636
1.2769430543722253 13.128229491259248 981.0816366923177 39.87484357482772 0.3546676321253722
1.2999463847328971 13.128583403820683 887.2424448600241 41.419443440689165 0.35941434466784533
1.3229513474874866 13.128334995780254 802.9839841654112 43.027799509917706 0.36428014788561885
1.3459476236854753 13.127533893551528 727.260630285329 44.70183068165663 0.3692636340554038
1.36889277867803 13.125954171498487 659.1960685936718 46.43435748490133 0.3743005069656163
1.39179551088292 13.123745480643551 597.957776692007 48.239119863967964 0.37946894065937614
1.4146159512021048 13.120753532046518 542.8443444011715 50.11913472465492 0.3847723928755594
1.4373721721273207 13.117022439270277 493.16710163431634 52.077583366640006 0.39021374827410266
1.460015521840735 13.112471248294217 448.40089398853854 54.11784100117939 0.39579492101636776
1.4825271464788263 13.106959455777705 407.97836202869456 56.23661274130721 0.40147599289843505
1.5049137539627566 13.100643148390079 371.49144750104597 58.442131483289415 0.4072986538625463
1.5271494949259672 13.093428513773201 338.5435337863765 60.74126217489837 0.4132815830359341
1.5491922793916033 13.085187132212837 308.751532776893 63.138241681593996 0.4194280095903728
1.5710625158438538 13.07600030349326 281.7818948263383 65.63757230695202 0.425738939633812
1.5927168213455416 13.065877080272132 257.3921503797562 68.24409883597907 0.4322190305730631
1.614137753486607 13.054647974388589 235.28706604324415 70.96285370012065 0.43888367556877145
1.6352976691652825 13.042171752553111 215.23086747612425 73.79925628083316 0.44574020117666335
1.6561862982860138 13.028762561154679 197.063132562427 76.75382686164276 0.4527689448271047
1.6767894537478796 13.014112288928217 180.54929192284013 79.83862709723655 0.45999851986756274
1.6970993823139122 12.998444535912954 165.56657915787594 83.06033161804795 0.4674482564980069
1.7170648752516096 12.98151993869208 151.94412936634376 86.425975580429 0.4751290793659943
1.736706818001933 12.963453033332456 139.55173061840281 89.94305230935728 0.483046050290706
1.7559574178468291 12.9441629866459 128.28606149765866 93.61958543555365 0.4912065971635763
1.7748035716258832 12.923511749254887 118.02290350814566 97.46419555163796 0.4996292075766137
1.7932593992422532 12.901498540800654 108.65364615857774 101.4860806357394 0.5083302206737763
1.8112843727451264 12.878367726900148 100.13470072744273 105.6950826348875 0.5173172115257474
1.828869751139675 12.853955926279806 92.35687872889072 110.10177093820411 0.5266024266725168
1.8459611275717565 12.8280228439629 85.25003137654704 114.71750368009695 0.5362090596144605
1.8625771573166814 12.80087167368068 78.76597892329764 119.55446926954899 0.54615711755949
1.8786700195616912 12.772158235682664 72.83161714542877 124.62572668983212 0.5564551377934587
1.8942362677168123 12.742127299292159 67.4084240268821 129.93924553791814 0.5671035797967597
1.9092447222322846 12.71060391656848 62.44317822521652 135.51364489927548 0.5781451285877598
1.92370512964213 12.677768405930372 57.8974281794156 141.36644651316516 0.5896033808176364
1.9375668468013036 12.64352200569485 53.73550560805945 147.5151583231291 0.6014956086603755
1.950827705860833 12.607720550005604 49.91394460182972 153.97862805707038 0.6138571323286024
1.9634757368385245 12.570684754182208 46.41845508322984 160.77722965323719 0.626720053361998
1.975451042282653 12.531796894828082 43.19921874064731 167.9214335680535 0.6400616837605245
1.9867886958458307 12.491719459537379 40.251437609641 175.4406755938821 0.6539459305565279
1.9974379523248504 12.450017471758946 37.538668724499026 183.3646213849305 0.6684265899886154
2.007391632387769 12.40680556282449 35.04484067688749 191.7199882365575 0.6835246859292086
2.0166399995581585 12.362158794567991 32.75085650724106 200.5169057268561 0.6992253051489493
2.025164019490487 12.315896599205754 30.64077366423689 209.80665877353638 0.7156413340869093
2.0329330912207437 12.268196351164857 28.69877148545122 219.61877720512445 0.732786056575136
2.0399589336936335 12.21902195465466 26.910104846245297 229.975792958522 0.750673394824598
2.046213808728232 12.168291747529654 25.259738789515296 240.93806659108813 0.7694248256408326
2.0516921024958212 12.116139577508255 23.739662799050812 252.52422292148287 0.7889966434544742
2.056360700618936 12.062391704745254 22.337145380371165 264.8032320418003 0.809539316294411
2.0602345087347933 12.007267274097543 21.04452493345832 277.80378960374037 0.8310369527038557
2.063290765570156 11.95061716492843 19.85061597965099 291.6029486117778 0.8536221534440982
2.0655130555014414 11.892514629950139 18.7483173180277 306.23396265361026 0.8772950323184306
2.066906813981236 11.833031384420698 17.732705159168706 321.7834609940022 0.9021855532559131
2.0674642385826245 11.772104189772108 16.793077435816983 338.31618294977795 0.9283723292752973
