M[M_sun], R[km], Lambda[1], P_c[MeV/fm^3], rho_c[fm^-3]
0.23841724892012095 16.20908015294055 2780876.1263280716 3.453507347168396 0.169602847481901
0.2484154879545892 15.86629603875363 2282316.4456739537 3.635571804361363 0.17197876173587037
0.2586975010718989 15.562852044022813 1881618.003984517 3.8248140305648954 0.1743754963154521
0.26926358577193904 15.293462815233756 1558048.1017242188 4.020342592234619 0.17676741728085216
0.28011531965634995 15.053891970517629 1295482.24448969 4.222481683244746 0.17914638049276518
0.29124716679826235 14.839774637919 1081185.5311138497 4.432600580517984 0.18154915135516983
0.30266845813114523 14.648407123901205 905672.4872861562 4.651046910889303 0.18397958613614138
0.3143707826033638 14.47698424402078 760997.3196400952 4.878187930546797 0.18643933605603735
0.3263587545336533 14.323143734358203 641537.9430096917 5.111345783671839 0.18886886645353465
0.33862914601152433 14.184855612477735 542436.7138872176 5.353699216180059 0.1913200320215496
0.3511806864003323 14.060653438053166 459975.3618443019 5.605751446647633 0.1938011733744598
0.36401607004679726 13.948841730679876 391122.3647631144 5.867915036036873 0.1963178890165795
0.3771420558414677 13.848197152890883 333370.2411250912 6.137106462490626 0.1988106484136308
0.39054696161173275 13.757532183943 284840.3736899927 6.416705878841053 0.20133315458081252
0.40423482621711276 13.675938013404728 243954.85158880573 6.7075450370483205 0.20389026262876186
0.4182090569350496 13.602500839333212 209398.48805292603 7.009754072595051 0.2064740047310452
0.4324675162981276 13.5365442282978 180121.54340036758 7.319892499481439 0.20903381613761202
0.44700868280302203 13.477134034503097 155229.94408901842 7.642575898870579 0.21163808596493347
0.46183427989083936 13.423856288724402 134049.62233967934 7.978338216506871 0.21428684181923438
0.4769418815188514 13.37615761346602 115973.11594189212 8.325299754756797 0.21694326763886426
0.49233211012638123 13.333526093969072 100513.4331706389 8.683312232415924 0.21959633395003567
0.5080012472024376 13.295481454198054 87262.58859557296 9.055928327120721 0.22229754370944702
0.5239518587735266 13.26157733950977 75886.08020457756 9.443753205099387 0.22504972574093715
0.5401902132570986 13.231638294213084 66086.99212916456 9.841447842851789 0.22777684714153637
0.5566964078216837 13.205044494135025 57651.64797179521 10.2550318761065 0.23054967037298096
0.5734797766716485 13.181772829350727 50367.08211590967 10.685544130875618 0.2333731047622026
0.5905455853513993 13.161359210034762 44061.28942819242 11.130089241670165 0.2362014918097855
0.6078763498404195 13.14370042787203 38601.25517463837 11.589318812793941 0.2390465775125207
0.6254796413549512 13.12843099688244 33861.62404926817 12.067397427289176 0.24195100895207888
0.6433540228718868 13.11543543452188 29742.187881383514 12.564103621874438 0.24490444756168767
0.6614889632189345 13.104451946191334 26159.586076970205 13.074215285769679 0.24783600828382152
0.6798905475523496 13.09526228012476 23032.42974841631 13.60529003366088 0.250826205380345
0.6985375656303009 13.08775944569941 20306.176772764527 14.158234246403643 0.2538768208306736
0.7174544257309705 13.081946050266032 17923.12666641988 14.727140820679573 0.2569246907268043
0.7366245330505607 13.077439879241517 15835.841860301161 15.317408007985287 0.26001991426970633
0.7560334956602573 13.074181910975415 14008.620718134498 15.93193758799816 0.2631810378029214
0.775679426521816 13.072021430019607 12405.401075124708 16.567924108569706 0.2663683054899812
0.7955707743378964 13.070938710074506 10996.743116712341 17.22427934129125 0.26956813480579306
0.8156946964982181 13.070746370587427 9758.252894242085 17.907691156939496 0.2728399204233933
0.8360379207374644 13.071361296643989 8668.09679526854 18.61899009104875 0.2761835004239146
0.856591311966207 13.072557856239465 7707.351959052396 19.349370955472676 0.2795155586015315
0.8773831991104798 13.074534420184056 6859.399374418242 20.10979507859085 0.28291841199148227
0.8983577397300929 13.076855331716077 6110.548507302723 20.901514028280076 0.2863939077820494
0.9195470165997003 13.079739417682424 5448.654030465057 21.719348106670914 0.28989329367862754
0.9409176555655221 13.082885537052148 4862.631784851654 22.566149734368384 0.2934383330212447
0.962468485738862 13.086345174403965 4343.954902770245 23.447776271910065 0.29706679767524435
0.9842087398805042 13.090024830058168 3883.4033195588795 24.364927289473265 0.3007746723876592
1.0061002088465265 13.093802916147805 3475.1611038470132 25.308681979601108 0.3044755850378526
1.0281493033327787 13.097648088692456 3112.504298778434 26.29129409319701 0.30826307239580486
1.050358207480646 13.101648861371794 2789.9997075941887 27.314264564525754 0.31213898805235885
1.0726743676117314 13.10532104844833 2502.880657534363 28.374201071986516 0.31607244382281496
1.095139781768783 13.109124598754883 2247.4637523488923 29.47057272665455 0.3200527709456189
1.1176920107500143 13.112501649835458 2019.4847622677612 30.61197521768548 0.3241221340628689
1.1403739494271143 13.115834370298323 1816.1978035581567 31.800261567110773 0.32828151030969066
1.1631387273304818 13.11886113905658 1634.631950698243 33.03015486299942 0.3324941401595925
1.1859770514819072 13.121536000289838 1472.5076781151672 34.305475233887904 0.3367784378711924
1.2088804343913546 13.123895480686611 1327.4627581656266 35.63330645785328 0.3411684682222043
1.2318523704000741 13.125875290096987 1197.6061457508956 37.01566954128261 0.3456630445434958
1.2548415117652727 13.12725285924657 1081.2979907547015 38.449254400054 0.35022128941853226
1.2778586546890855 13.128173376012692 977.1187570339179 39.93546181699641 0.3548560709094923
1.3008711504808916 13.128496552782993 883.5867318684874 41.48314609986789 0.3596080941296573
1.3239063106792552 13.128393268269583 799.6890605628228 43.09476864115657 0.3644795108036849
1.3469123698767294 13.1274658398576 724.280943484113 44.77292056923251 0.3694720868723824
1.369866902085672 13.125882522206952 656.466041286114 46.510314841035864 0.37452125204545056
1.3927923096831043 13.123697132603658 595.4523251500875 48.318992167264184 0.37969643444249535
1.415611813580681 13.120590058280163 540.5585664078619 50.203159190790565 0.38500706538370144
1.438369922853488 13.11679368506411 491.06959973087413 52.16601237995648 0.3904559456565095
1.4610255127007155 13.112222009545938 446.4836536910596 54.21093960923865 0.3960445467190747
1.4835708796159133 13.106760106344277 406.209251084703 56.336945326028406 0.4017450150942287
1.5059543659369652 13.100359642759148 369.8823297600575 58.547773623187126 0.4075768553145057
1.5281982762453914 13.093058963461123 337.059968524764 60.852545701518665 0.41356954973773935
1.5502450058199557 13.084802492809525 307.401310471909 63.255520016476005 0.41972616326316087
1.5721252806909867 13.075564625271646 280.53911461816637 65.76121920996263 0.42604746138594934
1.593772343544323 13.06525965942151 256.2406835353897 68.37451584153318 0.43253925884314615
1.6152051596351367 13.053998866244642 234.22533492414775 71.10047510925406 0.43921635509121815
1.636382339081169 13.041706295959386 214.279765015213 73.94454541233894 0.4460858351808676
1.657259710802523 13.028087851495107 196.17385855788737 76.91029316507918 0.45314116864329307
1.6778768880026034 13.013410789371749 179.73155713174864 80.0038665329357 0.4603852085091617
1.6981629447309807 12.997570889131714 164.81344457084765 83.23491780518454 0.46785100850204514
1.7181263753764227 12.980590704297665 151.25099509720394 86.61052845249884 0.4755489327715948
1.7377175109468614 12.962322232201162 138.92132925536282 90.138234929735 0.48348369324785156
1.7569960393890593 12.943027596662686 127.69829287585257 93.82610670562738 0.49166301737908247
1.7758456696661664 12.922367318314441 117.48118311303293 97.68282039516853 0.5001062348129396
1.7942787971188339 12.900254024470168 108.16048000699885 101.71763556524519 0.5088292058188753
1.8122844519660328 12.877018641289427 99.67520927250455 105.94045403574036 0.5178390535194307
1.829854813341526 12.852458143321998 91.92996645785232 110.36191050848478 0.5271486591729111
1.8469233824842677 12.826361221178182 84.85546213295852 114.99344045095346 0.5367818505808436
1.8635205350526605 12.799121910643034 78.40110212619257 119.84731606508981 0.5467582464938658
1.8796005224259922 12.770398160882023 72.4980314663561 124.93357253744544 0.5570745437731168
1.8951462431108907 12.740278708957497 67.09212668893205 130.26504864913426 0.5677501947757283
1.9101521631160998 12.708636053787506 62.15008348328274 135.86007066801133 0.5788257549357978
1.924571495570848 12.675713570648607 57.62945596465341 141.73499358724038 0.5903195251525989
1.9384126450618648 12.641361053581823 53.48804396939816 147.90744687534286 0.6022502067421909
1.9516425358044944 12.605471498551477 49.68803724686854 154.3964169325311 0.6146532535846576
1.9642438074376494 12.568195936457334 46.20527513872774 161.2213367520366 0.6275567837770973
1.9762034270440505 12.52940769286569 43.00688481236253 168.39072717069755 0.6409307977050465
1.9874920741419781 12.48896648023509 40.06412120668927 175.94143888729033 0.6548653633610139
1.9981113347051913 12.447175495427 37.36583225566176 183.8992765421674 0.6693999893661164
2.0080231058613034 12.40389830155444 34.886411975171995 192.2854334421613 0.6845359875136401
2.017232983499005 12.359066758222495 32.603148780847725 201.12144910491523 0.7002979565654428
2.0257220399780724 12.312837089588543 30.505727519228948 210.4533997331811 0.7167799164338479
2.033445256573151 12.264986664687198 28.573572938468576 220.30489972062557 0.7339741757395669
2.040426736736963 12.215662380393269 26.791763992487006 230.71083727488627 0.7519368201002294
2.0466282872420165 12.16473632306435 25.14926971213697 241.72332889962811 0.770759984109563
2.052049519759209 12.112408928326635 23.637056456319222 253.36269936284174 0.7904054018616928
2.0566554795541854 12.058566660184303 22.24309154271612 265.7019727025931 0.8110366300195742
2.060486791213562 12.003287072817388 20.95577186033561 278.76373569310505 0.8326150770328637
2.0634737549130624 11.946487611060236 19.76778335968558 292.6280229801915 0.8552851155139015
2.065644230143045 11.888222343845834 18.67147032696375 307.33697315675926 0.8790723079044154
2.066980107549354 11.828567037132101 17.660133296979843 322.9637809484294 0.9040616881402995
2.0674649252026818 11.767476788546686 16.725446757301164 339.58502245505315 0.930370841382759
