M[M_sun], R[km], Lambda[1], P_c[MeV/fm^3], rho_c[fm^-3]
0.23841724892012095 16.20908015294055 2780876.1263280716 3.453507347168396 0.169602847481901
0.24842439256694543 15.865923101195174 2281818.522446687 3.63571646201497 0.17198060183593417
0.2587145791110129 15.56236302787291 1881005.7806824504 3.825111600394503 0.17437913651772247
0.26928775902418756 15.292989414157706 1557444.9512581907 4.020822017508685 0.17677328213944155
0.280152039949445 15.053059607886134 1294656.5866893793 4.223138224731294 0.1791540577268494
0.2912932066059831 14.839016964085607 1080414.8514593653 4.4334432992766875 0.18155863364334815
0.3027222453969575 14.647637975725456 904817.4530516895 4.652085345299269 0.1839908329245423
0.31443793008498083 14.476012381627717 760213.3043947998 4.879432007614565 0.18645229947550818
0.32643340222221534 14.322278229920354 640850.1225909677 5.112868097839949 0.1888847291341023
0.3387166916987217 14.184004342512191 541806.4961887796 5.355455948270075 0.1913375608911234
0.35128099088552955 14.059732400853733 459374.7877355935 5.607753613746187 0.19382041629111513
0.3641291952385821 13.9478793317023 390559.7727843273 5.870174459355419 0.196338811669219
0.3772685657104865 13.847198324331822 332849.8669288527 6.139740698182112 0.19883504189398973
0.39068646710795923 13.75660252774984 284385.8977686322 6.419631364309625 0.20135922920699323
0.40438620656434243 13.675070595785279 243545.50450661863 6.710774890386075 0.20391787632349423
0.4183750984586713 13.601669742042043 209024.56433876388 7.01344958065241 0.20650559954997527
0.4326496563991078 13.535737200297461 179772.99111077757 7.323930695860757 0.20906710426752895
0.4472036595501895 13.476387097398069 154926.1501345919 7.64697260650712 0.21167304203422616
0.4620481927530997 13.423186671137808 133769.21806118303 7.9831098763217065 0.21432337486090394
0.4771729866888379 13.375633307770554 115727.84613364717 8.330670409606517 0.21698438673893247
0.49257680132764325 13.332978659174925 100291.45864956375 8.689103233959374 0.21963893946912597
0.5082658334369797 13.294882050299215 87056.26532294297 9.062158477225568 0.2223417880584474
0.5242314718720378 13.26105389836062 75697.93341853953 9.450443038712688 0.22509560010453528
0.5404856691544456 13.231149233434381 65928.40555634488 9.848895580481642 0.22782791869933058
0.5570080332135583 13.204616442778335 57507.71566897103 10.262994447813973 0.23060228869888197
0.5738129783183523 13.181333098322797 50232.326470759865 10.694044458195 0.2334271874978048
0.590898318834158 13.16095439140378 43939.60245693204 11.139498618301205 0.23626135830779174
0.6082490227787097 13.143288589042541 38492.65124765607 11.599329434491114 0.2391081379633223
0.6258733179316467 13.128060476513479 33763.1759105556 12.078037874857241 0.24201427755837698
0.6437676164602307 13.115223914170006 29655.629643404314 12.575828489584277 0.2449741641816217
0.6619231402636119 13.104150048564119 26078.107079449877 13.08664415516615 0.24790729655928134
0.6803446128379745 13.09508528581266 22961.91407134677 13.618454969433833 0.25089906403236767
0.6990157829523636 13.087653088472443 20242.740866395205 14.172170174274488 0.25395148141107954
0.7179570969400048 13.081893213078004 17865.695975906485 14.742416471274742 0.25700652876084723
0.7371449823940911 13.077378712650063 15784.350952577299 15.333546599970555 0.26010364947096676
0.756572863832944 13.074135418555818 13961.97835625837 15.94898057944239 0.26326644932370685
0.7762433873127186 13.071979749982372 12362.436827072383 16.586552298713062 0.26646166128698606
0.7961511725123371 13.070955106524465 10958.829772004734 17.24391765123922 0.2696633235476316
0.8163040392875546 13.070828348967535 9723.8656155937 17.928389574989044 0.2729372168107688
0.8366688920516976 13.071369483962032 8636.36680049994 18.64100354366618 0.27628473915721036
0.8572512347778063 13.07264687907263 7678.859955673274 19.373128507369085 0.27962391530927533
0.8780560214122127 13.07458586568389 6833.613894920535 20.134799621290004 0.2830287471665166
0.8990564814498244 13.076965570168966 6087.309807365409 20.92782746569117 0.2865064989227219
0.9202689699660607 13.079829120850922 5395.762216659994 21.747954126488263 0.29001569442585856
0.9416616939526755 13.082992236393281 4843.616108542915 22.596223313651144 0.29356338005608223
0.9632344764164386 13.086466723448416 4326.45094769642 23.479395392481617 0.29719462802744473
0.9849911415359054 13.09007263212057 3867.8037066850266 24.398785710219613 0.3009097875089576
1.0069172952789274 13.093964658607195 3461.1175628586193 25.34473562333914 0.3046168758619551
1.0289760852843859 13.097715669683591 3099.5352639055964 26.32917115458324 0.3084074007600983
1.0512086353032026 13.101629666727096 2778.1567337644005 27.35406389548716 0.31228668454826075
1.073562908320981 13.105473846657643 2492.2913009818612 28.417310906568794 0.31623242569569837
1.0960302872728882 13.109123705133566 2237.7257572537483 29.515846402201962 0.32021649178521155
1.1186290717112444 13.112725950069022 2010.7445500169615 30.659529449837184 0.32428919080902197
1.1413226010591464 13.11596513071485 1808.1523794679727 31.850220127951683 0.3284526283451821
1.1641105266894498 13.118992697936674 1627.4128393392164 33.084180609387595 0.33267918911681416
1.1869703641640232 13.121674849393226 1465.8889295055878 34.36221263518719 0.33696813971503703
1.2098886486897604 13.12396072730102 1321.44788785697 35.692910772891665 0.3413631130184681
1.2328793781617875 13.125912443361566 1192.097321144468 37.078301305079954 0.34586218930607954
1.2558834265393026 13.127277365484886 1076.2874157546082 38.516900649723354 0.3504363783049586
1.2789183889394526 13.128145354634539 972.5370647733632 40.00652600356247 0.35507698211430294
1.3019662296919186 13.128468102706073 879.4054065179705 41.55782883987675 0.359835239132235
1.3250039054734233 13.128254937128156 795.845382639944 43.173283685967576 0.36471324518482506
1.3480292201277284 13.127401386958809 720.7508265798115 44.85549052764223 0.3697120493064195
1.3710067815271056 13.125787255260304 653.2685346963333 46.5993782153397 0.37478008545766395
1.3939438017850097 13.12352978409174 592.5364334705062 48.41264949674722 0.3799631909941616
1.4167836818673036 13.120441858647718 537.9036351369631 50.301689069234186 0.3852822501574311
1.4395655568591488 13.11667795845183 488.6518952036222 52.26971123490851 0.39073996546274753
1.462243918808724 13.112072884285153 444.2553031748062 54.32011876055523 0.39633728925235734
1.4847673607246457 13.10643974250217 404.1893939800071 56.45461794574776 0.40206053120128066
1.5072006169171468 13.100181480462862 368.04544478560763 58.671678541222164 0.4079031505612286
1.5294166945865282 13.092629589611251 335.3455626099485 60.98307277692611 0.41390731268022424
1.5514673002581592 13.08427505545182 305.8164670607617 63.393084503306326 0.4200758898945539
1.57336330229164 13.075012688995052 279.0922040824355 65.9062602894213 0.426409365541063
1.5950085143660475 13.06463646381019 254.92218095720114 68.52750536573609 0.4329149120830605
1.616419928810135 13.053226015326334 233.01485601841904 71.261923475433 0.43960663277910417
1.6376068165875892 13.040782912778257 213.15273839052463 74.1149971616583 0.4464913295219122
1.6585101122890915 13.027299469776736 195.14672328448543 77.09259291062882 0.45357232853550666
1.6791052417471135 13.01247756027371 178.78991724698813 80.1977511119874 0.46083893170292156
1.6994138358391433 12.996620385615355 163.94059351754134 83.43977984116997 0.4683236037107367
1.7193559734316086 12.979548748265092 150.45998097344074 86.82709681990896 0.47604162066955436
1.7389681149650085 12.961195373380285 138.17860626862924 90.36728927793487 0.4839972841715683
1.7582018969525806 12.941660338991404 127.01533205438653 94.06848065234504 0.4921986734350154
1.7770434742407724 12.920962167106037 116.85297467103153 97.9394135163656 0.5006661067171942
1.7954617346769315 12.898714195274998 107.58148651253552 101.98941995655858 0.5094148827216498
1.8134555830804144 12.875350685956738 99.13947894190632 106.22847230668715 0.5184515944602481
1.8310108561066378 12.850703764443224 91.43263709554057 110.66728219574416 0.527789868582542
1.8480635897160576 12.82455434792511 84.39665461983108 115.31737617880732 0.537454278028724
1.8646332925148346 12.797147051074692 77.97904848383897 120.18930454435565 0.5474572117225706
1.880707404125088 12.768347459667568 72.1054541510981 125.29350283317515 0.5577963270153253
1.8962265387826718 12.738105773877079 66.73635850432285 130.6475853175112 0.5685094077214057
1.9111887467881612 12.706368665992919 61.8176519947766 136.26684914346754 0.5796249568809085
1.9255837164450664 12.673289073623565 57.31982041498213 142.16777781639416 0.5911604922793827
1.9393819989428138 12.638800530110023 53.203707052168596 148.36814404558902 0.6031363942156813
1.9525898485961037 12.602812968532145 49.423932280274 154.88709769737687 0.6155882746198643
1.964683247987625 12.566230675533298 46.063776742314104 162.23979890134632 1.0944988231033363
