M[M_sun], R[km], Lambda[1], P_c[MeV/fm^3], rho_c[fm^-3]
0.23841724892012095 16.20908015294055 2780876.1263280716 3.453507347168396 0.169602847481901
0.24841666289361503 15.866168336262241 2282116.131759165 3.635573896954898 0.17197878835445154
0.25869729926704693 15.562907620164001 1881587.9979423522 3.8248183350437817 0.17437554897258417
0.2692636745286988 15.293501106831975 1558071.8256578024 4.0203495271329315 0.17676750211617506
0.2801164627267615 15.053844347973524 1295439.5796704001 4.222491179884164 0.17914649154122947
0.2912477456962815 14.839772587899816 1060411.5996829374 4.43261276983526 0.18154928850960944
0.3026705934014906 14.648314229094963 905455.2886436861 4.651061930720573 0.18397974880877868
0.3143737336386143 14.476901104774544 760950.0263488699 4.878205924344328 0.18643952355338084
0.32636015887463043 14.323119653436038 641535.3112911963 5.111367801122532 0.1888690958777853
0.33862979815644656 14.18488759568533 542427.7846469743 5.353724623458715 0.191320285538222
0.35118144233068227 14.060663255833255 459971.55744291283 5.605780402948621 0.193801451674751
0.3640176074978827 13.948864858674185 391110.31029716093 5.86794771217771 0.1963181916033231
0.377143669483309 13.848157880474641 333357.97987147997 6.137144558079083 0.1988110011854013
0.3905492121493382 13.757473934935605 284828.237239222 6.416748185492206 0.20133353165672885
0.4042379282640236 13.675886778497492 243948.44126575626 6.707591744307626 0.20389066195339534
0.41821350406263763 13.60251727015907 209397.53109597063 7.009807512087229 0.20647446161303623
0.4324718431360098 13.536505721411274 180111.72410985822 7.319950893279558 0.20903429749615815
0.44701066498876874 13.477169956378827 155234.88404815015 7.642639475599767 0.21163859143237287
0.46183549809556596 13.423848018003737 134044.04498314636 7.978407213720072 0.21428737007945467
0.4769450630360031 13.37614542095306 115965.07686087821 8.325377410864142 0.21694386219378134
0.49233431827690777 13.333567964523823 100510.15065167578 8.683395964855709 0.21959694998579993
0.5080050047896905 13.295499608920839 87262.35252520887 9.056018407546253 0.2222981834291517
0.5239559583079516 13.261621481531686 75881.3828434357 9.443849930207312 0.22505038901644242
0.5401930720165392 13.23165803141168 66090.06778538802 9.841555522662453 0.22777758553699912
0.5566995227476619 13.205105502367603 57649.715170161384 10.255146997335563 0.23055043111794774
0.5734855857635547 13.181758303456915 50365.52157792009 10.685667024681495 0.2333738866654118
0.59055113762329 13.161353530596703 44061.6601184413 11.130225273606877 0.23620235730342948
0.6078775675804334 13.14363788588317 38599.66205233255 11.589463534443473 0.23904746748022254
0.6254856114123646 13.128424120682372 33859.09180152096 12.067551251559362 0.24195192359849083
0.6433609951341254 13.115430121465979 29740.98549288122 12.564273117413284 0.2449054553902069
0.6614953248162428 13.104466425861931 25952.273987400244 13.074394955358002 0.24783703881481314
0.6798957505744839 13.09526661877288 23030.71574008044 13.605480340508418 0.2508272585947793
0.6985476062065036 13.087764294512013 20304.854413526806 14.158435695049784 0.2538779000751259
0.7174636584896689 13.081896865358663 17921.717177918876 14.727361627871083 0.2569258736830616
0.736635742552723 13.07741050273412 15835.214625059467 15.317641285025521 0.2600211246293171
0.7560411884690246 13.074184605572897 14007.370658047903 15.932183933756328 0.26318227237291536
0.7756877189141913 13.072016466627169 12404.61219024895 16.56819335788248 0.26636965484190395
0.7955837453905723 13.070982099902048 10996.579913413254 17.224563186148032 0.269569510628604
0.8157036866559884 13.070750978571006 9757.828324105738 17.907990319385547 0.27284132668667244
0.8360499281563272 13.071353281292435 8667.59979782117 18.619316288208225 0.27618503376840076
0.8566032508419048 13.07252887375711 7706.669063068321 19.349714314864347 0.27951712464223366
0.8773931029988786 13.074515656313642 6858.953055520829 20.11015645449028 0.28292000660065375
0.8983698518057172 13.076831171618414 6073.808206663543 20.90189431476544 0.28639553496927317
0.9195564560736663 13.079752881706668 5448.35281584976 21.719761510663346 0.28989506257055675
0.9409201688543078 13.082803150913895 4862.310203535956 22.56658434002056 0.29344014012733005
0.9624783358687146 13.086343096782215 4343.801694805584 23.44823320542559 0.29706864497432056
0.9842164394593944 13.090055317259884 3883.4309743220524 24.365423238869326 0.30077667742084246
1.0061089157792853 13.093805744358875 3475.0840395486343 25.309202968947567 0.3044776267458876
1.0281571169816341 13.09765653095966 3112.4167953343112 26.291841422713226 0.3082651579634523
1.0503690923867302 13.101630459425099 2789.8427772510545 27.31483966166742 0.3121411222548838
1.0726898030934922 13.105336757319225 2502.83277285392 28.37482398133109 0.31607475545784086
1.0951524750863733 13.10912870078772 2247.3577804719357 29.471226891177203 0.32005513656677925
1.1177056871452908 13.112509668678598 2019.3821814065132 30.612662322643676 0.3241245478442168
1.140396040057712 13.115892092130347 1816.0556812502307 31.800983399609173 0.3282839827299726
1.163143853213616 13.11883425482706 1634.5935153572373 33.03093542935588 0.33249681375505324
1.1859914259110946 13.121530366287898 1472.371528911154 34.30629496411807 0.33678117864416673
1.2088937472398267 13.123864264542666 1327.3681420088342 35.63416759345622 0.34117128036028327
1.2318592551405985 13.125814814910122 1197.5328779930348 37.01657439987103 0.345665921643514
1.2548560323810336 13.127251248083079 1081.239297844499 38.450231663741846 0.3502243967387369
1.2778717858572624 13.12813377621543 977.0057509264124 39.9364884397493 0.3548592622845039
1.3008872970043757 13.128489079901428 883.5205038436328 41.484224977630895 0.359611375499519
1.3239203928098262 13.128326791625081 799.6110375686438 43.09590285938202 0.3644828873004524
1.3469322268414496 13.127472465917197 724.2044960596345 44.77411334113424 0.3694755532717158
1.3698853496878622 13.125896342501909 656.4052646068778 46.5116013586104 0.3745249908857572
1.3928034015157742 13.123670440546848 595.4125539092189 48.32034501744898 0.3797002876556097
1.4156329993487897 13.120584621817416 540.4940381098959 50.20458239442342 0.3850110402588953
1.4383818321963946 13.116789243356973 491.05021676699005 52.16751021511584 0.39046004806296264
1.461040433863876 13.1121988071568 446.4386001534975 54.212516568782675 0.39604877502755886
1.4835898415963154 13.106749974095543 406.19368448512876 56.33864488658606 0.4017495721333439
1.5059867316335154 13.100491299925967 369.873203177137 58.54956315832778 0.4075815679346301
1.5282099539669547 13.093038967668678 337.03920835089457 60.85443083681384 0.4135744278738831
1.5502629971029844 13.084773944759194 307.3746578103214 63.2575067437141 0.41973121406835406
1.572146222570004 13.075571768658548 280.5177478515189 65.76331386594761 0.4260526879376775
1.5937868404726876 13.065257127750783 256.22047801134084 68.37672523419965 0.4325446838257894
1.6152168637749962 13.053969216678654 234.20647771446963 71.1028066023606 0.4392219911330096
1.6363924730984818 13.041600309825341 214.2475561422376 73.94700686193494 0.4460916908196975
1.6572867905237005 13.028087939924362 196.15508930438713 76.91294408886965 0.4531474750297037
1.6778947451636481 13.013382169270056 179.71809300908106 80.0066661600687 0.46039176011718713
1.698181900280843 12.997587283895593 164.80607490746968 83.23787586322099 0.46785783243137075
1.718143313894065 12.980544540724802 151.24024334470218 86.61365545482997 0.4755560466277127
1.7377354523957385 12.962321672428462 138.91682486490683 90.14154212163116 0.48349110870952783
1.757010873941633 12.94297681731791 127.68454524083636 93.82960611022978 0.49167075120234527
1.775855805778969 12.922235259605777 117.46741268476835 97.68652498631073 0.5001143180245533
1.7942893040235113 12.90032426447734 108.16415266428145 101.72155936196694 0.5088376613342932
1.8122949715391776 12.876901988489875 99.6603863504611 105.94461207326634 0.5178478965980651
1.829858912234207 12.852304617417397 91.91713756500228 110.36631893059717 0.5271579158324444
1.8469502773396982 12.826351189127465 84.84521448940558 114.99811671402945 0.5367915575917579
1.8635358071778225 12.799047718645472 78.3937056805049 119.85227904783281 0.5467684340478124
1.8796169205207807 12.77039257273829 72.49507156285232 124.93876815935572 0.557084962770551
1.8951616924625105 12.740243140572106 67.09277727628907 130.27057039845684 0.5677611536821942
1.9101645053386693 12.708621693450752 62.146990489150326 135.8659421219845 0.5788372906431154
1.9246023576128517 12.675807190270664 57.62780655000334 141.7412401743881 0.5903316632438046
1.9384234404866514 12.64132429807966 53.48402662465686 147.91409608754955 0.6022629970281894
1.9516564742697233 12.605451944595313 49.68373562377215 154.4034986162787 0.6146667481492362
1.9642634836942228 12.568147379520285 46.20143194458442 161.22879595611806 0.6275707244624684
1.976208182834354 12.52930743655332 43.001779789728495 168.3986823256558 0.6409455303501669
1.9875057521091304 12.4890333120198 40.06582495867924 175.94992781486278 0.6548809495642914
1.9981344085799109 12.4471654281952 37.36236613657601 183.90834035331812 0.6694164910457738
2.0080505879337087 12.403869892881467 34.88361548962312 192.2950194594155 0.6845531321535477
2.0172402305960944 12.359073092379576 32.60535634415605 201.13169837171208 0.7003161420107668
2.0257297691971923 12.31276672687485 30.503385028821242 210.46436486338536 0.7167992204588927
2.033451999888837 12.264905483774067 28.569670624651977 220.3165328742731 0.7339943202071789
2.0404347214635847 12.215602731518487 26.789879087467803 230.72330044086053 0.7519582423173063
2.0466244996680216 12.164617764954304 25.147290262598002 241.7365810952367 0.7707824076813979
2.052054852709828 12.112381044843556 23.636264269601654 253.37691739430494 0.7904292901552332
2.056661039047871 12.058489984644382 22.241228700534517 265.71712373416995 0.8110617312927675
2.060493031347803 12.003222714823252 20.953713694932596 278.78001483824875 0.8326418394888927
2.06348999249157 11.94650768424099 19.767792892851627 292.6454072517724 0.8553133177450186
2.065646690239198 11.888158272197899 18.67050839629197 307.3556801081969 0.8791024503264353
2.0669783326016127 11.828516994345977 17.65956886542258 322.9837998798514 0.9040935085085379
2.0674616866075923 11.767440979220563 16.725900186055103 339.60501709795375 0.9303997237740989
