M[M_sun], R[km], Lambda[1], P_c[MeV/fm^3], rho_c[fm^-3]
0.23841724892012095 16.20908015294055 2780876.1263280716 3.453507347168396 0.169602847481901
0.24841242025114205 15.866346807506472 2282238.1487334627 3.635530319497974 0.17197823403271836
0.2586932320091275 15.562913009747955 1881725.8446419882 3.824728696631113 0.17437445241668084
0.2692559739172469 15.293734311792932 1558368.0145903828 4.02020511288873 0.176765735481902
0.28010680226990403 15.05403506192851 1295650.5358963155 4.222293420743351 0.179144179054894
0.29123237252315304 14.840042664245374 1081360.8616820027 4.432358939932381 0.18154643241051052
0.3026534220049518 14.648675541976568 905779.7780901248 4.650749160546281 0.1839763613440196
0.31435369813132275 14.477211760102255 761210.9338212057 4.87783122747027 0.18643561917086413
0.3263363372278699 14.323415991773125 641727.4574702481 5.110909320960835 0.18886431846422377
0.3386027281736355 14.185186169200339 542698.6210630407 5.353195558838418 0.1913150064721777
0.35115184937742866 14.060888094780237 460164.5007339188 5.605177439779446 0.19379565656902828
0.36398287941008456 13.949093541086507 391276.51558192086 5.867267294377721 0.19631189081623196
0.3771057075035923 13.848399167331566 333506.8841399084 6.136351297662935 0.19880365545607137
0.3905072637087537 13.75774343747213 284975.01904948737 6.415867244081426 0.20132567989392916
0.40419509705589013 13.676250060712599 244085.66774488188 6.70661917601457 0.2038823469616163
0.4181608053648337 13.602733385640589 209511.46233636243 7.008694770952302 0.20646494821078454
0.43241726975213185 13.536816262274092 180214.97333821072 7.318734998591072 0.2090242744916894
0.4469532497477746 13.477381069800462 155319.37442204898 7.641315667942178 0.2116280664859734
0.46177429790638885 13.424164856579662 134136.4749472061 7.9769705478324155 0.21427637059986565
0.4768764970590397 13.376370095885388 116044.70699263242 8.32376046357994 0.2169314824339486
0.49226152397273204 13.333764801168222 100583.11305589235 8.681652506520203 0.21958412302541336
0.5079265957640264 13.29556871832019 87317.97142326343 9.054142783090157 0.22228486339967687
0.5238749243464083 13.261714021068483 75931.09372104541 9.44183596320605 0.22503657859008042
0.5401048934121259 13.231691744300992 66135.96058333937 9.839313482743954 0.22776221114050915
0.5566053369054375 13.205193959170723 57697.05188303545 10.252750029585387 0.23053459145773664
0.573382870013109 13.1818054018385 50403.89870643277 10.683108235398846 0.2333576065483015
0.5904438282524264 13.161440363845005 44093.06705862558 11.12739296060172 0.23618433691084395
0.6077717405403383 13.14372099591563 38629.63163585087 11.58645030872011 0.23902893760870123
0.6253686457658233 13.128484426670187 33888.8276701845 12.064348517722687 0.24193287999107732
0.6432362409215093 13.11550673445145 29769.209095645514 12.560744130913038 0.24488447186896992
0.6613639785571757 13.104526160669856 26182.040228428174 13.070654158249868 0.24781558272205223
0.679759773546877 13.095302386459496 23053.196479658294 13.601518090456418 0.25080533032997465
0.6984018233812777 13.087840141803694 20325.138042864302 14.154241489393126 0.2538554299653801
0.7172881184489103 13.082154860327554 17949.8415018187 14.722764419059638 0.25690124451726143
0.7364791635867602 13.077535409911356 15852.048004046257 15.312784477020092 0.2599959250458473
0.75587655229806 13.074217121839906 14022.644546478226 15.927055060518176 0.26315656885340005
0.7755207734900238 13.072067260819441 12417.894343310174 16.56258769437106 0.2663415618720114
0.7954003819543433 13.071000032038482 11008.211423439423 17.218653677004205 0.26954086668002725
0.8155253862727783 13.070831967276842 9768.58826247979 17.901761934810622 0.2728120491198132
0.8358596089922933 13.071297369206535 8676.913796461131 18.612525128293946 0.2761531107816214
0.8564131663681445 13.072657048817096 7715.805958379604 19.342565884648753 0.2794845210992813
0.8771895838237964 13.074468790432979 6866.506424570093 20.102632972103684 0.2828868084431837
0.8981599597588121 13.076792532380736 6117.199513874313 20.893977169924085 0.28636165872746444
0.9193396076846654 13.079725787626213 5454.733305767467 21.71115498851114 0.28985823658954935
0.9407127525122114 13.082953605116543 4868.139663100309 22.557536469750627 0.29340251875415685
0.9622472001280701 13.086247090094329 4348.636018307844 23.438720545585564 0.2970301870211665
0.9839808834072239 13.089976541343852 3888.021037781444 24.355098441813237 0.300734936144671
1.0058656253868263 13.09378347388175 3479.340600743491 25.298356935248552 0.3044351221643614
1.027910092653667 13.09761599614039 3116.073200253051 26.280447089508097 0.3082217405120048
1.0501040547515992 13.101516572762481 2793.385277935542 27.30286731798042 0.31209669253288624
1.072426147015136 13.105293900801716 2505.994270519659 28.361856432704087 0.3160266325008368
1.094871770941226 13.10898563019908 2250.1362579047304 29.45760874733671 0.3200058899810691
1.1174312486416549 13.112458491309166 2022.0120769518235 30.59835850768916 0.32407429892470413
1.1401016397657109 13.115755571095752 1818.4254749106767 31.785956718107293 0.32823251334864384
1.1628620611495737 13.118875974421002 1636.8010104580826 33.014686251072824 0.33244115707841276
1.1856936823015287 13.121536375264787 1474.4112903866528 34.28923059117106 0.3367241238101777
1.2085878707487663 13.123879173051908 1329.2127761233917 35.61624137439503 0.3411127402150824
1.23155151421159 13.125778129845857 1199.1362494875889 36.997738099487556 0.34560602950028835
1.254537557837919 13.127247417522655 1082.7664873328947 38.42988836321529 0.350159712918453
1.2775504203872494 13.128172280416134 978.4084733405149 39.915117765237085 0.35479282908260235
1.3005606006149513 13.128481524667285 884.8126934675681 41.46176665932198 0.35954306929155766
1.3235960203307513 13.128360028980694 800.7528774695571 43.072292684066674 0.36441260128419617
1.3465954008780279 13.127569424370789 725.2547445251325 44.749284437240306 0.36940339622661594
1.3695412991365727 13.125925641944692 657.354292951205 46.48482136806377 0.37444716364884406
1.3924544602349505 13.12366492991826 596.2911162131519 48.29218441838021 0.3796200801124104
1.415276595325789 13.120646643655688 541.3266959350249 50.17495751037706 0.38492830071692247
1.4380276529551468 13.11685234683792 491.7802784892325 52.13633201716925 0.39037465439353647
1.4606828409651293 13.112291023642122 447.12976682118864 54.17969155923178 0.39596076118668283
1.4832285697411578 13.106828065275623 406.8046080385634 56.303268354949616 0.4016547168852025
1.5055986775873147 13.100457013812118 370.4380420701409 58.51231403395418 0.4074834748773048
1.5278516726682154 13.093307405941067 337.58477788575306 60.81519205435582 0.4134728902688983
1.5499020008544615 13.084962669312114 307.8472993880359 63.2161536184049 0.4196260830890934
1.5717650363776094 13.075723697737622 280.9588080856626 65.71971453491602 0.42594389959220047
1.5934156943876436 13.06545322949988 256.62206861082706 68.33073803240521 0.4324317660202162
1.6148301886516339 13.054115298579966 234.58009660150452 71.05427830059865 0.43910468109849554
1.6360127541095901 13.041781233784494 214.58886049427903 73.89577398907666 0.4459698109322664
1.656907607300586 13.02835409638208 196.47985768406843 76.85776825981692 0.45301621508938233
1.6775188889437507 13.013656149447929 180.0024423115554 79.94839569347607 0.46025539722368836
1.697807058240801 12.997876158110843 165.06362268812245 83.17630835357903 0.467715802650558
1.7177836430308253 12.981005491431704 151.48503469662728 86.54857214841961 0.4754079836496747
1.7373832325494807 12.962701387458054 139.1296152015355 90.07270903945606 0.4833367695907361
1.756644043064823 12.943335323342072 127.88985359325471 93.756773091517 0.4915097873360812
1.7754882939359882 12.922618651823685 117.65548950946624 97.60942209330348 0.4999460838048278
1.7939329635781336 12.900681351585138 108.3339302387095 101.63989491414658 0.5086616799961631
1.8119525559264673 12.877438503510803 99.8255442629761 105.8580732517438 0.517663850735355
1.8295108082574871 12.85280460665979 92.07045186681549 110.27456985692561 0.5269652641498633
1.846605156662692 12.826940201828192 84.98845621679996 114.90079420601434 0.5365895350296913
1.8631936747999207 12.799664709368999 78.52296078753429 119.7489903375919 0.5465564124950223
1.8792835738095113 12.7709571715167 72.61210380294023 124.83063825695366 0.556868125364916
1.8948301433247552 12.740801153882636 67.19844044382937 130.15565441202122 0.5675330822010015
1.9098770123280497 12.709553781948348 62.25537826105225 135.74374955190376 0.5785972176166921
1.924286397522709 12.676403387765397 57.71904971163654 141.61124201551524 0.5900790565848968
1.9381402173772686 12.642152427875624 53.572432716441675 147.77572041877465 0.6019968204761637
1.9513706668507291 12.606257622980841 49.765410767718805 154.25612454372734 0.6143859181926697
1.9639810364979058 12.568952311117348 46.27158570579476 161.07292736586257 0.6272783584299454
1.9759430825677775 12.530125956128998 43.069538693344604 168.23313385878376 0.6406389408713372
1.9872635510076262 12.489998490246952 40.12947410402963 175.77327361875967 0.6545566013840528
1.997907813803596 12.448254686567461 37.426021004822 183.7197252565359 0.6690730962139649
2.007813610004219 12.404866866159672 34.938675809217074 192.09553902151572 0.6841963603904982
2.0170322175027975 12.360175661902526 32.65586211781581 200.91841888847551 0.6999377166601539
2.0255386464995095 12.313911705628783 30.551192506275967 210.2361919425153 0.7163975238354179
2.0332672329909336 12.26597851092603 28.612912842343793 220.07446135755174 0.7335751387903303
2.040275319075542 12.216783945373601 26.830644795757955 230.46396115273458 0.7515124789744875
2.046484958945629 12.165958751879359 25.18817952264474 241.46082618251808 0.7703158125392185
2.051934441932645 12.11372783238142 23.671709580573264 253.0810696470291 0.7899322243097623
2.056563683697983 12.059878960829527 22.274262358914626 265.40102901231654 0.8105367241254495
2.0604026570806098 12.004621896144812 20.984626479623767 278.4412888951399 0.8320849835804114
2.0634176601752023 11.947808803856814 19.794549707169693 292.2836910521443 0.854726511227804
2.065603128512158 11.88964424519797 18.696545084198476 306.9664493637569 0.8784752846762144
2.0669612445890664 11.830061461646252 17.68356459203638 322.5672767302093 0.903431439204137
2.06746464008874 11.76902592421076 16.748610921744184 339.1601791917551 0.9297041902929494
