M[M_sun], R[km], Lambda[1], P_c[MeV/fm^3], rho_c[fm^-3]
0.23841724892012095 16.20908015294055 2780876.1263280716 3.453507347168396 0.169602847481901
0.24841718379908234 15.866093068616664 2281977.594344505 3.6355172213738385 0.17197806741962562
0.2586906899297233 15.563069700927814 1881850.113297166 3.824701754205317 0.1743741228272205
0.2692536901792108 15.293712029580576 1558307.9220057894 4.020161707105702 0.17676520449450273
0.2801037962481101 15.05409880497376 1295699.9860297416 4.222233982002721 0.17914348401103944
0.29123034834747463 14.840047752081952 1060668.6044555644 4.432282649263592 0.18154557398639298
0.3026479316948235 14.648724394713755 905760.9709096135 4.650655155817102 0.1839753432235802
0.3143459523018526 14.477330096394146 761268.8450676831 4.877718611420161 0.1864344456992726
0.3263290324299356 14.323521931930177 641826.9770178823 5.1107715252558545 0.1888628826178673
0.33859601634345204 14.185226022721668 542745.1808139624 5.353036550526417 0.19131341986942932
0.3511432492004772 14.061005782784841 460203.35966304154 5.604996223180639 0.1937939148882715
0.363975330343734 13.949152521784411 391299.7550656199 5.8670628010994905 0.19630999717293263
0.377094056581873 13.848502710665759 333553.28996480326 6.13611289343727 0.19880144779150474
0.39049515485933517 13.757814316009744 281201.04868174734 6.415602490725491 0.20132332016770244
0.4041789523944863 13.67627165002114 244108.56698193058 6.706326888052208 0.20387984803992465
0.4181463886204808 13.602807347887655 206943.02929702014 7.008360360660582 0.2064620891634083
0.43240167930087875 13.536839162311944 180242.45449460906 7.318369590698325 0.20902126231886176
0.44693820999142725 13.477545617370161 155358.423033839 7.640917832568766 0.2116249034917446
0.46175354786524586 13.42418680483707 134154.76841361469 7.976538799268577 0.21427306502300444
0.47685543647700734 13.376437115233447 116063.22440750124 8.323274542726313 0.21692776210025286
0.4922394670158595 13.333786705804897 100601.98723926074 8.681128570873218 0.21958026832946098
0.5079023376532514 13.295653577201735 87336.5845016907 9.053579133722957 0.22228086055883092
0.5238492560041673 13.261792669169699 75948.47983664104 9.441230744554678 0.22503242840906332
0.5400754967226867 13.231747487752411 66151.05180020229 9.8386397343648 0.22775759102887327
0.5565779313634244 13.205213247099376 57706.61222607077 10.252029729505592 0.23052983156536297
0.5733528175740455 13.181837652112922 50415.27913342604 10.682339312616435 0.23335271433109891
0.5904111644464243 13.161520034965221 44105.778493922066 11.126541854383458 0.2361789218073024
0.6077353911976865 13.143797997465281 38642.33438204081 11.58554484475019 0.2390233694460177
0.6253313822946949 13.128543783266778 33899.34127827708 12.06338611380879 0.24192715749172392
0.6432006624544576 13.115534880345342 29776.45354867281 12.559683704077635 0.2448781665206725
0.6613189468908277 13.104457088986015 26186.90228388717 13.069530091925486 0.24780913541399777
0.6797197977514113 13.095319406507484 23059.60415516346 13.600327488007371 0.25079874118354595
0.6983614895948154 13.08784035878534 20330.065921612433 14.152981195737974 0.25384867804640865
0.7172734249741884 13.081987037255917 17943.69107033188 14.721383048128969 0.25689384393680526
0.7364322620396524 13.077458155526475 15855.245562154787 15.31132511116836 0.25998835311556867
0.75583195312407 13.074187813569544 14026.295328596476 15.925513954941495 0.2631488455513362
0.7754708488251684 13.072061814121147 12421.657206278087 16.560903348158657 0.266333120714718
0.7953475069463226 13.070941609418938 11011.518174686238 17.216878045022888 0.2695322600242245
0.8154662665991004 13.070778615767386 9708.061042212777 17.899890502212404 0.2728032521368463
0.8358022878860689 13.071344556661753 8680.062459216948 18.61048462879285 0.276143519071307
0.8563472987412742 13.072584966506657 7670.264594705702 19.340418051986283 0.2794747249688927
0.8771268173608701 13.074472898606349 6868.978944317652 20.100372464883822 0.28287683371728006
0.8980977369597699 13.076795536769293 6119.207185445019 20.891598397943483 0.28635148032900926
0.9192751938962347 13.079713314049394 5456.528030758538 21.70856912541123 0.28984717208013183
0.9406376633245572 13.082849937254943 4842.1617683452305 22.55481801924711 0.2933912153382375
0.962177185570641 13.086274347448564 4350.474005400646 23.43586246649514 0.2970186323273565
0.9839077374625114 13.089953339675606 3889.413495246028 24.351996402851793 0.30072239516548455
1.0057920966946476 13.093773917204278 3480.7929147212976 25.295098314105413 0.30442235193591805
1.0278305848435967 13.097607660979167 3117.5256069117772 26.27702375749324 0.30820869610222074
1.050022829334653 13.101445306265017 2794.45286583532 27.296178768340482 0.3120628009413454
1.0723496577897358 13.105299251809267 2506.999331663108 28.3386898129017 0.31588518428712875
1.0948011065678356 13.108922813812013 2250.855970713444 29.445083782132073 0.3199417953934804
1.116430948943209 13.111875053353087 2030.9477110972705 30.635924445505733 0.4083346667889165
1.132672817062166 13.108654670944121 1874.6877670376084 31.93816134528194 0.573411404785592
1.1441677457241923 13.09729541209263 1761.2228761438798 33.451270546298765 0.7242929757769425
1.1520834848178299 13.077839527138838 1673.910460740528 35.1404005845156 0.8656653191030886
1.1573588555539547 13.050980798818987 1602.9146706912213 37.002794572766085 0.9994234542704903
1.1607011919854235 13.017703907866272 1542.1446080326143 39.043022730179636 1.125335991028702
1.1625135708618037 12.97789096533442 1487.7600766717144 41.260494642767014 1.239428395999996
1.1632402951906124 12.932474993905286 1437.2019885527448 43.64450265638907 1.3452539557373673
1.1631491913402494 12.881635228772046 1388.4570278697543 46.19747445772783 1.4457153254122088
1.1625187814283022 12.825879308204803 1340.2886662282237 48.9223894468738 1.5422056832129718
1.1615276868670539 12.7654942587192 1291.9233048195638 51.82205116744219 1.637270789423349
1.1603009306255592 12.700829153650197 1243.0642674694416 54.879516911482916 1.7308837059032065
1.158992598707153 12.632370126921913 1193.3094907973916 58.11786020785574 1.8288896019665362
1.1576579019285507 12.560505875121605 1143.0550477264558 61.547985410763815 1.937262783104252
1.15634760005543 12.48577386474257 1092.60804648377 65.1841294836916 2.063756922990892
1.1550119716477973 12.408605516444238 1042.7471181247745 69.0421875732142 2.2082594989244395
1.1536906626588492 12.328407409298435 992.8799459272673 73.11619202795723 2.317192817552948
1.152639578249071 12.244221782721114 941.5608326689537 77.35400892606228 2.3435066083236307
1.1521968577108141 12.155854350998533 887.6737286756604 81.7509326804345 2.3623029133444806
1.1525709587518258 12.064373685296315 831.8226887120521 86.30770338761737 2.3814439962118144
1.1538384321869575 11.970712658597451 774.8933177781706 91.02945757778548 2.40106154766953
1.1561143023668896 11.87599595025062 717.8003289113792 95.922019066182 2.421258486047543
1.1593902666859908 11.780696812236195 661.4347106025172 100.99194530030589 2.4421128993055503
1.1636773690468563 11.685470120306354 606.5499812600345 106.24619770847572 2.463673207922499
1.1689545144104279 11.590797060040595 553.7465993938305 111.68485548445312 2.4859332469500437
1.1751903857708033 11.497154827834212 503.6026632685987 117.31576879026463 2.5089201766148963
1.182348504312484 11.404875782788096 456.3818257437101 123.15901539157957 2.532704966018891
1.190365050510804 11.314157926857284 412.36391479832747 129.22417107431843 2.557327714499188
1.1991947399276899 11.225477507844918 371.64257745455967 135.52136784533837 2.5828258081944266
1.2087730861282278 11.138899003315199 334.2868723710343 142.0614085749912 2.609230701488237
1.2190379562703515 11.054439638488518 300.19193502787925 148.8560574299988 2.6365831497314844
1.2299185767768546 10.972239686693115 269.2356820895297 155.91796017704053 2.6649322390866472
1.2413561906198536 10.892394731181193 241.25285076782075 163.2605116014539 2.6943157270956957
1.253279713223308 10.814788504838516 216.05241851501071 170.89835822139798 2.7247887062888556
1.2656159073405102 10.739513325449417 193.46620760565585 178.8469800743559 2.756405070192525
1.2783115825452933 10.666571594568227 173.23142056535275 187.1230297021796 2.789215525733285
1.2913038887247732 10.595737136014268 155.16358222830186 195.73749078251814 2.8232605913654374
1.304514866945408 10.527013486677292 139.04312212532963 204.7034985627062 2.858563490199926
1.317902884681774 10.46033120634461 124.69446788092901 214.05171196115413 2.8952537786124877
1.3314067786682877 10.39555331777256 111.90636229247082 223.8044683512398 2.9333952194936583
1.344969350640784 10.332484422127541 100.53759398937962 233.98527041720996 2.9730733832801697
1.3585310692323393 10.271105130695858 90.42058262616526 244.61984361452394 3.0143739797299713
1.3720490584968472 10.2112324292913 81.42268988835032 255.73526754826344 3.0573838807108356
1.385468701068818 10.152861152224384 73.4163712119244 267.32295919310684 3.1020348916310514
1.3987497694939703 10.095772819460004 66.29555550469297 279.4497340198137 3.1485868449222916
1.4118501313003249 10.03981798337276 59.948439168146365 292.14970986583165 3.1971568883351047
1.4247077421421923 9.984938236795223 54.28991855801268 305.4468411695473 3.2478016063398307
1.437299314923126 9.931019547727765 49.24606026426431 319.3551838218519 3.3005417809526976
1.449585045168924 9.877942011011529 44.743051622822435 333.951932555257 3.3556706746066762
1.4615108110672437 9.825566158384058 40.719442846553335 349.2599990715782 3.4132330563538695
1.473074056921058 9.773836417345285 37.118168570044524 365.3149321815396 3.4733284846925163
1.4842163178775 9.722564596417405 33.891652547113736 382.2013159872725 3.5362677093049717
1.4949029733660848 9.671767809783901 31.00285650958157 399.9154351964163 3.6019572345181183
1.5051116559374078 9.621270036595742 28.40966168990068 418.5792836972355 3.6708707968845453
1.5148267365773704 9.571092770097717 26.072759354581876 438.1898937305284 3.7428881818307813
1.5240018963996211 9.52097771150245 23.976659332929355 458.8730141905466 3.8185004621714116
1.5326270783468003 9.470974598001304 22.091231934538577 480.65677764268975 3.897704610308144
1.5406592489354474 9.421055182031482 20.390549790913003 503.64523466253087 3.98085410270513
1.5480935074806246 9.371031214416641 18.823457342243618 527.9303549461297 4.0682424279375
1.5549005115717942 9.32088171217238 17.46335984623258 553.5689869270958 4.159959093517179
1.5610640448594517 9.270614823076677 16.206995558057724 580.694101379455 4.256456027594581
1.5665652820378437 9.220059849250202 15.068723043053877 609.414517785471 4.3580405716838975
1.5713763133152583 9.169284113214735 14.039292104579383 639.8481093249011 4.4650444751551674
1.5755099822194487 9.11819140202951 13.105246075207678 672.1228930000941 4.577823537657016
1.5789264484407115 9.066751301912973 12.256436676403025 706.3784114953099 4.696754701364992
1.5816114488257242 9.014951522144049 11.484621287510263 742.7836013622706 4.822335364843096
1.5835784680138971 8.962725378790793 10.785583538620871 781.5125456208345 4.955046424355742
1.5847909619120049 8.910144131995517 10.149469753130948 822.7572574631656 5.095413351322232
1.5852606111958325 8.857025668363349 9.569779824919927 866.7262067076379 5.243987889164083
