M[M_sun], R[km], Lambda[1], P_c[MeV/fm^3], rho_c[fm^-3]
0.23841724892012095 16.20908015294055 2780876.1263280716 3.453507347168396 0.169602847481901
0.24840687674031983 15.866478716459413 2282507.6877589296 3.63541242159029 0.17197673432674332
0.2586788201774717 15.563447980690887 1882272.185755984 3.8244861892100914 0.17437148579850673
0.26923336890285365 15.294181225655748 1558855.19849625 4.019814427891103 0.17676095619222323
0.2800789633698345 15.054581363440072 1296288.1210454095 4.2217584372766215 0.17913792325325859
0.2911981174583002 14.840619575096161 1082000.3656832308 4.431672292091415 0.18153870623539242
0.30260820744845335 14.649410190060093 906365.6943143285 4.649903094146824 0.18396719800189948
0.31429776560794476 14.478000264826338 761709.2154220719 4.876790408631159 0.18642450641961392
0.3262736392920787 14.324206373714755 642298.6496899329 5.109669173450374 0.18885139599117104
0.3385323091546563 14.185932667014036 543159.6817083464 5.351764524518072 0.19130072745143256
0.35107013676437904 14.061613524677112 460616.674133475 5.603546563726868 0.1937799821470594
0.3638942175594711 13.949887464223464 391711.7811380665 5.86542696755293 0.19629484906996766
0.3770027898820315 13.849102592364376 333904.6035635663 6.134205838538269 0.1987837881316753
0.3903972647643361 13.758516995358152 285342.60747913754 6.413484700258973 0.20130444446473392
0.40406636244030103 13.676829425793509 244413.73069281518 6.703988885911447 0.20385985924456854
0.4180246269178678 13.603366770227238 209816.98577362814 7.005685491633837 0.2064392203179749
0.43226551754614667 13.537310927801128 180483.80469831527 7.315446828571515 0.20899716906626714
0.4467903640618713 13.477960395675668 155573.62233414885 7.637735747719506 0.21159960429341687
0.4616001538761898 13.424676343852585 134355.82416021128 7.973085515861386 0.2142466258065667
0.47668337184569765 13.376966056601443 116255.45951505263 8.319388070817851 0.21689800628242656
0.4920638721144437 13.334189685176689 100757.65446809253 8.676938116887674 0.21954943834850887
0.5077139017578007 13.296226842728828 87489.74121611535 9.049071118022523 0.22224884620659338
0.5236477346378511 13.262199003247785 76083.05194316627 9.436390335345086 0.22499923614975165
0.5398620569671874 13.23215325733052 66271.20217380858 9.83325138253422 0.22772064134890227
0.5563466157305379 13.2055858417043 57817.26690221874 10.246269163129421 0.23049176454755874
0.5731151331821154 13.182283304790976 50513.685337965275 10.676189978720554 0.23331358962604642
0.5901549351734036 13.161833760751918 44193.83692879615 11.119735457335075 0.23613561658408683
0.6074691690279491 13.14405458360568 38718.94137335743 11.578303846682026 0.23897884083242962
0.6250491664105267 13.128770948080566 33969.45551534693 12.055689876462566 0.24188139529915445
0.6428992916380425 13.115677474222748 29839.360305244707 12.551203824603322 0.24482774475481317
0.6610109176571635 13.104650206997926 26246.273462629513 13.060541434759738 0.2477575791663935
0.6793920999015933 13.09551861877191 23111.34614917453 13.590806902925411 0.2507460514471506
0.6980149510091945 13.08797249047653 20225.31798157163 14.142903467035461 0.253794687448791
0.7169132060729141 13.082102470568021 17986.681965568536 14.710337459579556 0.25683466811014577
0.7360539021367762 13.077525638189384 15894.192563938583 15.29965602550145 0.259927807980173
0.7554386784278343 13.074303293508963 14061.184559282006 15.91319144485831 0.2630870908805355
0.7750622056345141 13.072101264920262 12452.391493422807 16.547435894256925 0.2662656281197344
0.7949285692449066 13.070957756494801 11039.158317784106 17.20268089106249 0.2694634450790098
0.815027098213572 13.070725583759335 9796.60104132984 17.884927568780505 0.2727329163573689
0.8353480485099799 13.071302195397912 8702.79069116232 18.59417041739344 0.27606683138298976
0.8558814994432765 13.072561678176559 7738.6284737985125 19.323245918113546 0.2793964039407203
0.8766336653431337 13.074394722886058 6887.604395050552 20.08229972652642 0.2827970858581008
0.8975981804647484 13.076809793499644 6136.223472008637 20.872580385504715 0.2862701051867064
0.9187511985642597 13.079640010251483 5471.954155140578 21.68789607495275 0.28975871528537955
0.9401025204871822 13.082864285970203 4884.098074853806 22.533085268400335 0.29330084977095
0.9616241378479715 13.086203832898642 4363.17715757275 23.413013754957337 0.2969262591433335
0.9832981675777135 13.089967399023296 3903.1820746445173 24.327198149031904 0.30062214033668316
1.0052038515425756 13.093663963242268 3491.1117128443 25.269048663812 0.3043202658171256
1.0272288573606612 13.097481624306994 3126.607836881255 26.24965776550229 0.3081044195634194
1.0494032927376051 13.101356024786668 2802.890977694166 27.270516719253862 0.31197663850291085
1.0717055696024615 13.10519063170646 2514.741121128153 28.326818226701036 0.3158966046806617
1.094130944162895 13.108863744548803 2258.109256665528 29.420813333919977 0.3198728286401264
1.1166742952853999 13.112392408341261 2029.1836900931835 30.559711188887363 0.32393853192701666
1.1393292772608898 13.11570524591668 1825.0446156122832 31.7453570762362 0.32809345147733093
1.162071157838212 13.118764045074283 1642.7946328802243 32.97078561846254 0.3322907886554106
1.1848854094309624 13.121412204422993 1479.7798736375933 34.24312844107343 0.3365699809929452
1.2077645428985164 13.123782351875613 1334.154918772429 35.567811775174384 0.3409545877479772
1.2307012810895037 13.125744086638939 1203.7763749630092 36.94685084808749 0.3454442277405392
1.253667791115292 13.127163430078573 1086.951153227557 38.37493245272143 0.3499849743978632
1.2766690449731688 13.128144454217173 982.192602751323 39.85738767416087 0.3546133684486356
1.2996790687990598 13.128524631531247 888.2256975408382 41.40109971927905 0.3593585528657972
1.3226762800573735 13.128339263165408 803.9466777702963 43.00851558957663 0.36422274086002615
1.3456751671611271 13.127513172880787 728.1011107224722 44.681024245326334 0.36920169459486984
1.368615176684992 13.126016783364369 660.00562091002 46.412486910894344 0.37423694733359536
1.3915113639223933 13.123798755193198 598.684420304428 48.216122561218974 0.37940343931300197
1.4143403301056536 13.120850081506049 543.5000839127814 50.09494245634552 0.38470482612336315
1.437068926315745 13.117029128934 493.78178590383675 52.052123535366256 0.3901440165846971
1.4597243153707944 13.112528274322838 448.93253640622765 54.091129433045765 0.3957230017174407
1.4822317747684772 13.107080361359325 408.49181651714343 56.209969433850766 0.40139744879712347
1.5033174151442037 13.100216804197895 373.7380304046217 58.475101416733935 0.505353193772678
1.5213705047186699 13.089683485727479 345.35236110071605 60.93403036953038 0.6133251236637887
1.5367163095553245 13.07443865814123 321.60929216523346 63.60579271535905 0.7183683599169681
1.5497905879730094 13.054602535205214 301.22348722704504 66.495647545124 0.8206787945490213
1.5608764746289956 13.029984110702104 283.3918450225657 69.60995253229666 0.9201078902919665
1.5702778107876516 13.000997635080944 267.5275713405899 72.95475673214189 1.0165679047103133
1.5782135712277974 12.96739006705595 253.16838216075746 76.5366008720766 1.1111715083961982
1.5849147180232932 12.929791318456887 240.03287402127822 80.36074045181414 1.2035006100243304
1.5905297789732997 12.888335842920702 227.8845266201407 84.43650250211638 1.2946775611634378
1.5951895577130648 12.842932737934643 216.50825247151272 88.77282637895583 1.3840318851133477
1.5990596536252455 12.794173397567334 205.81500426490237 93.37941081488438 1.472476833515478
1.6022177732440888 12.741854544744285 195.6696078675811 98.26716267439922 1.5602113581502206
1.6047917532032294 12.686583722530434 186.02357079412883 103.44752765792155 1.646895983979256
1.60687091354802 12.628235683002764 176.76575969311875 108.93318503276087 1.7339506228217094
1.6084896852871224 12.567129555575665 167.91286556822132 114.73906899245024 1.8224282071793998
1.6097238080356167 12.503474022940122 159.4169584786396 120.88135741856547 1.9122878350901318
1.610642544102883 12.437491471886464 151.25307785723876 127.3777855766832 2.0040349616410515
1.6112202440919758 12.369112429466263 143.41076827325904 134.24757029034424 2.098045466975637
1.6115525789765355 12.298685129474599 135.86235353541917 141.5095573576499 2.1945641593256746
1.6116255001604254 12.22638934706536 128.64843922695167 149.17790289571326 2.2943751052874535
