M[M_sun], R[km], Lambda[1], P_c[MeV/fm^3], rho_c[fm^-3]
0.23841724892012095 16.20908015294055 2780876.1263280716 3.453507347168396 0.169602847481901
0.24841368868249286 15.866271106205897 2282252.7960826885 3.6355415032142204 0.17197837629381874
0.25869429898272517 15.56292865635177 1881549.4394210435 3.8247517012868304 0.1743747338349956
0.26925744826598436 15.29362489583153 1558256.2242142588 4.020242174881694 0.17676618886506623
0.2801096281061156 15.053961243800629 1295610.9551321669 4.222344172691136 0.1791447725201835
0.2912374037343191 14.839942998934715 1081269.3613776066 4.432424081232168 0.18154716538170704
0.3026572998748534 14.648603144350007 905692.5202703903 4.650829427453429 0.18397723067665306
0.31435860465767207 14.47715520385854 761134.1908674305 4.8779273862393 0.18643662115578213
0.32634272376113704 14.323332823851443 631037.9401620221 5.111026980316376 0.18886554448761098
0.33861077115116933 14.185077664587102 542585.3976280945 5.353331331501399 0.19131636122701745
0.3511604031754303 14.060785207140228 460112.2701535602 5.6053321760630785 0.19379714374630316
0.3639928742516961 13.949003424332691 391222.65128988767 5.8674419066887715 0.1963135077565816
0.3771148352701207 13.848371926414437 333477.88619704405 6.136554866831199 0.1988055405419518
0.39051856713493016 13.757676109726475 284945.0055517822 6.416093313136781 0.20132769482997062
0.40420487775499064 13.676132960022233 244035.80720151638 6.706868757364124 0.20388448076228055
0.4181743251021287 13.602720232998145 209477.73220797084 7.008980321579025 0.20646738953149243
0.43243121022415765 13.536781871095382 180191.0547227754 7.319047018940373 0.2090268465741115
0.44696791089614035 13.477323704773049 155301.83172682798 7.641655379146575 0.2116307673633985
0.46179072485248707 13.424088715924226 134112.5130625397 7.9773392187053185 0.21427919323787523
0.4768943970441739 13.376328741312328 116018.25858895404 8.32417539449707 0.21693465925062744
0.4922818330534484 13.33367587977373 100559.52318772727 8.682099899969177 0.21958741458560171
0.5079477167201046 13.295523864874882 87303.25565268473 9.054624089985685 0.22228828147306254
0.5238985727990423 13.26166723003891 75915.73213509128 9.442352768230643 0.22504012249012006
0.5401281566406368 13.231711360406688 66126.60368478332 9.839888809457245 0.22776615634279052
0.5566303028632772 13.205200395707035 57683.03204229891 10.253365109585586 0.23053865603399348
0.573405548127889 13.181861725995539 50394.813879166235 10.683764837374767 0.233361784132261
0.5904744640747066 13.161529100283374 44086.88518092368 11.12811974510257 0.23618896102618947
0.607797513767103 13.143681971770647 38622.0019066941 11.587223513190914 0.23903369243984202
0.6253984997443244 13.128396011547458 33880.75882440036 12.065170347433627 0.24193776662954744
0.6432686020833119 13.11542940864152 29520.308302046036 12.561649670957216 0.24488985625305487
0.6613971169827553 13.104492793846173 26175.851598000172 13.071614045321828 0.24782108834704622
0.6797971670702992 13.095264275874866 23047.682671200633 13.602534798397594 0.25081095709271567
0.6984397036472532 13.08776190932893 20319.015931720627 14.15531771276879 0.2538611957430605
0.7173594911457003 13.082055407347445 17935.715720461954 14.72394404287165 0.25690756425422345
0.736516281532539 13.077468603309184 15847.794108502436 15.314030708202552 0.2600023911253526
0.755922276133862 13.074179790747369 14018.03932607793 15.92837109731632 0.2631631642157639
0.7755632305878781 13.07207638649623 12414.113781227896 16.564026061047425 0.26634877029464527
0.7954483389660915 13.070941560528675 11005.07135188903 17.220170002377458 0.2695482164522266
0.8155657000261782 13.070729182916653 9765.821013792785 17.90336007482174 0.2728195614451141
0.8359101098158628 13.071300238303056 8674.604341663726 18.614267656424754 0.27616130182750825
0.8564665978282506 13.072593339792759 7713.168462493584 19.344400077246096 0.2794928867369565
0.8772397745314078 13.07449175148687 6864.642148132666 20.10456339108501 0.2828953266200109
0.8982139712819257 13.076787734678541 6115.002342562314 20.89600858971829 0.28637035085948204
0.9193966390549015 13.079723954365827 5421.248413719939 21.713363273550026 0.2898676855006731
0.9407613281887479 13.082861761997846 4838.839128334539 22.559857988625804 0.29341217171395023
0.962307112030422 13.086255440872634 4347.2882548753805 23.44116131204535 0.2970400545959299
0.9840393387242814 13.090004796367431 3886.949481352975 24.35774756429718 0.30074564606493515
1.0059298903369631 13.0937859444916 3459.6116578433844 25.301139785660265 0.3044460278922507
1.027973025635943 13.09762828448835 3115.235343709436 26.283370610513902 0.3082328804206804
1.0501662255741104 13.101495661852656 2792.429645682422 27.305939131549763 0.31210809212401747
1.0724952350680839 13.105337849023362 2505.359346183724 28.36518356228816 0.3160389795772602
1.094943731206701 13.108954583644646 2249.284455048502 29.4611027891697 0.32001852530293223
1.1175024717348288 13.112521694037321 2021.4790879156785 30.602028459853628 0.32408719136853914
1.1401836025131482 13.115853839370796 1817.8479657170867 31.789812122363568 0.328245718877211
1.162934060614562 13.118841625090461 1636.1974169903228 33.018855273974026 0.3324554368133924
1.1857730785991318 13.12154586143348 1473.8937097282223 34.29360874986294 0.3367387622102009
1.2086652312555708 13.123861145969148 1328.708888119433 35.620840636112646 0.3411277596370725
1.2316319497088988 13.125844027567055 1198.7810374571727 37.00257083766583 0.3456213957368238
1.254618855670062 13.127265592401255 1082.4051026410978 38.43510769590416 0.3501763083758719
1.277635880213171 13.128181992625013 978.0461026321642 39.920600661037895 0.3548098732953871
1.3006434076230744 13.1284875827117 884.4995302615827 41.46752857843703 0.3595605939717192
1.3236805896803283 13.128318061588544 800.4395626571019 43.07835009812788 0.3644306338272625
1.3466738736172292 13.127471792355246 724.986005334476 44.75565449967532 0.3694219087185236
1.3696440060897757 13.125948871871675 657.113634652721 46.491691930696106 0.3744671306800042
1.392541146758239 13.123687377173438 596.0871068156492 48.29940915153594 0.3796406577320582
1.4153744331423346 13.120659980547709 541.1144185417295 50.182557877569586 0.38494952783461683
1.4381314108024916 13.116909488937393 491.59293887854767 52.14433085467336 0.3903965623333985
1.4607751766625912 13.112248366671492 446.9448944647002 54.18811284940351 0.39598334122864737
1.4833181924329288 13.106824914593904 406.65511441444 56.312344147695896 0.4016790518477668
1.5056968819963719 13.100418999545086 370.2863662070857 58.521870189756086 0.40750864036923645
1.527941251132601 13.093180922915604 337.4210178403877 60.82525859982669 0.41349893931664017
1.5500216456704057 13.085105367127612 307.7344073891203 63.22676253422214 0.4196530538609618
1.571864741803414 13.075710727482447 280.85610196616364 65.73089964260123 0.42597180849195343
1.5935119563187383 13.065406614344266 256.53823993082966 68.3425356673158 0.43246073414597896
1.6149285703970102 13.054075547681219 234.47975741101234 71.06672776378421 0.439134775845333
1.6361232724989347 13.041850474743214 214.50250199101117 73.90891720810204 0.44600107785067106
1.6570015485130967 13.028295084179446 196.3806896006345 76.87192284378739 0.45304988798345813
1.6776117436925229 13.013600423156909 179.93252503189885 79.96334407390171 0.46029037899965747
1.6978976135973172 12.99776106344715 164.99375686288832 83.1921024423049 0.46775223795503784
1.7178933661694507 12.981037992877221 151.43208025445392 86.56526804960913 0.4754459664287849
1.7374790513276333 12.962609427140157 139.07562766199675 90.09036676151572 0.48337636214095236
1.75673710832863 12.943280203231526 127.83613786610698 93.7754567923241 0.49155107905748974
1.7756105308311425 12.922740199393797 117.61143496459562 97.62920100212854 0.4999892402826644
1.7940226588820072 12.900516388125421 108.27947429888846 101.6608438356631 0.5087068234991102
1.8120399502499558 12.877273717929247 99.78192804951917 105.88027241091058 0.5177110626493655
1.8295997303520761 12.852711072892731 92.03056791249409 110.29810539155504 0.5270146832901921
1.8466914505361136 12.826788031266496 84.95260313944264 114.92575925503021 0.5366413576066796
1.8632815122941058 12.79952331925778 78.49372807501392 119.77548562603896 0.5466107995832632
1.8793619871600267 12.77081341350481 72.5822389630001 124.85837530178428 0.5569237476184041
1.8949157049076129 12.74065686526404 67.17372380065378 130.18513195660668 0.5675915856996361
1.909943760540408 12.709225016782886 62.2257121373414 135.7750933804327 0.5786587991659603
1.9243582775655352 12.676299955377146 57.70223974809782 141.64458778486542 0.5901438526055274
1.9381999867106683 12.641825180190704 53.545422920346134 147.81121478921418 0.6020650967072638
1.9514607358603133 12.6061576840037 49.74582901001227 154.293926731711 0.6144579524835445
1.964050253596721 12.568680296909404 46.252000338921434 161.11321009720956 0.6273544160120691
1.9760056937869106 12.52989694167287 43.052779713254566 168.27559725606932 0.6407175814718158
1.9873251973402426 12.489771223260982 40.1144417443669 175.81858521074741 0.6546397963079728
1.99794413818922 12.447847106678356 37.40802991268942 183.76810432439765 0.6691611757057706
2.0078711368338826 12.404641429355014 34.9248339331976 192.14670468703335 0.6842878704397367
2.0170898320819157 12.359846148505875 32.64003605103316 200.97312336211922 0.7000347797217507
2.025589761770181 12.31363658671146 30.539404059551334 210.29471583446895 0.7165005546845684
2.033310711235194 12.265749493292294 28.60391640202662 220.13654963348884 0.7336826535108951
2.04030483855182 12.21646813935482 26.820794426313036 230.53047764038863 0.7516268103282268
2.0465251088046137 12.165648961642884 25.176882147973963 241.5315524477413 0.7704354859530202
2.0519613410929 12.113317952009341 23.662227889240278 253.15694846517698 0.7900597114014954
2.056599923315058 12.059583675766033 22.266032243605377 265.4824907888388 0.810672640862805
2.060423539289085 12.00425724714525 20.97727415234241 278.528163217723 0.8322278025194678
2.0634373213389425 11.947525287565677 19.787916251543706 292.37646087082476 0.8548770102495743
2.065619915974377 11.889344861948677 18.69027119549787 307.06627455439855 0.8786361325318669
2.066967319278009 11.82967969610188 17.677605494773758 322.67410041931663 0.9036012369347112
2.06746235694893 11.768626238606148 16.74420146419929 339.27463662711705 0.929883793409234
