M[M_sun], R[km], Lambda[1], P_c[MeV/fm^3], rho_c[fm^-3]
0.23841724892012095 16.20908015294055 2780876.1263280716 3.453507347168396 0.169602847481901
0.24840778270833347 15.866429021741272 2282394.843348876 3.635438515127884 0.17197706624641018
0.25868230479621745 15.563322174561293 1882133.6885118997 3.8245398607817447 0.17437214236835202
0.269238928947433 15.293990528751499 1558705.95008261 4.019900892415394 0.17676201392162424
0.28008536341586526 15.054453341463018 1296048.7889445648 4.221876835243089 0.17913930773378617
0.29120643457774736 14.840464276218686 1061107.972032044 4.431824252629877 0.18154041609838353
0.3026195203523068 14.649185574192991 906192.2566565992 4.650090332278745 0.1839692258889091
0.3143100697905563 14.477838807349913 761653.3588652943 4.877024508306486 0.18642704184167608
0.32628816857432896 14.324006042185939 642173.6145087549 5.109943613970425 0.18885425569148492
0.33854706278740065 14.185751478559474 543054.8836823928 5.3520812028999 0.19130388730379905
0.3510881095246546 14.061521087786216 460531.4806055358 5.603907460483363 0.19378345074176934
0.36391458273497984 13.949737153272327 391610.7702257529 5.865834207894734 0.1962986201863151
0.3770253021485802 13.84894363334942 333809.5626208937 6.134680591464458 0.19878818442628848
0.39041869975415233 13.758282124312611 285254.3319861784 6.414011908611331 0.20130914343208642
0.40409370968134684 13.676692177231113 244338.313411345 6.704570907592775 0.20386483525039764
0.41805353104359044 13.603266443399635 209743.1655314479 7.006351361525221 0.2064449131857275
0.4322993923536671 13.537153394052659 180411.71948463103 7.316174399648827 0.20900316666476665
0.4468248912035322 13.477826138812791 155523.25643991283 7.638527863950811 0.21160590202166227
0.4616377484486639 13.42451233990174 134303.14164788832 7.973945132233337 0.21425320724823585
0.4767301324375017 13.376833819874417 116207.52691485953 8.320355502772085 0.21690541318762682
0.4921085020363562 13.334179963183095 100722.89549613264 8.677981205937602 0.2195571125565187
0.5077611814349071 13.296107640187182 87452.82075042704 9.050193243014233 0.22225681514617265
0.5236983406675304 13.26211091336433 76049.24862298834 9.437595186706835 0.22500749820717272
0.539914056460764 13.232094789493893 66244.13206446805 9.834592601291256 0.22772983852187867
0.5564056261482723 13.205491790812866 57790.13893074152 10.247703015786763 0.23050123974341127
0.5731705303088908 13.182177808524111 50490.68831767285 10.677720583827377 0.23332332799354608
0.590219992966751 13.161826924114552 44173.90115650705 11.121429578483474 0.2361463953109175
0.6075375187453518 13.143953548683854 38698.134004448104 11.580106123252532 0.23898992395608626
0.6251187428982998 13.128704164086235 33951.53621444005 12.05760544337739 0.2418927853509541
0.642947313445553 13.115881218419094 29841.795535700716 12.55331439806771 0.2448402943248127
0.6610897519560944 13.10458751332236 26230.962593914366 13.06277861792944 0.24777041097956717
0.6794761413560207 13.095473169608715 23098.870583684224 13.593176455510246 0.2507591652526568
0.698103012598201 13.087906124085368 20365.396959461767 14.145411662622926 0.25380812489910415
0.7170036177497247 13.082044857386935 17975.343795409884 14.71308648871297 0.25684939580625293
0.73614624680608 13.077577486922523 15885.430443062132 15.302560204421516 0.25994287633350827
0.7555302809392933 13.074201952220577 14052.113317852045 15.916258219129515 0.2631024601222127
0.7751640578098279 13.072099164467957 12444.703268786245 16.550787552083296 0.2662824250648622
0.7950346447780275 13.070943993367496 11032.166830347674 17.206214118515273 0.26948057096594974
0.8151394111961149 13.070729706938845 9789.959848441023 17.88865134169346 0.27275042057682036
0.8354630375724996 13.071270521468698 8641.23270938921 18.598230397215232 0.276085915999434
0.8559990953605312 13.07254729866369 7685.018155808568 19.327519363934723 0.27941589485973095
0.8767576468796073 13.074445398153673 6841.419471457008 20.086797256346433 0.28281693168155314
0.8977202618284165 13.07677088038518 6132.115021526666 20.877313111677342 0.2862903557921268
0.918881492182432 13.079655730159304 5468.194912208388 21.693040560468592 0.2897807277455288
0.9402335595146146 13.082768769172167 4880.474605534543 22.538493412262063 0.29332333702953417
0.9617585578313332 13.086163511839576 4359.6426271160835 23.418699552309114 0.29694924578764487
0.9834675094076191 13.08986679164746 3898.220947225069 24.333368951827776 0.300647087769771
1.0053490565821592 13.093688529990244 3488.342392073859 25.27553080630217 0.3043456687212271
1.0273783506487282 13.097564771083293 3124.594558266931 26.256467402526685 0.30813036729371296
1.0495548332464373 13.1014230509984 2800.9605494451753 27.277671585690197 0.3120031904241559
1.0718561543388312 13.105176205447622 2512.833805218205 28.334567307112685 0.31592536174756747
1.094291580730612 13.108869149926138 2256.410764874787 29.428950952420347 0.31990225628692237
1.1168363409691264 13.112380718498645 2027.6781321075273 30.568258279304953 0.3239685576271412
1.1395046402046694 13.115737525597206 1823.6008253080083 31.754335836465206 0.3281242055219966
1.162246735436528 13.118813289813218 1641.4666975954487 32.980494153896224 0.33232404232571156
1.18506287778896 13.121445578785673 1478.625398602825 34.25332372375503 0.33660406898215384
1.2079455680548017 13.123765422790436 1333.0483653941947 35.57852164114499 0.34098956205610437
1.2308905857288983 13.125735074096788 1202.601216019444 36.95810407706916 0.34548000865229994
1.253860129206048 13.12718625465518 1086.0024228131308 38.38708510219793 0.3500236151186098
1.2768751730979748 13.128171243043656 981.3516011888329 39.87015364064605 0.3546530529250658
1.2998685749096537 13.128499154365073 887.5167854671117 41.414514956011466 0.3593993548500549
1.322879331701255 13.128327660131298 803.2427884163418 43.022618400050334 0.3642647240453678
1.345876044621758 13.127513635795669 727.4714829588311 44.696240465690636 0.36924699233186664
1.3688190617209333 13.125958461039351 659.4062186883909 46.42848133840335 0.37428342987797364
1.3917215112075996 13.123768773033932 598.1273130372418 48.232940967565234 0.3794513418114633
1.4145356703560859 13.120717204040483 543.0046904103691 50.1126347417359 0.3847542390286546
1.4372839725244897 13.116983838168672 493.3344759163537 52.07074278869271 0.39019501268031
1.4599377124359727 13.112473763613735 448.5317445529219 54.11063934149407 0.39577561117493104
1.482453555886756 13.107027337473886 408.1092165520411 56.228851823370455 0.4014551835154163
1.504838490708702 13.1007231772354 371.64057421265863 58.43396002856371 0.40727713488752826
1.5270699677588822 13.09344169247354 338.6554786015356 60.732654537778295 0.41325930918330667
1.549112849877861 13.085239890091556 308.860933548463 63.129170548856415 0.419404948284593
1.5709880651057286 13.076097355460716 281.8882111875332 65.62800879457933 0.42571507691245003
1.5926300923044983 13.06586066775145 257.4752765922562 68.2340119146846 0.4321942629643999
1.6140511651941178 13.05470099428758 235.37939828590686 70.95220980983648 0.4388579455289542
1.6352156362166899 13.042294383742652 215.3111479108131 73.78782459893004 0.445712627368201
1.6561074590244138 13.028796594488231 197.11633086622103 76.74172630840026 0.45274015834715986
1.6766920921896031 13.01421411730909 180.66289402328388 79.8258483749343 0.45996861546400725
1.697012020633653 12.99848855069716 165.63102717334382 83.04683040873675 0.46741711062560887
1.717004158052999 12.981681276957206 151.99946725212502 86.41170398994294 0.4750966118362197
1.7366229986275292 12.963533551916807 139.60359422467633 89.92795911359453 0.48301220798029126
1.7558616786837413 12.944128826187384 128.32995592349658 93.60361587156166 0.4911713037924085
1.774729271920826 12.923526510983585 118.05530448860918 97.44729053131714 0.49959232176348545
1.7931838833785423 12.901668765956867 108.70651038804668 101.46817631635278 0.5082916380816195
1.8111945289083107 12.878422301373565 100.17001233962931 105.67611055200346 0.5172768627747433
1.8287933527304274 12.854064228872405 92.38680932857946 110.08165758600019 0.5265601933181148
1.8458749155081766 12.828064177248596 85.2820202151331 114.69616958360878 0.5361647741873808
1.8624653765235994 12.800757950798507 78.79081130270357 119.53182848645008 0.5461106426448762
1.878591126570253 12.772211027364941 72.85566503669591 124.60168678146503 0.5564063801885363
1.8941822985511272 12.742313892229784 67.43090601500663 129.91405799105146 0.5670535905715904
1.9091713113139903 12.710736479904856 62.46510452173214 135.48686394932847 0.5780925117739877
1.923627754066914 12.677998392799461 57.91984523768744 141.33795644249105 0.5895480201753978
1.9375031062915566 12.643688840408561 53.75505866374001 147.48483403717168 0.6014372774960152
1.9507702239889007 12.607979171635355 49.935884055090234 153.94633376172294 0.6137955936508501
1.9634000208464377 12.570691188196363 46.42963712753345 160.74281804375866 0.6266550810096673
1.9753905049986615 12.532024890942019 43.21541322644755 167.88516021071513 0.639994506879144
1.9867298990131461 12.491903242221031 40.26504504880391 175.40197137645555 0.6538748671865838
1.9973892485002693 12.450197277638823 37.55110721292787 183.32329933986716 0.6683513585943283
2.0073445417543616 12.407058363277033 35.0586685397516 191.67628764240385 0.6834465271975221
2.0166084684463303 12.362458044640396 32.764703045918985 200.4701854326404 0.6991424085503126
2.0251190075781658 12.31617807524764 30.651050817610976 209.7566795760863 0.7155533461048862
2.03289383704267 12.268425635940797 28.708633926469293 219.56575625944365 0.7326942432323926
2.0399427096802727 12.21937710528236 26.918122126903405 229.91899416530325 0.7505757666552751
2.0461842945200375 12.168560686123605 25.266939526113422 240.87718138554604 0.7693209436725809
2.051660907911791 12.116391947364914 23.74801971851973 252.45943699731617 0.7888877939855596
2.056335544955964 12.062732417290619 22.34590171214175 264.73368419742434 0.8094232776257096
2.060219125827736 12.00756248367389 21.05054057082263 277.729624722471 0.830915027728291
2.0632706010362774 11.950943384967402 19.8575651244582 291.5237551233403 0.8534936790899391
2.0655172599004277 11.892944062426576 18.755557852646444 306.1487527344649 0.8771577339803383
2.066904218063738 11.833338515581664 17.737640306325762 321.69228271154054 0.9020406241154854
2.0674615246582597 11.772469623802793 16.79808589736141 338.21792465656097 0.9282171258366336
