M[M_sun], R[km], Lambda[1], P_c[MeV/fm^3], rho_c[fm^-3]
0.23841724892012095 16.20908015294055 2780876.1263280716 3.453507347168396 0.169602847481901
0.24841536007783888 15.866215534824278 2282131.7882515346 3.6355659298970675 0.1719786870104628
0.2586941241803945 15.563041056650198 1881743.2657838836 3.824801946770896 0.17437534849315975
0.26926175938842617 15.293631414504656 1558143.8377894787 4.020323124199149 0.1767671791263759
0.2801139442522781 15.053925206435546 1295527.5369903254 4.222455023785051 0.17914606875174527
0.2912451466624069 14.83981731060707 1081162.7219049945 4.432566362081699 0.18154876632864644
0.30266694732717137 14.648397308724167 905529.0177030179 4.651004746556588 0.18397912947434017
0.3143696901155799 14.476984536089152 761001.3808726812 4.878137417632729 0.18643880970593357
0.3263555173018935 14.323177299990308 641572.335007904 5.1112839754980985 0.18886822240558643
0.3386254312151394 14.184958765511938 542474.8845332293 5.353627892053218 0.19131932034142263
0.3511768198449586 14.060643099030447 459993.2191434537 5.60567015969461 0.1938003921219543
0.3640123048227311 13.94889742825914 391124.0201216524 5.867823306756827 0.19631703958750282
0.37713744643109554 13.848174211558485 333380.21756267175 6.136999519781863 0.19880965810555995
0.3905409303678109 13.757559215255164 284864.5189349351 6.416587114894582 0.2013320960469243
0.40422865453221557 13.675926382451488 243971.35344811087 6.707413919794089 0.20388914163921407
0.4182025234035712 13.60249253472893 209405.20896592652 7.009604056783885 0.20647272216791265
0.43246167863912927 13.536579050098247 180128.85144074375 7.319728576086453 0.209032464865223
0.4469995461751314 13.477213682003821 155247.7356396398 7.642397426122268 0.2116366670155121
0.4618241713214383 13.423968384289148 134062.5656243283 7.978144527574979 0.21428535888748854
0.4769321291605112 13.376208086331674 115983.97871209022 8.325081758967148 0.21694159860763065
0.4923221604215789 13.333536203930976 100515.18387684658 8.683077179431113 0.21959460461973648
0.5079908582108403 13.29547512307518 87272.06979513602 9.055675454389975 0.2222957478956763
0.5239414347627839 13.261625253622382 75892.98497399093 9.44348167977272 0.22504786380351363
0.5401755449567054 13.231592504894904 66098.02676233441 9.841145566185821 0.22777477433218363
0.5566848735602272 13.205075220515504 57659.37079028402 10.254708710362284 0.23054753482669343
0.5734673077274367 13.18180180711214 50372.34845735235 10.685199146469687 0.23337090982314768
0.5905330696838746 13.161396348327433 44065.74202630729 11.129707376936375 0.23619906222223463
0.6078590655360473 13.143657967479403 38604.47508168504 11.588912554957256 0.2390440792245697
0.6254638506007435 13.128420459697683 33865.775670552735 12.066965617292157 0.24194844138934035
0.6433367742088587 13.115374579577535 29744.869252811917 12.563627820948172 0.24490161842679575
0.6614710415853863 13.104433065569383 25956.505904024874 13.073710925147132 0.2478331154222229
0.6798723236098474 13.095270007536644 23035.152654799116 13.604755813088794 0.2508232488455441
0.6985192410491977 13.087751037844102 20308.3883738097 14.15766874961455 0.2538737912284194
0.7174387404567936 13.08196419424222 17925.67406565231 14.726520982721468 0.2569213699962337
0.7366069904699417 13.077477381968649 15838.61230921034 15.316753165946604 0.26001651661705155
0.7560117174781069 13.074185502993565 14010.993621601561 15.931246060828688 0.2631775721914176
0.7756569336828486 13.072023017932743 12407.1714523769 16.567168289392406 0.26636451767693303
0.7955460231277524 13.070937912999662 10998.479327104787 17.223482551170644 0.2695642726888751
0.8156698398342956 13.070750693143136 9759.83659220745 17.906851369071937 0.27283597285959976
0.8360153714631433 13.071348609372828 8669.44883222095 18.61807441507493 0.2761791961353431
0.8565715780928995 13.07257638816037 7708.306924084046 19.348407103845457 0.2795111625345657
0.8773539040085198 13.074500997735395 6860.101413003329 20.10878065334229 0.28291393573335966
0.8983319807583486 13.076827063558282 6111.442505165175 20.9004465197173 0.28638934007753847
0.9195170742425762 13.079751986819696 5449.68550951242 21.71818763579837 0.2898883282027296
0.9408840819969342 13.082866008985405 4863.447953247676 22.564929749179743 0.29343326027852423
0.9624392182011028 13.086260485978698 4344.330973700682 23.446493611146508 0.2970616121111238
0.9841741304854502 13.090017166209911 3884.19838655356 24.363535109953826 0.3007690440591327
1.0060681631428092 13.093811455201752 3475.8541163577815 25.307219511765197 0.3044698537645516
1.0281133027961895 13.097632776489428 3113.0851298858215 26.289757687339748 0.30825721800963674
1.0503207355055746 13.101582911009563 2790.3914360638737 27.312650213795358 0.31213299714898746
1.0726354542846857 13.105289458945624 2503.400921965729 28.372452511802226 0.31606595486418537
1.0950937819624167 13.108968490839215 2247.6725238266863 29.468736432206743 0.32004613044945646
1.1176561569187715 13.112494888940024 2019.8471645190841 30.61004645850029 0.32411535838341804
1.1403390688606756 13.115870024129633 1816.551851119343 31.79823532683898 0.3282745700326109
1.1630995787031009 13.118834299256589 1634.9768379281438 33.02796375711328 0.3324866351848999
1.1859350845252208 13.121535989493566 1472.7694252876472 34.30317419442359 0.33677074433184895
1.2088341554905577 13.12389331791818 1327.7648695712658 35.63088919302592 0.34116057436385644
1.2317997532679346 13.125784634620622 1197.829435821236 37.013129545669806 0.34565496834074166
1.2547996644421722 13.12725881945751 1081.5256954534575 38.44651116508174 0.350212566993294
1.2778182274539007 13.1281607945381 977.2738271202091 39.932580031252364 0.3548471125467573
1.3008269853121721 13.128505281272277 883.7931472226078 41.480117634628996 0.3595988831560854
1.3238618780868021 13.128337091860928 799.8338872352134 43.091584835781035 0.3644700328140727
1.346859134769428 13.127469071101732 724.4027948743255 44.7695724044752 0.3694623565324356
1.3698204874882918 13.125885305721239 656.5796165308163 46.50670353663666 0.3745107569766583
1.3927475372388283 13.123686494206689 595.567615130417 48.31519466889154 0.3796856183368426
1.415568243517535 13.120618131304159 540.6697136804465 50.19916421233686 0.38499590778096
1.4383264429246168 13.116831052384315 491.16956983672225 52.16180791328747 0.39044443008279156
1.4609691343746944 13.112166924472493 446.5634319263089 54.20651304337758 0.39603267774877876
1.483521689121481 13.106790750684688 406.3181489094196 56.332174628009966 0.40173222340088244
1.505906942620541 13.100366146723475 369.9555468807213 58.54275037100179 0.40756362691859405
1.5281492539334904 13.093083972208778 337.1341395232317 60.8472541048992 0.41355585675305356
1.5502036567962731 13.08482758381946 307.46207812128773 63.24994325726623 0.41971198561268247
1.5720599719052788 13.075547772318009 280.6024663423468 65.75533950163067 0.4260327904328364
1.5937210288182404 13.065292553105339 256.299272763881 68.36831407518969 0.432524030914095
1.615137946185719 13.053965360110897 234.27595199158608 71.09393061594109 0.43920053474085463
1.6363220623977548 13.041696166625577 214.31913569696732 73.93763614136242 0.44606939844558674
1.6572170833379123 13.028186368221512 196.22567842959975 76.90285206162974 0.45312346671091674
1.6778292916188338 13.013549478759291 179.78648884026367 79.99600803297807 0.4603668182704105
1.6981110925044045 12.997661864073159 164.8546727525225 83.22661460520997 0.4678318538914512
1.718065672184303 12.980596579953675 151.28642971003453 86.60175104338983 0.4755289643741083
1.7376764240522842 12.96237541333264 138.95201234780848 90.12895174820461 0.4834628782848758
1.756948851267495 12.943073661884052 127.72631243076937 93.81628400514317 0.4916413088205875
1.7758034697827574 12.9224186674577 117.50755886363818 97.67242176089187 0.500083545571907
1.7942254622844098 12.900282926313988 108.18523506999459 101.70662164876843 0.5088054715769699
1.8122353832743336 12.877002869191346 99.69238483112744 105.92878263655935 0.517814231448902
1.8298054484449218 12.852499131272678 91.94989253167188 110.34953631474868 0.5271226762485234
1.8468928763947408 12.826546950100706 84.874136224953 114.98031446679794 0.5367546035955076
1.863477595396301 12.799190351243293 78.42018306463589 119.83338530267937 0.5467296507076379
1.8795447107097998 12.770378987995068 72.50982865960695 124.91898878409788 0.5570452983639371
1.8951225682581019 12.74049549894546 67.11865613938407 130.24954950948276 0.5677194339403809
1.9101057113179016 12.708824992849674 62.16963464698594 135.8435899671283 0.5787933751295955
1.924531855768929 12.67579046834204 57.63924001238896 141.7174599543605 0.590285454574533
1.93837268500587 12.641477606949314 53.50136618171311 147.88878314866676 0.6022143055866006
1.9516009463249213 12.605594246983323 49.69974377877463 154.37653934185693 0.6146153756674023
1.964209939576821 12.568284254165258 46.211810092692225 161.2003995246222 0.6275176536907319
1.9761607993898906 12.529461966611787 43.01575807668197 168.36839791152522 0.6408894447643539
1.9874540568792947 12.489157372834413 40.076778883651706 175.91761144296095 0.6548216146792477
1.9980784622389351 12.4473557240679 37.37744689986983 183.87383552789188 0.6693536711605899
2.0079946356195983 12.4040783808307 34.894868830185054 192.25852670055235 0.6844878646714065
2.0172007745615037 12.359176615882843 32.611135103318674 201.09268077961175 0.7002469124451912
2.0256973394953097 12.313023625964496 30.51393222893205 210.42262215606303 0.7167257327526296
2.0334227310928896 12.265137777167672 28.578281238330316 220.2722471546912 0.7339176331564596
2.040394060203742 12.21572644602088 26.79690408871535 230.67585508274766 0.75187669122805
2.0466150631582916 12.164979096735223 25.155388110464433 241.68613209682653 0.7706970447141386
2.0520396238134553 12.112662733288955 23.6425543949553 253.32279172955924 0.7903383514221983
2.0566423137716487 12.058750665480254 22.248184079574283 265.65944638745736 0.8109661751037677
2.0604706718680337 12.003440735230013 20.95974506387191 278.7180431000565 0.8325399596970631
2.063472806494026 11.946723921304343 19.771099989048366 292.57922861533405 0.8552059571811226
2.0656393176164256 11.888463593883312 18.676019425809308 307.2844664500985 0.8789877040973054
2.066987251106043 11.828809229709991 17.662503356309173 322.9075919196908 0.9039723749023585
2.067458332128776 11.767708059898686 16.72985693775553 339.5248167401277 0.9302763684113478
