M[M_sun], R[km], Lambda[1], P_c[MeV/fm^3], rho_c[fm^-3]
0.23841724892012095 16.20908015294055 2780876.1263280716 3.453507347168396 0.169602847481901
0.24840862048475337 15.866433376882322 2282329.0024729082 3.6354553298237215 0.1719772801357006
0.2586838401307988 15.563195647085115 1882017.9441417605 3.8245744470663907 0.17437256546592228
0.269238800703111 15.294203223728294 1558671.1834984457 4.0199566111597775 0.17676269553474366
0.2800890707737629 15.054383527153727 1296021.4808581155 4.22195313287138 0.17914019991617594
0.29121130257411715 14.840381918695115 1061036.2695816997 4.431922179290558 0.18154151797111073
0.3026257421171205 14.649118005580258 906124.5030860206 4.650210993482019 0.1839705327129207
0.3143195856330433 14.477674693913121 761560.4775538086 4.877175369667937 0.186428675749214
0.32629533720391773 14.323929514783567 642100.8459929187 5.110120473546393 0.1888560985876608
0.3385577097572145 14.185604513480886 542971.2025769219 5.3522852835411046 0.191305923643297
0.3510996315639261 14.061352083325287 460468.3700561724 5.604140038861063 0.19378568606285773
0.36392850322094555 13.949666870995156 391554.91542403813 5.866096653945714 0.19630105048236288
0.377041148955201 13.84887795585498 333765.6654353233 6.134986548778367 0.19879101764419363
0.39043435637498497 13.758213093690724 281395.2507347897 6.4143516733342185 0.2013121717288371
0.40411142133378736 13.676630617592492 244291.35949624417 6.70494599968667 0.2038680421076429
0.4180741540645587 13.603128386119948 207090.38502571723 7.0067804947696715 0.20644858206885394
0.43232082721528414 13.53709254274661 180389.45921955386 7.31664330034758 0.20900703196152592
0.44684860158457346 13.477687144279239 155479.47270531516 7.63903836540271 0.21160996076870706
0.4616621883868235 13.424463319214347 134271.63916803434 7.9744991393063 0.21425744886735104
0.47675675862264044 13.376742560202786 116179.97591122419 8.320979000938308 0.2169101868482337
0.49213897365752957 13.334142092077771 100698.38422948992 8.678653468053101 0.21956205851900562
0.5077896166147681 13.2959400432544 87426.71228666001 9.050916447209117 0.2222619510896505
0.5237309926941278 13.26203469354282 76028.13119306222 9.43837171196015 0.22501282309324208
0.5399487583838092 13.231943553628794 66221.03100281417 9.835457023542796 0.22773576614623553
0.5564429551127774 13.205480227044813 57774.84707702399 10.248627146079386 0.23050734658812158
0.5732117901997631 13.182120776172672 50472.73326568609 10.678707077171254 0.2333296044881663
0.5902582663494229 13.16168346229157 44157.6554836033 11.122521470700663 0.23615334239846714
0.6075786701495345 13.143953840440066 38686.69301763459 11.58126772971864 0.23899706727044484
0.6251642553451758 13.128693832860174 33940.98021106365 12.058840074335157 0.24190012652523185
0.6430223476848067 13.115563377800408 29811.01142422916 12.554674729436398 0.24484838291970024
0.6611414878843505 13.104655118346162 26222.62055097986 13.064220560617718 0.24777868153131893
0.6795265452229183 13.095407893704637 23089.383950169748 13.594703722603874 0.25076761760089755
0.6981586157060585 13.087881493239223 20357.38718278799 14.147028298489586 0.2538167858919873
0.7170614932544785 13.082014401536401 17968.957150781785 14.71485837012481 0.2568588885142983
0.7362088216990119 13.07753674524489 15878.527125083761 15.304432096583518 0.2599525886595319
0.755598129615354 13.074229624596672 14046.967022049572 15.918234922031655 0.26311236643482017
0.775229574695129 13.072098623067042 12439.886782002313 16.552947900851084 0.26629325172485835
0.7951001430632342 13.070988689165048 11028.351724777574 17.208491511096547 0.2694916097027381
0.8152057176324666 13.070775066357184 9786.606685775465 17.891051564715994 0.2727617032279113
0.8355346809583256 13.071291017201355 8693.18398191701 18.600847356708286 0.2760982174566745
0.8560774500713217 13.072586553424713 7730.132947693209 19.330273931485518 0.27942845826998314
0.8768346320592659 13.074469259656405 6880.248086277616 20.08969627742056 0.2828297239170077
0.8977970790037576 13.076791406900151 6129.379066230677 20.880363750486676 0.2863034090051281
0.9189636418973 13.079672312174836 5465.542911025413 21.696356649588445 0.28979491677947156
0.9403161906777905 13.08281429211488 4878.166811143358 22.541979470019456 0.2933378321842923
0.9618483687238721 13.086200399969396 4357.678575654421 23.422364601682926 0.2969640629155035
0.9835594254961368 13.089874321395255 3896.3286246297594 24.337346679774253 0.3006631690002153
1.0054477952138792 13.093716565306416 3486.7052482106997 25.279709245649276 0.3043620436303238
1.0274742761813458 13.09757019392567 3123.019265396745 26.260856968916322 0.30814709348401886
1.0496507503733394 13.101373355018472 2799.4886848790934 27.28228371355375 0.3120203061672511
1.0719654474230773 13.105247100755625 2511.6732941743353 28.339562532265546 0.31594389917604926
1.0944024787992972 13.108934199449907 2255.269401174127 29.43419666397511 0.31992122608094997
1.1169521530176445 13.112399572502131 2026.4907728913556 30.573767974568742 0.3239879130392973
1.1396104690300892 13.115761988607508 1822.640917072647 31.76012382786357 0.32814403054699454
1.1623585404783445 13.118790013816735 1640.623671758258 32.986752656949086 0.3323454789469732
1.185178287028774 13.121441013860556 1477.8695587498235 34.25989603747385 0.33662604355275866
1.208067334021651 13.123797444751013 1332.3305644945146 35.585425713793896 0.34101210810521626
1.2310105731353005 13.125758501804066 1202.0796083663145 36.96535846552744 0.3455030747992456
1.2539817777805389 13.127181999763598 1085.4211824749323 38.39491939935385 0.3500485251507171
1.2769916237298928 13.128175029044248 980.8041637495695 39.87838336243582 0.35467863596265037
1.299999174075223 13.128515764653141 886.9847679263677 41.42316328548839 0.3594256584487324
1.323006277515447 13.128332225740678 802.7608988741199 43.031710035971734 0.36429178927727024
1.3460041297504903 13.127523759862262 727.0958999226535 44.706050008485754 0.36927619472766227
1.3689600650742002 13.126037937430345 659.046928270286 46.438792633688145 0.3743133962672303
1.3918563926263698 13.123732799768058 597.801875941263 48.24378353072306 0.3794822238019617
1.4146797865724086 13.120781754879784 542.7260535437224 50.124040750727794 0.3847860949494491
1.437436362279366 13.117037589172334 493.0538033429157 52.0827464780453 0.39022788947075904
1.4600695519899851 13.112427959476332 448.28956936356445 54.123276662385365 0.3958094956784009
1.4825914330434602 13.106959127620572 407.8693599643659 56.24247055001691 0.401491699466406
1.5049786512691499 13.100657596804126 371.4087816419418 58.44829917411195 0.40731489606043936
1.527211834110012 13.09341334964926 338.4469944735491 60.747759106811564 0.4132983950485627
1.5492643278868903 13.085189581121705 308.66126579757326 63.1450884724946 0.41944541600951984
1.5711216766733913 13.076005900378012 281.71330477293293 65.64479076057499 0.425756951002518
1.5927775926743204 13.065796132837999 257.3261649412216 68.25171237557095 0.4322377249956375
1.6141992865866583 13.054616424564522 235.22905821915924 70.97088765947855 0.43890309648430614
1.6353616045509325 13.042145037470885 215.17565651134183 73.80773768552679 0.4457603779224058
1.6562675867942411 13.028802536614545 197.00587556366582 76.762960382973 0.4527906729186498
1.6768498610085292 13.014076152635942 180.5102142473362 79.84827253178574 0.4600210918399716
1.697168534408115 12.998531741946737 165.53532342324502 83.07052242125101 0.46747176561107084
1.7171345351912213 12.981531021013284 151.91088788228595 86.43674790758571 0.4751535861547116
1.736764070335585 12.963356830048637 139.51017152409514 89.9544448297402 0.4830715948617343
1.756019237891226 12.944114837060994 128.25378713732118 93.6316394901464 0.49123323710334127
1.7748654970336353 12.923429728593058 117.9875606812582 97.47695574675934 0.4996570496119261
1.793319573998524 12.901434883180224 108.62786548029496 101.49959516731926 0.5083593435713787
1.8113349925114508 12.878276280704123 100.10947331600573 105.7094031881425 0.5173476676670714
1.8289122939712337 12.853781956379056 92.33307664623786 110.11695300452149 0.5266343054752562
1.8459970998013404 12.827800677487689 85.2233927621167 114.73360725747928 0.536242487503112
1.8626384712571167 12.800707253067971 78.74020558842676 119.57155923880234 0.5461921982746019
1.878716898646385 12.771986022274238 72.81009397672287 124.64387283649371 0.5564919417045334
1.8943044969253022 12.742122178950249 67.39180700024845 129.9338033044087 0.567055561501342
1.90904527064961 12.710885356191234 62.49971727469628 135.6041188425194 0.6794020904237373
1.9197665859073378 12.67917188615933 58.75112370006395 141.947715205633 0.9591358320170347
1.9258277579410363 12.644107265850206 55.96839838631556 149.16659395368004 1.234918533218067
1.9278221215780031 12.604396694789092 53.86379567111599 157.29166005850306 1.5058236312995565
