M[M_sun], R[km], Lambda[1], P_c[MeV/fm^3], rho_c[fm^-3]
0.23841724892012095 16.20908015294055 2780876.1263280716 3.453507347168396 0.169602847481901
0.24841680342319714 15.86621078628607 2282135.9104212257 3.6355852747980886 0.17197893308492007
0.2586998117645237 15.56279204271279 1881407.2173620975 3.8248417394032073 0.17437583528051542
0.26926516056956057 15.293509851294699 1557948.359691479 4.020387233740145 0.17676796338497158
0.2801200930814578 15.053732838980608 1295340.3240233723 4.222542815383982 0.1791470953382892
0.2912515683774275 14.83968371237014 1081089.1407579472 4.432679046228024 0.18155003425289465
0.3026740843861986 14.64830797533145 905420.5757294324 4.651143597522695 0.1839806333030077
0.314377646261252 14.476875793762034 760934.7938498207 4.878303761611037 0.18644054302842872
0.3263650855988652 14.323079558447743 641492.4799747023 5.1114875164406826 0.18887034332452832
0.33863622852384934 14.184816516320685 542404.7147827583 5.353862770567064 0.1913216639855436
0.35119066310684866 14.060559099758294 459923.05184969486 5.605937847509306 0.1938029648813966
0.3640268880873862 13.94878262192886 391087.35067792103 5.868125383054833 0.19631983686652618
0.3771542270001831 13.848137692498659 333320.4829538571 6.1373516968574755 0.19881291932649192
0.39055965638797213 13.757433919287584 284799.0784172567 6.4169782217304965 0.20133558195196563
0.4042509232739613 13.67586474987247 243921.4820243583 6.707845708714172 0.20389283322709165
0.41822424583893486 13.602442999594855 206773.83403507498 7.010098082947488 0.20647694585432963
0.43248379127517095 13.53639544363478 180077.90342851952 7.320268403200268 0.20903691483085357
0.4470251300404979 13.477057242917468 155206.83064482792 7.64298516779788 0.21164133986175007
0.4618518369660525 13.423824190512258 134029.87747175476 7.978782379960651 0.21429024244765188
0.47696298571424106 13.376102990723616 115944.02198062118 8.325799660333763 0.2169470950431602
0.4923552860393585 13.333470383659844 100490.88000084265 8.68385125476649 0.219600299641786
0.5080268930730883 13.295381175088206 87239.58541076047 9.056508215100767 0.22230166187124703
0.5239783961898519 13.261571145223275 75864.44405282717 9.444375868787867 0.22505399554824415
0.5402176589228532 13.231542450331721 66072.30126045588 9.842141028746054 0.22778160054253146
0.5567246833960422 13.204970948268244 57635.26762203911 10.255772967001295 0.2305545676553738
0.5735109791617857 13.18172414951 50352.237169818225 10.686335258718916 0.23337813825754566
0.5905786348023377 13.161299704161166 44048.68022268494 11.13096494842357 0.23620706343250425
0.6079066430455421 13.143601395188906 38591.24394395033 11.590250460944022 0.23905230669516714
0.6255167847282083 13.1283684497668 33851.89453572289 12.068387675080826 0.24195689701245104
0.6433906438764057 13.115390822737993 29735.2743626867 12.565194756806612 0.24491093550178605
0.6615279254060557 13.104379586111309 26150.554924626056 13.075371918155993 0.24784264238106166
0.6799337457165355 13.095218056564322 23025.173214858514 13.60651514559841 0.25083298551249944
0.6985827655442876 13.087756225374147 20300.962280924923 14.159531086066016 0.25388376854185457
0.7175032366716112 13.0819248438918 17917.89458063354 14.728562286231046 0.2569323061108737
0.7366769704457469 13.07750081460905 15831.582771753134 15.31890975124573 0.2600277060754766
0.7560825465003175 13.074174959031726 13907.110787771873 15.933523464445964 0.2631889854757011
0.7757333316423537 13.072044603177432 12401.486487303337 16.56965743391136 0.2663769921078165
0.7956289511669624 13.071037972385406 10920.81361704769 17.226106629587203 0.26957699184462836
0.815750684686126 13.07074727414186 9755.069272485154 17.909617056690266 0.2728489734383507
0.8360981629478772 13.071354665185973 8664.82661324462 18.621090036569598 0.2761933715702203
0.8566540797200477 13.072570128909106 7704.753985780575 19.351581388399218 0.2795256402478077
0.8774481468062915 13.07449716263695 6856.722937714006 20.11212149874871 0.2829286775651586
0.898424892814622 13.076848189688913 6108.425856746076 20.9039621917521 0.286404383095995
0.9196149088209155 13.079748428181967 5446.466796198495 21.72200947798048 0.2899046812760294
0.9409845136640939 13.082898612559902 4861.121123890269 22.568947599212006 0.2934499666448743
0.9625385520875087 13.086320482044126 4342.158949799888 23.45071788084075 0.2970786900650024
0.9842762370492121 13.090008404925436 3882.2673291979368 24.36812008129495 0.3007875802641495
1.0061800832958865 13.093847126432024 3473.8585563609304 25.312035976386742 0.3044887290344296
1.0282154795155463 13.097584229102566 3111.294931059426 26.29481766587662 0.3082764987668776
1.050428257441421 13.101557352209827 2788.8512365485617 27.31796690320606 0.3121527275408506
1.072755007671303 13.105364177668068 2502.015159501807 28.378211226744646 0.3160873256258878
1.0952231340332903 13.109125963501835 2246.5422593250432 29.47478410105663 0.3200680003199653
1.1177811285758192 13.112498221319274 2008.8919103941248 30.61639866167302 0.3241376735033332
1.1404716356479019 13.115922992155923 1815.502090828029 31.80490858635282 0.3282974272774777
1.1632241858112766 13.118909560330948 1634.0477223525538 33.035180015671514 0.332511352309799
1.18606861388238 13.121547548881706 1471.866305972947 34.31075252418762 0.3367960825231756
1.2089727391813527 13.123874302977583 1326.9258758904782 35.63885031703458 0.3411865723366492
1.2319401228470581 13.125820046234313 1197.1072959613828 37.02149489066512 0.34568156689939655
1.2549401609687585 13.127266047925628 1080.8591666558382 38.45554590388111 0.35024129396510706
1.2779598503533967 13.128169503883182 976.6464949439995 39.94207109807225 0.3548766166205733
1.3009817562692585 13.128539515349264 883.2204742986032 41.48374704691616 0.35959476668887813
1.324018006633244 13.128327047497926 799.2647921321543 43.09649485561554 0.36447214740599415
1.3430024261002433 13.12545796336019 735.3411583724686 44.90486539637749 0.7249456838530126
1.347833783810464 13.109236883196068 712.0346837913684 47.39818181125132 1.2030520774311357
1.3440868835458493 13.080510769998904 708.7589001781557 50.506439772898524 1.650449944295079
1.3351026095020206 13.041417841842918 716.1786239208352 54.26239327585092 2.0850678883512805
1.322494803244371 12.993791240127486 730.7822271535628 58.69222681400777 2.538078081853903
1.3072448263419638 12.939249652752116 750.7721093518663 63.85080238534034 3.0617386834065936
1.2895788085842452 12.877129733790875 775.8334597238008 69.738129335442 3.422211812566373
1.2695274050329286 12.803857227918053 804.5463552215518 76.06355731667188 3.5254309144860736
1.2475452548172492 12.716033442098768 833.7915633619845 82.68414350920055 3.550435685400831
1.2250227614016325 12.61602607841047 859.9047827979791 89.53976146762922 3.573559756976019
1.202711668958044 12.505471976388089 880.6903104646416 96.63312807002555 3.596741168865427
1.1811579296966932 12.385634497017975 894.1647648886766 103.97018236723014 3.6205833883035425
1.1606502771518121 12.257551586160796 899.209248153543 111.55869488446459 3.645157851290064
1.1415326780663981 12.122396139381138 894.8930503910215 119.3821614709037 3.670407400863962
1.1239726812335333 11.981152988754397 880.8407805428626 127.4611842258376 3.696394030087633
1.1081223290370397 11.834892038916115 857.4051288453054 135.82918087674673 3.7232230003263953
1.0940868418453336 11.684766712718844 825.2141424743237 144.49639290275363 3.750907341799368
1.081910701528212 11.531633588192424 785.392256071041 153.4747970243065 3.7794846772923174
1.0716424652504952 11.376756385447784 739.3016165006451 162.77715950814743 3.8089918664040945
1.063259059048838 11.221103712694068 688.8467169452955 172.41722433649562 3.839456218514461
1.0567464639428341 11.06577727241022 635.4908245717489 182.4100879282831 3.870914669766483
1.052037034154421 10.911556235073775 580.9785520999037 192.77202946217648 3.9034162802455974
1.0490558522712297 10.759338353809154 526.882032160681 203.5202916490533 3.936995100274655
1.0477438719556893 10.610054250445431 474.3143635583719 214.67378024782352 3.971703110594884
1.0479685613094538 10.464064957165787 424.288274637632 226.25239719697115 4.007593651558683
1.049631487956709 10.321938492948538 377.493718306422 238.27757111549528 4.044712409027666
1.0526303861135158 10.184178993842782 334.3457769473972 250.77257835042855 4.0831318515153425
1.056835254599391 10.051066150792618 295.09669271726926 263.735845605191 4.122803125930517
1.062138429321494 9.922844070479746 259.75630032445787 277.2010284186302 4.163840890213031
1.0684204995890447 9.799479569928215 227.46852882246316 291.21006115853555 4.206342591873729
1.0755759264168199 9.681057558257345 200.1661522924382 305.79272345806874 4.250396225606447
1.0834809139734414 9.567612201914987 175.52855070201295 320.9816317692273 4.296078268878319
1.0920586229287066 9.45889514000389 153.8720909937016 336.8111656147139 4.343472934410771
1.101187218192425 9.35494234654872 134.94798341364043 353.2667468122339 4.392498979308081
1.110803727730208 9.255404506168299 118.44056736442585 370.41425962076346 4.443341335691718
1.1207850394999983 9.160300905080444 104.09807926452342 388.31622069545125 4.496178514564591
1.1310698370293195 9.069248101189883 91.60890605130285 407.01181400568134 4.551094529904934
1.1415774532869611 8.982130918174738 80.75549001600571 426.46955198101216 4.607937660514967
1.152237172011764 8.898610944894095 71.32976591041135 446.8222583749983 4.667112779272325
1.1629808642332482 8.81862445914951 62.99472943604991 468.0989693341502 4.728662113768412
1.1737499513433116 8.741725956112923 55.99669685317232 490.30578798580024 4.792549416978394
1.1844920658080442 8.667808774985993 49.775277153707144 513.5822155969299 4.8591848610193
1.1951507157247858 8.596657828172178 44.26217951575923 537.8886439301259 4.928364396027466
1.205672944109409 8.528033771401882 39.61190020017985 563.393026999147 5.000589797674123
1.216007740180521 8.461729921146825 35.46216776047817 590.069816217559 5.075678887024027
1.2261213186202151 8.397633555245381 31.837103963630014 618.0872739563266 5.154139193728566
1.2359740813154878 8.335469584054904 28.63796774452405 647.4388728953429 5.235830908467253
1.2455247790532702 8.275053074864681 25.784273726923672 678.2762337777788 5.3211724377847025
1.254748854888985 8.216272285066184 23.349435141726783 710.6910788349859 5.410371002331048
1.2636116644658464 8.158950939672742 21.161289259207315 744.7276750296178 5.503437971150372
1.2720802419564126 8.102972400906683 19.22324272968545 780.5541295215152 5.600821584414048
1.2801142218146473 8.048157136931016 17.505356247279252 818.2836372986629 5.702753460113674
1.287720159407899 7.994416685505608 15.955353166985278 858.0407572720693 5.809494108714346
1.2948507436152603 7.94157278167695 14.617987317723893 899.9542943828692 5.921302395175785
1.3014878208350267 7.889601788795484 13.407994841045543 944.1781648832417 6.038504995684912
1.3076238919340801 7.838331692715895 12.308970592142359 990.8918750757363 6.161501802539919
1.3132193149701237 7.7877010955181 11.356193878543442 1040.276641410069 6.290672723806431
1.3182816701223476 7.737638354798791 10.471734290936523 1092.5312396066706 6.426432186135415
1.3227714492972185 7.6879804094544735 9.708720698874805 1147.8693484380174 6.569213473969713
1.3267060533077708 7.638765965301684 9.007537931619646 1206.5146349346214 6.7194574527474975
1.330039838743271 7.5899137175510525 8.368756740608491 1268.7442376534734 6.877766724595076
1.3327805913959436 7.54130528550768 7.810566641936565 1334.8479568724695 7.0447356045697616
1.3349098209311887 7.492907852793296 7.298391500030209 1405.1443725107513 7.221019667010026
