M[M_sun], R[km], Lambda[1], P_c[MeV/fm^3], rho_c[fm^-3]
0.23841724892012095 16.20908015294055 2780876.1263280716 3.453507347168396 0.169602847481901
0.2484076410006771 15.866481878573554 2282644.2774258405 3.635436099514104 0.1719770355188893
0.2586816344290629 15.56332188589939 1882116.656741347 3.824534892104275 0.1743720815860105
0.26923814223683173 15.294103124151354 1558743.6069926443 4.0198928878726585 0.1767619160012313
0.28008503060099077 15.054454692847592 1269856.43273044 4.22186587438114 0.17913917956351105
0.29120504555770504 14.840497696865505 1081895.433983842 4.431810184605132 0.18154025780469024
0.30261835058136577 14.649215526474082 906215.7049984818 4.650072998295094 0.1839690381527898
0.3143113608905681 14.477773431955955 761632.9017844113 4.877002835905686 0.18642680711822737
0.32628658198412663 14.324005600804117 642188.9674083642 5.109918206807319 0.18885399094605923
0.33854689185891546 14.18578776810748 543046.6703045022 5.352051885325188 0.19130359476975456
0.3510871555043707 14.061454856445964 460513.8781297768 5.603874049116838 0.19378312962364594
0.36391287999759836 13.949741025627498 391637.52443726914 5.865796505959034 0.19629827105983758
0.37702427931773946 13.84898990899176 333837.59688653337 6.134636639055838 0.1987877774193453
0.39041957599687954 13.75846203768368 285284.5994196894 6.413963099728871 0.20130870840228432
0.4040911645206349 13.676697062314945 244339.80905931178 6.704517023911401 0.20386437457080234
0.41805147728659164 13.603252115162451 209763.37624414125 7.006289714844052 0.20644438613621255
0.43229555918874263 13.53722926983593 180437.10899082 7.316107040401853 0.2090026114011901
0.44682303253776046 13.477836922509779 155523.68715874298 7.638454528806178 0.21160531896984047
0.46163407571510195 13.424511114181838 132809.87285276936 7.973865547579379 0.21425259792787518
0.4767279324004388 13.376793582208208 116207.43040974448 8.320265935910623 0.2169047274409456
0.4921032752669605 13.334120320194314 100722.29040142855 8.677884634278314 0.21955640206013174
0.5077577362190181 13.296099830195628 87457.56523546747 9.050089353696544 0.22225607736054118
0.5236951532804329 13.26210010526066 76053.23197628024 9.437483638020138 0.22500673328156948
0.5399090279490687 13.232106166704863 66248.60665445068 9.834468426645612 0.22772898701597086
0.5564002585992539 13.20555655712621 57793.79808289846 10.247570264377698 0.2305003624945572
0.5731680880051655 13.182168371032963 50489.080985809465 10.677578874299119 0.23332242637662462
0.5902165733502259 13.161794318448102 44174.58496200543 11.121272729129657 0.23614539736791917
0.6075312811937895 13.143964242969247 38699.48056763469 11.579939259900538 0.23898889782769167
0.6251130360926127 13.128682317301683 33952.86028553967 12.057428090558286 0.2418917308026735
0.6429673637068135 13.115637468418164 29823.671345217244 12.553118989468011 0.2448391324160036
0.6610836506533806 13.10462010728769 26232.145853517097 13.062571486517566 0.24776922293577372
0.6794681360981776 13.095499783631732 23100.851586033612 13.592957067959198 0.250757951097
0.6980947409796007 13.087907151395834 20366.279163025712 14.145179438022447 0.25380688077502306
0.7169949636001057 13.082099361614887 17977.22078712826 14.712831964765604 0.25684803221526614
0.7361406092569904 13.077540478850636 15885.4796978063 15.302291314910606 0.2599414811983358
0.7555260250702432 13.074317511440002 14053.66275571273 15.915974274617117 0.2631010371248063
0.775154639094175 13.072099450689942 12445.706827387716 16.550477229140483 0.26628086987107086
0.795031629047042 13.071008631230582 11033.2391849652 17.205886983545724 0.26947898531187636
0.8151268100478112 13.070755492500563 9790.586313454172 17.88830656355225 0.2727487998893115
0.8354536082375907 13.071263597677024 8696.887647371832 18.597854487964703 0.2760841489749218
0.8559871576889762 13.072578852548189 7733.955335383842 19.327123689036956 0.2794140902112787
0.8767472138518744 13.074437140283944 6883.593736695053 20.086380832583167 0.2828150941678917
0.8977080627832428 13.076768506596402 6132.349511268788 20.87687491005081 0.2862884807949455
0.9188698291030086 13.079653202282206 5468.5000289889 21.692564231250056 0.2897786896062613
0.940215236364268 13.08279590952341 4880.73949246425 22.537992669515848 0.29332125492301
0.9617466025121594 13.086170797026307 4359.97220432333 23.4181731000759 0.29694711743704016
0.9834537563354374 13.08989052524086 3898.6681413496403 24.332797588979577 0.30064477785372024
1.0053372808574568 13.093679743388625 3488.6487760554237 25.27493061448041 0.3043433166261731
1.027365680823437 13.097528627725314 3124.6286112954995 26.25583688576224 0.3081279647458399
1.0495425536513387 13.101400700032615 2800.9456353970795 27.277009101693146 0.3120007319264226
1.071847118843584 13.105194214682653 2512.9611488293704 28.333849798962504 0.31592269905357234
1.0942813502494815 13.108857647904207 2256.3576175110243 29.428197466399087 0.3198995314945893
1.116819456759519 13.112391921532794 2027.8631631761007 30.567466876862795 0.3239657774515206
1.1394881913088 13.115736748745062 1823.637484406316 31.753504461987372 0.32812135789858615
1.1622297400162898 13.118801254044257 1641.5681760439388 32.979595201015876 0.3323209632327934
1.1850461970163573 13.12144687543902 1478.7822692907437 34.25237969824538 0.33660091262716196
1.2079288265477877 13.123765593515419 1333.1229680977874 35.57752996523179 0.3409863236235184
1.2308778982772541 13.125732915904646 1202.7817600205406 36.957062085576595 0.3454766955227341
1.2538469822414098 13.127205581717972 1086.089474022627 38.38595982121919 0.3500200371607213
1.2768575411579735 13.128151981356948 981.4032561655434 39.868971565673796 0.3546493783089348
1.2998799974748434 13.128655013983588 887.5328741171732 41.413272757498675 0.3593955767457117
1.3228605449559878 13.128338860826917 803.2575357537528 43.021312530779696 0.36426083655416713
1.3458552263591725 13.12751974338313 727.5355575055909 44.694831488645534 0.3692427978952657
1.3688054603087771 13.126015277554313 659.4692814000541 46.42700029688361 0.3742791257177823
1.3917012356113947 13.123780205480616 598.1912520805265 48.23138362265783 0.37944690615266813
1.4145162960893929 13.120734502522383 543.0572309197009 50.11099647215861 0.3847496634943085
1.43724226078947 13.11703159282538 493.5157663450218 52.06901867782978 0.3901902905294873
1.4599160025368791 13.112487210850274 448.57129121925334 54.108824226214175 0.39577074429843645
1.4824372486864137 13.107074033582423 408.1818800624963 56.226895759364496 0.4014499387124896
1.5048286197265246 13.100739521475104 371.65223467865496 58.43190049654343 0.40727171124882733
1.527047904268225 13.093450911950688 338.68199053718325 60.730485074520864 0.41325369529598743
1.5490988616287715 13.085246129452198 308.8766630017029 63.12688427088693 0.41939913593933503
1.5709656102466127 13.076051674767776 281.8892838466479 65.62559842257411 0.42570906259121555
1.592601307320739 13.065840156099364 257.5002427667947 68.23146962869703 0.4321880205894857
1.614023325509206 13.054643281982194 235.38626989926956 70.94952715214647 0.4388514605984131
1.6351973701255482 13.042312891148933 215.33432905719835 73.78493537136073 0.44570564308534816
1.6560888831125273 13.028834537324105 197.1414703416909 76.73867653620485 0.4527329031246605
1.6766899776084674 13.014225030559125 180.63898829871968 79.82262768700072 0.45996107850143664
1.6969992930604405 12.998540165979316 165.63946160867698 83.04342763634803 0.4674092607869628
1.716982275177752 12.981667511331851 152.0070793909552 86.4081070631736 0.4750884289131535
1.736599225889403 12.963554265559978 139.61716127243014 89.9241551233821 0.48300367858601273
1.755847716257569 12.944208569285118 128.33963393736758 93.59959101706553 0.4911624087039953
1.774707744427226 12.923552804637527 118.06798135860478 97.44302992177299 0.4995830253506758
1.7931623005331732 12.901665472361405 108.70960307318848 101.46366386284801 0.5082819140508177
1.8111753352695068 12.878447290422177 100.18030030249754 105.67132900098969 0.5172666936429486
1.8287739755448487 12.854085894610801 92.39745166447602 110.07658841353664 0.5265495492367599
1.8458570300278814 12.828099489866885 85.29098928167122 114.69079276157872 0.536153612952591
1.8624454540225746 12.800771791981845 78.79647564963152 119.52612235702213 0.5460989296278493
1.8785876715835108 12.772409495251525 72.86805266525847 124.59562804980717 0.556394091903573
1.894152802415603 12.74233056171871 67.43938440892168 129.90771003051495 0.5670409919000998
1.9091634471524084 12.710889237834104 62.47186453107403 135.48011442777394 0.5780792509180663
1.923625343780911 12.678066645340579 57.92620601547357 141.33077619906624 0.5895340678447079
1.937483671082197 12.643751262353268 53.75876820176294 147.47719154819254 0.6014225765635219
1.9507545574482885 12.608024905419665 49.94091187579667 153.93819480739901 0.6137800843950515
1.9633850561382966 12.570807550176935 46.4360899119816 160.73414550383296 0.626638706439335
1.9753884553487873 12.532188582313392 43.22230330321195 167.87601848406607 0.6399775767482773
1.9867106782707211 12.491932000775957 40.26849207438144 175.3922170517013 0.6538569576347402
1.9973715686409106 12.450207807958835 37.55186107005945 183.3128853025325 0.6683323986772273
2.007337352011419 12.407094129420438 35.05885120768862 191.6652741855358 0.6834268295747103
2.0165768207033414 12.362373370681476 32.763858001901475 200.4584109942926 0.699121516967623
2.0251076908383157 12.316235459512637 30.65335529043688 209.74408387969268 0.7155311714809548
2.032889609676435 12.268519171377305 28.711012739991375 219.5523940216415 0.7326711046085262
2.0399300040215405 12.219465299606068 26.922669544102174 229.90467990145294 0.7505511626928365
2.046175582388276 12.168631883672397 25.269346659470635 240.86183734197812 0.7692947637585511
2.051655476773552 12.11644383855352 23.748239610411172 252.44310996131532 0.7888603622676286
2.056334184484012 12.062835780081471 22.347584738229028 264.7161571644483 0.8093940342524452
2.060213848595644 12.007664904443523 21.052554339169607 277.7109341952555 0.8308843010280653
2.0632774848288027 11.95100703079276 19.858087681852584 291.5037973925898 0.8534613019763753
2.065507053798766 11.892890215966593 18.754991354240847 306.12727889423087 0.8771231332835395
2.0669022324415476 11.833424466354888 17.738400576743096 321.6693048675052 0.9020041005147439
2.067465700331445 11.772540958685859 16.799458620658815 338.1931627059004 0.9281780132104653
