M[M_sun], R[km], Lambda[1], P_c[MeV/fm^3], rho_c[fm^-3]
0.23841724892012095 16.20908015294055 2780876.1263280716 3.453507347168396 0.169602847481901
0.24843219317846166 15.865697639104829 2281480.0183395655 3.635871525386909 0.1719825743006706
0.2587311957764445 15.561863088312407 1880338.1798321705 3.8254305936226713 0.17438303879462647
0.26931619927436484 15.292289773751078 1523494.4963091987 4.02133598991029 0.1767795696165883
0.280189157774948 15.052372192779337 1293906.783939419 4.223842115079789 0.17916228863241399
0.2913390549339526 14.83814118348244 1079546.8391274223 4.434346842091256 0.18156880032500877
0.30278325389083105 14.646658629025376 903912.5681835499 4.65319878760522 0.18400289208773205
0.31450673547262814 14.475141356530994 759487.1359208218 4.880766013911205 0.1864661999674054
0.32651686885344733 14.321166215653474 640094.5310674966 5.114500555017042 0.18890173951690178
0.3388120542455513 14.182924120090453 541101.9734039489 5.357339876415335 0.19135635893718425
0.3513891437632941 14.058723644388149 458750.249768734 5.609900850034198 0.19384105347417507
0.36424909593733595 13.946948357925505 389975.1178003707 5.872597704365936 0.19636125133919996
0.37740175682775423 13.846242833782012 332331.12084488815 6.142566110824922 0.19886120570614638
0.39083656309500253 13.755659876792247 283909.2558186588 6.42276930595803 0.20138719743870656
0.404552413027335 13.674116216383657 243102.85626839145 6.714239456866764 0.2039474967028655
0.4185551275723848 13.600818407899533 208626.92854440617 7.0174138983544765 0.20653949256225773
0.43284288267262827 13.534881013413896 179410.0945870629 7.328262815122642 0.209102815296726
0.4474158966173975 13.475542115584682 154605.60652113135 7.651689530083243 0.21171054398364048
0.4622730334033624 13.42240931484491 133475.92721817957 7.988229271265729 0.21436257025120217
0.47741683400476675 13.374853591050972 115459.19847545438 8.336432833637474 0.2170285053235361
0.4928402834934465 13.332176960107315 100038.81588295415 8.695316917359753 0.2196846547404395
0.5085468454848763 13.294275138879321 86842.48450719904 9.06884362605555 0.22238926364940034
0.524536825905586 13.260512316149077 75505.2608349117 9.457621720999956 0.2251448266623897
0.5408002845694716 13.230459678167836 65123.0404442155 9.856888090796918 0.22788272594050557
0.5573481812111809 13.204142826805606 57348.42465724007 10.271539775207122 0.23065875799526286
0.5741747511805938 13.180949131932959 50093.8694876322 10.70316723867681 0.23348523054793885
0.5912754373653778 13.160574645746738 43812.283860398165 11.14959771496417 0.23632561310106293
0.6086485676139598 13.142868057228632 38376.51779084455 11.610074242348317 0.2391742133016455
0.6262920797047733 13.127733500643078 33659.460701172444 12.089459114495485 0.24208218879138535
0.6442051964090286 13.1148320318831 29562.089073442927 12.588414616195898 0.2450490018878662
0.6623887221230036 13.10390293731216 25993.34208515371 13.099986472703597 0.24798382409992412
0.6808326380348225 13.094920257792644 22885.436400742634 13.632587947881055 0.25097728011913695
0.6995268093812923 13.087462777065692 20171.825946545785 14.187131359442587 0.2540316347226181
0.718496667821039 13.081731925181815 17803.06536432201 14.75881713001564 0.2570943939329393
0.7376954570066339 13.077185679001017 15728.56835055911 15.350874352619753 0.26019355464093424
0.7571506497444538 13.074050109741407 13911.558257619838 15.967279999988241 0.2633581574808943
0.7768443180128803 13.071969494129815 12317.442990727073 16.606555264458656 0.2665619068178332
0.796777060873569 13.07084950017225 10917.348111189833 17.265006001507366 0.26976554077176107
0.8169572696707252 13.070853595229668 9686.474826518503 17.950617062089425 0.27304170084380586
0.8373434014456133 13.071357267520735 8602.54880065576 18.664428399924986 0.2763915784609671
0.8579495219456187 13.072677969148653 7648.213057932467 19.3986439194221 0.27974028950720814
0.8787683600424212 13.07461474651039 6806.068960663024 20.16165519809222 0.28314725022425186
0.8998045719603759 13.077101183578732 6062.699171851441 20.956089784851184 0.2866274290278451
0.9210363273757682 13.079926494675501 5405.130871883986 21.77868121775855 0.29014717091072906
0.9424641036072008 13.083114114385863 4823.212288652012 22.628527872660403 0.29369770358564484
0.9640657270284684 13.086596781468113 4308.0100324416635 23.51336130239851 0.29733194602203156
0.9858295206553512 13.090222377466153 3851.2876782324665 24.43449916643471 0.3010497451702926
1.0077883851433826 13.09413297420079 3445.9005764198005 25.38346960565895 0.304768670679769
1.02988851613184 13.097979999387663 3085.7626956797058 26.36986550988706 0.3085624642608563
1.052131542154934 13.101801533296296 2765.7130844801404 27.396824980090926 0.31244537219964524
1.0745075275110623 13.105638333535554 2481.0688438031248 28.46363265434638 0.31640432707357413
1.0970144371641433 13.109358643935726 2227.3889938490156 29.56449491824073 0.32039241688505155
1.119627724725912 13.112872448518678 2001.338184313133 30.71063033479686 0.3244687068516672
1.142347932260038 13.116137912243769 1799.6993518985669 31.903906582539307 0.3286365151603125
1.1651531077229829 13.119154401087433 1619.6673505430413 33.14224265013133 0.33287806318727287
1.18803383029413 13.121787420166962 1458.7605515150426 34.42319114735298 0.33717202173867317
1.2109749819771505 13.124049726589622 1314.9689596540686 35.75697287889457 0.34157231524758747
1.2339811190854837 13.125952464371018 1186.2170735791954 37.145619816078586 0.34607623611040866
1.2570124093012538 13.12733805042048 1070.976757340395 38.589615230835086 0.3506675825232963
1.2800666775436318 13.128181694152545 967.6451462321133 40.08291754544872 0.3553144540164086
1.3031347006694431 13.12853059772589 874.9827208128461 41.638113349908885 0.3600794217269822
1.3261987237043638 13.128257473651926 791.768018578348 43.25769132918122 0.36496452146311703
1.3492336084891947 13.127346370550951 717.0676020522743 44.94426102130834 0.3699700315573623
1.3722337148190378 13.125687267788521 649.8618066800444 46.69513844059997 0.37505838106517014
1.395167296185659 13.123319268070048 589.4306192958729 48.51335332118526 0.38025001750410986
1.4180326553973461 13.120219715414146 535.0462338837834 50.407636573591226 0.3855781516694826
1.4408459948230825 13.116455969037093 486.02507458333076 52.3812217322631 0.39104538050196674
1.463509265967144 13.111726965362504 441.8739306972265 54.43752762923871 0.3966520981626096
1.4860601240242908 13.10607325477896 401.99943907228106 56.58025728878405 0.4023955337177
1.5084688539541098 13.099574549376786 366.0281744916888 58.80494198933954 0.4082540908658766
1.53071959950283 13.092101272097096 333.5052152003026 61.12346519570727 0.4142706040228218
1.5528019582899864 13.083796480968783 304.1463119451255 63.5410533959576 0.42045206737734947
1.5747071829368113 13.074582894686136 277.5618294935059 66.06227898134341 0.426798660857209
1.5963522564001142 13.064101852862025 253.51656369795705 68.69208654662752 0.43331619638525143
1.6165486592183629 13.05260820345082 232.788923191009 71.78225152171987 0.9085111436540791
1.6161822861053596 13.035712245292048 230.20281953673933 76.00682794023173 2.6978911400667003
1.599677767922082 13.012084940023744 240.82268022532276 84.08814237401955 4.878612684467413
1.5759670994978698 12.98259681281402 257.96767404778086 96.97757000222775 6.60742381611476
1.5438088108205537 12.937611495252957 282.5840084034034 112.99028727091611 7.093868357388567
1.5052890227539424 12.874587031234602 313.91921346214866 130.0582675841002 7.153797997618135
1.4633388798441036 12.794779049423738 350.2134256563634 147.73952129629453 7.2151349828672595
1.4195620090681962 12.699575061495139 390.6387152736249 166.06354138923064 7.278499211674405
1.3748709838537165 12.590137293009862 434.6453050862671 185.06337071351376 7.343973181971041
1.3299092376681354 12.46683187553092 481.49709762084484 204.77366049091174 7.411668705764257
1.28517282049744 12.329911112811148 530.185641046639 225.2306487788732 7.481692090422508
1.2411764119436937 12.180018709157038 579.2879401456146 246.47453049028832 7.554144425140632
1.1982706495184394 12.017260909837253 626.9498838644388 268.5467356742409 7.6291627769653125
1.1569453788015385 11.842332615927123 671.0894528794305 291.4923881974612 7.706864666875073
1.117332906158906 11.655308702032658 709.403174415274 315.360406152821 7.787400251666986
1.0799585344531424 11.457712889615673 739.2120824802608 340.2014030139085 7.8708984978963645
1.0449877984743225 11.250027777978408 758.1744597529074 366.07171550814195 7.957545303865104
1.0126635478677222 11.033804233971592 764.6125689217079 392.96912858937793 8.047252292890306
0.983115676850741 10.810324415583427 757.5866002225513 420.9022386219379 8.14004623224057
0.9564808863160313 10.581529021896966 737.1552900420987 450.0436378394534 8.236457655283822
0.9327509169401963 10.348838405811582 704.2279666972908 480.46528571606996 8.336711948266395
0.9119257333930215 10.114550657666415 660.8442160584304 512.2460673333651 8.441024923895965
0.8939509503669736 9.88049243306637 609.6875551156779 545.3275594598255 8.549123514414411
0.8786882934920367 9.648627812637745 553.6290987502608 579.8429940921453 8.661410495389463
0.865980634938792 9.420596867689792 495.5033676258902 615.9743605086014 8.778467358417629
0.855652880105728 9.198034699718878 437.8568544834954 653.7389942357547 8.900269519667901
0.8474915896592691 8.98206562275966 383.07938320334404 693.1452830383959 9.026762026383096
0.8412960676541074 8.77383153941211 331.9977043411145 734.4880038754459 9.158892301602737
0.8368463552304317 8.574083389285311 285.8199390519212 777.6869486616985 9.296282057689952
0.8339392512459485 8.383098344097453 244.77856892962689 822.9861617171163 9.439669758922586
0.832363533212822 8.201251185454165 208.92669990457367 870.4694317186336 9.589248108487523
0.8319356229615402 8.028615476938976 177.99636814615954 920.2695691088063 9.745344839124682
0.8324726656604365 7.86492807811314 151.5127127703082 972.541786758925 9.908355456066618
0.8338187324118311 7.7100989780492 129.0749848363331 1027.4796732804339 10.078832002888033
0.8358179601903469 7.563608632519893 110.06554573358154 1085.1551734273064 10.256828688377354
0.8383380155937209 7.425256227041307 94.14778288780468 1145.9008764754526 10.44334248250061
0.8412598179284924 7.294363614394554 80.53480438488644 1209.7964017767463 10.638443139003611
0.8444733350697579 7.170709429404445 69.45344645730944 1277.0886279172937 10.842775228730938
0.8478872966051024 7.053649960244381 59.991052751447725 1348.0696691215815 11.057129471184224
0.851414283298376 6.942716849446627 52.03361349150619 1422.9812745544314 11.282072162622324
0.8549735145309773 6.837623255924968 45.20671822637432 1502.072049055548 11.518165007635924
0.8584999459001225 6.737750770777989 39.64274186520531 1585.626711604055 11.766073492965274
0.8619232536727757 6.642785434253812 34.83714225744472 1674.027825365017 12.026787581501223
0.8652039241791141 6.552342793408755 30.700761014491462 1767.6351758663554 12.301161515343482
0.8682945365339753 6.46604827052739 27.282284763139128 1866.8460751230825 12.590137965707475
0.8711337806932021 6.383549702925938 24.31029063105547 1972.0983127835366 12.894749575181901
0.8737094412022656 6.30459982855717 21.717806819178122 2083.8747543671584 13.216125088088647
0.8759860038054572 6.228819456192666 19.553798672442475 2202.649157059029 13.555285954307099
0.8779116376751787 6.156031051913535 17.65520188900866 2329.0415430252488 13.913739850535471
0.8794894956215954 6.086021411790341 16.012820067757204 2463.709256990655 14.293019255093085
0.8806889679751295 6.018520898613456 14.585834937892294 2607.3680826679897 14.694776603962744
