M[M_sun], R[km], Lambda[1], P_c[MeV/fm^3], rho_c[fm^-3]
0.23841724892012095 16.20908015294055 2780876.1263280716 3.453507347168396 0.169602847481901
0.2484180461003693 15.866130243093002 2282057.0627025496 3.6355980769101155 0.17197909593262684
0.2587005397542192 15.562756833972175 1881519.5539046137 3.8248680736217953 0.17437615742971455
0.2692669959172666 15.2934534029999 1557953.6751495919 4.020429660831217 0.1767684823999317
0.2801216047407997 15.05376639239314 1295350.8659123767 4.222600915381984 0.17914777472762572
0.2912557617574355 14.839569072380698 1080965.5493812317 4.432753620405147 0.18155087336301393
0.30267834081793915 14.648262469117734 905374.4409803327 4.651235489369051 0.18398162853981978
0.31438260842117405 14.476802828046054 760857.8403658117 4.878413848984343 0.18644169015093068
0.32637182852648294 14.322995175061141 641430.6962495642 5.111622221867786 0.18887174696985046
0.3386446094805938 14.184758275882926 542330.8679620463 5.35401821632886 0.191323215040767
0.3511987309413977 14.060442576934895 459887.13444370555 5.606115007814298 0.19380466757693385
0.3640371931186479 13.948645516101793 391011.945643677 5.868325303234643 0.1963216881621393
0.3771654016982167 13.847996335484934 333295.0516149225 6.137584776325868 0.19881507768288073
0.39057226454502336 13.757320229069988 284759.60211047385 6.4172370671304275 0.20133788902103647
0.4042622051789478 13.675798669759745 243886.7922313454 6.708131480004009 0.2038952764343632
0.41823930207733984 13.602322948016651 209329.86985961636 7.010425047050681 0.20647974124037038
0.4325022256989793 13.536348309960848 180050.7679338298 7.320625681649794 0.20903985999010963
0.44704232656163906 13.476950791609738 155172.13356337466 7.643374159712222 0.21164443254596657
0.4618712766316964 13.423741748132697 134000.01298319155 7.979204539096036 0.21429347460540887
0.47698324391552216 13.376039375029698 115927.09896077416 8.326274802831604 0.21695073285502153
0.4923756621562477 13.333449141539242 100470.26864568016 8.68436357817432 0.2196040689042476
0.5080495059637048 13.295397791636624 87227.21297091265 9.057059381879778 0.22230557606511359
0.5240046524737072 13.261465478768248 75846.02018838837 9.444967694653954 0.22505805389057926
0.5402417076094845 13.231505891552418 66063.0741612685 9.842799888070767 0.2277861185550814
0.5567528735294965 13.204949014169157 57624.22940085209 10.256477361417216 0.2305592224398205
0.5735453549127479 13.18171991414637 50340.44756414919 10.687087214873117 0.2333829225257678
0.5906116711178171 13.161377152379163 44039.271449658896 11.131797300725342 0.2362123592155692
0.607939932696044 13.14356218572218 38580.65225132061 11.59113598794339 0.239057752255186
0.6255541621090451 13.128276908715396 33842.265402334975 12.069328903741413 0.24196249360274313
0.6434256386748846 13.115298053140512 29726.932360422827 12.566231884947667 0.244917102314941
0.6615653290466053 13.104318960752384 26143.67471692879 13.076471305328456 0.24784894813688607
0.679972440043113 13.095206524674357 23019.74475661172 13.607679626657918 0.25083943009542525
0.6986240342192332 13.087699617298092 20294.250064702625 14.16076374880833 0.2538903724304969
0.717548992784072 13.081868317347002 17911.415582176418 14.729913416056865 0.256939544677113
0.7367190145452187 13.077408353661356 15826.495649244156 15.320337190873358 0.2600351123563105
0.7561310790604566 13.074178771912157 14000.421048549177 15.93503087903207 0.26319653993424047
0.7757811435989197 13.072028303185672 12398.178710139566 16.571305013005837 0.26638524900547056
0.7956747389101689 13.071002179632218 10990.728338797146 17.227843528535043 0.2695854107577621
0.81580304256853 13.070721750223873 9751.475532727418 17.9114476945738 0.2728575786589156
0.8361522490366974 13.071365082255545 8662.570938025146 18.623086124582887 0.27620275451688375
0.8567143349280708 13.072549226751422 7702.090218913059 19.353682505641416 0.27953522331208724
0.8775069063265855 13.074516680131765 6812.664422211053 20.114332873682038 0.2829384354896794
0.8984848846597631 13.076845214107003 6106.093916668024 20.90628929646816 0.2864143404181932
0.9196785226165556 13.07976460137443 5444.810621125793 21.724539264908696 0.2899155058441562
0.9410500676003577 13.082888696459188 4859.317365246358 22.57160713899043 0.2934610251078593
0.9626073213795125 13.08629472031651 4340.480717218137 23.453514066396718 0.29708999453451257
0.9843427605354554 13.090005985126682 3880.67283263534 24.371155053320347 0.3007998501039145
1.0062501266440178 13.093829319126892 3472.5332809107535 25.315224194550076 0.30450122336024554
1.028290584369434 13.097618887324128 3110.1964742846444 26.298167088342502 0.3082892615485755
1.0505020089615813 13.10157690632644 2787.933597758588 27.321486266959703 0.3121657880039705
1.07283805106633 13.105344454752904 2501.003921441469 28.382023221258017 0.31610147205042366
1.0952896159448984 13.109005975950094 2245.567428311572 29.478787384341448 0.3200824771852207
1.1178721607668671 13.112579554553998 2017.928017314489 30.620603548886574 0.3241524451596938
1.1405477766130048 13.115832604380323 1814.7483737010773 31.80932601610599 0.3283125578554719
1.1633113336972762 13.11887813026967 1633.3736226526316 33.03995693225277 0.3325277142018818
1.1861550374966936 13.121562200664297 1471.2213447476734 34.31576913916424 0.33681285560564206
1.2090641178623172 13.123872669040765 1326.3293302907985 35.64412035067634 0.3412037822420703
1.2320260834728678 13.125783922264475 1196.6127462980596 37.02703252923051 0.3456991744462788
1.255029439863847 13.127282427144346 1080.4214793213787 38.46152671950999 0.3502603106434865
1.278049609178079 13.128205186797736 976.2702055340042 39.94835401957194 0.35489614780534157
1.3010804431546528 13.128592069323597 882.878282979713 41.496694557262494 0.3596493013000082
1.3241020300838215 13.128320947651732 798.9823949328431 43.10901210539626 0.3645219127064969
1.3471074313079896 13.127410475045888 723.5903800235275 44.787899397177505 0.36951561791057025
1.3700766918542073 13.125900671622292 655.8727443097494 46.526471045269055 0.37456820474068336
1.3929901687546582 13.123606831469095 594.9171441105382 48.33598143972786 0.3797448236050173
1.4158329493580275 13.120597764189183 540.077149462204 50.221032032850175 0.3850569825669536
1.4385910492467557 13.11679847403952 490.63240389708426 52.18482252421084 0.3905074645814668
1.4612490264368772 13.112178867201697 446.0675010002542 54.230743486232306 0.39609764694059163
1.4837928991230185 13.106681424826016 405.84672948501134 56.358289022512295 0.40180224404044196
1.506173375718196 13.100279199666485 369.56526184148066 58.57024733666085 0.4076360383235338
1.5284215945894253 13.093091841028855 336.7820572559283 60.876220091035655 0.4136308115980839
1.5505040590229289 13.084921117375986 307.1156703943918 63.280470341377644 0.41978959382784414
1.5723428356579594 13.075469853382868 280.2870797759444 65.7875250636265 0.42611309932645763
1.5939968008755037 13.065163118756596 255.9997090578416 68.40226273554063 0.43260738906765506
1.615416120582339 13.053879337426373 234.01853341732914 71.12975553731268 0.4392871362210214
1.6365867898757533 13.041414404949697 214.0718172047219 73.97545805234007 0.44615937447065057
1.6574870807920612 13.027907749906541 195.9889624917201 76.94358563156355 0.45322036939548677
1.678113220650985 13.013412502616626 179.57816906404824 80.03902669436319 0.4604674893218701
1.6983808639459321 12.997365233159549 164.65472377406758 83.27206785007219 0.4679367097552428
1.7183482052115262 12.980387309104547 151.11187712407298 86.64980044124701 0.4756382756143027
1.7379410990812452 12.962174285369043 138.7932350000275 90.17977011707426 0.48357682439947547
1.7572078308127286 12.942692054246052 127.56785474363335 93.87005611847042 0.49176014732833184
1.776063639701895 12.922057070666058 117.36018207286428 97.72934700371755 0.5002077532823566
1.794510018167387 12.900134363011956 108.06577147973412 101.766915470469 0.5089354006673764
1.8125093400956407 12.876699133313636 99.57122968489666 105.9926761050224 0.5179501164577099
1.8300554955510415 12.852024159104941 91.83504284088185 110.41727753620744 0.5272649170338728
1.8471588147183569 12.82619135822406 84.77744720265139 115.05217172192216 0.5369037652548128
1.8637262371873478 12.798756588211788 78.32627223096631 119.90964873328487 0.5468861972550811
1.8797968603826547 12.769933191772019 72.42276529249666 124.9988272006312 0.5572054016723329
1.89533798859391 12.739846077579019 67.03336590627669 130.33439974514982 0.5678878345217828
1.910336458690606 12.70824566710717 62.09052041793679 135.93381438094713 0.5789706399834933
1.924760928492443 12.67535457383266 57.57757224924532 141.81344936057525 0.5904719769330393
1.938600897944296 12.640918303428414 53.436207008762956 147.99096007664377 0.6024108509953875
1.951818027047276 12.605035313377584 49.63824055876009 154.48536251277687 0.6148227446152355
1.9644094405344779 12.567659795608076 46.159172705669185 161.31502431797216 0.6277318787155949
1.9763716747372968 12.528805829700543 42.95854394378503 168.49064458256242 0.6411158409604052
1.9876609892581094 12.488528004092153 40.028336680542544 176.04806129967227 0.6550611287953575
1.9982680530235881 12.446693756197595 37.333012891744964 184.01312043772327 0.6696072548821531
2.0081583466031385 12.403298262132243 34.854658803915896 192.40583695159927 0.6847513297937744
2.0173579532623584 12.358375562546561 32.571584499912255 201.25018425252435 0.7005263734887722
2.025832706549782 12.312127955639463 30.477860499499506 210.5911275343047 0.7170223851389815
2.033550681778913 12.264236764724375 28.544356740571395 220.451019048532 0.7342272022324413
2.0405139236360763 12.214889053182466 26.76708752122607 230.86738337404216 0.7522058981599761
2.046710476184716 12.163994351742975 25.12599976398731 241.8897867734304 0.771041641594929
2.052124787071534 12.111624042181504 23.615897253694676 253.54129047458937 0.7907054600597757
2.0567327750526756 12.057767186113065 22.222448339065423 265.89228439159103 0.8113519264185812
2.0605345116148928 12.00242289106478 20.937252151829057 278.96821950132266 0.8329512426532165
2.0635223118454844 11.945630024396491 19.75148168153861 292.846389966198 0.85563936885026
2.0656716587908477 11.887323070865255 18.65516827396741 307.57195688191047 0.8794509360649112
2.066994354632291 11.827657958443298 17.645502863516047 323.21524683596203 0.9044613966448144
2.067459276412003 11.766508962519582 16.712606516725685 339.85446739510166 0.9307936461638273
