M[M_sun], R[km], Lambda[1], P_c[MeV/fm^3], rho_c[fm^-3]
0.23841724892012095 16.20908015294055 2780876.1263280716 3.453507347168396 0.169602847481901
0.24841382665236533 15.866275238049298 2282579.7001452246 3.6355178386034477 0.1719780752710197
0.2586911071531503 15.563029115832517 1881879.8696628723 3.8247030238240187 0.17437413835859641
0.2692534980311198 15.293750592938244 1558360.1397535724 4.020163752528605 0.17676522951637105
0.280104230261211 15.054085794361448 1295753.5085794812 4.222236782944766 0.1791435167637111
0.29123045782790413 14.84004755194371 1081477.8854880885 4.432286244313944 0.18154561443797082
0.3026477218685112 14.648744361514192 905798.7443666023 4.650659585598735 0.1839753912004348
0.3143466065610747 14.477313426181794 761241.0937066326 4.8777239182112515 0.1864345009966177
0.326330179014586 14.323486519599323 641802.8886984201 5.110778018567724 0.18886295027888902
0.33859631687675007 14.185232284102069 542684.5158831415 5.353044043419256 0.19131349463435338
0.35114341919678016 14.06100721094517 460195.05699025025 5.605004762569813 0.19379399696071903
0.36397575156543405 13.949144080945008 391286.27500100766 5.867072437326631 0.1963100864060708
0.37709552948040836 13.848462086141975 333550.2624021478 6.136124127602146 0.1988015518218241
0.3904946618962556 13.757839173177352 285012.3239809417 6.41561496649953 0.20132343136331352
0.4041796282518849 13.676263846025321 244112.33276577 6.706340661293548 0.20387996579452278
0.4181466018235956 13.60281613051994 209541.07960539986 7.00837611875463 0.20646222388754376
0.43240245506218594 13.536852384183536 180244.3757877509 7.318386809431668 0.20902140425832647
0.4469378881953951 13.477559714472521 155348.96062907975 7.640936579315494 0.2116250525379473
0.46175529754829947 13.424164754846558 134156.1950807438 7.9765591440333 0.2142732207876998
0.47685551207177895 13.376453796355914 116071.51107492045 8.32329744012304 0.21692793740854835
0.49224037378449237 13.33376536927715 100597.03219953757 8.681153259548717 0.21958044996882464
0.5079025974973703 13.295657854203268 87335.73061741352 9.053605693728102 0.2222810491787064
0.5238510016121108 13.261767648689956 75944.26200864516 9.44125926332092 0.22503262397151338
0.5400785903368831 13.231725385297883 66151.62766621099 9.838671482260079 0.22775780873451076
0.5565779964409149 13.205212588721077 57706.46947234278 10.252063670923551 0.23053005585729494
0.5733533722819102 13.181880243264956 50415.76434711236 10.682375545139097 0.2333529448579798
0.5904148196016138 13.161502736903568 44104.70040787256 11.126581959368092 0.2361791769724506
0.6077399478143102 13.1437449689261 38640.262554619636 11.585587511061872 0.23902363182306688
0.625334401245248 13.128531518406655 33897.90374008914 12.063431463115652 0.24192742714085508
0.6432012033840452 13.11554147673837 29776.151796315735 12.55973367216209 0.24487846363327445
0.661322393910531 13.10444457194462 26187.10560279037 13.069583058670347 0.24780943921539575
0.6797208505048208 13.095324171768041 23059.621472673767 13.600383589895959 0.25079905166800626
0.698361949684387 13.08785281773795 20330.64245809278 14.15304058143099 0.25384899620034496
0.7172726497231142 13.082026808507765 17944.89182761376 14.721448138850025 0.2568941926549572
0.7364329663947006 13.077485605687661 15855.958972464705 15.311393876940661 0.25998870990727574
0.755832762805819 13.074220468911767 14026.12028921722 15.925586572211282 0.26314920947520887
0.7754724070823682 13.072071867887486 12421.568581464879 16.560982714717145 0.2663335184628764
0.7953514083868982 13.07093872761076 10937.9549745911 17.216961712857394 0.2695326655701152
0.8154693665095444 13.070806412585185 9771.379526241406 17.899978684050673 0.2728036666503746
0.8358047421850089 13.071343426398862 8680.006678324315 18.610580776753803 0.27614397103093175
0.8563507508478797 13.072592511887134 7718.1151493033685 19.340519257323646 0.2794751865601042
0.8771305042134852 13.074459181375952 6868.790472994514 20.100478979268495 0.2828773037232073
0.8980994670754796 13.076818830047541 6119.354689129551 20.891710484769032 0.28635195993124996
0.9192780379096811 13.079714734876502 5456.503926722486 21.70869096989658 0.28984769343389405
0.9406400506927277 13.082843697362081 4869.890034025004 22.554946110999957 0.29339174794839773
0.962179985970694 13.086280832522005 4350.4360241979 23.43599713727256 0.2970191767768098
0.9839120765735737 13.089965490375947 3889.316584152182 24.35214256836983 0.300722986086083
1.0057948839172595 13.093782614824807 3480.7296090288232 25.29525185742858 0.30442295365769745
1.0278335562938083 13.097615422437592 3117.398750803175 26.277185061615622 0.3082093107423033
1.050033878878472 13.10154589487185 2794.4202144560522 27.29943983647624 0.31208397304751534
1.072347774937886 13.105250025211637 2506.920679120454 28.35814409761072 0.31601285591536016
1.0947947618452243 13.108991230258287 2250.967259521787 29.453710186174305 0.3199917918169816
1.1173476144584435 13.112403779659118 2022.7826350597936 30.59426368179626 0.32405991391082045
1.1400250485622465 13.115791012405769 1819.1462103236715 31.78165498231172 0.3282177790455304
1.1627785383152276 13.118850069777505 1637.477350624017 33.010034620710016 0.3324252243166174
1.1856087204347214 13.121506010256494 1474.9696450987924 34.28434562945427 0.33670779091118047
1.2085023802308206 13.12387236959132 1329.7255505885562 35.61110973042449 0.3410959822371659
1.231456783537058 13.12575892001794 1199.6364408547688 36.9927786210763 0.3455909678844908
1.254439532363736 13.127200784822342 1083.200134527521 38.43071206594426 0.3571176041409275
1.2736778534800883 13.125367199979154 989.027811499307 40.04306369682672 0.5550176519714516
1.2864179045819792 13.11516110201795 932.3433462008866 41.868950217367555 0.7477354441220496
1.2944926622107231 13.096378088460863 888.0780200356131 43.95949455681875 0.9283331121524054
1.299124312597352 13.069436983502213 853.8698307796589 46.30802230541531 1.0954635051284245
1.301175900476819 13.035235578607645 826.0483890555802 48.914384503049725 1.244783088641161
1.3013123155166757 12.994261560002753 801.9813897041232 51.752761267085354 1.3848410096966322
1.2999866799725932 12.947010703740288 780.1429483700721 54.825396097646845 1.5162435623520676
1.297597459219484 12.893994895053629 759.4026804244909 58.13337947889817 1.640565892160278
1.294400956319577 12.835502513541666 738.9774039519975 61.677741820398694 1.7608120282429036
1.2906510619317981 12.772071623056895 718.3806262501483 65.452489552374 1.880962700209166
1.2865020632130955 12.70415157473016 697.3421948610041 69.46694459210525 2.0082868262500697
1.2820634398702697 12.63238862732393 676.0166970740937 73.7452892057107 2.1564356301316043
1.2773545460792293 12.557182362135 654.5317898397326 78.32092501285926 2.3497198644511212
1.2723256140859067 12.479307204246597 633.4620425683617 83.19501702203085 2.5013700490039565
1.2671455551828792 12.395307649251876 610.7734997162233 88.32341365104466 2.540688378544678
1.2623275696620815 12.305542449435954 585.5961019293782 93.64448423571542 2.5608489052466874
1.2581770914893036 12.211263653242893 557.973930920058 99.154104051441 2.5811929000280047
1.2549074839208385 12.113594872852106 528.2487436548325 104.84973277875719 2.6019229827122436
1.2526399614714503 12.013425516624075 496.8827387194791 110.7390226227874 2.62321633983281
1.2514267941587758 11.911642396944627 464.54368587213384 116.84443531176338 2.6452097988750918
1.251326153654896 11.808950141889138 431.82631274594274 123.17514423146545 2.667947363751992
1.252343974113497 11.70604832333263 399.2019615008736 129.74089575775383 2.6914615224748357
1.2544633391607287 11.603327860358274 367.17969250854577 136.55210822768217 2.7157775018176444
1.25764220963407 11.50134607987868 336.18691811629196 143.6201661476259 2.7409295069073987
1.2618605993892889 11.400587857739367 306.56518652123077 150.9573311229131 2.766959729051325
1.2670368855900611 11.301302537926528 278.55063425828996 158.57658407804317 2.7938986709928257
1.2731452831132162 11.203839613471853 252.32077301659754 166.49213926805908 2.821793526959818
1.2800869749276858 11.108427335488031 227.95933781398782 174.71899285756626 2.850689862476718
1.2878088510352403 11.015134745663156 205.5109087852737 183.27327418928917 2.880629543164712
1.2962310104052686 10.924119193345927 184.9721541784653 192.16417337742752 2.911642400861946
1.3053003561336223 10.835564941762584 166.26184341002642 201.4030488659963 2.9437406730950593
1.3149179356846112 10.749306320157618 149.30614749510264 211.02180092835434 2.9770446650767948
1.3250335392053385 10.665657798429905 134.01482204603238 221.04198861877947 3.0116065404292507
1.3355654994082093 10.584303092720093 120.24316131887227 231.4862168676232 3.0474990665763793
1.3464416616468664 10.5053441316797 107.90150218246644 242.37922894081936 3.0847941078936025
1.3576024424768969 10.428591953901504 96.84124481101692 253.74699237964396 3.1235641255301427
1.368964640682465 10.354111628161748 86.97638086227053 265.5734564531597 3.163722389049129
1.3804835828656736 10.281748088333794 78.16430440822715 277.9298642366818 3.2055144241582214
1.392087560107002 10.211396127714666 70.31378346950267 290.8487485080936 3.249038445660072
1.4037261232991873 10.142849911597628 63.31118998072614 304.35036917207754 3.2943314546322697
1.4153434599299848 10.075957241207188 57.0669880313036 318.44286750049054 3.3413920479879766
1.426875734771825 10.010856268868633 51.51484589127663 333.2066028369931 3.3904908544074646
1.4382904622115433 9.947326834908177 46.56650323949613 348.6585494520069 3.4416478759977585
1.4495131741918401 9.885206181817175 42.1604652011949 364.82936792647024 3.4949356646175533
1.4605336310611665 9.824249091394517 38.22206057532082 381.8051386740098 3.550634746197301
1.4712936105776977 9.764524344649278 34.71296365339406 399.5696001424355 3.6086228170471357
1.4817325110824175 9.705836720713494 31.571556486019563 418.2494269358432 3.6693349902279824
1.4918356951813758 9.648107942046973 28.773751181586167 437.8270279678872 3.732620490985008
1.5015664233309751 9.59122275955659 26.263016367013176 458.4305872828393 3.798922501325527
1.5108770161964584 9.53504376959659 24.016844366080356 480.07522459365185 3.8682006975435925
1.5197439030296094 9.479448935563779 21.997142419785973 502.8611246215821 3.940758304655162
1.5281454878554896 9.424415121129593 20.190627824112696 526.8727418833765 4.016834262189947
1.5360268242673636 9.369887975716031 18.564651842135962 552.1523951105801 4.096469347684765
1.5433805155570317 9.315654741670272 17.1033682655703 578.8269633209089 4.180048285862807
1.5501912728641163 9.26171950206229 15.78780663494355 606.9931440659251 4.2678121894604635
1.5564132347019615 9.208040019729324 14.57792725848067 636.7550701318471 4.360020329813955
1.5620329963425779 9.154494206858969 13.528779214533898 668.2251916940722 4.4569496027926325
1.5670359469563928 9.101094704534658 12.563040886107048 701.5254675965048 4.558892265687156
1.571397522014955 9.047596594310896 11.685320865821328 736.8073346050896 4.666247134749002
1.5751042153742418 8.994109980351427 10.892259849957876 774.2234992861747 4.779390657580529
1.5781339918941657 8.940635757404678 10.175877552207352 813.9419648992967 4.898733923609844
1.5804658399413687 8.886940726042027 9.52767556638613 856.1436410164245 5.0247054631849375
1.5821206790552254 8.833188927591456 8.936013726482267 901.0251920032566 5.15776977639675
1.5830572038248976 8.779199763220978 8.40014562472783 948.818685171978 5.298506431735736
1.5832737458589923 8.725081550660713 7.914920375551569 999.7724811853681 5.447508225251146
