M[M_sun], R[km], Lambda[1], P_c[MeV/fm^3], rho_c[fm^-3]
0.23841724892012095 16.20908015294055 2780876.1263280716 3.453507347168396 0.169602847481901
0.24843445407995063 15.865595416457591 2281280.214504797 3.635928893743199 0.17198330404785947
0.2587356342322777 15.561854360562432 1880319.2390558894 3.8255486154122016 0.17438448256729241
0.26932546273833075 15.292119120034005 1556376.472459205 4.021526158671219 0.17678189597056107
0.2802021074348546 15.052137555325324 1293618.4271096443 4.224102563286105 0.17916533417011066
0.29135904296102816 14.83783367696701 1079247.2504024892 4.434681176879582 0.1815725622666746
0.30280418889506777 14.64629757332321 903641.3715119122 4.653610805946745 0.1840073544621102
0.3145333831120354 14.474809560833453 759210.0225203708 4.8812596674633575 0.18647134389155254
0.32654752184093794 14.320830022395377 639789.4315497533 5.115104677864592 0.18890803454322097
0.33884689303834364 14.18265946901569 540858.3566495825 5.3580370852624375 0.19136331576515822
0.35142756313955176 14.058327562869795 458529.9813499603 5.610695531489479 0.1938486911928363
0.3642945396171908 13.946613228410655 389784.64789453597 5.873494564847433 0.1963695564231417
0.37745169634688475 13.845894542657886 327497.98854528053 6.143611863446245 0.19887088955718182
0.3908917242648079 13.755417138143844 283723.6270325197 6.423930770296724 0.20139754948071087
0.4046125575412487 13.673821030218981 242933.8629575929 6.715521856871866 0.20395846060696968
0.41862454175329217 13.600551217840744 205896.823129162 7.018881347480772 0.20655203854746862
0.4329145529396752 13.534586254842152 179282.45095661518 7.3298664601496935 0.20911603464986953
0.4474945301715757 13.475276253916034 154475.56179036264 7.653435672403996 0.21172442670612396
0.462356398392976 13.422143495459334 133373.7075374887 7.990124458531164 0.21437708028712815
0.47750730223363413 13.37454876165767 115358.18478130439 8.338566168985297 0.21704483868177654
0.49293552423668185 13.33197906334916 99955.9494320147 8.697617381263285 0.21970157969858758
0.5086495767165816 13.293978495147673 86761.06522498376 9.071318707679124 0.22240684081420617
0.524644361139382 13.260258565954327 75427.51388500928 9.460279599484428 0.2251630525990937
0.5409165183401681 13.230356472017316 65688.19612662849 9.85984742797702 0.22790301907747382
0.5574720684063029 13.203888003117482 56758.68734586014 10.274703885829249 0.23067966709473706
0.5743081885939852 13.180784303762849 50038.28300238043 10.706545254508496 0.23350672293643412
0.5914160065535377 13.160391271360284 43763.99971110948 11.153337428400814 0.23634940676516816
0.6087974749362175 13.142882432333481 38335.5554695333 11.614053167246166 0.23919868175303913
0.6264490251818907 13.12773945801269 33622.95124705801 12.093688638505048 0.24210733774190438
0.6443667254451142 13.114679918505706 29526.91354378062 12.593009912672052 0.24507595826673179
0.6625608665465835 13.103907677946728 25964.23655504784 13.104927785526408 0.24801216599156437
0.6810084734482593 13.094745664048919 22682.57293496717 13.63782221189429 0.2510062480857805
0.699717660105997 13.087386728477384 20147.861567584634 14.192672493691502 0.2540613208908421
0.7186881369161743 13.08163906374045 17779.362789823932 14.764891710303282 0.2571269379941745
0.7379037404454617 13.077169469911052 15707.423473006324 15.357292473254864 0.2602268551062775
0.7573641087521442 13.074021020926093 13892.77410384286 15.974058187034023 0.2633921265916366
0.7770739543961558 13.071979290044565 12300.825477684646 16.61396484195283 0.26659904016289326
0.7970126743060655 13.070911243119616 10902.2898429949 17.27281781977076 0.26980340539218584
0.8171896363298515 13.070760398614969 9673.041031001625 17.95885105193563 0.2730804060947968
0.837587164314869 13.071346403504291 8590.680823991923 18.67310615377885 0.2764311571533474
0.858209273958165 13.072739065894213 7637.029998741528 19.40809662996521 0.27978340272856084
0.8790380936094777 13.074635989137526 6796.251438562376 20.171604638604727 0.2831911531771532
0.9000871312110204 13.07709755421462 6017.197596920551 20.966560644917248 0.28667223222327115
0.92131957373774 13.079941440670313 5396.741654471549 21.790065875488484 0.2901958841054346
0.9427608624148208 13.083177606520284 4815.784526682457 22.64049728302145 0.29374747282861824
0.9643740372590057 13.086694168333803 4301.174041129756 23.52594657617578 0.2973828259943523
0.9861475456239096 13.090306930670723 3845.120050535261 24.447732272966295 0.3011016044647614
1.0081082094795677 13.094135380941278 3440.292480717341 25.397822737674826 0.3048249192483106
1.030201900238631 13.09792014027865 3080.8059695909596 26.384945438116116 0.3086199254602025
1.0524784939935725 13.10194839799209 2761.13470676874 27.412671156440158 0.31250417782938045
1.074856602660289 13.105723024959897 2476.893269638788 28.48079932134674 0.3164680330832236
1.0973725888077857 13.10940770862051 2223.5608924209128 29.582524326232175 0.3204576156960168
1.1199855478462155 13.11285482501745 1997.8945071028133 30.72956908064681 0.32453523815949736
1.142721643893685 13.116150659313972 1796.5009929778478 31.9238040843636 0.3287046680727674
1.1655336531276155 13.119183201057137 1616.8251497953436 33.16376314039596 0.3329517751588531
1.188428874194339 13.12188509942014 1456.2375205754768 34.44579320296132 0.33724759184807884
1.2113769611351284 13.12408969506687 1312.6240384555508 35.78071851265459 0.3416498593657003
1.2344032761816912 13.126058769690074 1184.0739299992488 37.17057315414755 0.3461555780654188
1.25743811406143 13.127401665893174 1069.0062977022826 38.616570430262335 0.35075328962245617
1.280490513231486 13.128194596875941 965.8613338087462 40.11123656194984 0.35540248693927196
1.3035549675835916 13.128499409125336 873.355538054396 41.66787635180144 0.36016994488053555
1.3266342374289444 13.12822758630666 790.2942888141018 43.288983743208426 0.3650576770238715
1.3496904442150475 13.127372024550537 715.6877795136079 44.977171823423376 0.3700656759822081
1.3726924170557322 13.125752329561314 648.6494639253166 46.73064290495553 0.375161563116488
1.3956242682597968 13.123285729381168 588.2940848287697 48.5506918038321 0.38035636566639786
1.4185045927813305 13.120172711060642 533.9860723943079 50.446920475560546 0.3856878679489037
1.441298787117822 13.11633958850423 485.0819422372711 52.422569600421745 0.39115862778428445
1.463984567812656 13.111548327064066 440.982152637242 54.48106398088108 0.3967688323716228
1.486523554106203 13.105895952970794 401.2078828088125 56.6261155903189 0.4025162984625617
1.5089564640025301 13.099453872240408 365.28682628611966 58.854362321651614 0.40838423597860196
1.5312275216148872 13.092148078042277 332.86354233346594 61.17553103180241 0.41440533400085533
1.5532793567742438 13.083550395085732 303.5281149134805 63.595930923988405 0.4205915810953126
1.5751596764339222 13.07417327441165 277.0092089887868 66.12014398868547 0.42694304468743793
1.5968255713578197 13.063714790779349 252.97835427819209 68.75312381275853 0.43346889969136243
1.6182721971341536 13.052355125746606 231.24228786946847 71.50003119431967 0.44018222318112726
1.6394301036281014 13.039679967849478 211.52677802973494 74.36874940727743 0.44709581871816345
1.6565268075825097 13.025941528785742 196.39190977644162 78.11126858261895 1.2591485320535205
1.6540046946247982 13.005896595154104 195.29943384220044 82.76302704937324 2.8135702481107825
1.6384909902046323 12.9809150107329 203.13670087190994 90.12166357640469 4.694851635967872
1.616157449588326 12.951925389872892 216.23890468618467 103.51338912702128 6.590123096824754
1.5843177117372262 12.906545239985151 236.0360191609621 120.01142732770234 6.783267180126209
1.546346203316292 12.842475490047828 260.68215832641556 137.26321817654957 6.854887820953394
1.505281655136285 12.7621068055587 288.7370208475543 155.1786671476467 6.928058090584519
1.462459130660822 12.666904899803683 319.6551187585785 173.79348736318394 7.00386110148244
1.4188695081757023 12.55792767408761 352.7290445903838 193.14574482271885 7.082436099046389
1.3750229711952882 12.435701329581681 387.4584290893096 213.27781259099936 7.163912990061118
1.3315062232882289 12.30093858620721 422.94366375558064 234.23301553517103 7.248463302175221
1.2886656177708564 12.1539923718573 458.13041644523446 256.0587638685632 7.336241092701004
1.246925698909577 11.995340423061041 491.96750430885777 278.806485951049 7.427432311346522
1.2066533861071735 11.825601245533646 522.6547842863349 302.5293352891318 7.522210056857943
1.168112737277862 11.645402177010455 548.8292809697679 327.28690457834114 7.620800117120767
1.1316098591806296 11.455723823415186 568.8729591551802 353.1405525615452 7.723380781029313
1.0973491979466594 11.257489484994442 581.4327337034196 379.97983287712594 7.8294762679361085
1.0655500427921594 11.051974641489709 585.4598545638622 408.0440074301593 7.939996647511282
1.0362819907291436 10.840278875771245 580.4133112069791 437.4104478395945 8.055234685416677
1.0096426740128415 10.62396833693055 566.3984036352892 468.1634408987895 8.17546678694531
0.9856552572948473 10.404516839558516 543.9999193231896 500.2959220287779 8.300592284422153
0.9643389093740464 10.184022175499953 514.6012789916252 533.856878200666 8.430726017598198
0.9455637652197167 9.963476299464235 479.66924899544625 569.0816521228181 8.566784145018493
0.9292407121037004 9.744719500542518 441.0430899734572 606.0335472740403 8.708928933226014
0.9152591198215003 9.529210325196736 400.4798983026795 644.6568017557518 8.856820197411365
0.9034323718446493 9.318223876864074 359.7111164514608 685.2932656155235 9.011773899998227
0.8935672670535497 9.112682036446616 320.0459593547343 727.9074294480336 9.173527829178624
0.8855118056659521 8.913580610311474 282.4061959235518 772.6935135853479 9.342734007601024
0.8790528402900275 8.721509767750568 247.73010340964262 819.8093065989207 9.519927484387082
0.8740109383654225 8.536914057861207 216.23948998733056 869.350824492187 9.705324289631594
0.8701865423473505 8.360166015332544 188.1023665817991 921.5430887045007 9.899677467974929
0.8674190302460745 8.191120239297197 163.32141623734577 976.5537793112842 10.1035074174406
0.8655418293894724 8.029836321488874 141.59902555346534 1034.5243846180902 10.317154213748822
0.8644077916921672 7.87633265637244 122.80895057096448 1095.7899366066474 10.541783289734488
0.8638771002240345 7.730096449375799 106.58692359013298 1160.4462214714001 10.777503202404041
0.8638134115975381 7.591156533897007 92.70264369169077 1228.8083337652558 11.025337225986378
0.8641085112348351 7.458950474362999 80.78422500522572 1301.1882224734395 11.286260210944052
0.8646587542329527 7.333172558119875 70.60190183170354 1377.8712693638827 11.561072695149042
0.8653646559194085 7.2136515468034945 61.93637392876618 1459.1444615377159 11.850529534194088
0.866160901211753 7.099528241851108 54.51142154777163 1545.3709533021379 12.155682816083802
0.8669583186654717 6.990813198782768 48.01705467155207 1636.9820508502244 12.477824303483603
0.8676868057838932 6.887119207080137 42.71079923450045 1734.4072721696118 12.818157494409256
0.8683084598474288 6.788090968596791 38.04622061120108 1838.1224912488783 13.178010834435018
0.8687483272358513 6.693343578574895 34.044423586185914 1948.6541532950912 13.558841738683904
0.8689815222940117 6.602668081757336 30.595565701605754 2066.5852291855017 13.962245316590217
