M[M_sun], R[km], Lambda[1], P_c[MeV/fm^3], rho_c[fm^-3]
0.23841724892012095 16.20908015294055 2780876.1263280716 3.453507347168396 0.169602847481901
0.2484185904501025 15.866123225257235 2282110.452476116 3.6356194207561323 0.1719793674344205
0.25870255420867294 15.5627528148005 1881294.378806775 3.8249119786552455 0.17437669452449547
0.2692708959273634 15.293362795253024 1557847.698161218 4.02050039677129 0.17676934771994746
0.28012841613662925 15.053579161410223 1295146.6651469877 4.22269778235321 0.17914890743656853
0.29126179004645397 14.83963568992383 1080957.0260564967 4.432877954638425 0.18155227237427146
0.30268774301975454 14.648112420743752 905262.9081426769 4.651388697494868 0.18398328786404464
0.3143944877577137 14.476602131442196 760723.9834110225 4.878597394945213 0.18644360271997046
0.3263835631880662 14.322866377960272 641315.7843105413 5.111846814487744 0.18887408724957908
0.3386589079882728 14.184631863034229 542228.5016290715 5.354277390488493 0.1913258011095631
0.3512151517236686 14.060369490605064 459789.60723844846 5.606410388158832 0.19380750649050685
0.36405222405451676 13.948526975099508 390927.31425590935 5.8686586330090975 0.1963247748537867
0.3771829128800134 13.847947960634578 333210.8105836471 6.137973395862763 0.19881867636733824
0.3905948757877535 13.757231470005834 284694.68976383354 6.417668649109441 0.2013417356779042
0.4042862034712061 13.675679339413655 243821.23424799787 6.7086079588566445 0.20389935009969942
0.41826415752065244 13.602201975023462 209261.61452614205 7.01097021249783 0.20648440214309938
0.4325295699745749 13.536300925992052 180005.60021879277 7.321221394810714 0.20904477064210156
0.4470722038625083 13.476904560114436 155140.1279882218 7.644022753866847 0.2116495892004649
0.461902692422597 13.423684142044143 132463.6223559603 7.9799084386461345 0.21429886383946847
0.47701591164059354 13.375962176676689 115894.41953950042 8.32706705174737 0.2169567985143048
0.4924126901687239 13.333317087549384 100431.95761102029 8.685217826164665 0.21961035377203555
0.5080892165113123 13.295366590905335 87197.42367661763 9.057978401430812 0.2223121026208257
0.5240445016319362 13.261409623398615 75822.17425579295 9.44595451382585 0.22506482083040374
0.5402864589305525 13.231478927620243 66041.39866231433 9.84389848829518 0.22779365201391716
0.5567997611658316 13.204935759710407 57604.88533212075 10.25765189319528 0.2305669839894994
0.5735911008253931 13.181653160728802 50321.8507253401 10.688341058084259 0.23339090001514287
0.590664660881882 13.161265209704329 44020.13455495941 11.133185210797848 0.23622118969593434
0.6079997960709855 13.143503170292297 38563.3929194113 11.592612570601759 0.2390668325198134
0.6256103640052934 13.128285871073574 33829.178536904044 12.070898373284153 0.24197182574314055
0.6434857430773167 13.115347145408608 29715.90276477337 12.567961277859178 0.24492738536728
0.6616405629974711 13.104386488034425 26131.380673329026 13.078304521529683 0.2478594629164176
0.6800388124335383 13.095182199506072 23009.336080270918 13.609621394001737 0.2508501764107626
0.6986960387787281 13.087719265590989 20284.675294514083 14.162819216993313 0.25390138443121324
0.7176215028548536 13.081903054299666 17904.056441906527 14.732166446986664 0.2569516151038869
0.736795693245119 13.077411212520232 15819.020289195823 15.32271747901099 0.26004746249853133
0.7562135462309407 13.074176673424255 13894.904648357395 15.93754453706502 0.263209137215418
0.7758646366477165 13.072018464783964 12391.055758470455 16.574052422673674 0.26639901774077257
0.7957642391611198 13.070928574487443 10984.1277332932 17.230739894148357 0.26959944971525723
0.8158905340164267 13.070721287547814 9746.522755870177 17.91450038631361 0.2728719283487008
0.8362467268626929 13.071330414490314 8657.59031404709 18.626366577516954 0.2762179808704052
0.8568095491641087 13.072634167693689 7698.012446388602 19.35718628074207 0.27955120381109816
0.8776048617059145 13.07456302552328 6851.1093290439385 20.118020526167975 0.28295470764419933
0.8985889118279035 13.076849874435252 6102.836253387977 20.910169952932396 0.286430945148736
0.9197847542453385 13.079747494785115 5441.502262051668 21.728757949579858 0.28993355694526635
0.9411569103991306 13.082871390093255 4856.402285506536 22.57604221719673 0.2934794663241095
0.9627260948687417 13.086387164409464 4338.043444660686 23.458177034677636 0.2971088460669674
0.9844627607941329 13.090042030763732 3878.5310917283236 24.376216272134204 0.30082031169082285
1.0063695946171234 13.093870490835311 3470.5974204882045 25.320540992326116 0.30452205938849336
1.0284182993376845 13.09766415123367 3108.2300953408303 26.303752738566455 0.30831054534755126
1.0506384599195682 13.10161605692755 2786.0302989123893 27.327355342198047 0.31218756831599953
1.0729649165998532 13.105364542773161 2499.4806348037882 28.388380362259916 0.3161250635889559
1.0954252026364664 13.109036980909925 2244.1747981716076 29.48546355819642 0.32010661988571026
1.1180090902378357 13.11258449126077 2016.5589179613169 30.62761596080307 0.3241770795752747
1.1406914375040065 13.115895585201754 1813.5565191724534 31.816692911284626 0.3283377909408415
1.1634560080658876 13.118926711308234 1632.3610967497634 33.04792341601256 0.3325550009977343
1.1863070217186529 13.12160905853543 1470.2965551152824 34.32413540371896 0.3368408282616992
1.209213265620381 13.123874931938076 1325.4490741188854 35.65290928149865 0.3412324835139192
1.232179450965182 13.12585729703421 1195.8604214443244 37.03626778921117 0.3457285389978217
1.2551888110039158 13.127327796535036 1079.7143474874274 38.47150117623416 0.35029202555451255
1.278204355136177 13.128153324494528 975.584942271014 39.95883235677634 0.35492872092280187
1.3012358077100912 13.128524025802616 882.2077785440518 41.50770634425537 0.35968279327398484
1.3242683116464615 13.128312693619858 798.4343961500986 43.120588846963486 0.36455637594258555
1.3472683245724075 13.127359171766837 723.0762319038237 44.80007390312802 0.3695509991089789
1.3702376946074826 13.125869694636975 655.4144945682339 46.5396026895136 0.374606367546824
1.3931692096597443 13.123669222697936 594.5115323580022 48.349790287437415 0.37978415422246947
1.4160112556288953 13.120599890421365 539.6642175188753 50.235559142882856 0.3850975554322655
1.4387608805042027 13.116717430502906 490.2386206058001 52.200111582998694 0.3905493396389734
1.4614229923544668 13.112120506171753 445.73807477642765 54.246840374232946 0.39614080759639864
1.483961806869939 13.106629594534027 405.5476653502455 56.375637760393545 0.40184876128677854
1.506343699084728 13.100198451272364 369.28503133471463 58.588514716982296 0.40768414423783883
1.5285944424073215 13.092892307320678 336.4852425092549 60.89546356515394 0.41368060764554404
1.550657685822245 13.084669314418186 306.87197361938024 63.30075110181734 0.4198411530797564
1.5725232233606754 13.075372510201586 280.0781020121444 65.80890782766711 0.42616645325337954
1.5941765262737992 13.065077961166097 255.8027839341812 68.42481703345668 0.4326627692979702
1.6155997934564814 13.053721887152765 233.82497829409434 71.1535565776656 0.4393446717366668
1.6367784477822316 13.041355783344502 213.90183948934833 74.00058607327354 0.446219152503618
1.6576760756476856 13.027828072322114 195.83390027087293 76.97064858614644 0.4532847505178814
1.678285250552579 13.013109814646269 179.41293288404106 80.06760812175571 0.4605343747677481
1.698571394916405 12.997254609787296 164.52313911110346 83.30226711051407 0.4680063762784823
1.7185512231712774 12.980321103184634 150.98463927581435 86.68172492414692 0.4757109030555191
1.7381518874855673 12.962039773982323 138.67363994459384 90.21353469024278 0.4836525321014196
1.7573918282550394 12.942528462678474 127.46947311355505 93.90578359826709 0.49183910647874995
1.7762441917061271 12.92182070716319 117.26935354542279 97.76716992097423 0.5002902807819644
1.7946664651874318 12.899790807722805 107.97516787105928 101.8069770365681 0.5090217306212043
1.8126762268559595 12.876490711501852 99.49692528399456 106.03512991591705 0.5180404048174769
1.8302268615583008 12.85181614480796 91.76596300719515 110.46228851664684 0.5273594296078887
1.8473113140746797 12.825877938622725 84.70874268704043 115.0999182107122 0.5370028776615084
1.8638837909635244 12.798390819114292 78.25804546812648 119.96032360515113 0.5469902179655293
1.8799531611040599 12.769609587730667 72.36653178162375 125.05187783509825 0.5573117863234756
1.8955035636587632 12.739542684685338 66.9741326898394 130.39078136348147 0.5679997340024712
1.9105012720393828 12.708072304981634 62.04842641523104 135.99376787791869 0.5790884312489778
1.9249093323749178 12.674985451843753 57.52889195947133 141.87723455327495 0.5905959214916036
1.9387343379307334 12.640478133575451 53.39177472077479 148.05885787263182 0.602541457780426
1.9519435948533603 12.604509587818896 49.598079124240584 154.55767788748273 0.6149605458117835
1.9645466897765342 12.567229651970623 46.12285852242726 161.39119562684164 0.6278742371012418
1.976495492000177 12.528320063728701 42.92609557525685 168.57188210621305 0.6412662897716087
1.9877608038858934 12.487919609926172 39.99466963924461 176.13475153776722 0.6552202975079656
1.9983721346992898 12.446173594077717 37.30261725625058 184.10568351577942 0.6697757762951422
2.0082773933862264 12.402805949867746 34.827330930618174 192.50373436143616 0.6849264198019638
2.0174592939681912 12.357904364805874 32.5479917484781 201.35485754430937 0.7007120970592837
2.025928831855359 12.311587724736725 30.452814793989244 210.7031144339275 0.7172195371905061
2.03363379895205 12.263702710855485 28.524605012921867 220.56983040717054 0.7344329410749386
2.0405795649688834 12.214227708829325 26.745483997461353 230.99467498222873 0.7524246923626904
2.0467766334219557 12.16334975333594 25.107194915837745 242.02513951371228 0.7712706671831717
2.052193628845319 12.111070207713976 23.598410205541498 253.68651172125024 0.7909494521888911
2.056790950489244 12.057140072363655 22.2065498195076 266.0470382462775 0.8116083128411495
2.0605747772275333 12.00170628672753 20.92148153738059 279.1345006245623 0.833224604135644
2.0635536490661197 11.944916169509405 19.73695895367777 293.0239630810161 0.8559274429292328
2.065691473640721 11.886600075818214 18.643449951912196 307.76304621854166 0.8797588374056211
2.0670096888337794 11.8269172748348 17.632915862975597 323.41974268026394 0.904786445616297
2.067470342481446 11.765731034331301 16.699893897239097 340.07358763322 0.9311374829576767
