M[M_sun], R[km], Lambda[1], P_c[MeV/fm^3], rho_c[fm^-3]
0.23841724892012095 16.20908015294055 2780876.1263280716 3.453507347168396 0.169602847481901
0.24842579821867627 15.865905228734348 2281750.338382582 3.6357605228114496 0.1719811623059293
0.258718040908346 15.562274512541551 1880867.6710434773 3.82520223945881 0.17438024531469998
0.2692969389781374 15.292749903435444 1557121.962224575 4.020968054879813 0.1767750686295929
0.2801613485784831 15.052952858554331 1294478.2036270266 4.223338220285882 0.17915639636457426
0.29130575964070865 14.83884424946325 1080208.218934186 4.433700016768796 0.18156152223365832
0.30273987802196517 14.647302010514863 904515.2348316327 4.652401694020243 0.18399425914683573
0.31445759902580295 14.475793021549253 760030.5294560222 4.8798110153857985 0.18645624877804617
0.32645682740350007 14.321967863056821 640669.3725496602 5.113331888570293 0.18888956188437148
0.33874466766485806 14.18369949915366 541616.5148831274 5.355991173668909 0.19134290143010602
0.3513131969345634 14.059458584674328 459219.94949756435 5.608363634406293 0.19382627922669574
0.3641633542727904 13.9476929127307 390417.00166813046 5.870862881052161 0.19634518657378522
0.3773075329210788 13.846892853408107 332738.3750099619 6.140543353166629 0.19884247461865562
0.39073016018218143 13.756415419874331 284254.52701556456 6.420522788883302 0.20136717440541468
0.40443489980233066 13.674776167782175 243413.05459478498 6.711759086244417 0.20392629072537172
0.41842482190333863 13.601431068785377 208916.37692859196 7.014575716124276 0.20651522746737447
0.4327045469850557 13.53548562907032 179672.25996807544 7.325161292356077 0.20907724846364117
0.4472636709411429 13.476137154213346 154831.03318449992 7.6483124909242095 0.21168369479906743
0.46211237084878526 13.422918026925252 133678.14626229487 7.984564064121503 0.21433450849271066
0.47724366705387916 13.37540872659372 115650.43358700494 8.33230721256516 0.2169969185188609
0.49265160129753144 13.33275787855876 100222.55725316069 8.690868189772509 0.2196519245906159
0.5083458470085568 13.294715663705846 86991.8400373481 9.064057321937934 0.22235527299006824
0.5243174707976743 13.260893437508624 75644.39919770899 9.452482036996727 0.22510958217853963
0.5405715335836931 13.230951846849761 65876.09865508317 9.851165677574935 0.227843485492988
0.5571053071859446 13.204490475791 57463.04587443948 10.265421526267868 0.23061832733687057
0.5739202062090936 13.181318211487701 50194.22131467199 10.696635511341997 0.23344367289148615
0.591007469986789 13.160942381473347 43905.159407079285 11.142366891218735 0.2362796074927943
0.6083590368167144 13.143156160279489 38459.248154117435 11.602381056194817 0.23912690395143363
0.6259914524771057 13.127980086049487 33735.45888345659 12.081281565674196 0.2420335646979393
0.643890353983837 13.115001778473264 29628.64182025311 12.57940292036998 0.24499541791673707
0.6620564503200611 13.10403157595207 26052.815160173184 13.090433292298155 0.2479290299159532
0.6804831487353673 13.09508467265887 22941.49374821722 13.622468597047957 0.2509212766358113
0.6991591903914608 13.087551972431987 20222.93574375708 14.176418949546068 0.2539742438730218
0.7181095024466576 13.081805940542198 17847.11347942014 14.747073912614479 0.2570314806174336
0.7373000271382234 13.077301500184383 15768.145062957145 15.33846725335899 0.26012918031666815
0.7567367974819129 13.074123387629795 13947.362559642897 15.9541770963565 0.26329249184176323
0.7764171603041355 13.072035444672307 12350.509403222382 16.592232418036453 0.2664901273946668
0.7963273414522126 13.070879154204626 10946.824315822736 17.249905905072836 0.26969234917915197
0.8164888806972836 13.070771342788754 9713.126782708068 17.934701219167245 0.27296688575336475
0.8368602830409875 13.071392078025573 8626.970042649173 18.647655105342675 0.27631507651384385
0.8574523880922934 13.072695205660196 7670.282901560805 19.38037348506511 0.2796569591992452
0.8782628397167395 13.074597804006649 6825.877727040121 20.142425036813144 0.28306239511467457
0.8992734297410381 13.07696574622378 6080.192883812191 20.935852213605123 0.28654083558148397
0.9204845229004358 13.07983367917386 5421.133219133619 21.75667846530641 0.29005302452621007
0.941881803088903 13.083026167917756 4837.96539136394 22.60539542773197 0.29360151803953327
0.9634689589124487 13.086493724524312 4297.261444972202 23.489039086215268 0.2972336157267925
0.9852281482446764 13.090141828555037 3863.1405336725306 24.408925443762897 0.3009495241668921
1.0071586690031424 13.09395320444177 3456.6759142699793 25.35573261638391 0.30465997203889733
1.0292386914237421 13.097808403841407 3095.6941823042844 26.34072457152861 0.3084514243909899
1.0514717566346756 13.101749678441855 2774.707512088372 27.366203915667683 0.3123317365226917
1.0738315476231752 13.105555815921981 2476.5562528028195 28.43046141132221 0.31628122760830596
1.0963130655466735 13.109207256305458 2234.7097135302547 29.52965728450863 0.3202664353610185
1.1189239990843636 13.112831830454297 2008.0737578246765 30.674036347167927 0.3243401531514928
1.1416193766755676 13.116052118024967 1805.7538982595495 31.865460833510813 0.32850483080159565
1.164406709468469 13.119016963326937 1625.1799404292237 33.10066295565858 0.3327356444403204
1.1872788149640892 13.121744064290125 1463.8460455797601 34.37952265959088 0.33702601588615483
1.210198763779191 13.124010827957001 1319.6216259818657 35.71109588945264 0.3414224986234493
1.233194873375955 13.125918727288758 1190.4234815654759 37.09741054077846 0.34592294927794703
1.2562199014899191 13.127441723469902 1074.8236048757226 38.53754096195896 0.35050200650749674
1.2792480318078625 13.128196610355346 971.1356499930504 40.02820972595224 0.3551443884615697
1.3023093312941227 13.128576571694168 878.1477494140494 41.580617249057156 0.3599045493003061
1.325349184533921 13.12826237416861 794.6808305412254 43.19724207320226 0.36478456780620155
1.3483698009321543 13.127342354184078 719.721453580308 44.88068689235063 0.3697852742555507
1.371357370211142 13.125778974081687 652.3092630392783 46.62655761031114 0.37485907343220837
1.3942843891742214 13.123469262439942 591.674129959735 48.44123157794401 0.3800445990106146
1.4171535671838997 13.120463192890046 537.0940727400974 50.331758951110544 0.38536623253689745
1.439920854499639 13.116582667984016 487.91160469747143 52.30135948451892 0.3908266465521991
1.4625830802277942 13.11187614731461 443.57768603285933 54.35344049911559 0.39642663497488684
1.4851268114908776 13.106299830949332 403.5739303170431 56.49053405784265 0.40215683322885215
1.5075466165055724 13.099945191989748 367.4604699408341 58.70949797823689 0.40800274549843807
1.5297781362220424 13.092491668546838 334.82504134110786 61.02291467771119 0.41401041096539887
1.5518505562206617 13.084098910489486 305.3339783020151 63.43507577363821 0.42018264321337523
1.5737313549385756 13.07485025845262 278.6650643839399 65.95053515402222 0.426519839466974
1.5954060183142416 13.064598934004673 254.51592957910725 68.57420804185644 0.4330295866772112
1.6168114629863282 13.053053994976104 232.63261669127635 71.31120996994686 0.43972577563312076
1.6379814999366529 13.040521378396464 212.80631336232165 74.1670339267882 0.44661512182014734
1.6588926422072177 13.026960164245075 194.82582012283243 77.14755701967101 0.4537009539848269
1.6794782340027807 13.012217441769844 178.51411509125856 80.256947495918 0.4609774614019177
1.6997868765455468 12.996317357817333 163.6715434559789 83.50233007003787 0.4684679005216287
1.7197275896170132 12.97915055479481 150.2065215694316 86.89322374848324 0.4761920578632563
1.739326126276218 12.960786183719362 137.9558892671709 90.437231299644 0.48415410978006906
1.758576288810226 12.94127537782497 126.80623909992485 94.14249267772742 0.49236224295288156
1.7774025237911724 12.920420980393198 116.65375049175188 98.01777064239374 0.50083707760354
1.7958568676144455 12.898533331634846 107.41763442707881 102.07241947644495 0.5095937410493997
1.8138161453767538 12.874912939375127 98.9812695036691 106.3164330991205 0.5186386644901287
1.8313414624751492 12.85008297346254 91.28338667728053 110.76054668952727 0.5279857022943536
1.8484176474023575 12.823998225190058 84.2590604216432 115.41631468840616 0.5376596550951792
1.8649688465293903 12.796500652192059 77.84639351899821 120.29279541752183 0.547667111320766
1.88103613491042 12.76764686961137 71.98445990809545 125.40344204944245 0.5580167927135584
1.896548755161958 12.737352349949921 66.6238370228239 130.76443508172164 0.5687413171330298
1.9115224232139956 12.705814748155303 61.71818066925676 136.39110984345072 0.5798690931838828
1.9258912840950944 12.672532732617377 57.22631543853222 142.299989199937 0.5914173995783467
1.9396788575509747 12.63800928148973 53.11524026714905 148.50888973417733 0.6034071296884173
1.95287776179099 12.601965891259745 49.34001779914102 155.03701138406763 0.6158739439604289
1.9654274590909175 12.56445167542897 45.88264341757861 161.89610039405085 0.628817865727717
1.9773363089994767 12.52543812046789 42.704557251799784 169.11039407362833 0.6422635935011624
1.9885702372302259 12.484968119180653 39.79102830047318 176.70943676273737 0.6562754556136939
1.9991375345775098 12.44296825103024 37.11169015332417 184.71933150547687 0.6708929909391818
2.0089783490047606 12.39944442443549 34.64946550030076 193.1527668734919 0.6860872177029533
2.018123507490012 12.354395695446096 32.382110820579875 202.04884879655637 0.7019434573334574
2.026546010976408 12.307938715258672 30.29819339818201 211.44563549768426 0.7185267396535879
2.0342126486694654 12.259947978862385 28.38042092465761 221.35762961960054 0.7357971279670246
2.0411083812706976 12.210364189559916 26.613352825845954 231.83875194787862 0.7538755275698179
2.0472422243917725 12.159236296271088 24.98177811377231 242.922706877783 0.7727894091984101
2.0525818011832704 12.10671413069293 23.48194451238181 254.64957797943086 0.7925675390199556
2.0571174276119 12.052617246834396 22.097268124395217 267.0733680361311 0.8133086712828111
2.0608452415412946 11.997152988897106 20.821757834903508 280.2373489620773 0.8350376557350213
2.0637629060626415 11.940189941590782 19.64366248751797 294.2017623303609 0.8578381681779134
2.065838739107462 11.881739025186207 18.55622737623752 309.03057941592675 0.8818012076275784
2.0670803405787397 11.821788237764148 17.551512486670372 324.77627582405086 0.906942673801154
2.067471504292811 11.760562300389678 16.626469234044244 341.52721307180525 0.9334184676560928
