M[M_sun], R[km], Lambda[1], P_c[MeV/fm^3], rho_c[fm^-3]
0.23841724892012095 16.20908015294055 2780876.1263280716 3.453507347168396 0.169602847481901
0.24841899257921657 15.866132851524599 2282062.0742015047 3.6356284081356263 0.1719794817572867
0.25870467535711217 15.562698125455224 1881387.1777369187 3.8249304661140733 0.174376920683477
0.2692727385359114 15.293262411174597 1557812.9963125417 4.020530182326459 0.17676971208970127
0.2801299271014353 15.053555089081089 1295126.4546135461 4.222738571414908 0.1791493844013623
0.291265793409728 14.83955345509984 1080874.6625050444 4.432930309988345 0.18155286147770663
0.30268958837214754 14.6481389634715 905252.9499942776 4.651453211563228 0.18398398658518558
0.3143977126635086 14.476634811855556 760719.8893110966 4.878674684300178 0.1864444080835247
0.3263875680244987 14.322800675340716 641298.1633244745 5.111941388770351 0.1888750727239748
0.3386616671364408 14.18459283678353 542221.8338464088 5.3543865273417826 0.19132689008931014
0.35121933135781175 14.060207841060565 459759.1803113992 5.606534771843447 0.19380870194760833
0.3640600276417728 13.948473013345495 390918.72445314063 5.86879899773361 0.19632607465553242
0.37719070449264225 13.84788636102924 333159.6123527871 6.138137044082453 0.1988201917782962
0.39060309117567626 13.757166618852782 284665.7490836869 6.417850389704953 0.20134335551780452
0.4042981421382423 13.675673703031118 243799.4998005266 6.7088086065703285 0.2039010655412799
0.4182763256648744 13.602271265957196 209263.43333154573 7.011199786000651 0.20648636488628386
0.4325387696779036 13.536157309952012 179976.7287370175 7.321472255448669 0.20904683856568004
0.44708391945172116 13.476817166094204 155111.13721684905 7.6442958843717035 0.21165176072735342
0.4619172262940301 13.423586126237755 133937.30931857333 7.980204860129739 0.21430113331777004
0.4770318621856928 13.375879618631332 115877.49051368493 8.327400680565614 0.2169593528614276
0.4924278569474261 13.333281161640956 100421.39727560358 8.685577565258903 0.21961300044217236
0.5081065274002536 13.295309718179114 87186.08658477025 9.05836541853091 0.22231485108103255
0.5240617454742594 13.26136541543581 75807.24966087936 9.446370084302579 0.2250676705322427
0.5403045539540092 13.231446099831361 66029.53471668801 9.844361135313763 0.22779682453490568
0.5568186733308417 13.204869648371133 57594.93097027101 10.25814651872271 0.23057025257760852
0.5736127054558308 13.181599926812284 50312.86725035294 10.68886908569072 0.23339425955370627
0.5906853795724096 13.161282862244112 44014.229014947254 11.133769701717792 0.23622490847836441
0.6080242667842652 13.143646847615376 38560.36949011883 11.593234406537032 0.2390706565081388
0.6256351698517737 13.128250657352392 33822.45257827396 12.071559329265268 0.24197575581877714
0.6435129145890653 13.11524982256981 29708.160067881312 12.568689588130171 0.24493171593472124
0.661663222696596 13.10431515577549 26126.226251416676 13.079076558352615 0.24786389108859827
0.6800679455210725 13.095164401207525 23004.38889255893 13.610439148739689 0.2508547021075772
0.6987239885235362 13.087713882477692 20280.61603583107 14.163684858690972 0.2539060220349788
0.71765493787683 13.081848085669215 17899.47235121889 14.733115297388306 0.2569566984913988
0.7368260381775265 13.077426988245154 15816.035699848775 15.323719926525891 0.260052663704714
0.7562450092254107 13.074182328284008 13990.179616610116 15.938603156381014 0.2632144425214734
0.7759048874727812 13.072073535318175 12388.95921197375 16.57520949445036 0.26640481644462266
0.7958015017269376 13.070956618125633 10981.858654393327 17.23195970292675 0.2696053622435352
0.815926829181564 13.070727572132366 9744.717096032593 17.915786036483446 0.27287797176306483
0.8362855100501495 13.071335066301248 8655.632409230764 18.627721432088777 0.27622416027733715
0.8568522479003012 13.07258489300301 7695.883114645618 19.35866192239277 0.27955793412033947
0.8776469919453068 13.07451376829578 6848.827552181943 20.11957361448899 0.2829615608097943
0.8986345238718901 13.076834700100397 6101.289754673938 20.91180433220349 0.28643793840558607
0.9198286339945976 13.07977211192038 5440.254704383277 21.730534706970957 0.28994115941613463
0.9412009561303418 13.08290141511774 4855.2666191940825 22.57791011810309 0.29348723312391456
0.9627674856367481 13.086370083733554 4336.980305647675 23.460140921722264 0.29711678570501104
0.9845095868516863 13.09002304508997 3877.41692001433 24.37834790626255 0.3008289294998088
1.0064213304717784 13.0938630538745 3469.7222170268187 25.322780276413553 0.30453083493130434
1.0284678860814034 13.097626689340117 3107.4325418033104 26.306105263827863 0.308319509509778
1.0506836522604284 13.10156899618173 2785.312762262104 27.32982724709224 0.31219674162827027
1.0730103813209375 13.105337600663896 2498.8823479435346 28.391057850233263 0.316134999826122
1.095480366744909 13.109040494823503 2243.590724111637 29.488275425781787 0.3201167882963006
1.1180685534330477 13.11259417945528 2016.0631760062001 30.630569455560245 0.3241874551233929
1.1407512422383739 13.115899159372084 1812.9960509820191 31.81979571889946 0.3283484186758006
1.1635204744876726 13.118948478278892 1631.8207797400394 33.051278788551826 0.3325664938179356
1.1863663255183885 13.12161503167206 1469.912144984414 34.32765917140046 0.33685261000022004
1.2092746292296903 13.123920440530435 1325.1232785914192 35.65661108490849 0.34124457218182946
1.2322392759803815 13.125815858590418 1195.4666100613133 37.040157596480185 0.3457409070790973
1.2552547229485467 13.127335795000068 1079.4062684721123 38.47570236352287 0.350305383703708
1.278269025017908 13.128150408926526 975.3009125819733 39.96324579296262 0.35494244059725927
1.3012965632553761 13.128480598013216 881.9809894228348 41.512344485872646 0.3596969000232751
1.3243305853529896 13.128282675454313 798.1762772325562 43.12546496598402 0.3645708918441478
1.347345591797514 13.127419558506432 722.8960673434381 44.80520182137406 0.36956590171723447
1.370314137162501 13.125860424799606 655.20241031728 46.54513380648502 0.3746224419195979
1.3932448007011342 13.123634976216888 594.3070543530242 48.35560667064945 0.37980072055355507
1.4160790347931052 13.120587643184894 539.5287999728786 50.241678089685436 0.3851146450807856
1.4388331942266204 13.116665476296289 490.1038684497406 52.20655149782544 0.390566977860361
1.4614967545796205 13.112076779602718 445.5841305432139 54.25362058596265 0.3961589874075989
1.4840411033351637 13.106629909121141 405.4234536952569 56.382945337221315 0.40186835512431
1.5064248446667128 13.100193233077903 369.17491170759865 58.59620927719842 0.4077044073433229
1.5286706533458783 13.092865950055852 336.3840172108374 60.90356931298972 0.4137015827668475
1.55073820039462 13.084616916893875 306.7615957040532 63.30929381786392 0.4198628710054708
1.572595617045608 13.075311468945317 279.9758827131283 65.81791477771971 0.42618892724944396
1.5942641285799675 13.065129221316209 255.7357566542421 68.43431751129991 0.43268609694279514
1.6156525507368578 13.053664082805353 233.81183133857206 71.16358226968467 0.4393689073730704
1.636845332933724 13.041305135357835 213.83603668350062 74.01117078517828 0.44624433288924675
1.6577522372088431 13.027784106754618 195.77069680324072 76.98204847077031 0.45331187014981245
1.6783576687121424 13.013068833369102 179.36930396566092 80.07964770885329 0.46056254946805786
1.6986604521039574 12.99732476338133 164.4830603581589 83.31498826356682 0.4680357226429897
1.718603919396576 12.980153871742845 150.93717233920609 86.69517289000642 0.475741496858808
1.7382165653479684 12.961934859917589 138.62914205238351 90.22775786712992 0.48368442363551645
1.7574650608819218 12.942494096529776 127.43130170520867 93.92083373392818 0.4918723678767618
1.7763201375861162 12.921741348065922 117.23071105519848 97.78310285683571 0.5003250455609246
1.7947460299450788 12.899698430808288 107.93396401952562 101.82385311489696 0.5090580974237232
1.8127600579356276 12.876455169278799 99.4682760642158 106.05301385519628 0.5180784393663116
1.8302955472035023 12.851676847380816 91.73014982910672 110.48124980953261 0.5273992439060846
1.8473959396696256 12.82580739745073 84.6846258815382 115.12003200282072 0.5370446299744884
1.8639577210704805 12.798375038076978 78.23598751816029 119.98167116792136 0.5470340382765416
1.8800251668419858 12.769588190666683 72.34429797390494 125.07422629257181 0.5573566026178665
1.8955720116677872 12.739392803167835 66.95386551649993 130.41453323345718 0.5680468738681632
1.910561458852181 12.707883308935479 62.02553445211153 136.01902466908766 0.579138053531983
1.9249779338810615 12.674874805770393 57.51345234177235 141.90410574913813 0.5906481364080817
1.9387969766978341 12.6403577791379 53.374495546995824 148.08746184536054 0.6025964797861195
1.9520078042960014 12.604367675592176 49.581049204596454 154.58814315285156 0.6150185991654175
1.964602328759488 12.567022973724082 46.10604332031425 161.42328548355712 0.6279342106039354
1.9765514489949891 12.528263721906935 42.917240020210926 168.60610658816088 0.6413296722135114
1.987808530887662 12.487812375240546 39.98516663532136 176.17127352049494 0.6552873541581768
1.9984164553997392 12.445943684884123 37.291102676319206 184.14468004753968 0.6698467738329501
2.0083199850163327 12.402618308205756 34.81274654728562 192.544978473286 0.6850001851027371
2.0175011491588437 12.357742336511807 32.539050016205586 201.3989567634679 0.7007903430406531
2.0259672077595385 12.31135757237485 30.442256838611787 210.75029537617596 0.717302598866367
2.033667503206891 12.263431987591229 28.514901879821167 220.6198868908264 0.7345196210281422
2.040629326557568 12.214082552346381 26.7373655108754 231.0483048534142 0.7525168736547243
2.0468126887321034 12.16310415642865 25.100566511635424 242.08216609514844 0.7713671598462067
2.052225036681297 12.110819496313574 23.591438603897128 253.7476967677485 0.7910522516766272
2.056822117098578 12.05689789177001 22.199368505526575 266.11224014394145 0.8117163352314195
2.0605840991149083 12.001399151166394 20.915251356997892 279.20456008934826 0.8333397799221606
2.0635636687358807 11.944562987145758 19.730408925500377 293.098780898266 0.8560488187006557
2.0657050092471256 11.88630947586549 18.636886038028088 307.84355989321733 0.8798885687073
2.067011501920041 11.826511360224396 17.627403589342894 323.50590591130253 0.9049234032631592
2.0674683676336496 11.76542881067724 16.69632905670646 340.16591372954014 0.9312823582518074
