M[M_sun], R[km], Lambda[1], P_c[MeV/fm^3], rho_c[fm^-3]
0.23841724892012095 16.20908015294055 2780876.1263280716 3.453507347168396 0.169602847481901
0.24842008770560095 15.8660966713922 2281931.8721083496 3.6356708947503673 0.17198002220309475
0.25870877502563205 15.562552443265231 1881070.5590534068 3.825017863918012 0.17437798982978375
0.2692811114982116 15.293097122875393 1557549.922567378 4.020670992332646 0.17677143463296074
0.2801406408664846 15.05331017874188 1294835.0994849254 4.222931401879939 0.17915163925448116
0.29127654014632787 14.839263630471525 1080682.8859741453 4.433177822405322 0.18155564649232894
0.30270714233136975 14.647781099513853 905017.6481605626 4.651758207624655 0.18398728985223167
0.3144159471186413 14.47639538055763 760480.3644456272 4.879040079849169 0.1864482155452142
0.32641015116780964 14.322546075336746 641062.208446734 5.112388505837154 0.18887973173284145
0.33868897679451443 14.184258103741113 542035.4783009146 5.354902495945511 0.19133203848183417
0.35125101066560516 14.060017743639262 459552.75193040015 5.607122828030674 0.19381435378166736
0.36409258019357693 13.948209426701435 390748.1702680536 5.869462613740508 0.19633221985509922
0.37722845120754783 13.847506421231243 333006.13297849835 6.138910748165158 0.19882735641257937
0.3906433253310427 13.756971051749696 284551.8332246914 6.418709638490496 0.20135101393590982
0.40433999561031975 13.675348910032957 243671.85775140644 6.7097572532455585 0.20390917601471611
0.41832295961320887 13.60189623979095 209142.11158432538 7.012285203644404 0.20649564468580955
0.4325921414464639 13.535924311136455 179883.0511362012 7.3226583268780745 0.20905661572759196
0.4471423319329214 13.476606820226811 155024.77267070158 7.645587257273917 0.21166202780089666
0.4619796174724012 13.423462024183273 133870.58645723725 7.9816063637158114 0.21431186358583124
0.47710097959439784 13.375882556974528 115808.34540357176 8.328978121260729 0.21697143014876202
0.49249997952845825 13.333066137891306 99305.62436950832 8.687278470502948 0.21962551433122973
0.5081827927834857 13.295010195692115 87119.9773611199 9.06019531103835 0.22232784633818845
0.5241507192714746 13.261207785781894 75752.36726677934 9.448334995843584 0.2250811445693684
0.5403904655858421 13.23115164334803 65973.60170646352 9.846548660874586 0.22781182510872533
0.5569124216331232 13.204874060445324 57553.08451709279 10.260485262958913 0.2305857074847592
0.5737098358514151 13.181483422705387 50275.23205442139 10.691365781421544 0.2334101446049538
0.5907871731145564 13.161080540549424 43979.09541594918 11.136533408261302 0.23624249236715583
0.6081300542829089 13.143420199545925 38526.580072381694 11.596174713744354 0.2390887379662793
0.6257500100527592 13.128197458856963 33794.373006414404 12.07468463229211 0.24199433901892003
0.643632835538193 13.115180571136971 29681.6795861759 12.572133415061284 0.24495219309311797
0.6617901356775768 13.104214435988393 26102.897374265332 13.082727169366697 0.24788482990091232
0.6802058922473269 13.095252447130719 22985.57705542859 13.614305962374944 0.2508761021989978
0.69886444882329 13.087618386071375 20261.50841410153 14.167778133873881 0.2539279514180633
0.7177995922797314 13.081911405638152 17884.111097144723 14.737602089242774 0.2569807361074886
0.73697957514552 13.077384205161229 15801.138181448043 15.328460189105474 0.26007725859139874
0.7564010823246077 13.074119940009078 13976.461509825174 15.943609067452739 0.2632395298119853
0.776069986979946 13.07206121908555 12376.255057081797 16.580681029023257 0.26643223722286047
0.7959665733538721 13.07088083919578 10897.719666801075 17.237727940469885 0.26963332143532975
0.8161054553099071 13.070722422566783 9734.246083666754 17.921865660476662 0.2729065500558467
0.8364697594471849 13.07134149836728 8646.56046960701 18.63412834934763 0.2762533818260886
0.857046626265138 13.072641383734016 7639.8644057164 19.365640115769157 0.2795897612237196
0.8778457231344414 13.074513791255043 6841.591276236602 20.126918089664812 0.28299396907911595
0.8988368105985556 13.076911403759361 6094.619782381672 20.919533272855183 0.28647100935069175
0.9200406801352147 13.079811689091622 5434.264997663685 21.73893706263587 0.28997711180022906
0.9414218152067722 13.082925316124342 4849.686881682933 22.58674354630048 0.2935239628391622
0.9629977093785652 13.086412227096298 4331.944370315505 23.469428328998212 0.29715433300302735
0.9847481237829137 13.090130705227145 3872.8416819026465 24.388306080817486 0.3008687188312596
1.0066584868963195 13.093928623076136 3465.5527324767363 25.333370269593228 0.30457233611422135
1.0287193537617387 13.097743706322907 3103.8401623929503 26.31723086124689 0.3083619029589662
1.0509374927277237 13.101626310740167 2781.9479525723464 27.341517485961155 0.312240124450933
1.0732799197811638 13.105452368048635 2495.7596318908113 28.403720519819203 0.3161819913679753
1.0957454875244905 13.109089304707966 2240.7813189809353 29.50157369836989 0.32016487814822736
1.1183336113531515 13.112636314393916 2013.4675807768715 30.644537615972393 0.3242365248974722
1.1410277071479538 13.115977455888482 1810.789782388552 31.834470124828663 0.328398681443029
1.1638036873951914 13.119010617401678 1629.7220778217718 33.06714790431267 0.33262084870463116
1.1866600557904334 13.121619898325497 1467.9394305353158 34.34432481050818 0.3369083316652098
1.2095749311610504 13.123984881127727 1323.331106179551 35.67411885455844 0.3413017458319981
1.2325509415889764 13.125896506047773 1193.8666606263432 37.0585546538393 0.3457994025995472
1.2555630766044628 13.127307070349508 1077.9062258947547 38.495572407629716 0.3503685627517864
1.2785796605666588 13.128164540499839 973.955206877946 39.98411983274358 0.35500732995292633
1.3016399596353831 13.128518079355654 880.6489189554412 41.5342814529384 0.3597636205592397
1.3246560866383104 13.128242310936121 797.0407206235903 43.14852765048007 0.36463954801445364
1.3476874313288552 13.127503456662081 721.88602006512 44.82945561549241 0.3696363873948752
1.370649108661239 13.125838811506867 654.2751282051764 46.571295039399836 0.3746984709409098
1.393599799800981 13.12372442473897 593.4786274911481 48.383117361509036 0.37987907701607826
1.4164147962738505 13.120451512987502 538.7192929464384 50.27062007723973 0.3851954773564589
1.439186336699818 13.116668736039657 489.3951092558807 52.23701185984028 0.3906504054557901
1.4618406125102488 13.111994514770103 444.92814447690563 54.28475767230587 0.3962416532330933
1.4843815404417775 13.106499068819458 404.8226178399212 56.40949802258583 0.40193262508603
1.5012020474401433 13.09845994154774 376.39500774107813 59.02764309531025 1.0871859730738418
1.4966136048470924 13.077831398332462 377.58031567526206 63.054970975189924 2.1588245187686588
1.4817453588642862 13.045042682630296 391.1245919454306 68.90220858774708 3.221053290947517
1.4615556305924466 13.004725019310241 411.85476892850284 76.71986627877546 4.294863207913263
1.4373375159562907 12.955949619612925 438.5489473452961 86.43929288980671 5.191919548218131
1.4080828090833837 12.893300362111129 472.57579808989783 97.27246819760263 5.248000224325975
1.3747304149286714 12.812765858896578 512.4141059378409 108.52410365798094 5.302020712274372
1.339592523101833 12.71766332712435 555.4668646867708 120.22523702782989 5.357581998719406
1.3037891837785738 12.609333737160362 599.8228587654849 132.38898683817283 5.415188480152429
1.2679802066510966 12.48867304045998 644.0585744448264 145.0320174926919 5.474892949852544
1.2326846569345935 12.356454116715627 686.5459736296255 158.17574066166299 5.536786612809712
1.1983310702452914 12.21345921762025 725.4567155536066 171.8429067189227 5.60097039047699
1.1652502031427026 12.060408004238544 758.9207916143174 186.0584825350232 5.667533949034466
1.1336792074290873 11.897951971880715 785.2265513671834 200.85054097574252 5.736583631087085
1.1038957898357165 11.727032979826452 802.6962777863085 216.2493943094352 5.808253002176122
1.076054365184867 11.54848433633891 810.0702942543967 232.2871321012817 5.88265794404704
1.0503405958165906 11.363579794542893 806.5846202449429 248.99960296510164 5.959941377890541
1.0268293656373304 11.173331994714395 792.0375262422546 266.42436404383926 6.0402608807739595
1.005590108488428 10.979109958601166 767.0932557834087 284.6022201011287 6.123762774637318
0.9866301332365564 10.782189073979978 732.7624754273597 303.57785761513867 6.210643811012057
0.96993935949788 10.583913402290424 690.6841937448185 323.39793989906286 6.3010529847309025
0.9554788325941302 10.38564947710155 642.7920051144106 344.04284513445805 6.394882325777107
0.9431219782304139 10.188650283940644 591.2234302236325 365.6163188399716 6.492540390967542
0.9328028113199968 9.994116268160102 537.9728785142274 388.1904997330233 6.594357728707977
0.9243468401442569 9.803019680321189 484.90592521183055 411.82994508158555 6.700564125164487
0.9176646423662053 9.616535882184014 433.482307232708 436.60274201869305 6.81142619358119
0.9125459273361702 9.434970517093818 384.7406934770476 462.53574248536677 6.926996293691008
0.9088783459917785 9.259070002032438 339.6415941747005 489.66359469047103 7.047344876633269
0.9064853469518156 9.089386311024223 298.41895602263025 518.1557998090465 7.173221786549914
0.9052317885590577 8.926105018733363 261.3508556805635 548.1051740093568 7.304969595663228
0.9049379785771628 8.769349080754413 228.42118444530482 579.4731170909831 7.442270367543369
0.9054869301100084 8.619053642674869 199.38935589763508 612.4694163076659 7.5860400544174444
0.906751826474441 8.475111990506674 173.98538347710846 647.223311898192 7.736769114069421
0.9085885381880497 8.337621027367666 151.86559102210748 683.7003150585291 7.894115598421258
0.9108855357287429 8.206111787336365 132.70735597228938 722.20307145208 8.059410326081606
0.9135534792081222 8.080364722207323 116.13829163517121 762.7171168637028 8.232376124796545
0.9164742033077311 7.960261322546388 101.87118189568194 805.5106652050142 8.414140300639724
0.9195746544087402 7.845418763144932 89.5595773848025 850.6272488699473 8.604635299376337
0.9227648930418665 7.735482626851621 78.76774128161937 898.3719899025522 8.805179061723464
0.9259713526315749 7.630138515926911 69.82838898266218 948.7589014115729 9.015457095647761
0.9291431829154543 7.52917491833021 61.95006792688977 1002.1439155556548 9.236956030674468
0.9321983202511102 7.432187525497122 55.13363444093908 1058.7038343145518 9.470194141475112
0.9351028606414926 7.339041581781253 49.24273712124723 1118.6169693954446 9.71560437377571
0.9377944506501746 7.249374527899476 44.14897420669934 1182.2277863848294 9.974486781566192
0.9402470725090374 7.16290851555916 39.71059584283272 1249.8142113926904 10.247699035353948
0.9424019940441295 7.079472106729176 35.84208473313602 1321.6843294460755 10.536199872282342
0.9442260047626817 6.998798864220588 32.48519240267829 1398.155077568572 10.840908836988769
0.945720873074466 6.920629075817619 29.536377166897537 1479.6325207425023 11.163149674802357
0.9468168668730736 6.844899923322873 26.913157727284382 1566.5478519097558 11.504280256360902
0.9475125781763981 6.771345420128914 24.652186004325234 1659.3643429844622 11.865711261791935
0.947787764785892 6.699906171075209 22.70665383496728 1758.5951100216785 12.248988261421262
