M[M_sun], R[km], Lambda[1], P_c[MeV/fm^3], rho_c[fm^-3]
0.23841724892012095 16.20908015294055 2780876.1263280716 3.453507347168396 0.169602847481901
0.24843112280986 15.865744206639674 2281570.092321926 3.6358528724221317 0.17198233702790405
0.25872792538667805 15.562012899215931 1880434.6697441575 3.825392220125663 0.1743825693676986
0.2693113888735148 15.292399330952001 1556775.1996365073 4.0212741595627755 0.17677881323960043
0.28018368306406016 15.052514464268397 1293980.6673442842 4.223757435673644 0.17916129843813625
0.29133344375689435 14.838197138330726 1079668.4523439629 4.434238141449932 0.1815675772232378
0.30277571134602105 14.646695149949494 904045.3750054911 4.653064831854744 0.184001441276813
0.3145002796113147 14.475167593154925 759540.4687202185 4.88060551890967 0.18646452759188964
0.3265073768013576 14.32133671243329 640209.3116014244 5.11430414769312 0.1888996929310486
0.33880080132692286 14.183086898883312 541233.9637580623 5.3571132085756075 0.19135409722008934
0.35137580006400443 14.058801792827795 458804.1788598502 5.609642496243194 0.19383857042444788
0.3642334956968945 13.947093285887862 390081.1606559958 5.872306135248152 0.19635855135849173
0.3773867418222549 13.846376757490008 332388.58959875634 6.142226142378028 0.19885805753923833
0.39081723437478194 13.75582043297634 283958.00551661913 6.422391724603417 0.2013838320852361
0.40453249571255107 13.67424636562516 243154.61694531815 6.713822565112499 0.20394393247860054
0.41853371390006533 13.600932290404868 206085.10385952762 7.016936857369555 0.20653541409096043
0.4328225404750014 13.535031799253554 179459.26946496006 7.327741505017633 0.2090985179726554
0.44739099990949804 13.475684136190727 154638.3252636798 7.651121903272185 0.21170603106084004
0.4622470658616873 13.42248065428755 133514.42089636062 7.987613200150372 0.2143578534539865
0.4773870651151484 13.374926324518741 115495.9996455032 8.335739359072148 0.2170231959058125
0.4928082770132519 13.332296131621927 100071.57605019417 8.694569122634704 0.21967915306992625
0.5085132481343081 13.294347934477674 86868.63371575698 9.068039077697414 0.22238355002809973
0.5245000744512883 13.260541972166143 75526.63211477555 9.456757761323054 0.2251389022100575
0.5407655230559056 13.230585938921996 65770.54608678604 9.855926156661676 0.22787612964546622
0.5573069802256368 13.204218906688 57369.394287024166 10.270511289280055 0.23065196154686865
0.5741255280582498 13.180892962189583 50106.557555056395 10.702069233829468 0.23347824456920913
0.5912292248292915 13.16061488432372 43828.631734153845 11.148382163747835 0.23631787924181563
0.6085969515633978 13.14302621822768 38392.01971827264 11.608780950212676 0.23916626018451684
0.6262418656454194 13.12776733671167 33671.304028349936 12.088084381383712 0.2420740145630498
0.6441511379135813 13.114829026781294 29572.610533476665 12.586899620974716 0.24503999365437046
0.6623330377238057 13.103919807975073 26003.931451580716 13.098380428494826 0.24797461231095896
0.680769785756045 13.094868795295689 22895.50938380184 13.630886702785189 0.2509678649251259
0.6994668622219082 13.087494469514395 20181.378684305208 14.185330391067795 0.25402198618357563
0.7184283912444938 13.08168205056853 17809.52689243603 14.756842818387147 0.2570838167217589
0.7376285489358648 13.077203098973019 15734.71172253935 15.34878840456515 0.2601827316843634
0.7570809435768278 13.074040888926294 13917.019928600697 15.965077046254933 0.2633471173046907
0.7767731134836025 13.071973569445316 12322.826805667712 16.604147150176775 0.26654983847268887
0.7967053967578651 13.070961040544233 10922.796408176859 17.26246718080687 0.2697532348682045
0.8168781321220207 13.070878644813044 9691.302165596386 17.947941059741296 0.2730291218457173
0.8372658015115966 13.071426811958835 8607.008752804097 18.6616082009213 0.2763787157097647
0.8578656709330463 13.072717397303915 7652.499712107315 19.395571925050508 0.279726278333087
0.8786838879136079 13.07455420895243 6809.410859045509 20.158421801387394 0.2831329825211518
0.8997133841806316 13.077020847667239 6065.646216630249 20.952686964910896 0.2866128688860972
0.9209465800028112 13.0799500687385 5407.869725474103 21.77498150498044 0.29013134041031435
0.9423651516309847 13.08310249557268 4825.845371989019 22.62463816412915 0.29368153003630965
0.9639575136735395 13.086541638838305 4310.206520580043 23.509271491578517 0.2973154116609202
0.9857432116114946 13.09025638503092 3853.1250988052398 24.430198867999223 0.3010328927069396
1.00768165700685 13.094077933077902 3447.72226373964 25.37880543258791 0.3047503922260916
1.0297735330060989 13.097938561510846 3087.5198495855143 26.364965200887404 0.3085437919152052
1.052030650365743 13.101920944607613 2767.328364602544 27.39167571968554 0.31242626314177946
1.074394858393614 13.105612751861809 2482.2360568042363 28.458054412963588 0.3163836260545964
1.0968961300768738 13.109344154153728 2228.6612214305596 29.55863638483428 0.3203712309752157
1.1195064211799701 13.11283135124199 2002.4331260298882 30.704476373685583 0.32444708815081374
1.1422222752669744 13.116092392315656 1800.6411745234097 31.897441141835245 0.32861436973632024
1.1650205811472794 13.119103331953157 1620.559540230952 33.135249990056494 0.33285411193177783
1.1879091724900848 13.12177062992924 1459.5999523752996 34.415847122027934 0.33714746694565306
1.2108415089020055 13.124070355071664 1315.7998331339036 35.74925734656399 0.34154711928287274
1.2338457681070585 13.125955972983865 1186.9328497903055 37.13751194885872 0.34605045623140374
1.2568837324612498 13.127378453567605 1071.6101886417978 38.58085711076005 0.35063973509194074
1.2799293665916969 13.128157059290741 968.1972200142736 40.07371639209783 0.35528585117198563
1.3029876539767202 13.128536480383586 875.5182041689745 41.62844312649781 0.36005001007281184
1.3260542079786475 13.128250321286831 792.2389186809111 43.24752429157705 0.3649342548276186
1.3490927035430589 13.127351774723891 717.473608761611 44.9335682731462 0.36993895660074433
1.3720816540747949 13.125712588395713 650.290221704204 46.68360327543978 0.375024857900545
1.395016533434942 13.123309364956851 589.801636310545 48.501222424653115 0.38021546605847933
1.4178869215022427 13.120295330295697 535.4040567356637 50.394873768739906 0.38554250634422044
1.4406704325098745 13.116434213860693 486.3713615514089 52.36778852227721 0.3910085884110694
1.463351299524449 13.111681849081338 442.14746768874676 54.42338357918189 0.39661417365967494
1.4859068702847977 13.106109959559314 402.26410910072553 56.565359058453645 0.40235630023271424
1.5083163244722915 13.099659923628408 366.27156518875967 58.788886932869 0.40821181095725567
1.530601654962743 13.092431914571707 333.7431522184604 61.10655090455798 0.4142268351669672
1.552637201265683 13.083797656626386 304.33558209680626 63.52322590813224 0.420406745016855
1.5745239993647469 13.074458612005595 277.73615777490926 66.04348121906449 0.42675175698486495
1.5961785579990266 13.064055821897577 253.6716265703317 68.67225306728061 0.43327032820281547
1.6176081494737913 13.052661870517499 231.87507450717752 71.41468177116484 0.4399759034993638
1.6387798219851193 13.04008309871733 212.10112513334374 74.27628228157688 0.44687501700932625
1.6596656522399824 13.02639511108792 194.17649741245745 77.26295403907451 0.45397100281723124
1.6802690799107518 13.011564302842956 177.90661946979296 80.38097891947376 0.46126727112582666
1.7005989133014907 12.995858534247155 163.1354916974157 83.63366369646566 0.46877087340916884
1.720512047045205 12.978407041875446 149.69530574415094 87.03207087755652 0.47650793178786915
1.7401186453832287 12.960041522088217 137.4844558826054 90.58409299791924 0.48448340645515325
1.759362401955798 12.940561838806966 126.37720239511643 94.2979047513405 0.49270570981276196
1.7781777781976464 12.919529025700443 116.25543664588889 98.18231135425862 0.5011960962757844
1.7965886491137026 12.897319414683926 107.03720493816675 102.2467137759064 0.5099693334260867
1.8145725906153498 12.873823537694852 98.63073434572712 106.50115134211393 0.5190315127840144
1.832107266970022 12.849139204667633 90.97221691433495 110.95640877350701 0.5283969670463836
1.8491404087901118 12.82283541119617 83.96998203023684 115.6229658561435 0.5380868893945172
1.8656983103830582 12.795433969895871 77.5883853513531 120.51014328133006 0.5481079350174483
1.8817475772931054 12.766556126675653 71.74406619417832 125.63434020595237 0.5584798224223742
1.897238309010393 12.736090986838631 66.39964329059254 131.0098554148392 0.5692283980051089
1.912173251687067 12.704292671577186 61.512253694198655 136.65210458069973 0.5803818722866589
1.9263380269399657 12.671493072508254 57.092511756118775 142.93976111347425 0.8649651676599392
1.927978102133596 12.645870525978463 55.63052348177842 151.66532269827044 2.7185228106024124
