M[M_sun], R[km], Lambda[1], P_c[MeV/fm^3], rho_c[fm^-3]
0.23841724892012095 16.20908015294055 2780876.1263280716 3.453507347168396 0.169602847481901
0.24841848171060943 15.866153680034923 2282031.326155889 3.635628754220488 0.17197948615961703
0.2587024581052845 15.562810186644551 1881397.9464951563 3.824931178028044 0.1743769293923937
0.26927199018359727 15.293321343635238 1557818.4468821045 4.0205313293090095 0.17676972612085654
0.28013071055778493 15.053505245837105 1295113.7230762325 4.222740142123337 0.17914940276836047
0.2912660402416955 14.83952968868376 1080940.1076302067 4.432932326095676 0.18155288416298626
0.3026914088095309 14.648065120697563 905230.3941357165 4.6514556958842626 0.1839840134916832
0.31439920633129365 14.476588358367259 760666.4531142901 4.878677660579266 0.18644443909667915
0.32638786502661504 14.322814851458553 641300.014914637 5.11194503066908 0.18887511067295892
0.3386619720892924 14.18463973713964 542238.171651198 5.35439073002736 0.19132693202417758
0.3512195300081983 14.060225309149937 459742.13339185197 5.606539561667216 0.19380874798281672
0.3640603062738484 13.948461732783752 390877.9796237583 5.8688044029703965 0.19632612470896457
0.37719242890582905 13.847809846543505 333174.80576246046 6.1381433459444485 0.1988202501346336
0.390603568071812 13.757159228626024 284662.33544322994 6.41785738828868 0.2013434178956411
0.4042983038883551 13.675675816913493 243794.16175915915 6.708816333252128 0.20390113160069814
0.41827696543579146 13.602257169935388 209257.9130883608 7.011208626594745 0.2064864404691172
0.43253841299444395 13.536165936914427 179980.5799686118 7.321481915797179 0.20904691819898807
0.4470851855136111 13.476830462396144 155121.169989763 7.644306402320422 0.2116518443504129
0.4619173734995608 13.423573731546353 132443.27991347716 7.980216275002516 0.2143012207129405
0.4770323707402886 13.375878041255879 115867.69401386916 8.32741352827939 0.2169594512267933
0.4924277471069376 13.33330021576021 100423.38468365373 8.685591418470759 0.219613102362933
0.5081078877891366 13.295288888419421 87184.88948384978 9.058380322211253 0.22231495692176245
0.5240625148822489 13.261368528171888 75813.62851708564 9.446386087567111 0.22506778027182942
0.5403057740749319 13.231431846759333 66029.05934964452 9.844378951493301 0.22779694670623987
0.5568185986800557 13.204861056875572 57594.97009236325 10.258165566392506 0.2305703784485625
0.573613221384212 13.181574654473167 50311.253624218596 10.688889419673941 0.23339438892724648
0.590687054392602 13.161203330876475 44011.57550506247 11.133792210113306 0.23622505168645014
0.6080243458305008 13.143558895498302 38559.59601878959 11.59325835309409 0.2390708037678088
0.6256339179628314 13.128253436315333 33819.991199122276 12.071584782342297 0.2419759071639813
0.6435125561063447 13.115264975315059 29708.577766552622 12.568717635048408 0.24493188270302835
0.6616668840762382 13.104308296866941 26125.662705731345 13.07910628919477 0.2478640616158118
0.680066567323442 13.095183805987894 23003.938691287116 13.61047064019575 0.25085487639061804
0.6987256943601947 13.087690482402953 20280.40924713648 14.163718194293736 0.2539062006277122
0.7176552534481446 13.08186839218171 17899.68613456818 14.73315183741582 0.2569568942515726
0.7368307749196189 13.077394151124574 15815.799133664723 15.323758530608368 0.2600528640022752
0.7562477611580011 13.074156628855887 13990.170708097172 15.938643923673533 0.26321464682812135
0.7759050636871208 13.072072361174895 12388.795287333529 16.575254053237238 0.26640503975247115
0.7958037109365581 13.07094020439354 10908.222381535314 17.232006677762715 0.2696055899349987
0.8159301423395493 13.070728933341679 9744.611845897723 17.915835546923628 0.27287820449519706
0.836285593645189 13.071354800311596 8655.61265072241 18.627773607648304 0.2762243982467997
0.8568528323384786 13.072624362900207 7696.31758316705 19.35871874960678 0.279558193305707
0.8776478583145483 13.074547139527175 6849.188773971694 20.119633424250466 0.28296182472665854
0.8986352651575823 13.076845513635266 6101.366660368746 20.91186727256283 0.28643820771767714
0.9198312626040017 13.079769550867805 5440.343418512935 21.730603130513455 0.28994145218992085
0.9412047082660828 13.082954085723525 4855.400418282188 22.5779820516896 0.2934875322263797
0.9627682996165023 13.08637024165577 4336.973403478273 23.4602165518521 0.29711709146386706
0.9845138042256182 13.090046441720819 3877.2813077903515 24.378429996608318 0.3008292613761425
1.0064224153681576 13.093870809775984 3469.5731940177993 25.322866512507307 0.3045311728824097
1.0284671095901368 13.097638059171102 3107.4097639630522 26.30619586099995 0.30831985472509243
1.050685456199145 13.101558830968841 2785.386280187433 27.329922441748852 0.31219709489846026
1.0730131760031365 13.105335206985758 2498.851902586431 28.391160962290535 0.3161353824780203
1.0954814255598708 13.109054552433157 2243.663304228247 29.48838371301651 0.3201171798897988
1.1180693931904295 13.112604292497762 2016.0775731276713 30.63068319709442 0.3241878546943615
1.1407528836980003 13.11589994672672 1813.0245598976735 31.819915210728865 0.3283488279591499
1.1635258814992364 13.118953677638503 1631.8166351578577 33.051408007216814 0.33256693641763685
1.1863672740004785 13.121609969439023 1469.8903049798744 34.327794875280674 0.336853063726963
1.2092749200057633 13.123913904771356 1325.1091402266663 35.65675364529057 0.3412450377292736
1.2322420232784617 13.125844051844213 1195.4818496214841 37.040307397266 0.3457413833876047
1.255255984474574 13.127340748757428 1079.380141203115 38.47586415633769 0.3503058981422252
1.2782719486128946 13.128147399637456 975.2763566939584 39.96341575994325 0.35494296895918503
1.301301258672294 13.128474319589316 881.9710716821627 41.51252310676012 0.35969744329260267
1.3243357657961108 13.128290057143802 798.1732416310132 43.12565275192556 0.36457145087115894
1.347348716972177 13.127410590486383 722.8769978816864 44.80539930469458 0.3695664756375705
1.3703165549503529 13.12587452088035 655.2228188835985 46.54534681815568 0.3746230609679777
1.3932544578724273 13.123678849000916 594.3049778128235 48.35583066864566 0.37980135854882335
1.4160821617459598 13.120583945912385 539.52222931839 50.24191374019159 0.38511530323070153
1.4388376425395184 13.116662356087676 490.11321751291143 52.206799509665416 0.39056765713762753
1.4614986699099863 13.112099364190298 445.59572381744044 54.253881703565625 0.3961596875433635
1.4840427834217462 13.106631822148744 405.4185571719062 56.38322676539198 0.40186910971888806
1.5064266369902195 13.100188469094935 369.16204591995665 58.59650560923407 0.40770518771375713
1.5286718642987716 13.092869800144873 336.38546907616296 60.90388148109613 0.41370239055954366
1.5507432769915368 13.084613463745587 306.7685714394045 63.30962281496132 0.41986370740626916
1.5725982328100434 13.075300398966629 279.9797515045328 65.81826165393291 0.4261897927693597
1.59425409235224 13.065001192583916 255.73052302275983 68.43468339486269 0.4326869953399011
1.6156734334277851 13.053691239894492 233.75432800364985 71.1639683809845 0.4393698407403687
1.6368492507178924 13.041248679057457 213.8285395479076 74.01157842623023 0.4462453026425078
1.657755986125623 13.02778935114051 195.77395696925458 76.98248750735331 0.4533129145911316
1.6783663432369758 13.013077944141358 179.35894722780515 80.08011138269417 0.46056363454443155
1.6986596052578924 12.997226376068987 164.47305427657736 83.31547818703856 0.4680368528450023
1.718608350917776 12.980142632334001 150.93768481898834 86.69569080579817 0.4757426751049471
1.7382237280113728 12.961893643021249 138.62492242799476 90.22830563931197 0.4836856518628921
1.7574692388788429 12.942451479817954 127.42495150919018 93.92141335558387 0.4918736488636592
1.7763217120449852 12.921721686716017 117.2221084503097 97.78371647872508 0.5003263844497229
1.7947496640731302 12.899668984322656 107.92868623892068 101.82450306113958 0.5090594980137295
1.8127652118856168 12.87643832159634 99.4648575098928 106.05370261847185 0.5180799041890238
1.830299263282214 12.85166628654012 91.72647347720613 110.48198006641087 0.5274007772754221
1.8473693232764068 12.825649067355107 84.6800639701747 115.12080664760916 0.5370462379861195
1.863959791586604 12.798322022954164 78.23280629154412 119.98249333088049 0.5470357259369533
1.8800209377339825 12.769483836746813 72.33791759175337 125.0750870040007 0.557358328638413
1.8955765006260143 12.739433340154939 66.95367739332535 130.41544799698238 0.5680486893812055
1.9105632231241714 12.707874151186612 62.02693199048697 136.01999739446688 0.5791399646557568
1.9249850043808894 12.674855333207033 57.51010517849771 141.9051406533058 0.5906501473879783
1.9388171766003672 12.640453088505383 53.37620609718672 148.08856348762947 0.6025985988822243
1.9520123449567883 12.604442588834596 49.58560649048736 154.5893164832522 0.6150208350154537
1.9646017793122095 12.56702205513972 46.105831460072245 161.42452138478077 0.6279365204093678
1.9765545175267725 12.528257772834673 42.91626332101233 168.6074247054337 0.641332113316684
1.987812062520915 12.487701675758661 39.980431955315616 176.17268012734763 0.6552899367765525
1.9984152893631486 12.445913694929933 37.28908913915734 184.1461819634255 0.6698495082384235
2.0083225343644497 12.402600198967543 34.81452623100631 192.54656695555116 0.6850030261112303
2.0175050360409754 12.357726969706164 32.5387820241286 201.4006552129196 0.7007933566278932
2.025968863461727 12.311348614463267 30.442865521588466 210.75211252158707 0.7173057979364987
2.0336684836266308 12.263412415805476 28.514962813901448 220.6218147900542 0.7345229594611011
2.0406310707780775 12.214060374147595 26.73820642825778 231.0503703865295 0.7525204239804494
2.046814450084517 12.163104486222203 25.099137509131697 242.08436245634908 0.7713708762313713
2.052211424679938 12.110714390834822 23.58987382492606 253.7500532990459 0.7910562109808048
2.056822973203577 12.056845083668343 22.197655492934214 266.1147513900089 0.8117204957054621
2.0605867110035945 12.001383862174709 20.914263926863228 279.20725843400146 0.8333442159247574
2.0635617250831393 11.944634112927183 19.731965678581023 293.1016625192383 0.8560534935091614
2.0657024356991585 11.88630700600205 18.636931428590632 307.8466609029199 0.8798935653495084
2.067007247652065 11.826516556156866 17.62736378561455 323.5092245255572 0.9049286782463939
2.0674732111914556 11.765448327878053 16.695811897960898 340.1694697205493 0.9312879382044308
