M[M_sun], R[km], Lambda[1], P_c[MeV/fm^3], rho_c[fm^-3]
0.23841724892012095 16.20908015294055 2780876.1263280716 3.453507347168396 0.169602847481901
0.24841207594404233 15.866341831057117 2282310.642729141 3.6355005647072565 0.1719778555405271
0.2586890674983321 15.563100524212384 1881884.4033309259 3.8246674921645583 0.17437370369615898
0.2692497627240917 15.293789733123429 1558394.6483642387 4.020106509337852 0.17676452925454272
0.28009998726467494 15.054178268068029 1295757.2058547817 4.2221583960414195 0.179142600150491
0.2912253306181722 14.840115146553067 1081445.6271372084 4.432185633868454 0.18154448236724374
0.302643125131356 14.648819183118047 905882.7484888332 4.650535614868795 0.18397404853251645
0.3143386960569161 14.477421433343553 761337.7012205415 4.877575404136686 0.18643295346367478
0.3263205353456995 14.323613061795728 641881.2915551818 5.110596299547109 0.18886105674676704
0.3385856284606061 14.185343653573835 542761.2540014614 5.352834351128398 0.1913114023011866
0.35113161985733815 14.061074681411547 460265.5097559217 5.60476578419766 0.19379170012900052
0.3639603804685802 13.94925621830326 391371.4202490464 5.866802764183414 0.1963075891858928
0.3770804987352742 13.848611897395648 333629.5914315185 6.135809736726746 0.1987986405076737
0.3904788695389141 13.757904171372342 285075.1079073682 6.415265829763995 0.20132031953453747
0.40415908317773175 13.676331668338547 244170.18130313393 6.705955215652163 0.20387667041941931
0.41812799119986555 13.602891821205326 209574.45381957138 7.00793512838694 0.20645845363170862
0.43237744057024585 13.53685451006722 180275.6864715772 7.31790494421458 0.20901743209094228
0.44691254235488687 13.47756015183967 155386.76119449642 7.640411953963391 0.21162088149868866
0.4617282944817417 13.424192671891726 134191.5136903734 7.975989799651417 0.21426886174224502
0.4768284821763204 13.376526117469849 116097.06731185295 8.322656663180123 0.21692303145723058
0.4922104597782806 13.333810767845373 100619.07894335216 8.68046235573692 0.2195753668557703
0.5078717722731125 13.29574190285826 87364.03428954087 9.052862423049126 0.22227577073007052
0.52381860324179 13.261883114470463 75970.81166874047 9.44046117924798 0.22502715124961023
0.5400390341587528 13.231822316313561 66170.20605586447 9.837783035893843 0.22775171636899047
0.5565411132058653 13.205328027639132 57722.978962455265 10.251113842108332 0.23052377919141542
0.573312833149563 13.181980561060575 50432.03763876552 10.681361603331622 0.2333464937244376
0.5903649078086837 13.161588645002128 44124.59200312052 11.125459653739583 0.23617203638170733
0.6076980419830541 13.143879937089316 38653.56573295622 11.5843935311943 0.23901628942804692
0.6252851965803804 13.128607987555082 33910.61247853311 12.062162404500638 0.2419198812580932
0.6431532903093963 13.115569956956852 29786.662506757766 12.55833536681282 0.2448701492432959
0.6612769237515996 13.104561181027558 26198.08424023341 13.068100841837984 0.24780093766320574
0.6796664579715551 13.09535857065891 23068.739524619825 13.59881364254252 0.2507903631145723
0.6983047090093528 13.087883528268764 20338.615399161896 14.151378743775462 0.2538400930426183
0.7172152855013201 13.082033300967131 17951.254365481997 14.719626660130803 0.2568844342334417
0.7363722292902791 13.077512880074522 15862.401697406583 15.309469560412234 0.25997872557704765
0.755768006514479 13.074217274802528 14032.10508774409 15.92355448064192 0.2631390255804459
0.775403783792708 13.07208153182475 12426.411878371673 16.558761762999175 0.2663223880891715
0.7952819465619262 13.070939012965379 11015.984205613251 17.21462040092878 0.26952131701021736
0.8153961915122718 13.07079034990891 9775.653527100392 17.897511059511608 0.27279206716714477
0.8357303708401774 13.071298758836353 8683.291798745639 18.607890244647145 0.27613132373327504
0.8562753622885296 13.072515524621783 7721.218014980618 19.337687208722482 0.27946226976362915
0.87704888819584 13.074512619492005 6872.250999581648 20.097498372152913 0.28286415148076227
0.8980182892909416 13.076775095240267 6121.84643328745 20.888573949118747 0.2863385391789131
0.9191907019967431 13.079706540205944 5459.060436464894 21.705281399511385 0.2898331044080334
0.9405567080569959 13.082870844702004 4872.133197782534 22.551361730251994 0.293376843963074
0.9620885975957205 13.086228226498292 4352.3965303086015 23.432228663344514 0.29700394152229376
0.9838067237783427 13.089907673079619 3891.3045389907197 24.348052456814465 0.3007064505091533
1.005702380605654 13.093757358121156 3482.284930889314 25.290955302824013 0.3044061158660642
1.0277359526986907 13.097595149714984 3118.840779656686 26.272671347600433 0.30819211149460934
1.0499253339583277 13.101467599093578 2795.7578378112958 27.294697198250436 0.31206637297660056
1.0722369471891424 13.105225021672318 2508.298647949862 28.35300734660137 0.3159937932802335
1.0946760711825398 13.108875072241593 2252.148455054997 29.44831577329602 0.3199722842820871
1.117241771269447 13.112445778292305 2023.8471628757602 30.588597718648113 0.3240400095337645
1.1399086519947024 13.115813937141017 1820.1405280289937 31.775702741460826 0.32819739143339677
1.1626610147832621 13.118831801197679 1638.2641595876757 33.00359829045917 0.33240317860173374
1.185487352427787 13.121484626942873 1475.7987514107404 34.277586469630265 0.33668519161949473
1.2083845944385525 13.123867411793382 1330.4453269263959 35.604009270660484 0.34107279486317704
1.2313273674013339 13.125732124623934 1200.359416046932 36.98488511243722 0.3455651619771748
1.2543179782757699 13.127188242891588 1083.8096715331399 38.416007367783024 0.3501155767266521
1.2773333333981427 13.128157152904757 979.3515310489931 39.90053589107802 0.3547474996481216
1.3003314159813182 13.128477631798544 885.6975062314971 41.44644279884945 0.3594964622933929
1.3233560593980387 13.128286715762984 801.5393946484917 43.05618304076804 0.36436464388296363
1.346358116158502 13.127513819013558 725.9658267744494 44.73234340215142 0.3693541626785637
1.3693115509058065 13.12596579603498 658.0403288765906 46.46654949046502 0.3743940624446353
1.3922199728817457 13.123698624346046 596.8773811496274 48.27297075369716 0.3795653553945051
1.4150334281467938 13.120653126247685 541.8688661237871 50.15474499159756 0.38487184903450183
1.4377874724829791 13.11691034533182 492.2786414106253 52.11505992799364 0.390316392471081
1.4604524064948123 13.11241532136534 447.5835313721343 54.15729613679971 0.39590071224311035
1.482985368731934 13.10695902011409 407.22539974374234 56.279132673146066 0.4015900017766083
1.5053538230793264 13.100513841498984 370.82691581130484 58.48690106009053 0.4074165515242345
1.5276022622927508 13.093367002614334 337.9175609159371 60.78842195845855 0.41340361769588885
1.5496286849633722 13.08500944447087 308.17689291291646 63.18794137626839 0.41955435983672074
1.5715168581315608 13.075918141205594 281.2643736088993 65.68997022919852 0.4258696820817523
1.5931616713570596 13.065585125123068 256.89918410995347 68.29936506360916 0.4323547322662035
1.6145843453663955 13.054367025149862 234.83485256626614 71.02117218603297 0.43902465193404266
1.6357592453094143 13.04191897880782 214.17464987241658 73.8608232647083 0.445886665285458
1.6566496789775296 13.028519024067608 196.68661874894198 76.82012861734182 0.4529266726699966
1.6772572855699563 13.013852457064132 180.2092220474701 79.90864550027271 0.4601623749487812
1.6975490895618843 12.998116844172 165.25249696102503 83.13430960829457 0.46761891595460664
1.717499845755348 12.981073111071266 151.65337385730058 86.50417570688039 0.47530698279844036
1.7371332293108896 12.962979274275087 139.28548204421938 90.02575538071702 0.483231489018011
1.756389429294054 12.943538067076997 128.02587934047176 93.70709166625835 0.49139998941156177
1.775242855196263 12.922912642782595 117.78262740210546 97.55682887353697 0.4998313283275017
1.7937043388385825 12.901048174348176 108.4482412025941 101.58419105391009 0.5085416419609461
1.8116990943114937 12.877709492269089 99.93519893199708 105.79904549981852 0.5175383138568098
1.829274290686635 12.853163203951272 92.16728942067297 110.21198924796707 0.5268338594486457
1.8463711237289544 12.827355016452408 85.08682903508769 114.83441316845311 0.536451740930934
1.8629620364009813 12.800030698761617 78.61146033709383 119.67854113929081 0.5464118008682357
1.8790714163382298 12.77143748143026 72.69181856177786 124.75688761608127 0.5567202301271008
1.8946464950106456 12.741387825949117 67.27344502680023 130.07727672065622 0.567377527550021
1.909624855634394 12.70981305233098 62.32091290941855 135.66041048319514 0.5784334804726828
1.9240751056323182 12.676917613256409 57.78567688990306 141.52258100732118 0.5899067744445229
1.937918579797419 12.642593826639725 53.63236540174836 147.68134766938402 0.6018152870226281
1.9511698769867813 12.606823832229269 49.821477098468975 154.15561688600437 0.6141943949439443
1.9637895364444935 12.569464901654612 46.322599160161346 160.96582573517603 0.6270761404869426
1.9757705188267871 12.530798529067232 43.117738665945204 168.12023513759118 0.6404298567236857
1.9870806091321982 12.490486856680551 40.171230982121784 175.65280379098678 0.6543354112268205
1.997723962036145 12.448775014182852 37.46315698957601 183.59110155242004 0.6688389224071223
2.0076603729078353 12.405578673894597 34.97685068539209 191.95950776973513 0.6839530678148524
2.0168921270785956 12.360863244943289 32.69014549533651 200.77298113277172 0.6996796640202124
2.025402204219592 12.314647486213886 30.583780886796657 210.08060196135852 0.7161236089035371
2.0331481237801534 12.266842884890023 28.645983821591805 219.90939673530266 0.7332893058135179
2.0401551909468765 12.21749155608168 26.856405766855268 230.28712644710583 0.751208527999388
2.046394395829089 12.166885896673174 25.214343123149273 241.27180650253052 0.7699942506526414
2.0518451033780987 12.114616806045877 23.69746016298189 252.87935020257927 0.7895933072582496
2.056500914825146 12.060757680848752 22.295251345576716 265.1844709376216 0.8101754029240577
2.0603399115498022 12.005565904481463 21.006634875744886 278.2103447975294 0.8317053179896893
2.0633741790490503 11.94890203827993 19.81552467157125 292.0370775715084 0.8543264340462484
2.0655710684745006 11.89073439634362 18.716734142616335 306.7010847502348 0.8780477039345528
2.06694390261594 11.831156756980194 17.701624675230146 322.28331184044356 0.9029800730863041
2.067454658058583 11.770138536753269 16.76492465681076 338.8548616351619 0.929223196734615
