M[M_sun], R[km], Lambda[1], P_c[MeV/fm^3], rho_c[fm^-3]
0.23841724892012095 16.20908015294055 2780876.1263280716 3.453507347168396 0.169602847481901
0.2484153793550574 15.866263945529402 2282204.103824195 3.6355721501781995 0.17197876613479132
0.25869676420943827 15.562940465120972 1881671.8454895227 3.8248147419122023 0.17437550501743673
0.2692640698914089 15.293444722514524 1558066.6771089765 4.020343738277999 0.17676743130051847
0.2801153954276405 15.05388855723378 1295456.975832082 4.222483252634335 0.17914639884434158
0.29124594475688886 14.839842342047614 1081154.51879737 4.432602594891789 0.1815491740209438
0.30266972685176163 14.648363760760034 905492.217878244 4.651049393025492 0.183979613018976
0.3143710171576858 14.476977218043825 760987.8087791686 4.878190904151625 0.18643936704132574
0.32635836058584716 14.323149125662562 641557.0544524468 5.111349422213064 0.18886890436753323
0.33862919235826616 14.184856163482017 542463.5457730343 5.353703414913402 0.1913200739169812
0.35117903073801027 14.06063379723207 459971.6343291219 5.605756231880793 0.19380121936554762
0.36401706181609006 13.948852618396188 391100.2072372747 5.867920435998368 0.1963179390211615
0.37714356859373177 13.848199368866222 333370.86279430456 6.137112758051542 0.1988107067116191
0.39054804532647486 13.75746814358866 284848.7397161564 6.416712870307524 0.20133321689521355
0.40423490053553934 13.675912231275142 243959.60425685448 6.707552755743712 0.20389032861990014
0.4182098225709794 13.60247772156648 209393.0767531621 7.009762903834814 0.2064740802339035
0.4324691423594582 13.53651636641513 180111.6321409003 7.319902149451567 0.2090338956853678
0.4470086664855668 13.477199882836914 155232.2781953315 7.642586405352536 0.21163816949682634
0.4618334709553848 13.423875019180699 134051.86036242475 7.978349618757522 0.21428692911776662
0.47694318515622286 13.376141768572397 115969.64586746915 8.325312587942607 0.21694336589300017
0.4923327588929678 13.333524677881458 100510.09742893938 8.683326069752654 0.21959643575399992
0.508001834018967 13.295482503217913 87261.16012975966 9.055943213500466 0.22229764942731411
0.5239518658577533 13.261605560648205 75886.20004188432 9.443769189552754 0.2250498353515296
0.5401911176981825 13.231609129513172 66087.65287113405 9.841465637634045 0.22777696916614243
0.5566958103207403 13.205058150080173 57652.56671811645 10.255050900626882 0.23054979609095883
0.5734810088895951 13.181774068593281 50365.97302845867 10.685564439859654 0.23337323397668724
0.5905470031505373 13.16140110744971 44060.97456400364 11.13011172180492 0.2362016348380641
0.6078747629503684 13.143691513418249 38601.77402469586 11.589342728953394 0.23904672458526022
0.6254815074906951 13.128441309853992 33862.14839140611 12.067422847708372 0.24195116010309803
0.6433566168921376 13.115439899384283 29742.968486697137 12.564131632056856 0.24490461411156184
0.6614906090693584 13.104466048235658 26159.286002875735 13.074244977270288 0.24783617858538368
0.6798907995258984 13.095250502134865 23032.49587968133 13.605321483027307 0.25082637943044933
0.6985406320636387 13.087759307636185 20306.014151184438 14.158267537013456 0.25387699918236095
0.7174548320397627 13.081918094919732 17923.16088723374 14.727177310390925 0.25692488621741344
0.736628757331486 13.077481116098935 15836.291248556605 15.317446558406065 0.2600201142888434
0.7560352029562307 13.074169010099133 14008.666054896647 15.931978298094313 0.26318124182292785
0.775684303941303 13.071985718987348 12404.87126392471 16.567968603594775 0.2663685284782853
0.7955721584410683 13.070979129267737 10997.173488709452 17.224326248306124 0.26956836216852137
0.8156965643253461 13.070742143062134 9758.074635033416 17.907740595265388 0.2728401528165402
0.8360410059016565 13.071362878543745 8667.979495136531 18.619043996993685 0.27618375381785454
0.8565948622507854 13.072539873999686 7706.921586325258 19.349427697563367 0.2795158173986569
0.8773850773271361 13.074503693883907 6859.169323007205 20.109854798000065 0.28291867550965766
0.8983574622718924 13.076854002510643 6110.487438933026 20.90157687275815 0.2863941766838793
0.9195486088444415 13.079748518480203 5448.517089633382 21.71941642397212 0.2898935859978236
0.9409171664403397 13.082872676208744 4862.415959347521 22.566221555347234 0.2934386316554831
0.9624694137158111 13.086338402198669 4343.83718792739 23.44785178267644 0.2970671029515356
0.9842119894596406 13.090024598388899 3883.4261836893006 24.365009247789516 0.30077500373022165
1.0060994118831705 13.093829561121202 3475.3471436186264 25.308768075887233 0.3044759224410651
1.0281491519050028 13.097664467927176 3112.4295498678403 26.291384542319555 0.30826341704698507
1.0503593407051686 13.101654932889282 2790.025448939938 27.31435960237733 0.3121393407406407
1.0726752993169673 13.105343404450139 2503.041653232008 28.37430401100888 0.3160728258325756
1.095142012244999 13.109126790515873 2247.464439822078 29.470680830736285 0.32005316187679056
1.1176948923468863 13.112500104968486 2019.436968982923 30.61208876532166 0.324122532952679
1.140374590220494 13.115862970851211 1816.2004452061778 31.800380853627072 0.32828191888980157
1.1631387562549054 13.11889901231753 1634.7420656771653 33.03028385552302 0.3324945819847144
1.1859704533568125 13.121545386673095 1472.5521082438715 34.305739596127616 0.336770234462815
1.2071756701810348 13.122858201138996 1336.8650722612444 35.7450877048796 0.5261293641148092
1.2169805952599972 13.113295143193783 1269.862670450902 37.39328939716347 0.9247648164934262
1.2177043162376604 13.090172204739671 1245.2820619500528 39.6521116980022 1.272715777878504
1.2130805128673894 13.056176064041036 1241.7264513478565 42.32374399093959 1.5895441628842553
1.2049234952295946 13.012487147950349 1249.9708332124574 45.40534851540398 1.8791294716829026
1.1943145761052476 12.960361991137388 1265.350069245524 48.89695958239751 2.1460660642380716
1.1819106056319348 12.900483228854725 1285.1049231561842 52.7936212144943 2.4022462968967018
1.1682581526245677 12.834117281334136 1307.553663172588 57.106927703783114 2.6968062778105577
1.1536618298980694 12.762494471422638 1332.1984746157236 61.88925709883693 3.0403535867225866
1.1381286645965356 12.685693733790648 1359.3547985597413 67.10872170121692 3.2726120102310565
1.121024517094763 12.596156022853021 1386.2349825800381 72.67774747858152 3.3047653306989946
1.103404587808222 12.494863264218079 1407.1436773401688 78.45705812553814 3.3364597497116724
1.085992340744657 12.383655737115493 1418.5735379647742 84.37607411587351 3.36851687799923
1.0692575627792718 12.263925540542257 1418.1923760727004 90.53006579925922 3.4017660697442005
1.0535400243150923 12.13694202170127 1404.6419804863792 96.92489665636221 3.4362335596634273
1.0390281079242598 12.003710961026073 1377.8734663967457 103.56793198226339 3.471951168650553
1.0259070097746386 11.865334382001963 1337.8018589581109 110.46780947816798 3.5089552928834613
1.0142850057513035 11.72292217732142 1285.6968174339818 117.63441153220197 3.5472857847537815
1.00422408065118 11.577489179426651 1223.0846948711999 125.07892716723084 3.586986725883764
0.9957154246652541 11.429841802960969 1152.1895389620104 132.79954834905107 3.628042910443704
0.9888146595694289 11.281228155828693 1075.1423007316916 140.8055473695097 3.670491176419065
0.9834658130622638 11.132383602506724 994.4654405640948 149.1349259252731 3.714530009373012
0.979633758976196 10.984402890143302 912.4493466959151 157.8022311642239 3.7602053449637065
0.9772495334967715 10.837715371943013 830.8384093511085 166.8240661004307 3.8076020648760167
0.9762490247824464 10.693219170891815 751.6103265630938 176.21796204955157 3.856803947199184
0.9765239087151588 10.551472878249415 676.0781594684402 186.00270563002582 3.907881995629247
0.9780116843564209 10.412974329385964 605.1830590840157 196.1989193711636 3.96092492432747
0.9805865310030394 10.277995306616871 539.4547357042869 206.82881393663885 4.016041722798531
0.9841650259510984 10.146953019459206 479.3290110832845 217.91594611359798 4.073319042051203
0.9886436181300305 10.019968179502998 424.80388532036045 229.4862771703634 4.132876728119658
0.9939201323032479 9.89722380110717 375.7997641324886 241.56726348619438 4.194837566010478
0.9998956382972667 9.778672564533336 332.0535555115633 254.18857493058275 4.259315354102784
1.0064690397398495 9.664417063913303 293.23571578309617 267.3825898045672 4.326472032525961
1.0135639957578855 9.554276170882357 258.95949767896514 281.157817027059 4.396268238944284
1.021078576981623 9.448173325773068 228.68402942611513 295.5642907101917 4.468975300358247
1.0289404492800496 9.346052157812862 202.12988806558988 310.6504157810968 4.544776779086393
1.0370669778001405 9.247609448658917 178.84490174216995 326.45881730164615 4.623873626227272
1.0453804663479882 9.152805844943641 158.46486448485237 343.0364586756797 4.70645537736848
1.0538234700056428 9.061362264976264 140.63011124682066 360.4332529284589 4.792726124502415
1.0623136259048065 8.97313671584012 125.01803305060355 378.6552352599103 4.882634054665749
1.0708068450573105 8.88784860867121 111.35164751885964 397.7890620584099 4.976578815554999
1.0792279629837565 8.805345153742694 99.39152754413614 417.912949855607 5.074917445444762
1.087541541658193 8.725461459047283 88.90952620239231 439.08725620680235 5.177867855149696
1.095701530621277 8.647909831753898 79.71463253238922 461.3186071696808 5.285335668471625
1.1036353954374873 8.572600681922205 71.63139165316048 484.7564357653475 5.398056917053704
1.111321260839171 8.499255513206668 64.52150235518307 509.46111379903545 5.5162168714391795
1.1187143554938048 8.42781259629817 58.255140288786194 535.4813967291258 5.639920849444226
1.125792488572122 8.358063396467829 52.62993962354009 562.9847228505996 5.769960393679213
1.1324848707563875 8.28971332427237 47.84217199703779 591.9806797803146 5.906155763626619
1.1388032622533066 8.222867489486127 43.435185747759256 622.6775826360733 6.049518775275513
1.1446906829792096 8.157214186644744 39.67531438821904 655.1059260186579 6.1999066424662095
1.1501161257976087 8.092727620541986 36.21399437946825 689.4842820286794 6.358384467002439
1.155087211031711 8.029191317863813 33.24315695197226 725.8771993140211 6.524929064930964
1.1595523034592528 7.966556191674603 30.48846639873785 764.497803683513 6.7004610982617825
1.1635147278553375 7.904688766685871 28.1190205687655 805.5176476347106 6.885612061551866
1.1669253250090155 7.843560698524682 25.96805588398368 849.0686410506959 7.080641975552864
1.1698006567350847 7.783132782962478 24.035770085960262 895.4108539948273 7.286636012376282
1.1721109423803835 7.7232019828279626 22.300232177254916 944.7639068797441 7.5043142328280315
1.173842436177697 7.6637514108093425 20.744292053211147 997.3707975377595 7.734480499961969
1.1749887239302321 7.604743351250525 19.34627352974327 1053.4935251110555 7.9779712909079805
1.1755390327062978 7.546113827989297 18.088314115373215 1113.4314283596298 8.235762432090032
