M[M_sun], R[km], Lambda[1], P_c[MeV/fm^3], rho_c[fm^-3]
0.23841724892012095 16.20908015294055 2780876.1263280716 3.453507347168396 0.169602847481901
0.24842433885584497 15.865932924546815 2281794.5550971967 3.6357161202830564 0.17198059748897498
0.2587130977891099 15.562446858968867 1880903.6664716986 3.8251108974113137 0.17437912791805693
0.269287351116952 15.293011750929018 1557397.1640360877 4.020820884874579 0.17677326828381226
0.2801518975038279 15.053075235150732 1294597.848257082 4.223136673621925 0.1791540395890318
0.29129195237792677 14.839081897028569 1080458.3178626383 4.433441308263679 0.1815586112404303
0.3027242611769101 14.647522427898428 904727.7320967596 4.652082891825741 0.1839908063521393
0.3144372670781987 14.47604784526238 760249.6605645495 4.879429068204637 0.18645226884653437
0.3264341063059024 14.322254145558563 640847.235984988 5.112864500925423 0.18888469165385852
0.33871647041294545 14.18406787168112 541820.3359924074 5.355451797376358 0.19133751947304092
0.3512808294006958 14.059686480485526 459372.1547013941 5.607748882817792 0.1938203708219528
0.3641276211538503 13.947905028431896 390551.23395192024 5.870169120435748 0.19633876222989488
0.3772671707350887 13.847192187784028 332860.27024640894 6.139734473407004 0.19883498425149032
0.3906867728993443 13.756598269264867 284389.0924584045 6.419624451152194 0.2013591675905546
0.40438796839334534 13.675030849688694 243538.43310752846 6.710767257820626 0.20391781106872559
0.4183751284288244 13.6016639749386 209027.43878235595 7.013440847411024 0.206505524884956
0.43265003274379316 13.535765578659776 179774.91977680408 7.3239211525792705 0.2090670255992414
0.44720475608968274 13.476359622077846 154924.21563182274 7.646962215762116 0.2116729594225011
0.4620473134797632 13.423199933585842 133774.58316269954 7.983098599227881 0.2143232885206042
0.47717298868354785 13.375626601746681 115724.40593521464 8.330657716473528 0.2169842895570766
0.49257541568220303 13.332986306261416 100290.71586076789 8.689089547104032 0.21963883877228238
0.5082648659341615 13.294899807579506 87057.1051377645 9.062143752176455 0.22234168348629407
0.5242334535477919 13.261021642012997 75698.14362358184 9.45042722689975 0.22509549167779438
0.5404842539696638 13.231130703411788 65929.05524586627 9.848877976744273 0.2278277979847814
0.5570058994085144 13.204634464882744 57505.47663487012 10.262975626852036 0.23060216432606057
0.5738136480058654 13.18131900506067 50233.55053758869 10.694024365790225 0.2334270596612905
0.5908946572826802 13.16098276358662 43941.576322859895 11.139476376415214 0.23626121679535414
0.6082483642643932 13.143311603781369 38491.86221347121 11.59930577096426 0.2391079924441503
0.6258730952832612 13.128055788685508 33762.581228720315 12.078012722082768 0.24201412799878608
0.6437658388830889 13.11522609324462 29657.209432740052 12.575800772421372 0.24497399937405548
0.6619228107058305 13.104164495755207 26079.85763880082 13.086614773263957 0.24790712803348303
0.6803454641066256 13.09514469847055 22963.117539113482 13.618423846939649 0.25089889179127106
0.699014793080188 13.08765174068454 20243.18314126724 14.172137228567369 0.2539513049071798
0.71795511218189 13.081891346282639 17865.49060612361 14.74238035709095 0.2570063352820959
0.737145731960695 13.077390299228897 15784.596445929203 15.333508445014386 0.2601034515037007
0.7565709996221656 13.074139594963524 13962.079945834224 15.948940285633718 0.26326624738993903
0.7762434327233555 13.071950170915812 12362.697295898857 16.586508255533854 0.26646144056312265
0.7961497124594263 13.07095906372693 10958.954040515491 17.24387121904422 0.2696630984864001
0.8163036605146878 13.070827549908167 9723.88505650451 17.928340635510203 0.27293698676253614
0.8366684820993527 13.07137421956437 8636.603987950139 18.6409519687803 0.2762845039273828
0.8572484806018393 13.072654491588088 7679.136993783332 19.37307233188543 0.2796236590964091
0.8780562394150477 13.074557447719343 6833.470855689759 20.134740496296164 0.2830284862712616
0.8990569702886775 13.076956904251949 6087.270046568095 20.927765244714635 0.2865062326887589
0.9202662903885175 13.079837922837223 5427.6526151454445 21.747886481918435 0.2900154049851763
0.9416602631688421 13.083006385891133 4843.9188106199545 22.596152197591067 0.2935630843529217
0.9632343507153954 13.086440171172704 4326.399055456091 23.47932062040175 0.2971943257375287
0.9849882480781378 13.090074475903382 3867.8120595727823 24.39870709250805 0.3009094794135724
1.006914686492609 13.09397459722463 3461.217136816484 25.344650359935596 0.30461654172273084
1.02897605829021 13.097714066770967 3099.6223731073737 26.32908157749269 0.3084070594317459
1.051204602647171 13.101635987494243 2778.2485387992674 27.35396977076974 0.3122863352486468
1.0735612192573971 13.105481043985552 2492.336606277593 28.417208948542925 0.3162320473264447
1.096027980666713 13.109124839333226 2237.8172092873438 29.515739324717913 0.32021610456647176
1.1186281276452383 13.112687343076688 2010.733624677853 30.65941697665331 0.3242887956937341
1.1413230162380925 13.11594571533815 1808.2049041469704 31.850101966118768 0.3284522236173361
1.1641083777998311 13.119001389925392 1627.4258363849656 33.08405282266257 0.33267875142179293
1.1869671519882452 13.121695640479771 1465.906514848519 34.362078432245426 0.3369676910066909
1.209886280227203 13.123973697442104 1321.4319323255722 35.69276978622094 0.34136265261016074
1.2328785921626473 13.125892205088231 1192.0877730598806 37.0781531546689 0.34586171824512507
1.2558813156258382 13.127287563368117 1076.370654300258 38.5167406312262 0.3504358695080847
1.278914687416081 13.12815088890991 972.5744565767801 40.00635789675999 0.35507645953495504
1.3019642140229215 13.128512772997793 879.43769000704 41.55765216982579 0.35983470179631
1.325001846894601 13.128253402968063 795.8692737714548 43.173097946613275 0.36471269225037617
1.3480276838592666 13.127372632207486 720.7748641646624 44.85529519194458 0.3697114816274432
1.3710000589478812 13.125783670484651 653.263165904816 46.5991675089664 0.374779473108873
1.3939210466852725 13.123548353963693 592.7159550204767 48.41242791752074 0.37996255988807837
1.4167797688016202 13.120440235672714 537.9160113993881 50.30145595748635 0.3852815990980307
1.4395559358082386 13.116600428350143 488.6479395855392 52.26946588871909 0.3907392934864059
1.4622205114701918 13.111936013853544 444.24143858828927 54.319860442715374 0.3963365966236098
1.4847650456082777 13.106430190589231 404.1903308720987 56.45433951964223 0.40205978465615294
1.5071699954495583 13.099992192475932 368.01142123094473 58.67138536231482 0.4079023784943452
1.529414515527932 13.09265024592775 335.3627280891703 60.982763921904066 0.4139065134607465
1.5514660909396227 13.084264446306262 305.8204222473443 63.39275898867604 0.4200750623471415
1.5733677302295495 13.075140663218571 279.11603823771117 65.90591707498028 0.42640850915794204
1.5950087849691066 13.064629988519753 254.9159135170119 68.52714333385681 0.43291402314344773
1.616417742365759 13.053240240761346 233.02122756062462 71.26154141713842 0.4396057092093501
1.6376043855956472 13.040785012098588 213.14846092323182 74.11459378704174 0.4464903699182414
1.6585052693918017 13.027220245824681 195.1432125534614 77.09216684749363 0.4535713314746399
1.6791046892937878 13.01244190456895 178.78483194433872 80.1972922487072 0.4608378578840856
1.6994114861174514 12.996618538904741 163.93768282628346 83.439294984497 0.46832248519729697
1.7193533995074324 12.979539841751343 150.4575574992768 86.82658424295279 0.4760404545691395
1.7389744994032699 12.961305300385831 138.1871380550224 90.36674713342337 0.4839960685626849
1.7582010900552418 12.941658838783676 127.00838006775899 94.067906965045 0.4921974055632798
1.7770342808629287 12.920873647475252 116.85388718775977 97.93880615465594 0.5006647814877595
1.7954586275528668 12.898767859003357 107.58501636594036 101.98877661686308 0.5094134963683038
1.8134515795902995 12.875339420812516 99.13829026779695 106.22779051821162 0.5184501444711455
1.8309954916396307 12.850605627865074 91.4330807210207 110.66655930526039 0.5277883506809169
1.8480673944115364 12.824611385110542 84.39833994665541 115.31660931706637 0.537452686173183
1.864630603810721 12.797138848791233 77.97806297315093 120.18850240108203 0.5474555848201619
1.8807040898046394 12.768378754056972 72.1086093647903 125.29265071895453 0.5577946182351193
1.896216493041137 12.738077161193251 66.73670214007701 130.64667965127197 0.5685076102635667
1.9111865663652816 12.706380628258401 61.82216308505829 136.2658860483707 0.5796230646778517
1.9255788690877402 12.67329464029631 57.321856905207234 142.16675311072498 0.5911585011167563
1.9393801990800723 12.638801025793148 53.20346521732816 148.36705320779924 0.6031342959028473
1.9525825453493924 12.602729319768851 49.42105419427843 154.8859358180839 0.6155860605905867
1.9651522879710652 12.565276649903412 45.954043718134436 161.7369629376712 0.6285204499195552
1.9770604917598322 12.526374011487288 42.779432928971964 168.94065940146848 0.6419492513289873
1.9883195883975453 12.485920706651626 39.854446841758346 176.5282953229927 0.6559428685727798
1.9988926632457185 12.443920344814675 37.169724006409616 184.52590321381655 0.6705408331489786
2.0087556571616374 12.400455009835142 34.70394128938886 192.94818116507142 0.6857213151379882
2.017914100457158 12.355492932716796 32.434750107063316 201.83008450803123 0.7015553002011802
2.0263495283603468 12.309096021139622 30.349016828828915 211.21156582533405 0.7181146618457466
2.0340286094562234 12.261124661525683 28.42645713620822 221.10928117899638 0.7353670771596658
2.040946461430658 12.21151064508625 26.651995585626164 231.57265332648004 0.7534181459989373
2.0470972657845046 12.160613395731795 25.023601902966067 242.6397383300125 0.7723106081193011
2.0524543403360607 12.108102111390576 23.519981868522372 254.34594933592632 0.792057400173936
2.0570193877900973 12.054047911330452 22.13145967597289 266.74978550310584 0.8127725801578695
2.0607694880014913 11.998573624365049 20.85144749633594 279.8896285339014 0.8344660131464665
2.0637083354645864 11.94170937619575 19.672428199928763 293.83039961580255 0.8572357122708307
2.0657940815076645 11.883237911590838 18.582958998089122 308.6309076196469 0.8811572183601082
2.067053315039565 11.823391078849836 17.5774147575113 324.3485275568753 0.906262762017257
2.067473733042436 11.762146118043322 16.64812511905285 341.06883409735707 0.9326991933512833
