M[M_sun], R[km], Lambda[1], P_c[MeV/fm^3], rho_c[fm^-3]
0.23835315348680472 16.224115897624433 2803846.7813616297 3.45143464264431 0.16959267850507953
0.24748409260172424 15.907675599871482 2339530.5184048135 3.617472970920152 0.17176015201603356
0.2568590692324067 15.624462481155227 1959213.034144734 3.7891676499148588 0.17393486188223728
0.2664684243127572 15.370846016251681 1647203.2096660652 3.9667091220760273 0.17611790789945744
0.27631839368089645 15.143067014122275 1389509.6255767848 4.150296250760628 0.1783103726511911
0.2864064910355274 14.937831177133775 1176039.3052971861 4.34013648982966 0.18051332110955315
0.29672958361007407 14.752809605821838 998489.2833752702 4.536446066141257 0.18272780044736853
0.30729208124098556 14.58547264170974 850058.2090475571 4.7394501741388675 0.18495484000917722
0.3180954679386193 14.434032677539092 725689.3607170078 4.949383181584099 0.18719545139752666
0.329137572562237 14.296878102706533 621115.2357278486 5.166079572265415 0.1894425778566044
0.34040952170152156 14.172480130340855 532994.2814806174 5.389461676164502 0.19169155916583183
0.3519274777294221 14.059724157387679 458431.1162007702 5.620416975705881 0.19395612446178653
0.3636766325026309 13.957165652824113 395179.7722576245 5.859215651637666 0.1962372774909218
0.3756711483557077 13.864214887813606 341383.58912202925 6.106138230874862 0.19853600383111447
0.38790066999248535 13.77949666101798 295479.30675197195 6.361475847838394 0.20085327136593964
0.4003619009962657 13.702845516780664 256294.11297747964 6.62553051108975 0.20319003073281552
0.4130709897307785 13.632987453199862 222690.6818383443 6.898020211088819 0.20553744179536995
0.42601620553713637 13.569686997142025 193846.5256546623 7.1786801627440795 0.20788781242955737
0.4391932139461817 13.51222022771674 169029.18511541042 7.468896433651743 0.21025987615042743
0.45261565958428707 13.460218887169516 147638.57869610187 7.769014564491889 0.2126545740409599
0.46626888839545066 13.413096870640608 129156.8782960561 8.079392465136406 0.21507283116689738
0.48016433946673737 13.3704647960109 113155.93678218867 8.400400717381626 0.21751555705412637
0.49429484608518237 13.331987686451539 99296.14536212046 8.731550577737348 0.21997127795964835
0.5086516913679192 13.297292414216216 87250.5247281098 9.072621108077549 0.22243333844464522
0.5232604080156557 13.266224503287868 76772.64029351658 9.42536610381363 0.2249222590322461
0.5380937076741639 13.238326530493575 67642.1056015919 9.79020812868487 0.22743894528079941
0.5531592138920165 13.213359670735745 59675.402698331105 10.167584203398631 0.2299842894007719
0.5684597986635574 13.191182332482027 52710.11562284541 10.557946146827137 0.2325591709260171
0.5839935885367515 13.171585784528443 46613.212476978115 10.959217248478543 0.23513319708179334
0.599748931644291 13.15422975651575 41271.7780384913 11.373980493251185 0.23773480702473332
0.615735190732105 13.139062098055762 36586.521503832606 11.803025337251755 0.2403685787394645
0.631949195106318 13.125834840965037 32466.582900007073 12.246866227317597 0.24303540063405546
0.6483877002975622 13.114474917317473 28841.20311280937 12.706034616553639 0.2457361525176758
0.6650426214760292 13.1047721193659 25649.76850560872 13.17897641944358 0.24844863428667005
0.6819232686678172 13.096570027843567 22832.116611849382 13.667004991007937 0.2511834557204891
0.6990170630004298 13.08977901639074 20347.234400965703 14.171913248950636 0.2539551126249576
0.7163189160407405 13.08425557471255 18146.646136590083 14.694306917860612 0.25676451277714046
0.7338439454647451 13.079988109619023 16201.035786851571 15.23481156795471 0.25961256205511424
0.7515622160368823 13.07668822438148 14477.773408299172 15.792419170716741 0.26248392209014
0.7694890992144532 13.074398867817047 12948.910114701797 16.36721335441773 0.26537512062816476
0.7876195059687892 13.073034462558134 11591.985960065984 16.9619843033258 0.26830824657119035
0.8059403897209806 13.072448556146924 10387.212404006896 17.577447270296666 0.2712842641009377
0.8244481995969781 13.0725046365447 9314.464913184174 18.214341241833523 0.27430414581302215
0.8431577985475305 13.073264322713289 8358.99731704044 18.872683853107876 0.2773622980480984
0.8620406075916657 13.074607272139406 7508.725591810605 19.55051790458588 0.28043655806348633
0.8811000459967454 13.076341960068582 6749.606092448618 20.25203877428014 0.283558469290055
0.9003285310211813 13.078526881553106 6072.984896039464 20.97809629779943 0.28672910780425814
0.9197247335432261 13.081076925274465 5467.59921577104 21.729569612967165 0.289949572951466
0.9392781183460862 13.083959589737054 4926.591598234438 22.507368420943074 0.2932209912568646
0.9589962393385286 13.08706929059817 4442.40404268944 23.30930410358888 0.2965202276155225
0.9788529629355281 13.09030964912576 4008.957359091443 24.138091124082838 0.29986333514552027
0.9988470670240852 13.093722556840191 3620.4169155814807 24.996064058159636 0.30326202590967766
1.0189802589889843 13.097191564216331 3271.6359419663104 25.88428012697063 0.3067176100999129
1.0392333098886586 13.10064103809764 2958.66456717731 26.803835901878795 0.31023144658679924
1.0596026357179442 13.104158202407884 2677.6258562130383 27.755869381381295 0.3138049483169459
1.080090841913941 13.107556894446098 2424.920982518814 28.738151722628817 0.31741615025083875
1.1006819063444506 13.110925724453406 2197.716381038978 29.754241510589104 0.3210837834332914
1.1213533763925025 13.114063307063008 1993.0281360034735 30.806494174154302 0.32481697085213357
1.1421158646074208 13.117000367638468 1808.6175086630337 31.89625152609628 0.3286174238107599
1.1629510499916782 13.11973877921705 1642.444241879165 33.024910659702044 0.3324869372306728
1.183863029390084 13.122221364974152 1492.4384662275293 34.1939272869072 0.3364273967994412
1.204819127402474 13.12431751184117 1357.0885715620543 35.40481934488024 0.34044078643710773
1.2258226698042796 13.126151748298065 1234.8661710451177 36.655920117714174 0.3445096797488196
1.246863806612228 13.12758945293307 1124.3405125553 37.95144633498427 0.348652525070585
1.2679219553884882 13.128591062400796 1024.4135046476515 39.29391689345023 0.3528764028416079
1.2889971226063883 13.129163787059149 933.964285075145 40.68515779707841 0.3571837873379072
1.3100731265097274 13.129237346919794 851.9258610674351 42.1270804168753 0.36157729297941177
1.3311415367800814 13.128781875502995 777.7735096510823 43.62168710781211 0.3660596842205341
1.3521761538981392 13.127771842494871 710.4995758526825 45.171077247392894 0.3706338859138865
1.3731949181448457 13.126272243113506 649.3697470584802 46.7774537240105 0.37530299418102053
1.3941686486744305 13.124130609098257 593.957513565536 48.443129905418516 0.3800702878285372
1.4150606810254562 13.12128321742386 543.6244463785243 50.17053712010121 0.38493924035270927
1.4359007814786218 13.117870200516963 497.8831114023014 51.96202753096997 0.38991250183835685
1.4566524789586985 13.113739752654826 456.22280305491284 53.81887785624584 0.394987038718293
1.4773017082416107 13.108872300729749 418.3469664082944 55.745839828488975 0.40017669134402095
1.497833693954835 13.103250838033938 383.90435126881937 57.74592530596248 0.4054858648431027
1.5182565668134727 13.096921412717714 352.45263250623447 59.82231112764633 0.41091923124050006
1.5385255549652315 13.089803182488744 323.8113751022154 61.9783505784689 0.41648174648615227
1.5586330113947744 13.081800053980109 297.71367487079186 64.21758570127122 0.4221786685467322
1.5785905173223505 13.073033344090277 273.87387038530835 66.5437605213161 0.4280155766574515
1.5983517976744774 13.063331181133183 252.09864691184893 68.96083525542598 0.4339983918388984
1.6179210689543702 13.05280985219789 232.2243172197901 71.47300158475569 0.4401333987937461
1.6372761927090222 13.041373656845362 214.0464977505421 74.08469907783171 0.4464272693088234
1.656401645486864 13.028951199761893 197.43051636636994 76.80063285890395 0.45288708729964405
1.6752869754204085 13.015635411341798 182.22350048159103 79.6231709886051 0.4595094498830534
1.693908890882276 13.001336786338646 168.3055878729739 82.55950808703206 0.46631060015310494
1.7122568566277483 12.986018130024368 155.54348868597876 85.6153746528797 0.4732995698378388
1.7303254326174362 12.969727666355794 143.851252900589 88.7967099724096 0.48048532315423226
1.7480802942604101 12.952390966005217 133.12260182778718 92.10982832071763 0.48787738660083363
1.7655088478559626 12.933995234803598 123.29424033412128 95.56144653274009 0.4954858870979102
1.7826182861267592 12.914584084437069 114.25680627005656 99.15871379185018 0.5033215931338192
1.7993700877523586 12.894063693843677 105.9606633247315 102.90924383745954 0.5113959591941996
1.815756281407086 12.872424423257298 98.33571282859346 106.81648319310456 0.519703634772889
1.8317557468073005 12.849701667990065 91.326748810499 110.88977958884044 0.5282607604761804
1.8473586466667886 12.825828031920329 84.87918735668929 115.14143211905215 0.5370928978943547
1.862556574226767 12.800821896424644 78.93987809075705 119.58124228101369 0.546214655463514
1.8773186256076244 12.774652975280656 73.4775470831742 124.21872677829197 0.5556381762882565
1.8916375883742722 12.747298492011433 68.44006875810793 129.05521494992985 0.5653450332402944
1.9054971654606665 12.718785590195264 63.79369412487324 134.11241301470017 0.5753883945020802
1.9188899717389825 12.689059943606214 59.5105706386307 139.4030612750297 0.5857870080281887
1.9317917372302298 12.658133341388718 55.56023727776512 144.93049561997307 0.5965251781170583
1.9441881455926282 12.625989882464536 51.912051625608726 150.71444461777767 0.6076427727120777
1.9560728552046702 12.592625942662892 48.54068727249025 156.77447849961746 0.6191763759978329
1.967425940324803 12.558027104518045 45.42633873593259 163.11107247076558 0.6310952320377111
1.9782356691573606 12.522176673959082 42.54558990497913 169.75615291391614 0.6434734917055799
1.988491009198152 12.4850851479194 39.88267164685782 176.7188710608483 0.6563052242338043
1.9981598905401987 12.446716134690087 37.41791408399693 184.0213104650719 0.6696255541066762
2.0072636018998535 12.407141770432236 35.13436428990809 191.68358819048677 0.6834598549398043
2.015746709386404 12.36621804252481 33.02347103271157 199.72692372932917 0.6978340699288951
2.023662863504754 12.324151674881115 31.060746450870184 208.17423840629533 0.7127762149337966
2.030929033846596 12.2807694149037 29.246918620231813 217.05522244362797 0.7283328438390988
2.037565577972031 12.236084841010541 27.56292016606829 226.38723036683007 0.7445059134712348
2.0435703650077865 12.190169079880803 26.00072793263204 236.21130026028877 0.7613704442113282
2.048927245605594 12.14301167225629 24.548992243154032 246.55133147992726 0.7789405916996355
2.053609663396756 12.09459399364515 23.204208022065256 257.440749437145 0.7972561919961935
2.057632585171364 12.04493317973248 21.953098840619663 268.92185138308776 0.8163801997395069
2.0609554713320173 11.993987464215515 20.792430708273308 281.03311113446784 0.8363567405745105
2.06361588705854 11.941878172671956 19.714458726017323 293.8119105964443 0.8572192516562256
2.0655718176314304 11.88853005421323 18.711813775609002 307.3069676842836 0.879030306354476
2.0668217550768047 11.833966483786332 17.78127643875518 321.57066466481086 0.9018559952112752
2.0673721824537097 11.778236979807614 16.914227287546147 336.65692849710666 0.925757998645917
