M[M_sun], R[km], Lambda[1], P_c[MeV/fm^3], rho_c[fm^-3]
0.23835315348680472 16.224115897624433 2803846.7813616297 3.45143464264431 0.16959267850507953
0.24778949137398368 15.897785143600874 2325532.339710847 3.623065991606183 0.17183270469915296
0.2574793682963141 15.607088248501022 1936971.9592823535 3.800714335910949 0.1740798544689183
0.267425381261524 15.347458449734184 1619737.9473360875 3.9845810266330193 0.176335188084313
0.2776283122900133 15.11489392815665 1359300.4060109204 4.174876556546809 0.1785997566693879
0.2880817630203091 14.90620337101704 1144691.8386712088 4.371820763436581 0.18087460129067534
0.29879076103949403 14.71839118995461 967077.2981141541 4.575643047449612 0.18316075232173623
0.3097514550370473 14.549371770772398 819603.6432633534 4.786582602139267 0.18545922902797604
0.32096467531136197 14.396816112217168 696588.5262577152 5.004888658664416 0.187771039323928
0.3324348193052643 14.258989714055872 593642.6574979483 5.2308207424703905 0.1900971796628319
0.34415939049230887 14.134332085482882 507184.08525503386 5.4646489416691955 0.19243863502539835
0.35613754819556104 14.021605426530106 434430.25864386954 5.706638986553583 0.19479609776859938
0.36836814338247675 13.919597001480186 372975.98717625724 5.956033919607727 0.19715169777192482
0.38085062505867584 13.827150653500684 320946.7825363093 6.214087206363601 0.19952460000960512
0.39358902988542727 13.74346152070581 276754.37870366557 6.481110979251983 0.20191580409463622
0.4065837154063644 13.667589188752157 239111.9493108033 6.757429475904166 0.20432629786198003
0.41982863616696553 13.59906370297841 207035.26626608288 7.043379375765016 0.2067570577385445
0.43332617312655264 13.537044056073638 179568.02845660454 7.339310144674068 0.2092090491130244
0.4470845711186419 13.480944977396847 156031.31653199275 7.645584386702499 0.2116832267074375
0.4610887693576414 13.430329402766967 135823.84043377632 7.962202242815134 0.2141748856824845
0.47534669605850133 13.384631161020131 118410.49107472326 8.288513814149574 0.2166702233312158
0.48986188915824636 13.343525565058572 103399.37945922473 8.626205345170147 0.2191900652191856
0.5046215833568347 13.30663357395324 90440.88760631882 8.9756934512494 0.22173538380378277
0.5196410696238578 13.273581563217936 79223.3995218356 9.337409950387219 0.2243071426383153
0.5349034968883364 13.244018760159534 69488.76511665146 9.711802282504744 0.22690629695875916
0.5504193585919559 13.217678505867681 61030.71822888334 10.099333937386737 0.22953379432074408
0.5661845072104921 13.194326211767601 53677.788622728454 10.499005347852822 0.23217187933584663
0.5821917300361893 13.173717295061355 47278.29653947377 10.91181281009616 0.23482911272636886
0.59844344173214 13.155594129564694 41689.828526395744 11.339108673881222 0.23751736764978024
0.6149324352301486 13.1397280636592 36804.09975574304 11.781424743509934 0.24023762424622422
0.6316743303877643 13.12604613378786 32534.047165626896 12.239311582871906 0.24299085900968379
0.6486515372452822 13.11429717485109 28786.781820754062 12.712929889906784 0.24577296930746934
0.6658662733976282 13.104308966614257 25502.19951107567 13.197970598824337 0.24852678336190337
0.682657444620407 13.095947222144506 22713.07528208884 13.740098555675143 0.37511921489251654
0.6883293227421489 13.083564602404305 21719.35240957887 14.450733409545721 0.888371886660839
0.6842196792207893 13.06234283724817 22011.33969443259 15.464174482395586 1.4039712649058393
0.6756975468835197 13.03336021777431 22853.257549667505 16.827639008458547 1.9427067350523088
0.6647441345476978 12.99975497727131 24060.91280688935 18.647811997591052 2.569939831131051
0.6520311930661201 12.962039632039474 25583.157349450703 20.852330861825454 3.095508631941925
0.6375648325274051 12.917363379230101 27444.09764857791 23.37542687350141 3.4307839548513277
0.6206609265732179 12.858684911144042 29733.03571083754 26.128767603805287 3.4536872365474034
0.602634312166185 12.785096215321241 32240.600757441178 28.915657717301585 3.4668410929298963
0.5845440282161375 12.697093026908448 34772.904976775455 31.769090745533596 3.4774284803231588
0.5668899648128898 12.594778589332792 37165.232427733165 34.71044656932311 3.487223182512839
0.5501125765246229 12.477949502585915 39241.12936307837 37.73639380719238 3.496949744137926
0.5344901230411064 12.3464999640648 40824.61049123346 40.84363516541202 3.5069184668821185
0.5200844582332943 12.199893661814654 41809.96453210904 44.03185287014702 3.517128611270446
0.5072310189964784 12.038938211224073 42037.5176444754 47.30354048837495 3.5275439786557024
0.4959710511572659 11.864144207724062 41458.12625920535 50.659238138276706 3.538226790689113
0.4864201432078384 11.67683935365236 40073.78462315841 54.10119317415077 3.549181877175379
0.4785954861886459 11.47857900145782 37950.8790467785 57.6328203749799 3.5603736796176304
0.47252032897416973 11.27137056098288 35240.04428896409 61.257085902605375 3.571822989322417
0.4682065179065767 11.057886700307488 32093.911197321017 64.97706759356737 3.583573689974852
0.4656340047943899 10.841173027147992 28700.025349077114 68.79663919999581 3.5956167093874183
0.46473774184474864 10.623774365950046 25249.725143311545 72.72049752759723 3.6079186712383127
0.465422983745682 10.407952048905953 21895.07414190623 76.75240568424076 3.6205593876424795
0.46763673522367655 10.196738266114775 18755.830382029555 80.89693964974875 3.6335242859513506
0.47130371315666 9.99230188029519 15900.164705719018 85.15937843629985 3.646801846462484
0.47626560365265197 9.795305125397798 13372.227315602135 89.54495280142207 3.6604487358198976
0.48249623716978607 9.608199953133635 11178.079741707657 94.04588819965517 3.6744273964023995
0.4898413143853632 9.430677651612985 9303.754955708997 98.66422178823399 3.68869273741588
0.4982536407760811 9.263998722099545 7722.886381916491 103.42123169206619 3.7033864288050182
0.5076331253729044 9.10836776558712 6405.67587371929 108.32332786348252 3.718466487381579
0.5178855497542196 8.9632042785519 5313.425119817773 113.34494104426469 3.733865443170474
0.5289471128380612 8.828766857936529 4411.740969372479 118.52053056241064 3.7497178748056377
0.5407365420422218 8.704148868728037 3669.559614172715 123.85044975531041 3.7659614391915848
0.5531789160732415 8.589074147435504 3059.717947575426 129.3231151210611 3.7826224922122695
0.5662373529367275 8.483390372519391 2559.3931745189607 134.97076449493224 3.7997413388711263
0.5798339468329 8.385796422864486 2147.0497796806044 140.76761463726191 3.817264444638637
0.5939299754157393 8.296157965899438 1807.5592810979845 146.74921211925 3.8353015806204573
0.6084713125950257 8.213969780551457 1527.5089589296417 152.9008865212157 3.85376738355992
0.6234092653095186 8.13849769985518 1295.3114064935862 159.23825071654383 3.8727613516483834
0.638711549183552 8.06921518727994 1098.9545246609669 165.77468365645933 3.8922490666588088
0.6543309122465009 8.00553800663409 941.746925922043 172.4991209386102 3.9122635108996504
0.6702391924629247 7.947258915674524 807.4443744424792 179.4305970163078 3.932794418496457
0.6863967433154903 7.893791845273222 694.5418859983548 186.57855730941122 3.9539250248386697
0.7027861336662313 7.84450900912665 599.5055895057375 193.94947034968104 3.9756020028157706
0.7193537108974097 7.799378418132735 519.2248075912468 201.55022535772983 3.9978979738128877
0.7361002911747898 7.757841554231024 450.97052090186565 209.38921197715965 4.0207976539173975
0.7529695748716998 7.719643566616948 392.9848162849904 217.47535682003664 4.044325631406249
0.7699671188841193 7.684419865448621 343.3659077524792 225.81854785669685 4.068531792424665
0.7870467623575985 7.652080773432646 300.9244609258942 234.42972298019205 4.093381861485728
0.8041946444312649 7.622141222345001 264.4025600558165 243.3202999468219 4.118967322550497
0.8213817427124298 7.594426810131478 232.91349187909083 252.5030620094103 4.145276679516413
0.8385986445229211 7.568773167015032 205.6841839403451 261.9911736953055 4.172331862311182
0.8558037759364695 7.545092678461516 182.12633552524971 271.7877724750692 4.200178066375123
0.873009872294678 7.52286476759877 161.55806289457502 281.9144458147358 4.228829456760652
0.8901758021496397 7.5022289139171825 143.67188367534112 292.3853900544211 4.258305582565729
0.9072854959280242 7.482973364532567 128.03680701084122 303.208164400323 4.2886576800012195
0.9243268446484486 7.464869148865652 114.35023636892771 314.40496682997355 4.319931711991997
0.9412754944635975 7.447845718479318 102.34150835203695 325.9912266724381 4.352120239036701
0.9581055400572769 7.43177818419961 91.75605628252393 337.9764632943608 4.385256876746867
0.9748300137424307 7.416551623533274 82.42554596123139 350.386213147899 4.419415297206373
0.9914027974171763 7.401976583283524 74.17322787660132 363.23771911361706 4.454626315366444
1.0078370293550214 7.388109183884979 66.87139595764515 376.54999661478894 4.490925066585513
1.0240894865431203 7.374758524013931 60.39087424800951 390.3438682018416 4.5283399558467154
1.040136808175458 7.361764743329939 54.63077583584863 404.64191636820823 4.5669262738439675
1.056015701264303 7.349322419045411 49.50607674320798 419.4685497836357 4.606736855981799
1.0716817372613052 7.3370653027015065 44.92103698978685 434.8465791319233 4.647800949644518
1.0871182102409618 7.325113090361871 40.837751361821034 450.8006144165237 4.690185450395829
1.1023075863482488 7.313307651932018 37.17907547011815 467.36484238802365 4.73395006730498
1.1172495385599828 7.301576873505903 33.89693619860372 484.56011698794975 4.7791384242035395
1.1319105853071256 7.289978239049451 30.953665889633715 502.4236753437693 4.825808377368398
1.1463087491641692 7.2782586799937725 28.304111099219245 520.9877967825215 4.874046211509681
1.1604077426743162 7.266584114015764 25.8949921441496 540.2862099485299 4.923885862500222
1.1742068374142096 7.254773783292827 23.76522545188514 560.355685135569 4.975417387170428
1.1876764665408868 7.242776452507937 21.806275548736195 581.2362297089476 5.0287203261888225
1.2008285540678938 7.230729735301969 20.070716688988124 602.9711844019157 5.083881406987147
1.213645814921688 7.218357590299165 18.464657003800372 625.6051742550201 5.140957901454766
1.226123047916654 7.205776397683196 17.036894413540658 649.1829223039073 5.200031727835346
1.2382382564169891 7.1928717949700225 15.729076293369845 673.758382833797 5.26124054750964
1.249977701791486 7.179595849100419 14.52725389174366 699.3853611245247 5.324645400994681
1.2613369358289144 7.16603955479154 13.456115369634988 726.1205453034781 5.390360375492857
1.2723200016903171 7.152087678589562 12.461460422384324 754.0255881633439 5.45851119958133
1.2828813776934271 7.137685156542535 11.57265208357367 783.167632014797 5.529190693463189
1.2930571673492999 7.1228797061169145 10.744076612480418 813.6175884573636 5.602549210772107
1.3028220225073888 7.1076533106032 9.994699053163824 845.448784245207 5.678719816956459
1.3121625817426448 7.091893216921567 9.314906353608766 878.7437085066994 5.7578075329719365
1.321055725642669 7.075614929101577 8.681214484809432 913.5895514676995 5.840012023307184
1.3295126298155067 7.058841322359358 8.111179165495821 950.0795749661567 5.925483601278843
1.337528415706571 7.041513973574859 7.583443357879966 988.312938359416 6.014387633230029
1.3450856479887747 7.023576379670731 7.093401335875577 1028.3978543121275 6.10690653033405
1.3521744630619292 7.005107884410576 6.653042791891402 1070.4496770603923 6.203239047975103
1.3588209299456697 6.986058013914101 6.242509161501597 1114.5942568736307 6.303604869630884
1.3649653810351807 6.966384729088858 5.8658764637270195 1160.9665838618475 6.408233883931544
