M[M_sun], R[km], Lambda[1], P_c[MeV/fm^3], rho_c[fm^-3]
0.23835315348680472 16.224115897624433 2803846.7813616297 3.45143464264431 0.16959267850507953
0.2482183535315842 15.883931843438496 2306259.6510175853 3.630981266971428 0.17193538167776878
0.25836179824789113 15.582606159844556 1906018.6780109976 3.8170976407465207 0.17428558083467363
0.26878135104350537 15.314768250988747 1581702.0480924335 4.010003437874402 0.1766442646125804
0.2794820602555731 15.075832901383096 1317702.525869272 4.2099285857482815 0.1790124243206576
0.290457748558573 14.862383928052703 1101945.4365208426 4.41711352992847 0.18139105241986078
0.3017120642806185 14.671142605376296 924676.6768101086 4.63180951473419 0.18378114135364074
0.313240977352118 14.499771710409123 778594.9091546789 4.8542788801075485 0.1861836826720884
0.32504507239915237 14.345801656695173 657567.5099887531 5.084795374895101 0.18859966639858963
0.3371307222490923 14.207171325139576 556960.5337333956 5.323644486519949 0.1910300805948807
0.3494929132515157 14.082471221655673 473082.2942851706 5.57112378688227 0.19347591108689022
0.36213114816437636 13.970034308489684 402859.7868751347 5.827543294228063 0.19593814131993106
0.37504390310879665 13.868841557026991 343976.3621987533 6.093225850661139 0.1984177523175942
0.38823746296322414 13.777405361615083 294343.31221580226 6.368507514942847 0.2009157227240608
0.40170446425681466 13.695040515665465 252455.89552228534 6.653737970226529 0.2034330289144879
0.4154511856747898 13.620806408215348 217004.88147797954 6.949280946407421 0.20597064516261832
0.4294726761028612 13.553922002288438 186924.7199992802 7.255514656837348 0.20852954385883524
0.44377576463149204 13.49383471123244 161336.75894341766 7.571748487601513 0.21109391283745282
0.45835456487436754 13.439673518896356 139504.40246212797 7.899308550868782 0.21367993686962847
0.47320804074843903 13.391143236836974 120839.0745369363 8.238669695685601 0.216289484565674
0.48833330561737953 13.347608819053134 104871.4358237679 8.5902704350747 0.21892358130805048
0.5037433894520073 13.30874678854768 91160.63695563869 8.954566366627782 0.22158325233540632
0.5194192733452716 13.274018371932994 79375.21290761957 9.332030725602056 0.22426952333343336
0.5353711669299552 13.243143652285974 69213.87569897546 9.723154956644127 0.22698342109076738
0.551592423253903 13.215835511674499 60443.87324628842 10.128449305419661 0.22972597423180474
0.5680843936961925 13.19170176351506 52867.37847748613 10.548441444428569 0.23249818895461458
0.5848476394043312 13.17055319866221 46305.412158382875 10.981810601193446 0.23527812623466654
0.6018782027727058 13.152117068042687 40609.817753623494 11.430875477502749 0.23808956940986659
0.6191675167670699 13.136061076590732 35665.34963335801 11.896227791643254 0.24093362247527433
0.6367224194851832 13.122366528536109 31361.81691030669 12.378481809819805 0.24381139636481652
0.6545392759705434 13.110646737789285 27609.027674942223 12.878275138748023 0.24672401037561828
0.6726052922425252 13.1008450791756 24338.30902732574 13.396269558557604 0.2496725937570419
0.6909337662803069 13.09279044206556 21479.053934304553 13.933151900849488 0.2526582874800286
0.7095066765001431 13.086292638520257 18976.718246579225 14.489343720774949 0.2556792267703261
0.7283293248136382 13.08116004804137 16785.37343288192 15.063702879263523 0.2587178088719797
0.7473939667671987 13.077402434281648 14863.844410364314 15.659059295870286 0.2617971950566251
0.766693854171947 13.074708229024539 13174.364672112504 16.276213585952302 0.26491865258284875
0.7862299071931539 13.073118593487095 11689.476210066972 16.91599732739009 0.26808347171691915
0.8059972373815251 13.072436696881397 10383.248143371467 17.57927436893634 0.2712929687799722
0.8259776449676576 13.072582114342746 9232.04157994642 18.26694223352544 0.27454848946867355
0.8461801936090606 13.07346979468387 8215.988452530297 18.979933626740152 0.2778514124613605
0.8665991661273437 13.074951456199393 7318.853139524678 19.718659768111827 0.28119835823202316
0.8872162673016744 13.077016871742794 6525.659266064793 20.482431026102855 0.2845769104594262
0.9080291608821808 13.079523733548166 5823.667032853423 21.274487672692256 0.2880078536510263
0.929038164942269 13.08244628205789 5201.5780693561555 22.0959296233997 0.29149279286871593
0.9502204111587378 13.08565309078511 4650.895697760993 22.94790225536758 0.29503338753153474
0.9715921792385429 13.089124927715334 4161.503924139849 23.83159880769491 0.29863135691196613
0.9931176710478037 13.092755411905351 3727.0208369472543 24.748262978160945 0.30228848600292596
1.014798752606924 13.096454129369523 3340.6205310879172 25.699191733408714 0.3060066317670445
1.0366346801955353 13.100269973288631 2996.9900751588766 26.685738350656177 0.30978772978046354
1.0586099649553042 13.104021653631213 2690.641058347431 27.70922991456377 0.3136331982372355
1.0807101040142846 13.107710233288502 2417.7360932260635 28.768713994780004 0.3175285074944357
1.10293588713285 13.111240422815406 2174.1892022175334 29.868288964722392 0.32149419098178095
1.1252655714294841 13.114659146343822 1956.7142194497133 31.009584738835816 0.3255326174598686
1.1476812081011873 13.117770694025193 1762.437518401108 32.19430769346155 0.32964627280212205
1.1701868736663221 13.120639553420089 1588.7140698908186 33.424245533900915 0.3338377694326049
1.1927628314932073 13.123127284951542 1433.2318069940086 34.70127255406425 0.33810985630709084
1.2154077940441452 13.125303275433133 1293.8880265948346 36.02735531838708 0.34246542946659314
1.238092965004739 13.12705207083453 1169.019166534278 37.40455879776537 0.3469075431963848
1.2608122759810934 13.128301438789325 1056.9751836008109 38.835052993555735 0.35143942182781923
1.28354780960528 13.129034145721127 956.5048845453102 40.32112008624069 0.35606447222503584
1.3062880396142174 13.129238772876727 866.1255555754931 41.86516214820699 0.3607862970039218
1.3290175182285966 13.128804727267207 784.8987732256227 43.469709463259754 0.36560870853651245
1.3517345757830477 13.127841603939782 711.8679999553698 45.13742949904461 0.3705357438004075
1.3744126287169471 13.126141934292871 646.0855260623787 46.87113658250297 0.37557168013973885
1.3970269036501337 13.123779176578969 586.8125774500753 48.67380233290198 0.3807210520118472
1.4195646479385085 13.12061106474531 533.3875826338206 50.54856691189886 0.38598866880209903
1.4420220206147434 13.116691355135295 485.17842765166483 52.49875115558078 0.3913796337982911
1.4643647015984058 13.111971883364891 441.6897822639773 54.52786965951699 0.3968993644258858
1.486611892144999 13.106440308130319 402.3650622134115 56.63964489464477 0.4025536138559907
1.5087055506134106 13.09999825204929 366.8136832406893 58.83802243934816 0.4083484941096074
1.5306428533562353 13.092656967357556 334.66887319093814 61.127187421454316 0.41429050079431534
1.5524104616010022 13.084363946932411 305.54399869333184 63.51158227317053 0.42038653962338507
1.5739842425973378 13.075101398964623 279.20422643483266 65.99592591229617 0.4266439548824012
1.5953555587517292 13.064875127894345 255.30871580251969 68.58523447448522 0.43307056002500327
1.616495791420713 13.05360059989657 233.63314699264473 71.28484373403629 0.43967467059749304
1.6373903376268961 13.041288304402915 213.96296922629065 74.10043336477797 0.4464651397119756
1.6580085668881326 13.027860075411063 196.08255030260332 77.03452265951691 0.45343648736707926
1.6783489318582139 13.013328762656938 179.870435447134 80.0931555639466 0.4605965473697867
1.6983013480037477 12.997743150643098 165.15845630889243 83.30114061962526 0.516143311796583
1.7132797306893792 12.980037520789102 154.261845542177 86.95081121044414 0.8076060140393128
1.721887937954128 12.95633876228713 146.82829210124441 91.20511492970482 1.0794191746452302
1.7256186191540797 12.925776305380179 141.5304590593999 96.05604256727223 1.333000527596584
