M[M_sun], R[km], Lambda[1], P_c[MeV/fm^3], rho_c[fm^-3]
0.23835315348680472 16.224115897624433 2803846.7813616297 3.45143464264431 0.16959267850507953
0.24872093444708895 15.867888340611708 2284157.823838989 3.6402927462397963 0.17205617021810407
0.2593950248329453 15.554276630917467 1870048.4840444815 3.8364345310924843 0.17452839559126945
0.2703741529790399 15.277039379235028 1538478.9587612269 4.040106240685795 0.17701024365743664
0.28166233424742754 15.031083706998938 1270979.058566603 4.251565859958008 0.1795026200823534
0.29325946347465864 14.812417529387364 1054144.4808885509 4.471025478511064 0.18200519464734763
0.305160781228252 14.61753987135417 877669.0233117883 4.698812703634334 0.18451995696275164
0.3173627600739443 14.443783439338427 733392.8673367124 4.935297632629026 0.187049385237181
0.3298703253953333 14.288369830776315 614903.7956630308 5.180792266227752 0.1895943814553946
0.3426858557004897 14.149194920382966 517150.11501331057 5.435580877424856 0.19215506822034872
0.3558114837219543 14.024521476417737 436239.2293323379 5.69989091300363 0.19473035815526119
0.36923653825652325 13.912831845079603 369052.6431462824 5.9741562228631375 0.19732285763651108
0.38296910191841904 13.812539449233357 313021.14035762846 6.2587433859758885 0.19993356107950713
0.3970078242976495 13.722645253795687 266192.8580555512 6.554034723531041 0.20256347225097174
0.41135099815071663 13.642047656625977 226924.12150040508 6.860428861443228 0.2052136044172426
0.4260008210141974 13.569752881931077 193866.15829152483 7.178341318661498 0.20788498059432228
0.4409547418988909 13.505074989229472 166017.7285033281 7.50820512194088 0.2105786338892665
0.45621519221354995 13.447258118149183 142465.6695951808 7.850471447859317 0.2132956079264575
0.4717780075048395 13.395508560969791 122499.73237041914 8.20561029302355 0.21603695735590508
0.4876447653916026 13.349464117908276 105537.26823043611 8.57411117360855 0.21880374844398828
0.5038219556956447 13.308572862239451 91096.32259074111 8.956483855619377 0.22159705974996974
0.5202977411007963 13.272222988930034 78762.57894938994 9.353259117551657 0.22441798289420659
0.5370713950526672 13.240108211977422 68220.51879512628 9.76498954745923 0.22726762342626303
0.5541475445268271 13.21186838185066 59191.72902532944 10.192250376814947 0.2301471018030741
0.5715168277396717 13.187116414142071 50976.2763474263 10.63564035397475 0.233057554488968
0.5891873970952374 13.165595988961513 44769.01458871472 11.095782660526309 0.23600013519074522
0.6071514714733989 13.146919732597343 39018.782382556856 11.57332587432067 0.23897601624209822
0.6253996236944764 13.130968357321144 34063.16593097353 12.067922005742274 0.2419745257517474
0.6439450003165653 13.117346553953908 29772.49659043495 12.58088770858129 0.24500476655954348
0.6627756116904324 13.105959994324117 26057.97326972394 13.11326985007757 0.24807178480874403
0.6818842349366006 13.096600726688983 22838.615781164408 13.665831303370847 0.25117690585742986
0.7012700546885591 13.088998467814589 20041.369738850797 14.239366591613662 0.2543214834449023
0.7209293881011866 13.08306606182634 17610.437489376844 14.834703278415137 0.2575069022222207
0.7408572123071432 13.078545649945045 15492.019513240895 15.452703448602032 0.260734580540781
0.7610504146519221 13.075374797466512 13644.391475029171 16.094265288542132 0.26400597351708877
0.7815029098527596 13.07340211105179 12030.244755468846 16.760324776189158 0.26732257639170504
0.8022065607209967 13.072494088810133 10619.942122117745 17.45185749196146 0.27068592820013665
0.8231595268540254 13.072563255871023 9385.154170376412 18.16988056255919 0.2740976157732415
0.8443526252820741 13.073363539418239 8302.431771541646 18.91545475085465 0.2775592780845516
0.8657811857393588 13.07487872787951 7352.1735927234695 19.68832728798996 0.2810609308954609
0.8874307520929174 13.077049488247441 6517.665830649981 20.4905706410245 0.2846128913523314
0.9092946169091523 13.079728954488198 5784.309179566662 21.32380820371551 0.28822064130123776
0.9313781556009054 13.082788255220967 5137.647097523104 22.189309970877265 0.2918861393257623
0.9536529841607534 13.086157197596538 4568.264674643245 23.088403618000708 0.2956114229202467
0.9761258394525466 13.089880608993736 4065.3198060884765 24.022477819008525 0.2993986152561625
0.99877116702182 13.093674826192569 3621.706633413659 24.99298583253902 0.303249932437431
1.021602627760894 13.097675279109032 3229.0685760536094 26.001449380100475 0.3071676912673515
1.0445805664054661 13.101611921559625 2881.8060750962677 27.04946284107375 0.31115431755136436
1.067710537089431 13.105520244414135 2574.3339778564014 28.138697791272776 0.3152123549617538
1.0909763979513865 13.109334372502362 2301.5990839194155 29.27090791364941 0.3193444744927269
1.114375907885042 13.113023665845354 2059.6086616635826 30.447934311750714 0.3235534845370432
1.1378798946240127 13.116463065147448 1844.6747270099083 31.671711258744686 0.32784234161861137
1.1614802149951329 13.119557098909945 1653.6149973324511 32.94427241723758 0.33221416181919206
1.185173783680648 13.122348204935857 1483.5414302328506 34.267757567757805 0.3366722329416322
1.2089308938073966 13.124754434770946 1332.199024257645 35.644419886704874 0.3412200274569214
1.232746229533014 13.126694450277695 1197.251254167884 37.07663381779538 0.34586121628783056
1.256598361344638 13.128109930774725 1076.8813076001263 38.56690358462854 0.35059968348802906
1.2804727596913315 13.128975733510764 969.414619159528 40.11787239598255 0.35543954188241117
1.3043599305005944 13.129258858557126 873.4882493747133 41.73233239989768 0.3603851497419449
1.3282348116926859 13.128871541556968 787.5845643520545 43.41323544754463 0.3654411285747253
1.352082884699426 13.12781750640665 710.7876716376953 45.163704733399 0.3706123821241671
1.3758968515840244 13.126004859002627 641.9904254070029 46.987047384385555 0.3759041166754167
1.3996416505556857 13.123435061800002 580.34978971066 48.88676807751805 0.38132186278225455
1.4233077530925031 13.120032746844968 525.0327578347209 50.866583773199764 0.3868714985390036
1.4468774931648076 13.115745378321133 475.3440654718815 52.93043965987325 0.39255927453543277
1.470319066005285 13.110596893963212 430.7817446734671 55.082526415200306 0.39839184064741817
1.4936309563078807 13.104484664039738 390.6868183143222 57.327298899534185 0.40437627483235816
1.5167892871089643 13.097413412151196 354.61769161810463 59.66949640923753 0.41052011411619416
1.5397599904802142 13.089332242617452 322.15624592777556 62.11416463052291 0.416831387978505
1.5625295596151785 13.08013625023675 292.89057111081604 64.66532897960666 0.42331251926909247
1.585093364254255 13.06996547337519 266.51040398568125 67.32557463133591 0.42995887193364013
1.6074040501012203 13.058603829110957 242.71518368679847 70.10477955699544 0.4367976781715752
1.6294427103190599 13.046077755600669 221.23248078648083 73.00942502599156 0.4438392230896719
1.6512097149119103 13.032417220936235 201.80722432231133 76.04643710811263 0.45109448839804134
1.6726627526448354 13.017506907917195 184.26077733705154 79.22322246563074 0.4585752051662687
1.693796584100888 13.001381217165784 168.37917476736084 82.54200709110141 0.46627047395313814
1.7145681308330802 12.984010004386237 154.004617552175 86.0125383611244 0.4741998046362079
1.7349696522309406 12.96527155070532 140.96667455902593 89.6473193621825 0.48239187372235437
1.7549858524800634 12.94527934410411 129.15025581348783 93.45603772642713 0.4908618795272615
1.774577961672595 12.923929804047896 118.43915306634645 97.44019651859162 0.4995916455245236
1.7937161944362625 12.901135992545719 108.69886840203219 101.61509684444877 0.5086157497882531
1.8124001434239294 12.876968996337391 99.8565753473365 105.99622122262086 0.5179666829550071
1.8306055393791698 12.851392399654907 91.82249126590149 110.58689099734312 0.5276289672097956
1.8482775875210926 12.82432989341166 84.51243532757682 115.40332649406342 0.5376340620403011
1.8654434706599707 12.795847863581578 77.85056305457543 120.4656315355069 0.5480247686162031
1.8820415293549144 12.765841447594473 71.7857257768455 125.77202172661816 0.5587619836798479
1.8980694994018077 12.734331044714274 66.25693819050369 131.35611596401617 0.5699323658643115
1.9135034039222194 12.701281148362273 61.213804048205034 137.22053464042222 0.5815083790219878
1.9283113825115707 12.666695947662719 56.60839842522864 143.39455852876725 0.5935543431033212
1.9424817230700386 12.630592424164213 52.40808790595293 149.88681221966482 0.6060589105458074
1.9559907692284129 12.592854138332314 48.5655176468365 156.73062681462991 0.6190931029042303
1.9688243718571008 12.553565459433077 45.04823722279617 163.93226298335102 0.6326313217193389
1.9809503010259033 12.512678266272756 41.835282753994086 171.5315822170845 0.6467587091597811
1.9923570662152317 12.470175009409852 38.892340838504225 179.54628834586177 0.6614807705931864
2.0030118642114987 12.426027203817036 36.19735559062574 188.00401273602228 0.6768321005218084
2.0129333847607054 12.380329260048372 33.72366534442745 196.94164786449753 0.6928729164168294
2.0220717086465143 12.332995071801282 31.455419208517668 206.39109226723505 0.709641175496444
2.030415025405874 12.284016329299817 29.375245904065167 216.37883252164193 0.7271512181125017
2.037949246446509 12.233435114334883 27.466415609392214 226.95313275163704 0.7454822457640718
2.044641906247621 12.18117502038992 25.711369714466752 238.1556897282912 0.7646844636921216
2.0505220767587744 12.1273844955495 24.10009463613462 250.0321391409236 0.7848128833443299
2.055542235282461 12.071951801932018 22.61821412583996 262.63245356091585 0.8059277139522573
2.059678535247886 12.014923127405009 21.257360716584035 276.01138725116806 0.8280948067347756
2.062954644538126 11.956326501281122 20.00312444019743 290.22897390529596 0.8513861573576286
2.065328665238532 11.896156229151563 18.849609147696825 305.35108426502796 0.8758804731799978
2.066814359515695 11.834421995527013 17.78863832128413 321.450051562622 0.9016638128413222
2.0673854682440784 11.771204633643345 16.8115973806689 338.6053738900372 0.9288303069071443
