M[M_sun], R[km], Lambda[1], P_c[MeV/fm^3], rho_c[fm^-3]
0.23835315348680472 16.224115897624433 2803846.7813616297 3.45143464264431 0.16959267850507953
0.2461644712256908 15.950604403584482 2399928.8142744857 3.593182912504601 0.17144506129670603
0.254146012697977 15.702435130866437 2060550.1038222236 3.7393080474105282 0.17330877118050353
0.2623111676248059 15.476536126656995 1773940.9180527865 3.889967605058506 0.17518491214903312
0.2706457670861801 15.270605614696896 1531162.6616605143 4.045245776704318 0.1770727282870191
0.279161994110556 15.082474589428172 1324796.7858791722 4.203857332801824 0.1789409474404097
0.2878487515558689 14.910536663627514 1148985.9043933637 4.367392201905587 0.18082410458269088
0.29670712200758687 14.75313641210797 998764.993166356 4.53602912354672 0.1827231950907369
0.30574844496509285 14.608613861309983 869963.0488821917 4.7099529141541305 0.18463917424248197
0.3149547318173365 14.476233631742126 759425.5508689559 4.887907194048338 0.18654355703019085
0.3243419838223864 14.35439737313626 664096.6739504867 5.070891229194399 0.18845548137734083
0.3339024426922911 14.24253284614515 581836.2475902713 5.259624748606175 0.19038666684572841
0.3436381728887167 14.13960710747955 510703.95392491634 5.4543155751490895 0.19233796755126886
0.3535438374424771 14.044899584445396 449008.642585406 5.653424203543554 0.19427768029240278
0.3636257271681205 13.957602272372387 395438.5140109047 5.858191851037556 0.1962276079930876
0.37389033752731604 13.877323672179562 348786.063397517 6.069442512876692 0.19819994462892457
0.3843215334037302 13.803294162016279 308084.549370202 6.287408733528166 0.2001954484326187
0.3949290198477785 13.735167969583868 272538.4559715532 6.509635095037741 0.20216913943369078
0.4057137701225572 13.672429707100399 241432.91789207034 6.738843466816818 0.20416618537574466
0.41667357788979104 13.614657440728854 214176.4570688275 6.975361746625812 0.20618861127982116
0.42780568727454965 13.561479219757208 190225.65485715028 7.218322803451812 0.20821911945995433
0.43911218041039213 13.512593439741641 167191.65480306942 7.467024974748399 0.21024470031947698
0.45059265997900827 13.467663223231245 150647.27978058474 7.723685643403827 0.2122978531205261
0.4622468263366281 13.42642976850608 134294.76026871084 7.988584555662347 0.2143791868128584
0.47408086328374377 13.388460916792711 119849.11282931009 8.258931474346861 0.21644425597768613
0.48608316835538534 13.35376966397659 107078.70160903271 8.537479448539166 0.21853209713493568
0.49825998151430995 13.321980799455435 95769.5282871649 8.824994373332464 0.2206502330403396
0.510610000106282 13.292936741169353 85755.63034135732 9.119989674969409 0.22277442902885067
0.5231327378217937 13.266435404499846 76856.4138727968 9.42233866966782 0.2249010868424437
0.5358306245932186 13.242340497721178 68940.19273002565 9.73444737818911 0.22706013589815416
0.5486915385243715 13.220450853283069 61911.91720343732 10.05615864237522 0.22924567401040796
0.561728914829834 13.200602539532028 55647.55969404447 10.384407116064908 0.2314154582606329
0.5749393749688757 13.182664151268966 50055.71645540812 10.72327715927554 0.23361971664847697
0.5883117776482061 13.166524721092303 45068.97031557458 11.073126938583545 0.23585886794093297
0.6018593591669411 13.152147494554749 40619.19871118751 11.430435612739222 0.23808682668175624
0.6155681718038487 13.139164510797317 36632.987660956234 11.798442858233024 0.24034079727082272
0.6294465183832144 13.1277382373272 33062.88209981435 12.178392814537622 0.24263168646148014
0.6434785562577663 13.117642395341148 29870.86304360213 12.567848767001749 0.24492788992528022
0.657689786141014 13.108813748297855 27003.197737017435 12.967598426987866 0.2472363097524479
0.6720557524429355 13.101172914756141 24432.57109413233 13.380336515462401 0.24958367806338247
0.6865803132596973 13.094558106890657 21952.309147172586 13.804821193083908 0.25195255068445005
0.7012651229443718 13.089002443795604 20042.630637544455 14.239171829614325 0.2543204256009086
0.7160978867861418 13.084331597447667 18173.207158039582 14.687646779161124 0.2567292952212598
0.7310950007502407 13.080546130514325 16489.334661774436 15.150364904634893 0.259176061298687
0.7462440543666377 13.077577673087264 14971.549687999006 15.622456018762428 0.2616087091275992
0.7615419234676032 13.075359525028306 13602.657956695695 16.109906080849086 0.26408443000123094
0.7769870066460565 13.073716456159543 12366.394153422281 16.613200902145415 0.26660346523740286
0.7925757457447593 13.072792825315467 11175.164597327064 17.12771390672577 0.26911829869344184
0.8083065883329865 13.072439927576097 10241.814626871326 17.657700228082113 0.2716666059318178
0.8241729405461892 13.072508174980614 9329.296949620079 18.204910585228028 0.2742603382528211
0.8401894674700555 13.073106921351977 8448.98482340121 18.76630001382846 0.2768681207454344
0.8563307271032266 13.074081550664166 7754.509912560829 19.34274561680087 0.27949520437242603
0.8726075908241717 13.075501863476395 7076.601397425766 19.93791870373186 0.28216991212530146
0.8890096372276912 13.077155252387684 6460.706446030964 20.55080202268072 0.2848791421410689
0.905540448121213 13.079228355473154 5903.346972263273 21.178037580042396 0.28759173103126046
0.9221890128686465 13.081445831857827 5395.78022098023 21.825643134400465 0.290354263877261
0.9389495436823915 13.083917129398042 4935.825254768301 22.494237155087 0.2931669680344478
0.955821137326494 13.086512870299563 4516.759374222344 23.178023934753984 0.2959801290570423
0.9728134129741679 13.08931338497172 4135.250161525019 23.883011186751396 0.29883801439910734
0.9899021165759491 13.092192375652393 3788.4318846089386 24.61083719304015 0.30174857921142817
1.0070965408822146 13.095162291370091 3472.6244176620094 25.358808626429326 0.3046871460631888
1.024382386194151 13.098143181881868 3184.6065216211337 26.12667379922838 0.3076487146693736
1.041762079532291 13.101146080653946 2922.1770345273667 26.9194135316468 0.3106656955295892
1.0592194880615613 13.104109177411374 2682.6555074588337 27.737773381692296 0.31373842130497737
1.0767706534782104 13.10708414938002 2464.0448550714395 28.5752577960897 0.3168172971127579
1.0943815358990092 13.109909415623171 2264.6334129660313 29.43924762146411 0.31995025642203617
1.1120766442384176 13.112683980399076 2082.028978100854 30.33117619847915 0.32314205455348205
1.1298254286046523 13.115294711663447 1915.3106202645833 31.24966356532438 0.3263786025898769
1.1476415218461187 13.117769518351857 1762.773724325129 32.19199541664353 0.32963829113983
1.1655037034709403 13.120051079904021 1623.2911347906459 33.1648422248283 0.332960284479942
1.1834225768012905 13.122193477343027 1495.5213739896537 34.16912727560038 0.33634515494657685
1.2013768121130115 13.12402964995876 1378.4472034722492 35.202058546744624 0.33977056393407656
1.219361664622805 13.125629576528315 1271.050106057559 36.2640911001315 0.34323535356855084
1.2373779266799414 13.126983170646964 1172.8127688825339 37.36053849340145 0.3467670853728212
1.2554197441908868 13.128074947390273 1082.546546979944 38.49245806605972 0.35036654944377404
1.2734687243792882 13.128788734302338 999.7346264770695 39.65757957216516 0.3540152511250685
1.291523347796021 13.129188463979485 923.7413769060405 40.855895241138924 0.3577087576796616
1.3095809377337275 13.12921201642468 853.8520481991565 42.09315389729573 0.3614748345270622
1.3276380243514638 13.128908837334182 789.6937746946221 43.37058107066748 0.36531455675657837
1.345672157098891 13.128145867141232 730.6272451071286 44.6890575728617 0.36922697982508207
1.3636989337908156 13.127049214226647 676.3203684126789 46.04313310452316 0.37317745596215895
1.381671859631178 13.125434086341903 626.3492967230292 47.44146222119684 0.3772073955041075
1.3996266651594875 13.12344683540022 580.3586117162977 48.88548269040771 0.38131823649756064
1.417529861632124 13.120944494123746 538.022413671221 50.37669039703786 0.3855115315277605
1.4353682323872439 13.117934114203265 498.9600827616623 51.91555775144271 0.38978349954877306
1.4531690284340002 13.114476495396929 462.98632264346764 53.49900528513052 0.39411294846147615
1.4708744355882712 13.110450682211834 429.76168219564926 55.134703110129365 0.39853223824593625
1.4885092339251556 13.105896938965882 399.15680011453685 56.824432131580586 0.40304340157379487
1.5060643282923707 13.100827669997583 370.89081454185083 58.57005246257966 0.4076486177649607
1.5235154257638885 13.095147808246786 344.7715818849036 60.37350848102016 0.41235021975930536
1.5408576140017656 13.088890690960344 320.6667724882509 62.235115887257855 0.4171427664939618
1.5580732921836118 13.082008725264716 298.3969025101142 64.15482863509895 0.4220193651369254
1.5752076218782276 13.074594965266336 277.77018138753476 66.13904063599074 0.4270022733750955
1.5921707917521517 13.066468649913805 258.7115615383083 68.1901036642585 0.432094483949069
1.608998096424783 13.057708623914134 241.09889134536402 70.31048415802549 0.4372991852850476
1.6256934992732248 13.048348243801971 224.75609601276227 72.50277049188384 0.44261977084940857
1.6422063215247062 13.038224123587398 209.6328228771743 74.76968070441956 0.44805984901632506
1.6585574111832073 13.027495106885635 195.63233959949906 77.11407071087265 0.45362325349473676
1.6747379211535691 13.016051205968628 182.64741298588493 79.5389430339899 0.459314054364527
1.690708385244019 13.003859920476792 170.62272583236037 82.04569656150822 0.46512932564310744
1.7064964137458893 12.990987811067818 159.44930555238713 84.63847760448324 0.4710772515432746
1.7220661503421915 12.977323630367358 149.09518718751218 87.32212630207029 0.47716819427375684
1.7374248919799384 12.962958838656059 139.4705430943405 90.1003455969157 0.4834072838925095
1.7525501040833054 12.947801213141284 130.54745899964166 92.97703816938757 0.4897999564834293
1.7674333523099621 12.93187303942356 122.24210170564119 95.95631921335625 0.49635197025470146
1.782085034712946 12.915217622671571 114.5327668330693 99.04253006601704 0.5030694227208976
1.796469977410554 12.897705706054996 107.36658921433308 102.24025275752514 0.5099587690581696
1.8105896406279742 12.879437177200733 100.69098156530762 105.55432555205998 0.5170268417287647
1.824427754952943 12.8603042060302 94.48694828874079 108.98985955827489 0.5242808714785407
1.8379866339654198 12.840386077368054 88.71174166144188 112.5522564940183 0.5317285098193282
1.851243422440438 12.81961650526351 83.32953947001198 116.24722769774831 0.5393778531168968
1.8641911180455761 12.798005203378203 78.32437961932504 120.08081448729205 0.5472374684150328
1.8768098651640792 12.775495201045157 73.65668812434693 124.05940997558864 0.5553164211369177
1.889134797861073 12.752193448410331 69.29671804172354 128.18680076068287 0.5636136659554336
1.9011063778902257 12.728016507025425 65.24492788601067 132.4716429240958 0.5721448804993167
1.9127523710963619 12.702994982726894 61.45459131308539 136.92236189807517 0.5809238406598733
1.9240310777360892 12.67702566184847 57.91794851784809 141.5469838458977 0.5899618746154243
1.9349407550834647 12.650184751192207 54.620253334611824 146.35402076583645 0.5992709754753821
1.9454888688245424 12.622468782672557 51.537493171359685 151.35250384638084 0.6088638436541148
1.9556493098681254 12.593820389255482 48.6566364948743 156.55201937216358 0.6187539324874297
1.9654374115766924 12.56431684761024 45.96615459115737 161.95729982578064 0.6289370260821578
1.9748144758625406 12.53385816181205 43.449961549362314 167.58081095035382 0.6394341392470099
1.9837883383199184 12.502503448667289 41.09743155786533 173.43917760911808 0.6502754119596535
1.9848891442924077 12.48306332926937 40.30457965376939 182.31004490623533 3.192802539944151
