M[M_sun], R[km], Lambda[1], P_c[MeV/fm^3], rho_c[fm^-3]
0.23835315348680472 16.224115897624433 2803846.7813616297 3.45143464264431 0.16959267850507953
0.24821065317613597 15.884231087090692 2306653.119128261 3.630863024999168 0.1719338478425076
0.2583468513932467 15.583000024612154 1906332.7045961386 3.8168525338079826 0.17428250300878972
0.2687612571297399 15.315196500820042 1582090.8522249057 4.009622542074633 0.17663963381850245
0.27945348354575417 15.07646019202586 1318405.7384165523 4.209402658760625 0.17900623258055923
0.29042176360633065 14.863073708792102 1102561.4907601175 4.416432992423396 0.18138329258556118
0.3016660219257865 14.671926027844803 925395.0897749009 4.6309644307361735 0.18377180694347123
0.31319006242571806 14.500463073436734 779188.6740125655 4.853258936237184 0.1861727677137502
0.32498678012477805 14.346490962352794 658104.3120240261 5.083589858442829 0.1885871652770516
0.3370607724287773 14.207957676459305 557498.3375594238 5.322242262287169 0.19101598790440483
0.3494137300260247 14.08323369405688 473544.87866040197 5.569513272715251 0.19346022148632025
0.3620397911970504 13.970889901169047 403360.49870152277 5.825712435160417 0.19592084939044074
0.3749467117699229 13.869407932774388 344372.60935835895 6.091162091570497 0.19839885242214733
0.38812738018605936 13.778080288852431 294741.7760548849 6.36619777161811 0.20089520886790146
0.4015843327491989 13.695707687015789 252800.6762461355 6.651168598732265 0.2034108946060371
0.415319555898287 13.621506029854038 214624.51541766987 6.946437710622836 0.205946883274215
0.4293270072524102 13.554631894806324 187210.97049909874 7.252332939785206 0.20850335373574552
0.4436203078609006 13.49441755234249 161577.58026970644 7.568200997344437 0.21106514591537742
0.4581850546971805 13.440266138229804 139731.34639365817 7.895431670316097 0.21364942733253892
0.47302584170626305 13.391687475499607 121048.7887483843 8.234446175740983 0.21625722283009696
0.4881405385107476 13.348142815375255 105060.73208104634 8.58568223573713 0.21888955641968158
0.5035340288878677 13.309235486266566 91329.18663898029 8.949594610145363 0.2215474518154753
0.5191990040372166 13.274496569523494 79523.75847715784 9.326655646654062 0.2242319330222296
0.5351312325114055 13.243582958265383 69351.31705545241 9.717355849340915 0.22694402498799093
0.5513398992847288 13.216230068375928 60574.35593652875 10.12220446689717 0.22968475433341692
0.5678147206442868 13.192068633994799 52983.9872570238 10.541520864960248 0.23245250873703305
0.5845687079160832 13.170896991591105 46405.2270353649 10.974385472535035 0.23523049640212165
0.6015800581075451 13.152385786167738 40700.60314512344 11.422920387617625 0.23803996632624294
0.6188528872331941 13.136355951455347 35746.924610374845 11.887716059249854 0.2408820197454838
0.6363965889039672 13.12259460690948 31434.843031969758 12.369385406566533 0.24375776464465373
0.6541907061038179 13.110879874749022 27680.07840952849 12.868564606273841 0.24666831717585777
0.6722482426027451 13.101107943429625 24400.728474371364 13.38591392009043 0.24961480324131347
0.690557334998841 13.092942100691559 21534.986176279883 13.922118566971028 0.2525983602559625
0.7091150253276927 13.08640160541599 19026.46274742355 14.477256774371156 0.255613576881236
0.7279148997873207 13.081285013046271 16832.0245035551 15.05085146131357 0.2586498530004551
0.746966029350141 13.07746830037171 14904.239314027394 15.64540489902977 0.2617268827273167
0.7662512235220014 13.074795545174336 13210.684858892768 16.261715632135694 0.26484592874243296
0.7857649420312501 13.07315559487665 11723.840446457954 16.90061303671493 0.268008276476871
0.8055093508343867 13.072432058035865 10412.704708438592 17.562958619889596 0.27121523714820617
0.8254747436480474 13.07255387034365 9258.955584019208 18.249647413739858 0.2744681510690671
0.8456598963060469 13.073400759682075 8240.008233095115 18.961609473721936 0.27776839124008434
0.8660598837258828 13.074905808851094 7340.4783783989 19.698726599828674 0.28110804704693726
0.886660896240014 13.07695321049969 6545.458901732352 20.461337373003044 0.28448366667818215
0.9074591789593665 13.079447052510055 5841.9427646497215 21.25217361181208 0.28791158225080293
0.9284436503419902 13.082337558237034 5218.378122984855 22.072331800954526 0.29139339165525346
0.9496110251195793 13.085538803896295 4666.112041370566 22.922953663170855 0.29493074675341
0.9709582191898173 13.089017501920775 4175.089832589519 23.805228544136035 0.2985253588526983
0.9924680110346603 13.092579298988476 3739.0341034166863 24.720395992592856 0.30217900454896474
1.0141303062787688 13.096340560369537 3351.736918547057 25.669748552696394 0.3058935319495231
1.0359512875847083 13.100120000259897 3007.004797046316 26.654634786531673 0.3096708672884296
1.0579082413150627 13.103893520318747 2699.7970981572444 27.6755652486695 0.31350671315873624
1.0799900032260032 13.107567547959233 2426.0949254760617 28.733174034234075 0.3173978505856584
1.1021954842704822 13.111124651960555 2181.8160774416583 29.830772353647095 0.32135918489597165
1.1244956555381382 13.114514990924686 1963.8656334707641 30.969983954448136 0.32539307298100456
1.1469095814076034 13.117681997851458 1768.9127472726075 32.152508628244604 0.32950198816453685
1.16939076146467 13.120498061458756 1594.5903700049512 33.38012704724599 0.3336885295932507
1.1919600562575001 13.123073515636348 1438.449141103814 34.65470599090901 0.3379554321663905
1.2145776681056237 13.125243669598307 1298.74011758608 35.97820399215024 0.3423055770334963
1.2372510010150306 13.126973163671359 1173.410670248171 37.35267743463163 0.34674200269287003
1.2599533223775516 13.12824831043568 1061.0656468677626 38.780287134893705 0.3512679167276811
1.282665910958014 13.128978993950707 960.1813621243163 40.26330544563758 0.3558867082213469
1.3054008849669312 13.129233214064122 869.4972620931525 41.80412391927818 0.3606019608990781
1.3281243729316234 13.128874851121568 787.981690743085 43.40526157402986 0.3654174670482343
1.3508236189114968 13.12788774701011 714.6331523124747 45.06937380830089 0.37033724227648007
1.3734818305583505 13.12625296773517 648.6185776041359 46.799262013084515 0.375365541173631
1.3960835165364465 13.123857772424962 589.1485727197226 48.597883936409 0.38050687395064176
1.4186204542343694 13.120783240825965 535.5440103918803 50.46836485877316 0.3857660241373774
1.441066272378557 13.116882148130689 487.1311688280006 52.414009643925105 0.3911480674297591
1.4634105983314227 13.112232321815146 443.4816515134461 54.43831573537381 0.39665839178657497
1.485633702308062 13.106693725515266 404.0043603002173 56.544987175739614 0.4023027188868149
1.5077208514058595 13.1002954363807 368.31850928894994 58.73794973351307 0.4080871270698988
1.5296576326090932 13.093004534539954 336.04861579492183 61.021367230071824 0.4140180758936775
1.5514134394845622 13.084763342086339 306.8334101615968 63.399659169009034 0.42010243245878076
1.5729849669455405 13.07559575139647 280.36144362455195 65.87751978003445 0.42634749966282276
1.5943444696400824 13.065368700095789 256.3731505307309 68.45993860102878 0.4327610465643244
1.6154910799010667 13.054164365593047 234.61297901335672 71.15222273440935 0.4393513410541786
1.6363760515969257 13.041883371315851 214.86226672879656 73.96002092789814 0.44612718505216886
1.6570022863558114 13.028541889719978 196.93784070412988 76.88813194537208 0.4530927853361699
1.6773241716888998 13.014064240552003 180.63651382855107 79.94264241509818 0.4684716010254264
1.6968355670126112 12.99839108518948 166.13478509452878 83.16026166827974 0.5232524320335312
1.7151614074134394 12.980768868939686 153.29667890612512 86.5657367988067 0.5783827113777865
1.7323796126148285 12.961048384457518 141.8478364578621 90.16841034272835 0.6339298215857925
1.7484751348367062 12.938920312436471 131.5846727241431 93.979808506555 0.6901598672492436
1.763508274188326 12.914365463322211 122.35022224304196 98.00959501168361 0.7470308896740642
1.777511378297972 12.887338375519434 113.97954448404039 102.27136293861385 0.8048339669011325
1.7905162016538116 12.857775088273746 106.37709494650775 106.77779050957136 0.8636714386179266
1.802566064194686 12.825756557476724 99.44689072969841 111.54193373986551 0.9236380286300345
1.8136847649427652 12.791261859199466 93.09553145016274 116.57998142878418 0.9849632077477382
1.8238960471570387 12.754272185714882 87.28365344609331 121.90815946368078 1.0478042632664808
1.8332284918711461 12.714873722177007 81.92267149409355 127.54410991203879 1.1123352679949106
1.841705974246132 12.673132566802852 76.98443909167491 133.5070491718135 1.178745789277515
1.8493513925952778 12.629068778716329 72.43340101004543 139.81792890470442 1.2472402505893843
1.8561700220824753 12.582727334166556 68.21584920884315 146.49748499929248 1.3179691221312115
1.8621736466973835 12.534125031477227 64.31115005060543 153.57202616139125 1.3912214464826451
1.8673932504554243 12.48340040519357 60.68691791178701 161.06691781403867 1.4671973171775956
1.8718193845530566 12.430512558129823 57.32201223113544 169.01124309621636 1.5461565057787776
1.875466381890121 12.375583200250155 54.19805762521819 177.43459393139435 1.6283218256370853
1.8783421920919472 12.318607164236427 51.28838642036719 186.37182855077108 1.7139988399872463
1.8804646737355233 12.259726659312792 48.58603644378519 195.8590892460262 1.8034623908199139
1.8818196539803136 12.198901174899174 46.06428844572657 205.93594633526624 1.897000691483526
1.8824279152361658 12.136274468557554 43.71882557145613 216.6457055381573 1.9948894425314074
