M[M_sun], R[km], Lambda[1], P_c[MeV/fm^3], rho_c[fm^-3]
0.23835315348680472 16.224115897624433 2803846.7813616297 3.45143464264431 0.16959267850507953
0.24430160729297745 16.012845446289784 2489260.2787968237 3.559215655481426 0.17100443792454637
0.25035107100400317 15.816799840046977 2213846.0069050314 3.6703621460045346 0.17244301241740076
0.2565062846490972 15.634547220102439 1927217.97158554 3.7826686224765305 0.17385325311591995
0.2627631357956141 15.464684995465005 1759392.711780843 3.8982239581393445 0.17528528991895218
0.26912023278447034 15.306657026067729 1572461.3275678516 4.016372715090921 0.17672169999315712
0.2755796723324455 15.15905415634071 1406914.8966041775 4.136506182703069 0.17814802213609102
0.28214333652910506 15.021380215151813 1260864.9006577213 4.260477651247397 0.17960501057076592
0.28880747190450157 14.892745328461444 1131469.2125018234 4.385610187707193 0.18103183531029854
0.2955739358642651 14.772298111817634 997431.3130359532 4.514524272932319 0.18248566237595312
0.3024392312232707 14.659710185619419 914590.4142825553 4.6459569524790325 0.1839374074609959
0.3094094376635552 14.554297499577027 823744.4421840438 4.780012262924467 0.18538891635599358
0.3164833375483712 14.455493416471123 742787.545626489 4.91798798833417 0.18686546750580632
0.32365324046954863 14.363040415619606 670571.0414919616 5.057394134542031 0.18831551744707578
0.3309292917663854 14.276106796139135 606013.488983149 5.2013737774946 0.18980123058909862
0.3383055610200825 14.194601556674586 548226.1258975811 5.3471443077584215 0.19126625944503187
0.3457829517285867 14.118245077410428 496492.13942480274 5.496912525618094 0.1927529462903845
0.3533638419109374 14.046498654594973 450043.4462334643 5.64976015465584 0.1942419851928536
0.36105022729010516 13.97913366842887 408329.90969070484 5.805559276075093 0.19573050868532094
0.36883607746175595 13.91590736472966 370865.01490544766 5.965763105262118 0.19724358709060968
0.37672147942319545 13.856511684407165 337098.81790525076 6.1278479857375965 0.19873482165774134
0.38470849115149 13.800730099167964 306702.82513886027 6.295357266543324 0.20026604288404729
0.3927996961894249 13.74834460550217 279270.45708539477 6.464338333085443 0.2017668387757686
0.40099122322779324 13.699099148935893 254482.25201209408 6.638652103100964 0.20330306902470527
0.4092827115532471 13.652990648424042 232112.26227577808 6.815616988565884 0.20482756455545545
0.4176801642512087 13.609613668951638 211855.23207968596 6.997026951646868 0.20636967476626714
0.4261790177500087 13.568976449134729 193517.11535467676 7.182298963202907 0.20791805597570384
0.4347792675575113 13.530788413771532 176891.55041894375 7.371111183209672 0.20946692663520936
0.4434767904224663 13.495008318107313 161809.04614631462 7.565029041482155 0.21103942423596342
0.45228169830858883 13.461404748034601 148124.40475662958 7.761564533614456 0.21259594520515115
0.46118585889025593 13.429939965672661 135690.19299656624 7.964483304956684 0.21419283675140846
0.47019452477232543 13.40050597959458 124374.8712591596 8.16907866032932 0.21575790720588026
0.47930096804786343 13.372916701577498 114072.2165834103 8.380660966365872 0.21736917221438307
0.4885078161384352 13.347148637101885 104705.20336466611 8.59437879918453 0.2189540478636491
0.4978232126541715 13.322984438847369 95151.40218326473 8.814684266213591 0.22057599223697258
0.5072352160214998 13.300631073491202 88367.30561148174 9.038225528747823 0.22218566347752106
0.5167431816525015 13.279581560945468 81244.70078166103 9.267635690629298 0.22381918029140127
0.5263544043417862 13.26003345169333 74015.14014838147 9.501416650847073 0.22545411423992998
0.5360715136300268 13.241880437668652 68801.96521478049 9.740331026807244 0.22710010633041916
0.5458818450725116 13.22498729272142 63369.81239926875 9.984789196532457 0.22876082731306152
0.5557917523696386 13.209380430059197 58400.039041653974 10.233626084953237 0.23042020774152888
0.5658046598661962 13.194816075794158 53850.208108979736 10.489221567669999 0.23210730017602815
0.5759115648362265 13.181389330610306 49671.008809194864 10.748418888901801 0.2337809928265848
0.5861202422021721 13.169001352395368 45846.25059798319 11.015635825364948 0.23549510426120301
0.5964238245585719 13.157653094005028 42335.27962206103 11.285652018163994 0.23718404458215023
0.6068337768229589 13.147204684525173 39112.44838227677 11.564940784505616 0.23892518128817847
0.6173351455480935 13.137674429180064 36156.45642458398 11.846315114362671 0.24063102480422563
0.627930080319035 13.128924096717622 33433.53028244734 12.137294045887286 0.24238937116411283
0.6386228859982632 13.121008592665829 30934.46848160999 12.431447566327353 0.2441236785440615
0.6494170189848819 13.11380236794032 28631.484851206682 12.734632885705532 0.24590017329829889
0.660301596739487 13.107332616643426 26513.469322875273 13.042141389568998 0.24766383894477687
0.6712730117984582 13.101488138550023 24564.56694996858 13.358073310143455 0.2494594363644058
0.6823519406208077 13.09633822126047 22764.822920464867 13.679544317448002 0.2512534324915164
0.6935130658427077 13.09182220140693 21111.005247714915 14.008788242636323 0.2530691040157857
0.7047667718778264 13.087815007913115 19581.230809453606 14.344863123092631 0.2548944847108642
0.716111794265687 13.084329362069745 18170.924396335413 14.688010938374475 0.25673122082641975
0.7275483431229806 13.081346356234903 16869.864242830907 15.03936719303514 0.25858912635824943
0.7390770806925915 13.078919202179165 15668.199338174723 15.397038660745192 0.2604479387403131
0.7506878227484524 13.076867639296827 14557.606125683496 15.764392375617314 0.26233960013513125
0.7623925842465903 13.075225673577284 13530.419697158472 16.13723664389929 0.26422152407194444
0.7741748130434613 13.07397414901529 12581.231480380782 16.5213451294918 0.2661482679809064
0.7860517946847541 13.073138628868595 11702.78363233896 16.910042367988176 0.26805436510348085
0.7980066913270746 13.072623124065803 10890.472467262067 17.31170700002441 0.2700176189877557
0.8100472370291336 13.072402513053055 10136.458366777268 17.71697017618436 0.27194898032771436
0.8221650254201003 13.072499623822903 9439.27468150672 18.135854098863987 0.27393955505497836
0.834369737981304 13.072866153038337 8792.773487078048 18.559616265392513 0.2759080273891653
0.8466428553961325 13.073456096308556 8194.35335582126 18.996352388113998 0.27792580092666874
0.8590047427776342 13.074305654917504 7638.36433551231 19.439664085600185 0.2799343127795614
0.871437121395044 13.07540562533284 7122.928123248897 19.895056048182667 0.2819804392038186
0.883944317138197 13.076642125827101 6644.534956895455 20.35889018613255 0.28403080234802464
0.896527876764283 13.078089804043104 6200.358393422335 20.833781709795957 0.2861064794295147
0.9091793870545246 13.079696743473914 5787.488109217617 21.31917055069009 0.2882006326908416
0.9219009210252946 13.081439243762455 5404.101538427396 21.814448054339067 0.29030710679124183
0.9346942930653008 13.083300478030218 5047.93578545258 22.322487466995472 0.29244712349075463
0.9475500854063775 13.085236848491034 4716.507137775052 22.839082929662286 0.2945856949251813
0.9604697500157452 13.087289310586321 4408.458131819552 23.370936981197893 0.2967737908813763
0.973448042362613 13.089426469246492 4121.664547522053 23.90983107562553 0.2989458197748136
0.9864941962518026 13.0915998657145 3854.8408467581853 24.46621045926636 0.30118038194242236
0.99959883781197 13.093822752648158 3606.3726646339214 25.02896251647712 0.3033912745878628
1.0127575526722956 13.096091125836194 3374.8894096809872 25.609349916398116 0.3056615232270069
1.0259825046141045 13.09839721628538 3159.612938084568 26.198881682554237 0.30792608614318134
1.0392415041907488 13.100690862253796 2958.635661217595 26.804393080617867 0.3102335400219983
1.0525641871181042 13.103003901141788 2771.2815279587116 27.422137329739943 0.31255453230774005
1.0659287637226345 13.105232798249355 2596.5649702329215 28.05395064360351 0.31490079579927666
1.0793457114323688 13.107483143966336 2433.651847186162 28.70143333168161 0.31728116103355364
1.0928039141976444 13.10966113072792 2281.775577870599 29.36079314501949 0.3196679326333084
1.1062962571947401 13.11177336849965 2139.7841867299576 30.03964042704842 0.32211081091527927
1.1198369808270952 13.113835463012087 2007.1999855300385 30.72786317413149 0.3245398924535512
1.1334069521634522 13.115800825818251 1883.5526597169248 31.43761758332842 0.32703428237271387
1.1470157077088765 13.11770068446722 1768.1231865670884 32.15828866024741 0.32952194004189167
1.160658661024339 13.119470707812868 1659.8898946387105 32.89914599807073 0.33206151244117127
1.1743242910502252 13.121145925470156 1558.9318042043167 33.65539735540131 0.33461968792806424
1.1880046403270335 13.122635531549104 1464.481970576644 34.428876005757104 0.33720653426543984
1.201721476650196 13.12404978518831 1376.2758578216274 35.22273262317463 0.3398391233524909
1.2154605172699582 13.125315339933909 1293.5674458228573 36.03044496379927 0.342475477767918
1.2292056486255434 13.126426551357056 1216.3372334770527 36.86276685179072 0.3451788200842781
1.2429763327663597 13.127352871660149 1143.9058961036862 37.707730893284676 0.34787488981783965
1.2567566741993708 13.128113751058983 1076.1603695618476 38.576996227189994 0.3506312896696073
1.2705391024259312 13.128678757641927 1012.6771724498673 39.464872019672754 0.3534117669673282
1.2843297946225924 13.129065635316643 949.1825809374078 40.37295943563836 0.35622386386357985
1.298121413843575 13.129268093225125 897.5067901167696 41.30628810980923 0.35909359098023375
1.3119127643549797 13.129199421319639 845.253696969344 42.25520085299772 0.36196421806816603
1.3257003620199226 13.128969155039128 796.2886273733578 43.23235841136667 0.36490439736432645
1.339479089722132 13.12848662028911 750.3219748928985 44.22858049051088 0.36786056854925847
1.3532373373986213 13.127735855939946 707.2704366674002 45.249899936546356 0.3708637920943401
1.366993411238328 13.126766434346322 666.8624204660957 46.29830051235433 0.37392171582871214
1.3807183755370385 13.125531148801487 628.9256939300002 47.366140587493575 0.3769913702280916
1.3944401100313188 13.12406941385464 593.3211212677595 48.46524377835456 0.38013267463660977
1.4081298488063811 13.122311563529781 559.8501027658033 49.58682054251939 0.3832968238802531
1.4217768395709378 13.120277514842316 528.4480443054169 50.73635404352278 0.38650997469552695
1.435398157309093 13.117915244019617 498.89886673375963 51.91809776954332 0.3897905507582666
1.4489812514413143 13.115291329526958 471.18528333112636 53.12085963754348 0.3930796200173991
1.4625434561208985 13.112430771151347 445.0796256238326 54.358383620973676 0.39644330961394003
1.4760528299779456 13.109194565181742 420.5513241181915 55.62557902489333 0.3998530923110879
1.4894960650224771 13.105593498668643 397.4923110341493 56.920954190673925 0.40329923806891765
1.5029093602401755 13.10179059046678 375.8134994274179 58.25341719798278 0.4068216388091661
1.516257057293033 13.097575395623892 355.4161106547841 59.614412581600305 0.41037624774578657
1.5295487581343374 13.093033919685121 336.1889553766947 61.00985345623355 0.4139884346819874
1.5427742429043025 13.088169730256203 318.1194610657541 62.44495273743602 0.4176789923716265
1.5559326969771465 13.082941250332963 301.07340833329545 63.909052040020946 0.4213954824088967
1.5690195263080626 13.077347011280748 285.0570405791458 65.41283242683697 0.42518405492650646
1.5820339662691578 13.071380609083858 269.9515535674897 66.95940586710681 0.42905433965909195
1.591568548849618 13.06545009294103 259.12397052411825 68.83919252398528 1.8999143428214895
