M[M_sun], R[km], Lambda[1], P_c[MeV/fm^3]
0.2416277750616976 15.618515526848569 2160338.09801669 3.5677787854173952
0.2522400332624791 15.314121882295282 1768079.633792053 3.759399727410914
0.2631488717977388 15.04586043826942 1454202.8130880669 3.9583448356048923
0.2743552576265786 14.808679923834553 1201015.963562004 4.164950237578499
0.28586001654364096 14.598363627476626 996821.5770138649 4.379508785581036
0.29765983854530703 14.411648959752968 830383.8331272984 4.602174198254843
0.30975870753309603 14.245390075625634 694269.8454370067 4.83335786615086
0.32215650964463605 14.09715398238806 582446.1063932651 5.0733570426248304
0.3348543106748895 13.964806298188591 490208.4979311669 5.322481772332483
0.3478496111696419 13.846680636835451 413906.19467884244 5.5809817515606825
0.36114685115478334 13.740984567003945 350430.77422038105 5.849265326857184
0.3747452314125152 13.64651859651977 297534.3739093312 6.127693865404913
0.38864557281846973 13.562094861994982 253277.87229276524 6.416633989698037
0.40284756337594885 13.48667799730257 213339.15112553432 6.716467728623746
0.417351985766402 13.419363599114046 184832.2541257348 7.027593125529546
0.4321595548632289 13.359333797671042 158445.48836638563 7.350424876781215
0.4472692951848315 13.3059250092616 136115.57158504485 7.685395002450552
0.4626826954404514 13.258460788759589 117153.18798775465 8.03295355091329
0.4783962553117999 13.216433000284074 101049.44496063983 8.393569339305765
0.49441353876070343 13.179315218478486 87310.21960759358 8.76773073198829
0.5107323271695947 13.14665708779714 75571.42832682916 9.155946459391384
0.5273508458222852 13.118072957602209 65531.7683193383 9.558746479883528
0.544269397037953 13.093194069904964 56908.785661062866 9.976682887593057
0.561485719026012 13.071669301234031 49506.72761211837 10.410330869448188
0.5789979189257042 13.053205497125475 43131.28044739948 10.860289715064571
0.596804521671739 13.037553689677917 37630.90937623444 11.327183883514865
0.614904131001311 13.024426302700409 32880.67835221666 11.811664131456931
0.6332938657195504 13.013622435550213 28767.859971257418 12.314408707581054
0.6519700072858031 13.004927458946607 25206.145165596517 12.836102971687867
0.6709306430378278 12.998111232725094 22112.541209226318 13.377431807815299
0.690171693999599 12.993034947854365 19422.709075241943 13.939231160544901
0.7096892880255892 12.989510970145457 17079.773777056205 14.52230362090967
0.729478369717429 12.98740239904035 15039.77231167812 15.127486582516648
0.7495363153969012 12.986548087493246 13257.637923886743 15.755653977578278
0.7698566630919609 12.986807808563368 11700.369219861584 16.407718131032606
0.7904347963530546 12.988067295175957 10336.597737424336 17.084631743119274
0.8112633693301237 12.990209284751478 9142.340108148379 17.78739001168101
0.8323371074648728 12.993112499518155 8093.582433813764 18.517032906414492
0.8536511418036522 12.99668765652 7173.634182389311 19.27464760830912
0.8751937579184949 13.000820979751731 6363.689141243342 20.061371128589812
0.8969626749382259 13.00542257543081 5651.742463129207 20.878354286298578
0.91894717812245 13.01042134071358 5023.633752997291 21.726868970320425
0.9411378166217365 13.01570307247599 4469.77004758932 22.608246430146032
0.9635258078683305 13.021208445383548 3981.1260122359063 23.523856268031338
0.9861044370262214 13.026860268045171 3548.6563716600976 24.475134501369087
1.0088600295687975 13.032583544322833 3166.4282579371534 25.463587635403787
1.0317828773190432 13.038299748821721 2827.5624933205772 26.49079705257189
1.0548644667506288 13.043947772349519 2527.2791210634 27.558401205145355
1.0780899061037088 13.049469534455653 2249.6497131044116 28.668069860514997
1.1014492053306228 13.054791312351457 2024.4903668946313 29.82169754496887
1.124928773898232 13.059860465671663 1814.3692274010893 31.02121178687565
1.1485158970069307 13.064623143132547 1627.1259168232825 32.26864241623654
1.172198236951664 13.069025819965315 1460.6851059501291 33.566128471840834
1.1959604652780311 13.073006869158553 1312.3397648366883 34.915925657196475
1.2197861348948331 13.076510480116434 1179.8948355207415 36.32031214451037
1.2436625811908764 13.079498511007438 1061.8576510092587 37.78153915600875
1.2675749278011288 13.081915819194093 956.3146734799885 39.30255132188901
1.2915040608015 13.083713945629786 861.9941722404636 40.88615164792515
1.3154356072019708 13.08484605746705 777.6468282384568 42.53475125006709
1.3393523376660643 13.08527194545143 702.0349965049151 44.251828352681365
1.3632358553209791 13.084947564347637 634.344034158854 46.04057578618475
1.3870666880604703 13.083823206958655 573.6408490710471 47.90407296742559
1.4108298216880502 13.081864389436724 519.1547663524547 49.84638023226505
1.434504402002088 13.079032221841466 470.25204352265513 51.87082442229907
1.4580710544762898 13.075287664608451 426.24758057037343 53.98174855756388
1.48151114543161 13.070586104832946 386.7011437376168 56.18349743800615
1.5048037918159196 13.06489144893446 351.09716787126797 58.480003507635466
1.5279281885003615 13.05817160770896 319.04951175653184 60.87658606049634
1.5508658744962642 13.050391947205458 290.15753610822674 63.37823114507652
1.5735921921533746 13.041515210783261 264.1034820990171 65.99024618358096
1.5960882692092195 13.031504564710099 240.5786649122043 68.71828596293393
1.6183252725325348 13.020322587478276 219.3067686187316 71.5683808349689
1.6403007036241521 13.007967616062805 200.11174964811164 74.54696732893993
1.661972819982515 12.994374319554636 182.72423687581005 77.6609214023288
1.6833267935937875 12.979526384634546 167.0230507786855 80.91759458143238
1.7030340800574861 12.963197115192084 153.48647728346154 84.40417656382434
1.7188965109552692 12.943195802902082 142.7083774710676 88.26791505285436
1.7312683685505283 12.918279173093767 133.90358634657468 92.52871805052533
1.7405353545700246 12.887952903601596 126.56234666859244 97.20333342177118
1.7471064532523484 12.852216858373625 120.30419403320943 102.31016694835444
1.7513251766849078 12.811208400130017 114.87530382925347 107.86909495014497
1.753469784681461 12.76503017684422 110.09085639230562 113.90141020185868
1.7538042398323326 12.713970512110283 105.77325247830817 120.43056976407802
