M[M_sun], R[km], Lambda[1], P_c[MeV/fm^3]
0.2416277750616976 15.618515526848569 2160338.09801669 3.5677787854173952
0.2522415478698082 15.31405442850595 1768029.862947148 3.7594258255878326
0.26315186635910576 15.045774086885189 1454118.2900081996 3.958398774270403
0.2743599633782056 14.808564146210678 1201320.1168826472 4.165034500472639
0.28586549295980684 14.59830331834457 996758.0247725646 4.379624798890598
0.29766734000559825 14.411538165183629 830328.5462434534 4.602325103702358
0.309768556486101 14.245248073577116 694150.1102308149 4.833546235394723
0.3221673295541198 14.09704011702736 582369.6345358777 5.073585565274019
0.3348678472903199 13.964738325147097 490138.3249544227 5.322753262172118
0.34786541322053416 13.846546153066672 413823.23144457367 5.581296669663233
0.3611651673220579 13.740840027079877 350369.21713839064 5.849628869417926
0.37476547892084305 13.646391610377444 297458.17517892626 6.128109239698672
0.3886691407756213 13.561947936988798 253203.30203848577 6.4171045557290824
0.40287221374891413 13.486562258315912 216064.00095751477 6.716997007558455
0.41737902169606733 13.419274673242482 184782.63812741812 7.028184808669809
0.4321892015483459 13.35923098450071 158394.06814600003 7.3510828351171265
0.4473016913724281 13.305819899231562 136065.55654443146 7.686123296834154
0.46271669159953777 13.258371978571244 117118.01611038424 8.033756442898229
0.4784356869965141 13.216323920512995 101011.58558292077 8.394451302701743
0.49445504235876414 13.179223075450064 87283.89266183045 8.76869646518259
0.5107758344050791 13.146581611086916 75542.88837366962 9.157000898493964
0.527397379353751 13.118001745210961 65502.71872629838 9.559894812756381
0.5443196698718324 13.093132797460685 56886.10949002024 9.977930568828842
0.561537882070081 13.071611545145345 49484.72370319198 10.411683636368672
0.5790546248661861 13.053151863573168 43113.327553272895 10.861753604813808
0.5968640855840404 13.037504356290958 37613.55642736222 11.328765251328004
0.6149678622516546 13.024404851036646 32865.92275859564 11.813369670192039
0.6333606103140881 13.013580697613992 28517.503704038856 12.316245468606649
0.6520405786832703 13.0049037446635 25193.724570580765 12.838092022199849
0.6710039410561506 12.998097038557782 22101.14100458883 13.379568229594334
0.6902492417128554 12.993017359447117 19411.341687237582 13.941523257492696
0.7097702926169471 12.989513769701254 17072.249515004958 14.524760156045188
0.7295632218131121 12.987390705816809 15031.337549075495 15.130116807394984
0.7496254970049055 12.986545302324888 13156.824938806933 15.758467663803241
0.7699492358455334 12.986802775419058 11693.680294599202 16.41072560401989
0.7905302324932646 12.988077698106869 10330.727473147865 17.0878439182813
0.81136382966478 12.990223153417752 9136.8277072269 17.790818433217126
0.8324415929845026 12.993123016073556 8088.873288145282 18.52068978890596
0.8537597757889969 12.996695701545002 7169.137974104415 19.278545881334395
0.8753054678662601 13.000855832796978 6359.669427082441 20.065524484593844
0.8970783620259168 13.005460786278014 5648.0636967277005 20.882804696799145
0.9190659073561616 13.010448691780033 5020.393868315383 21.73160580301093
0.9412623976472345 13.015733507031857 4466.84812831734 22.613286050979443
0.9636544292772212 13.021239721670794 3978.50532611629 23.52921603825432
0.9862365405502288 13.02688975609978 3546.3490037162705 24.48083284614782
1.008996937366621 13.032613900718397 3163.981744654441 25.46964411761301
1.0319193097251476 13.038347905495934 2825.4969419525632 26.49723245216907
1.0550090992065582 13.043981166866166 2525.621321029368 27.565198546337253
1.0782373399644152 13.049507456386763 2259.461283559715 28.675289722361754
1.1016028419507904 13.054822377294204 2023.0672302331484 29.829364810507396
1.1250857040651803 13.059900532870145 1812.8421379874965 31.029352934479768
1.1486763472844481 13.064655769662627 1625.9520582294992 32.277285634338554
1.1723623815015014 13.069054499687299 1459.6089197089577 33.57530378268367
1.1961279393688817 13.073029148907741 1305.321973178472 34.92566505039948
1.2199574915274243 13.07653565520083 1179.0271314570364 36.33059592597738
1.243838126172631 13.079518032652627 1061.0456258010406 37.792454848423965
1.267753580671155 13.081925274355177 955.5377323977367 39.314137600925896
1.2916830768317809 13.083726600958128 861.258598956523 40.89844979930927
1.315621209683525 13.084857425785835 777.0080306965714 42.54774134253241
1.3395399741007612 13.085272574025975 701.4851574745152 44.26561836493393
1.363426260884495 13.08493988130469 633.8198358663503 46.055146642383036
1.3872604907351795 13.083812864294071 573.1925012245913 47.91954419292332
1.4110253249123137 13.081845331308779 518.7197432384838 49.86273407152067
1.4347026961822293 13.079003960126188 469.864519457725 51.888193447596926
1.4582722591967023 13.075250424347386 425.89657422447954 54.00011689648947
1.4816570239932967 13.070525960306012 386.46847153951086 56.205182303972926
1.501587745209725 13.062836182196964 355.0571290352209 58.632493332571514
1.51674864309149 13.048935355493258 331.11942229172706 61.36172526375078
1.5279836442731483 13.02814456693522 312.07174067133076 64.39851356209282
1.536024637309123 13.000643905225663 296.42200960408064 67.7492663971702
1.54143161532784 12.96669462380691 283.1665532653727 71.42046496360756
1.5446599769161597 12.926645235687522 271.5929823975293 75.4198123156329
1.5460727740198428 12.88083591109941 261.2400905163787 79.75551790762684
