M[M_sun], R[km], Lambda[1], P_c[MeV/fm^3]
0.2416277750616976 15.618515526848569 2160338.09801669 3.5677787854173952
0.2522419244890428 15.314050261393112 1767935.9119202048 3.7594379546643784
0.2631542733148621 15.045663408853718 1454177.6651560005 3.9584238423371856
0.2743627021255154 14.808519886914267 1201227.7748660774 4.165073662040568
0.2858689512171741 14.598210981574768 996715.2211267352 4.379678716975819
0.29767090083091474 14.411473617305468 830234.0488912631 4.602395238656897
0.30977366617343827 14.24521818025654 681900.4510492254 4.833633782646368
0.3221733449285835 14.09694558988677 582309.7016989756 5.0736917750902295
0.33487352002707016 13.964676779311816 490102.1023844088 5.3228794425544725
0.3478727127708788 13.846469781533962 413779.02129755076 5.58144303510959
0.3611733137656985 13.740798564937078 350316.1012197086 5.849797835281388
0.3747750673013057 13.646324778509914 297448.65223868296 6.128302296929221
0.38867979916828527 13.56189089367962 253179.63999451126 6.417323266286799
0.40288370344163377 13.486512359325193 216032.4237447836 6.717243008334388
0.4173916242350906 13.419198160928822 184761.7452125528 7.028459815658388
0.4322025444505244 13.35918354899739 158380.69259634265 7.351388647857855
0.447317205004796 13.305754555168027 136049.06343131664 7.686461803142035
0.4627328810618568 13.258326485784552 117093.97761577685 8.034129623904072
0.47845221917865005 13.216296360499552 100994.26190736202 8.394861238224683
0.49447392781120186 13.17920489656041 87260.84996610408 8.769145339459305
0.5107961983112838 13.146544684630925 75528.37932707078 9.15749100629099
0.5274173362447708 13.117993630080083 65489.996803301314 9.560428565893584
0.54434225406466 13.093084866162563 56874.50349979404 9.978510503144292
0.5615626813207373 13.07157687822944 49473.514020069066 10.41231241915787
0.5790808177381332 13.053127050963038 42719.61525405698 10.862434042777851
0.5968923513247101 13.0375089495604 37608.377739589516 11.329500299068734
0.6149970588404082 13.024363994546569 32859.17507568753 11.814162439294131
0.6333918849387767 13.01357912094122 28747.705404714357 12.31709923735074
0.6520725912870867 13.004892948864178 24986.134416487293 12.839016584556513
0.671038606181346 12.998080766116406 22095.831916341704 13.380561299577247
0.6902851796027222 12.993009822618825 19408.215670284702 13.942588695780714
0.709807359533417 12.989505079569854 17067.86795446302 14.525902036796944
0.729603212693637 12.987400203620266 15027.938045460098 15.131339431929542
0.7496657565096505 12.986540046097778 13246.65258704739 15.759775575254084
0.7699922847783259 12.98680651085385 11690.602671327768 16.41212360303611
0.790576289234018 12.988075045498764 10327.955115160348 17.0893370798547
0.8114105400939511 12.990228066641006 9134.249508075205 17.792412124721345
0.8324907323193734 12.99313870813254 8086.525832557477 18.522389689439915
0.8538091742689212 12.996716766844948 7167.262506898785 19.280358002470486
0.8753596962411466 13.000850767555097 6358.103739421191 20.06745519263992
0.8971333252847694 13.005458953140318 5646.447365414825 20.8848721081891
0.9191227100025511 13.010464994434441 5018.884774652994 21.733807770459446
0.9413201748598043 13.015751417457237 4465.578075094192 22.61562878628146
0.9637148935960062 13.021258782555174 3977.3129042246164 23.531707613764553
0.9862979016997407 13.02690564508546 3545.2062898261597 24.483481828966475
1.0090605363996945 13.032631151891945 3162.9683299749095 25.472459603903847
1.0319852177358952 13.038356192181014 2824.5301643966086 26.500224104075183
1.055075477213802 13.043998724715168 2524.8336446819585 27.568358471143664
1.0783086124702876 13.049521100901204 2258.7443265188176 28.678646087259512
1.1016720826488178 13.054847944306168 2022.3774875371503 29.83292918571302
1.1251581030602518 13.059912900049433 1812.2007411680336 31.033137632114002
1.148751352471444 13.064671601778633 1625.4388097791773 32.281303761783484
1.1724390659071198 13.06906702033249 1459.0762728370553 33.579569300142424
1.1962053997540905 13.07303956735892 1310.8762021727355 34.93019283301981
1.2200378390606514 13.076545956156806 1178.6403222287054 36.335376816489585
1.2439200379495272 13.079525196510648 1060.6572320680323 37.7975295445118
1.267837111846442 13.081935782168003 955.204523054361 39.319524087186785
1.2917702353656704 13.083728850148136 860.9497543904934 40.90416727421455
1.3157067680144665 13.084855121397435 776.6733438841694 42.55378053811146
1.3396278004725701 13.085271087507898 701.2266970019176 44.27202949278561
1.3635138056102007 13.084936908682684 633.5776735038085 46.06192083209173
1.3873502701569564 13.083805362428182 572.9730333885021 47.92673702654015
1.411116312180246 13.081839645991973 518.5206072607675 49.87033729237025
1.4347946399960856 13.078991489105668 469.67789841018816 51.89626870610634
1.4583647421413992 13.075233007576482 425.7228662348449 54.008656811472534
1.4818083158969713 13.070523167316393 386.2272533363786 56.21202648681078
1.5051027534369228 13.064811547957337 350.6637915379981 58.51025200910767
1.5282298626836535 13.058077938206285 318.6510815441553 60.908601792928614
1.551168186292443 13.050280699235017 289.7767611875533 63.41212872635118
1.5738957157716513 13.041387491334723 263.76810869746123 66.02614861788774
1.5963938671488742 13.031357983049952 240.27024389141047 68.75632531985943
1.618631908702342 13.020157525981219 219.03965288821544 71.60869899007396
1.6406068176343176 13.007783112676094 199.8556264815957 74.58971677201404
1.6622804245334037 12.994169775270214 182.51743279846912 77.70626612019264
1.6836325868504076 12.979300625742377 166.80360706407248 80.96571102292029
1.7046439429534987 12.963145931740984 152.57195900329305 84.37593140331838
1.725291307517539 12.945675780371097 139.68054651953588 87.94491252655403
1.7455511216477533 12.926861330064067 127.99067819528406 91.68160728087737
1.7654010759978354 12.906677461263119 117.38598674742074 95.59571533244132
1.7848183866793215 12.885102730435108 107.75041591901574 99.69692603589498
1.8037783139928512 12.862104935871441 98.98809965889384 103.9962229495106
1.8222617294549794 12.83766077197421 91.02945995403664 108.50529570503144
1.840243261551597 12.811752541669762 83.77781259757613 113.23635928875606
1.8576994017153379 12.784354349873828 77.18374592971973 118.20257070331884
1.874611101150092 12.755451002708588 71.16874128788886 123.41811233857145
1.8909525584986189 12.725014312897093 65.69217245963411 128.89828330497048
1.9067025489575702 12.6930317644352 60.687897540797046 134.65959961450747
1.9218387465426732 12.659486911950143 56.12261037993779 140.71987959920952
1.936341551940593 12.62436102475042 51.952060545279366 147.09725189652835
1.9501811077767246 12.58761873501402 48.135675439450544 153.81308494596666
1.96334963514688 12.549294200236764 44.65255214643454 160.88897884168128
1.9758293251141028 12.509375463804078 41.4632678455085 168.34853702360428
1.9875830465019515 12.467802849787063 38.539443760532315 176.21774967536814
1.9986007945460327 12.424595390854915 35.86272001522435 184.5243341978591
2.006607705336653 12.382655063853456 33.74339714927938 193.86526800495062
2.008295095182992 12.340912662039763 32.431482608585156 205.12069057254695
