M[M_sun], R[km], Lambda[1], P_c[MeV/fm^3]
0.2416277750616976 15.618515526848569 2160338.09801669 3.5677787854173952
0.25224114539425924 15.314058553260745 1768106.3446883734 3.7594193724223692
0.2631508297233334 15.04579372668743 1454145.9781892926 3.9583854370781806
0.27435959885938954 14.80857645610125 1201288.879547442 4.165013665057672
0.28585952964792466 14.59852936726313 996810.442990544 4.37959611255253
0.2976654092114678 14.411571854307125 830338.9249809885 4.602287789536864
0.3097659151870901 14.245300464144746 694160.9043803461 4.833499657451072
0.3221656591865108 14.097016627995352 582417.4762235765 5.073529058430387
0.3348631396945978 13.964731243545584 490154.5105700021 5.322686130595781
0.3478615916658426 13.84657759376363 413845.1062051554 5.5812187992882505
0.36116070313084936 13.740882905575907 350387.672095854 5.849538975289128
0.3747598187500275 13.646435363629454 297478.6980553994 6.128006528666672
0.38866349889174134 13.561984114835447 253219.26988844151 6.41698819687183
0.40286616198450953 13.486618070722496 216079.77877207994 6.716866130095621
0.41737243580923183 13.419278645138474 184797.1492174213 7.028038499743369
0.43218182567929797 13.35924853982345 158408.6742589482 7.350920137428872
0.4472941036504043 13.305837926402122 136082.6428561069 7.685943206129341
0.462707817762742 13.258400831400278 117129.57932084898 8.033557905284711
0.4784259929493037 13.21637269692615 101024.09589158367 8.394233211792175
0.4944443767569539 13.179281883450235 87289.40439335121 8.768457659046993
0.51076496632339 13.146601584811114 75547.78055722734 9.156740156408548
0.5273860711383684 13.118022363569091 65510.62502521183 9.559610851733686
0.5443070990951533 13.093151477044247 56892.28048297132 9.977622039913026
0.5615243997933778 13.071653750452334 49488.60171947064 10.411349120678544
0.5790406407423765 13.053166326847283 43117.32208560048 10.861391609315223
0.5968492139343222 13.037520056300758 37618.77448540457 11.328374204315333
0.6149521875880648 13.02439264389951 32868.909051190705 11.812947916457192
0.6333442390667499 13.013603977729504 28758.249873577304 12.315791264272976
0.6520228238936177 13.00490363999603 25196.93779365776 12.837600157258235
0.6709861394977533 12.998095312280729 22103.573872783978 13.37903992021762
0.6902299365235708 12.993022458204791 19412.988892539634 13.940956450018403
0.7097503050466897 12.989503245042096 17074.291068722017 14.52415268325827
0.7295431944465024 12.987402500990102 15033.230639546618 15.129466381251317
0.7496033559873639 12.986540546469442 13251.89774600045 15.75777186763527
0.7699263784595219 12.98680739757957 11695.369432660664 16.409981884185537
0.7905065231159656 12.98807130225956 10331.737513991919 17.087049575213868
0.8113389655649303 12.990217861378063 9138.15947685119 17.78997061183074
0.8324158206264634 12.993118802216616 8089.856398167045 18.51978546830728
0.8537339228288704 12.996700030453361 7170.554605221498 19.277581863786992
0.8752816663785763 13.00082649716099 6360.8054759775805 20.064497383677992
0.8970487478881629 13.00544490087026 5648.815516394833 20.881704132245325
0.919035488885301 13.010442938322925 5021.135903713233 21.73043440419966
0.9412315081174389 13.015728501707338 4467.601303020295 22.612039770231963
0.9636214917266603 13.021239892827136 3979.137928178851 23.527890581717326
0.986203614323017 13.026886315466916 3546.9212235249183 24.479423656818188
1.0089626502154283 13.032602013609377 3147.4363520365864 25.468146357085846
1.0318845638424723 13.038335186778784 2825.939226564869 26.49564098100391
1.0549729588706334 13.043969448190582 2526.104622015793 27.563517562941502
1.0782015596155177 13.049494249290065 2259.909991159799 28.673504244048587
1.1015639827857493 13.054816429751428 2023.3110432203678 29.827468682966952
1.1250464632206425 13.059886936654289 1813.064480454662 31.027339608801903
1.1486372420392583 13.064655203534084 1626.2089879586822 32.27514813863443
1.1723225940676216 13.069039984559476 1459.8469665566645 33.5730346914742
1.196085961282798 13.073020931538661 1311.5540178766125 34.92325645157527
1.219916163544355 13.076526946719287 1179.2399923786106 36.328052690422936
1.2437949787613023 13.07951573599689 1061.2652548748797 37.789755328914794
1.267710145323946 13.081920452708165 955.7408109347149 39.31127223154613
1.2916421824293887 13.083717446502448 861.4569951968425 40.895408368534454
1.3155747270728164 13.084855906638495 777.1858971401579 42.544528780021025
1.3394939174752878 13.085274269809323 701.6395920739967 44.262207963484784
1.3633789722253007 13.08494255214085 633.9642442507869 46.05154312013863
1.3872125969959663 13.083814320773197 573.2941131036818 47.91571798646087
1.4109772257008248 13.081851505272038 518.8324679898534 49.85868957248248
1.4346536902533862 13.07901279452333 469.96068823373975 51.883897865187734
1.4582212347084884 13.075261816113024 425.9637603040179 53.99557415663522
1.4816639638693039 13.070551820666394 386.45806387044115 56.19818611093255
1.5049573935901 13.064851683073085 350.8801756322814 58.49554523896725
1.5280832219939862 13.058124286043796 318.84251304293986 60.893035745885044
1.5510209872873606 13.050335651484719 289.96722908702486 63.39564766811834
1.573748595619138 13.041448818941442 263.9340028122496 66.00869273592284
1.5962465115595443 13.031428511581538 240.42059197551592 68.73783039309392
1.6184832581020754 13.020236422766192 219.17768147659459 71.58909602873783
1.6404582376692902 13.007873278609 199.97910982350575 74.56893162454371
1.662131773092356 12.994267694123453 182.6145898801441 77.68421904387804
1.6834835628768057 12.979410681670974 166.90867998427524 80.94231621458117
1.7044962583217005 12.963264271770887 152.66805348458826 84.3510964858826
1.7251445343721918 12.945805182259233 139.76922138757106 87.91862655744457
1.7454044329667961 12.92700215354997 128.07645469721203 91.65367800168212
1.7652561685997523 12.906834780774194 117.45560357480075 95.56612171930301
1.7846745420098056 12.885267857397372 107.81850501322201 99.66545298844777
1.8036374785477733 12.862284101008658 99.05481780547976 103.96283721122623
1.8221220381642684 12.837852683672947 91.08516391299872 108.46985937475579
1.8401049664921447 12.81195888137964 83.83331705837622 113.19872335710741
1.8575648201357151 12.784575758957494 77.2354133590747 118.16257404572134
1.8744787448615423 12.755686872435826 71.21374479778345 123.37558060575603
1.8908226333140417 12.72526591663317 65.73297842080325 128.85302769941032
1.9065762320477286 12.693299223040258 60.728862170085215 134.6114155398398
1.9217168830495033 12.65977022160811 56.15850004109669 140.66856977106858
1.9362229888502287 12.62466214648971 51.98432610121572 147.04265458805068
1.9500661612344472 12.587936676187232 48.16809567437626 153.7549709395151
1.9632397263152015 12.54962794407279 44.68030594167523 160.8269379714634
1.975723971129325 12.509727661020172 41.489132020254246 168.28240051386925
1.9871089260307857 12.468703907214817 38.631286313835176 176.22866004739967
1.9941976007350775 12.428303191952807 36.50794974918533 185.35586033776
1.9963747928488464 12.385298540429918 35.00223631016942 195.8807715575684
