M[M_sun], R[km], Lambda[1], P_c[MeV/fm^3]
0.2416277750616976 15.618515526848569 2160338.09801669 3.5677787854173952
0.2522392251373875 15.314129435545368 1768140.5665798422 3.7593857259921677
0.26314693869582667 15.04587481502768 1454244.6610163155 3.9583158982493676
0.27435284750214634 14.808704012526443 1201437.896545677 4.16490503202304
0.2858558854894404 14.598490281299181 977454.8702666833 4.3794465469307315
0.29765560769206095 14.411699582825099 830453.788773482 4.602093241299846
0.30975346397061804 14.245430336769456 694283.8088355426 4.83325681152969
0.32215008401177 14.097203038310456 582529.5873274596 5.073234447723647
0.3348464485160275 13.964947102217463 490280.4168283237 5.322336127946687
0.3478422342684387 13.846726555964295 413945.319662679 5.580812810590066
0.36113761084706997 13.74105453217761 350470.59644706716 5.849070302115922
0.37473430048108164 13.646598272134476 297560.43594659696 6.127471036675495
0.3886343089298108 13.562185430885249 253301.95724997882 6.416381554860723
0.40283462136513776 13.486742494279081 216137.15410060206 6.716183799134686
0.41733775647308935 13.41942345434354 184869.83579267107 7.027275721609037
0.4321451206692604 13.359376601479523 158480.97318441924 7.350071922291284
0.4472517754784502 13.305980587860878 134562.29504481074 7.68500431943969
0.4626624553363914 13.258546035473003 117182.80065554532 8.032522853804005
0.47837636538880296 13.216478453419931 101067.12553787103 8.393096228699
0.49439207456073864 13.179359706366643 87332.37870265501 8.767212688056432
0.5107084498829366 13.14670571231401 75583.27169856612 9.155380834829877
0.5273259652790732 13.118108325426983 65541.96862692818 9.55813049238837
0.5442420370349419 13.093234664914483 56920.94053229051 9.97601361182912
0.5614563190186452 13.071712145339392 49062.51382501743 10.40960522847109
0.5789678418322859 13.053236243542122 43142.738458550244 10.859504471155491
0.5967729052810382 13.037575157678397 37641.47121357719 11.326335628384896
0.6148708936701769 13.024444528462 32889.66804464183 11.810749275774771
0.6332577586697383 13.013636069647326 28775.3844860434 12.313423469773227
0.6519322645651727 13.004926492115118 25213.196380139347 12.835036053079374
0.6708917210172616 12.998132142874868 22117.087108224943 13.376285846675918
0.6901300945860068 12.993051402049854 19428.010247414455 13.938001703675454
0.7096452931082571 12.98953582929925 17084.596988513884 14.520985968927308
0.7294328601324481 12.987413070232382 15043.623990754993 15.126075774081501
0.7494881072157705 12.986544305023065 13261.24242284606 15.754144772498453
0.7698069368087223 12.986806103815544 11703.866647016861 16.406104992161723
0.7903828015686911 12.988060137067786 10270.744098121719 17.082908816956508
0.8112094650031287 12.990202487974198 9145.215206227058 17.785551107574147
0.8322821021930007 12.993105340179198 8096.125951966234 18.51507147425966
0.853592990616379 12.99667717734714 7175.911527502418 19.27255671463118
0.8751348844087493 13.000810179683404 6365.951971004551 20.05914343087869
0.8968997395486379 13.005416635974298 5653.393226483878 20.875967276905932
0.9188816622356413 13.010404312322951 5025.528071185679 21.724328351678107
0.9410709638206995 13.01569105817215 4471.460083777053 22.605543426291757
0.9634563737007109 13.02119746331481 3982.5556825889266 23.52098156936261
0.9860327978656875 13.026841298014322 3550.024357774138 24.472078227853487
1.0087860425151196 13.032558221617974 3167.5769753830027 25.460339297021076
1.0317079298190455 13.038273935339745 2828.6767042743686 26.487345506763365
1.0547846860307364 13.04393372698038 2528.199303360982 27.554755555327226
1.078009823311396 13.049447961930094 2261.957382634587 28.664197622575816
1.1013673424674075 13.054772962278609 2025.3047387408624 29.817585376510202
1.1248446456463705 13.05984921447883 1814.943176474788 31.016845490190008
1.1484296523762008 13.064607237024697 1627.7867372639805 32.26400687681036
1.1721098321508454 13.069009728933036 1461.1871417301015 33.56120759201779
1.1958694081262866 13.072994378951403 1312.843960893252 34.91070228458048
1.2196946668102342 13.076497084201023 1180.3908428981983 36.31479683937328
1.2435693601226012 13.079490719537937 1062.3035755299475 37.77568498952856
1.267478912518304 13.081906913287973 956.685934333823 39.29633755723093
1.2914055675729261 13.083712039333435 862.3533109703867 40.87955614902386
1.315337238661608 13.084848321392924 777.9561436812912 42.52778470385726
1.3392510355930816 13.085270795704309 702.3434906958408 44.2444328643773
1.3631331448238975 13.084949356872606 634.6364707862574 46.03276158379175
1.3869635570410392 13.083828132291321 573.9138021234018 47.895775966540135
1.410725041865937 13.081878530442461 519.386637507865 49.8376099527252
1.4343983926467383 13.079045730911844 470.46784462128346 51.86150978600662
1.4579635187046258 13.075307268306677 426.427016381754 53.971898074453314
1.4814028674536266 13.070609388529457 386.85927888447833 56.17303209870694
1.504694547847341 13.064920846266352 351.2644221596219 58.46893044633809
1.5278179471465505 13.058205533009852 319.1958117197451 60.86486617392819
1.5507544900537007 13.05043446315466 290.29090675605346 63.36582248964477
1.573480507492984 13.041561123552242 264.2260401041405 65.97710374741717
1.5959755447478563 13.03155673876159 240.68436377400184 68.70436141749383
1.618212835180178 13.020381727425974 219.42101982795788 71.55362226414633
1.6401882430552948 13.008034477645218 200.20451450699431 74.53131893343065
1.6618605366257961 12.994448885170842 182.81951564652502 77.64432317673372
1.6832143681214953 12.979608795664255 167.10180629176054 80.89998196130954
1.704227701923747 12.963481334172736 152.8511250176632 84.30615674747685
1.7248766707250076 12.946042387623088 139.92931630382165 87.87106153241328
1.7451393003074493 12.92725998654533 128.2197031496914 91.60313993127983
1.764993415303437 12.907111431525966 117.59767572441845 95.51257256649555
1.7844138472673357 12.885567401301655 107.9378816585112 99.60850369083597
1.8033794978607423 12.86260950098899 99.170107321392 103.90242760608534
1.8218675819675545 12.838204382400582 91.18752377186227 108.4057400326163
1.8398553683793086 12.81233395930293 83.93230860377868 113.13053575336795
1.8573203922911083 12.784975017051535 77.32356557048986 118.09004342350673
1.8742386866991263 12.75611379277872 71.29630664225012 123.29862531549398
1.8905881661417492 12.725721364462128 65.80582556688384 128.77114492948226
1.906348450500943 12.693782741418723 60.798309142739264 134.52423525978045
1.9214956931993434 12.660279622062363 56.223484150356256 140.57569068604232
1.9360095416898355 12.625203501939591 52.04638713145547 146.94387317838672
1.949866985290156 12.588534213968735 48.22831461741787 153.6498281641508
1.9630481987942483 12.550256799311088 44.73187426175623 160.7146920830523
1.9755355767677567 12.510363976348204 41.53627809046001 168.1627462692557
1.9873028747818644 12.468841091159042 38.608956941900175 176.01961751601436
1.9970206718801462 12.427105222258598 36.1286240247017 184.59825847371937
2.0029478506295457 12.384069910303145 34.19950899140608 194.2658535635622
2.0052680453309106 12.337898679257279 32.68675577067635 205.08482361244467
