M[M_sun], R[km], Lambda[1], P_c[MeV/fm^3], rho_c[fm^-3]
0.24162668629717493 15.618656898711224 2160425.4255784233 3.5677272577965504 0.1711233750220791
0.2536416366636671 15.27738678977769 1723247.7861588844 3.784796697199681 0.17388788750594314
0.2660381075130684 14.981269546777565 1383042.748625834 4.0113533275626905 0.17666607917416519
0.27881163354209154 14.723575973203701 1116531.215075778 4.247653953103627 0.1794566528970111
0.29196423469294375 14.498513287670276 906003.5806684047 4.494323384197514 0.18226616811562682
0.3054975674856596 14.301326018350247 738723.2127674986 4.7515151340976525 0.18509029013970577
0.31941202175961303 14.128239117525858 605164.7278670755 5.019914911527898 0.1879357130226148
0.3337084926978459 13.976059301438992 497747.25080437044 5.299742039215508 0.19079896731186616
0.3483877116798444 13.84213780977431 411075.8325867589 5.591730578906676 0.19368646003341589
0.36344851800382116 13.724095071656526 340720.5027839877 5.896040918927212 0.19659312703740112
0.3789002758460478 13.620095923919097 283350.96807397745 6.213539941025429 0.19952670818697363
0.39472892307271695 13.528573474093132 236448.9818493991 6.544489920745023 0.20248346852566196
0.41095228922683935 13.447994097645154 197916.02692580604 6.8895835021368885 0.2054669547235758
0.4275583501904232 13.377143406129631 166126.00767107887 7.249529971262368 0.2084803182732317
0.4445509482490976 13.315012218595596 139837.8713754867 7.624595312658036 0.21151921851470043
0.461928553316992 13.260661158635333 118008.29903502902 8.015714447919818 0.21458960045807857
0.4796924080060093 13.213223189883458 99839.51243273364 8.423598594427485 0.2176932148941033
0.4978459410941309 13.172054693393745 84671.02678797279 8.848698177824962 0.22082766892703756
0.5163808686192743 13.1364767062192 71961.72057046626 9.291867291825033 0.22399610012691107
0.5352968527668689 13.105898339718143 61296.54391733638 9.753999375816933 0.22720155763213712
0.5545998359379025 13.079886492964778 52319.06497571616 10.235903640172994 0.23044539177290235
0.5742781206444111 13.05790236842064 44745.70351660148 10.738064558904389 0.23372447017776532
0.5943332842939529 13.0395665051577 38343.73947047578 11.26170008239012 0.237044646688398
0.6147679384772585 13.024531063888155 32915.39009347613 11.807759955924718 0.2404076977083297
0.6355654560497783 13.012478225346932 28306.033578577066 12.377222701442394 0.2438152553204869
0.6567340306137013 13.00304506987435 24381.306719055607 12.970795581932409 0.24726547826235296
0.678263428905722 12.99599728021512 21037.283085400428 13.589768600506208 0.2507627428489529
0.7001472202786758 12.991070737414795 18180.298891200542 14.235356259271304 0.25430988393160936
0.7223779962275011 12.988010040523115 15735.799534742266 14.908747615237315 0.2579088849252842
0.744962290460866 12.986647134881153 13640.710322736675 15.610995383674432 0.2615598765247851
0.7678793213920245 12.986760555936664 11841.361612213224 16.343319185264964 0.2652642919848559
0.7911204019091586 12.988118154417702 10225.113428779368 17.107356373094422 0.26902704550221007
0.814691084867369 12.990656786642855 8960.72402510067 17.904561160981164 0.2728505680167004
0.8385691415347157 12.994113759879363 7811.067095450905 18.736325768756615 0.276736185408141
0.862746754770117 12.998386732790655 6818.187110810616 19.603940013360383 0.28068389427396195
0.8872191252381241 13.00332068822041 5958.504164857462 20.5095146161462 0.28470028911187323
0.9119745780301451 13.008823033847674 5213.999065911894 21.454842590783592 0.2887883810566673
0.9369900895876685 13.014708857777551 4567.809419926893 22.441442159784863 0.2929483702788599
0.9622648055214721 13.020918479985127 4006.877986726654 23.471269167862097 0.29718350339994637
0.9877863319474874 13.027305617623052 3518.551758178214 24.546777599359462 0.3015001476795964
1.013524979765462 13.033760557044229 3093.9293998992207 25.66994975843476 0.3059002368339519
1.0394844227202524 13.04021944360817 2723.108355744747 26.842664939178412 0.31038442945311956
1.06563457555991 13.046554937317651 2399.635064027264 28.06805709096423 0.3149617505812811
1.0919605877170937 13.052668565094423 2117.108291476018 29.348227253199575 0.3196329682716941
1.1184543688786854 13.058510006890899 1869.735450184991 30.6858363056343 0.3244021239386391
1.1450803220006447 13.063964669071536 1653.0106679133967 32.084380261362774 0.32927793010809786
1.1718414978053977 13.068981262138275 1463.0857465613822 33.545693439045145 0.3342573959840597
1.1986929607634689 13.073445826864344 1296.2448840098227 35.07436623864985 0.33935441894324436
1.225635712767019 13.077310319071241 1149.7702235937008 36.67248223503633 0.34456613463826496
1.2526278900056533 13.08047833143018 1020.8579596538427 38.34497769245536 0.34990628454739076
1.2796658391221063 13.08292314958092 907.33437369128 40.09419094335011 0.3553720485640347
1.3067070364171136 13.084517813638515 807.3087884590863 41.925556326963836 0.36097777297469574
1.3337408997586755 13.085225521261444 719.0106898299496 43.84246333286826 0.366724880360977
1.3607464126353337 13.08503505165079 641.0716001897799 45.84975481197634 0.37262199313790767
1.3876743663183984 13.083786821167266 572.2006318672446 47.95268225583946 0.37867862712413214
1.4145284753286715 13.081500708615092 511.1730895201713 50.15590417163403 0.3848999472788865
1.4412494609980933 13.07805968298006 457.17621728760105 52.46481916398335 0.39129386617873957
1.4678432723327857 13.073467810700125 409.3107788795768 54.88574781264407 0.39787159444192693
1.4942490503313008 13.067609482464796 366.7993857284024 57.42487397490233 0.4046421830117144
1.5204598283751583 13.060479123083494 329.0735393537204 60.088819079037556 0.4116153920910384
1.54644241768385 13.052002638676983 295.5165609106371 62.88468150986153 0.41880174952723714
1.572156902862431 13.042132621876727 265.65915212834267 65.82007976433862 0.4262126139614052
1.5975794955444336 13.03081807003403 239.09385041057539 68.90319975989907 0.4338602433000675
1.6226679763467584 13.018014859656402 215.39627648639672 72.14284672561043 0.4417578691351395
1.6474184433923724 13.003684882469264 194.24163255661097 75.54850216030339 0.4499197778138124
1.671768189799743 12.987766573373555 175.3616762117334 79.13022344019147 0.4583607183679071
1.6957053503849706 12.970232491608922 158.48208047068175 82.89793558318648 0.4670928687300988
1.7191704487220156 12.950998118215358 143.39234054075547 86.86448772811693 0.4761382888371536
1.7421747402848224 12.930114599814312 129.88488108070956 91.04159777187822 0.4855119093709399
1.7646552006895004 12.907482548669918 117.77123994068039 95.44303869046433 0.49523442311132926
1.78658482085718 12.883063884615206 106.9043082880911 100.08277677074443 0.5053245629321207
1.8079252208885357 12.856825373429492 97.16055223768939 104.97716521458902 0.5158073912519935
1.8286389663556948 12.82871037347092 88.39906477474878 110.14265574869074 0.5267051565488071
1.84872055970402 12.798765152925744 80.52816860707276 115.5968913254706 0.5380413343546772
1.8681109481867726 12.76688184906599 73.43965888024381 121.3601977148646 0.5498457361307177
1.8867862702368725 12.733053284384738 67.0601816755081 127.45386937456905 0.5621477416950497
1.9047133126662852 12.697258178670207 61.302108397287505 133.90051418747314 0.5749772982184578
1.9218609762638443 12.659469271058244 56.117751310269384 140.72539137628556 0.5883692645652722
1.938180561216429 12.619601442232492 51.43268352049953 147.95634255777682 0.6023625679560219
1.953684068898424 12.577790715192247 47.20295506348931 155.62206191723334 0.6169937168302962
1.9683070987844251 12.533883111272646 43.37235513741167 163.75586907495003 0.6323092665352664
1.9820314916154604 12.48791414500635 39.90947730722733 172.3914485014369 0.6483505786645014
1.994826757225164 12.43986116253935 36.77238150399859 181.56831547363086 0.6651716831891892
2.0066663851502167 12.389716898037738 33.93061435288868 191.32824882544838 0.6828263575623619
2.017528147266777 12.337485929188242 31.351375259974517 201.7172190887369 0.701373751997481
2.027374213735222 12.283132393761365 29.01307703499492 212.7853702177954 0.7208773191719597
2.036194183745779 12.22669284670751 26.89030929227154 224.5875859567424 0.7414055674226631
2.043949806954557 12.168128871750135 24.9608337239899 237.18547930679725 0.7630372769014191
2.0506217483143643 12.107454205433292 23.204558446062713 250.6453544580212 0.7858534058686852
2.056199415119224 12.044717693290234 21.60879586058466 265.0405263425056 0.8099430355351067
2.0606649619917006 11.97992141726397 20.156561918895544 280.45284998858637 0.835406483175614
2.0639884023275528 11.91307067709457 18.8348390505363 296.97127510391056 0.8623484562721483
2.066156683574852 11.844189014903021 17.630820256231228 314.69632032760194 0.8908902196191768
2.067164777816249 11.773330585157423 16.534718269193547 333.7375255564536 0.9211584459892098
