M[M_sun], R[km], Lambda[1], P_c[MeV/fm^3], rho_c[fm^-3]
0.24162668629717493 15.618656898711224 2160425.4255784233 3.5677272577965504 0.1711233750220791
0.25364507057434504 15.277254934084468 1723193.4978097663 3.7848413390694424 0.17388844394531375
0.2660419454599265 14.981245010222617 1383016.1794509345 4.011447173765811 0.17666721325014564
0.27881787365148203 14.723471685544167 1116328.317497093 4.247800178688937 0.17945834889344342
0.291974367669961 14.498353397672606 905850.998878826 4.494525826323971 0.18226842235568927
0.3055110282501353 14.301146961395363 738576.0524723157 4.751780666711773 0.18509315839871487
0.3194290145987506 14.128063968755278 605026.4675082345 5.020245490696856 0.18793914290908456
0.33372718726500056 13.975921612723408 497668.76657187927 5.3001463682866286 0.1908030382347091
0.348411477115553 13.841892949552001 410941.5027992024 5.592209667477337 0.19369109534712978
0.3634761590760302 13.723882995705747 340625.47340410855 5.896605530497613 0.19659842998875487
0.37893120611066156 13.61991926918836 283253.16300390527 6.214196908294625 0.19953269893742862
0.39476527235070963 13.528391467275735 236368.9266684209 6.54523856170025 0.20249003309547492
0.410992060165725 13.447787901491111 197823.55159388532 6.890438269364698 0.20547423427997696
0.4276016599116108 13.376983147885836 166049.92068031657 7.250498885891152 0.20848833385564408
0.4445990136176627 13.314850377578793 139772.76182933777 7.6256756967896 0.21152781906707238
0.46198066823571415 13.260510390298645 117951.66569173512 8.016925146167363 0.21459896618783084
0.4797494795966096 13.213090895036526 98715.94842341125 8.42494904773627 0.21770336841508625
0.4979089621729026 13.1719237625529 84623.91841019699 8.85018340693233 0.2208384226203645
0.5164494451983702 13.136370866459655 71921.64364305158 9.293511332526416 0.2240076742759428
0.5353698612245888 13.105805862692103 61260.12639718368 9.755813375250554 0.22721397723246553
0.5546788334255418 13.079761614394583 52290.09433614727 10.237897462468379 0.23045865770040144
0.5743642936738428 13.057801009494947 44717.08162961156 10.740233453146882 0.23373839515064146
0.594423019216825 13.039494761269383 38317.98721714328 11.264074705458688 0.2370594833763023
0.6148635123080484 13.024471069116547 32891.625092204966 11.810354336096895 0.2404234758684043
0.6356698507834376 13.012424724056235 28283.553327309437 12.38005174219018 0.24383200628067778
0.6568425745619014 13.003010709230878 24361.872783031824 12.973846291843897 0.24728291486920456
0.678376837446663 12.9959759568348 21020.890083125465 13.59308430061384 0.25078120377882296
0.7002682866190583 12.991056712315713 18165.7618370385 14.238954727996408 0.25432940580006635
0.7225051271653499 12.987989186729244 15724.606779387808 14.912647773305762 0.25792950653116775
0.7450968178082296 12.986643984375899 13629.21866320099 15.615179313585097 0.26158126199917797
0.7680186118436074 12.986764259638512 11832.001437548155 16.347843546488654 0.26528684479080705
0.7912672008889813 12.98814215445521 10286.407163848999 17.11224387269466 0.2690508117577198
0.814845483585336 12.99067089150901 8952.837639862011 17.909836011481502 0.27287559680515455
0.8387293178446025 12.994147316655853 7804.730777392055 18.741964574047557 0.2767620928008567
0.8629118200248637 12.998423180803808 6811.22535560545 19.610016091945212 0.28071115380658984
0.8873965336444932 13.003369338602418 5952.802640839403 20.516057212317836 0.28472895978274293
0.9121545800362258 13.008874099067366 5209.030407202463 21.461882951426052 0.2888185258421415
0.9371789791930395 13.014755613709536 4563.127410112377 22.44895095727139 0.29297955754875793
0.9624657087604666 13.020961326490037 4002.7418327238415 23.47934063255277 0.29721628401632105
0.9879881087276087 13.027358938575489 3514.9434388361983 24.555449723168877 0.3015345979106407
1.0137331197174013 13.033808305515103 3090.485546151596 25.67918897269081 0.30593589274113825
1.0397007942114571 13.04027097555837 2720.212493405601 26.85258419535506 0.310421902616799
1.0658541063859146 13.04659892055517 2397.1000622116194 28.0787028210057 0.3150011337658227
1.0921892043298953 13.052728943962832 2114.6839724387073 29.35956172672321 0.31967376541697695
1.1186905677398151 13.058556918840859 1867.4853395457503 30.697994844778275 0.32444501397332315
1.145323589700316 13.064012743096214 1651.2697500228023 32.097323183180436 0.3293224007126368
1.172090195293238 13.06902448134444 1461.3813167277794 33.55957256226598 0.3343041700603114
1.198947239066208 13.073481386178978 1294.6931720079704 35.08924706971721 0.3394036258173817
1.2258966501405324 13.077347855665423 1148.4781830833144 36.688321590971434 0.34461722994863203
1.252894986710074 13.080506537695268 1019.6744091515845 38.36189681102689 0.34995971601695514
1.2799399068451942 13.082943315125405 906.2496614141236 40.112267564417 0.35542797159060674
1.3069924110860127 13.084545256826718 806.3538745883441 41.9448041698055 0.3610359621196415
1.3340251054653929 13.085240524392882 718.1837064977709 43.86309819674954 0.3667862178479979
1.3610352394456666 13.08502837716757 640.2759290398957 45.8717334601202 0.37268590406113633
1.3879743926128598 13.083784461165026 571.4793181852476 47.97609856501562 0.37874527749899656
1.4148188042703154 13.081456276165154 510.58874660133847 50.18101490771659 0.38497031032865014
1.441551376324726 13.078014854612618 456.6261471605651 52.49158446453921 0.39136735366597447
1.4681460996106797 13.07341019287581 408.77847420685424 54.91428619075351 0.3979484146232821
1.494557972823177 13.067536407443326 366.33084856419197 57.455313543326355 0.4047225602430814
1.520770393906338 13.06038649046047 328.6759498585165 60.121298409701126 0.4116995681496423
1.5467546024707277 13.051890493711722 295.1218505545537 62.91935057909651 0.41888998506475333
1.5724711401669673 13.042002984046453 265.3087123829803 65.85710099343699 0.4263051901021603
1.5978861829706013 13.030660548025303 238.77677442534153 68.94274916168874 0.43395746340003455
1.6229944425567462 13.017846925465918 215.10098435936817 72.18511516908374 0.4418600607193152
1.647736507270611 13.003487183862275 193.97121754856562 75.59369676681794 0.4500272947116745
1.6720847139061614 12.987544549251146 175.13735775552655 79.17833313893456 0.45847295774466407
1.696021526751086 12.969983684992194 158.27045821806232 82.94942975449618 0.46721120218579315
1.7195011002498826 12.950762992379401 143.1960874486515 86.91963144710897 0.4762631622294446
1.7424829578975465 12.92981683739639 129.70457033093206 91.10041399183369 0.48564275381086847
1.7649644139891665 12.907152125147343 117.6061668279488 95.50609400206623 0.49537278054455075
1.7868758487237926 12.882677222476424 106.76331358236462 100.15012607782955 0.5054698998149435
1.8082265465367837 12.85643733248456 97.0288621945994 105.0491577531666 0.5159602675585653
1.8289395691828345 12.828299903948718 88.27967111224334 110.21974264480724 0.5268664392420338
1.8490119522384878 12.798308669867167 80.41572322664737 115.67966269189829 0.5382123114355141
1.8683858116270897 12.766358124033388 73.33789695085662 121.44887434156466 0.5500262492463207
1.8870604724546454 12.732527892348076 66.96859252200206 127.54881926391229 0.5623381021001636
1.904981815994979 12.696696613273993 61.21913836802655 134.0021923302504 0.5751780424430832
1.9221211294060536 12.658864028996938 56.04044656521087 140.8346012548424 0.5885820469391188
1.938430672822465 12.618960182568525 51.36176261516859 148.07373816202332 0.6025883842415857
1.9539237199783979 12.577100788158193 47.13632927178009 155.74797488555063 0.6172323345093234
1.968536116670896 12.533158896627045 43.31640211712047 163.89112701882928 0.6325620274743095
1.9822466205404035 12.487142133510366 39.85617354103221 172.53716699999205 0.6486196319395524
1.9890482624267423 12.447120875739607 37.71804940838594 183.43210978492698 1.8747760164115412
