M[M_sun], R[km], Lambda[1], P_c[MeV/fm^3], rho_c[fm^-3]
0.24162668629717493 15.618656898711224 2160425.4255784233 3.5677272577965504 0.1711233750220791
0.25364489859611317 15.27723829490761 1723231.4773487572 3.7848378407055407 0.1738884003398954
0.266041382220479 14.981247160471304 1382817.254102374 4.011439819443424 0.17666712437749982
0.2788176166034195 14.723484762985226 1116345.030633021 4.247788719534811 0.17945821598452413
0.2919735183561353 14.49835190963397 905802.6590094076 4.4945099615738675 0.18226824569801486
0.3055103010213306 14.3011651640533 738608.2728142164 4.751759857606231 0.18509293362066023
0.31942868627368587 14.128028168904347 605073.3514578751 5.020219583880391 0.18793887411586463
0.33372526233699407 13.975946930618688 497664.1322163928 5.300114681613067 0.19080271920248404
0.3484097306461035 13.841953789937422 410956.91531640384 5.592172121760726 0.19369073208199308
0.36347391873903967 13.723911591549454 340623.75771921256 5.896561282114392 0.1965980143985757
0.3789275335901129 13.619954660334471 283262.10250342044 6.214145421673806 0.19953222944144067
0.39476217267573804 13.52839723023326 236370.72466011124 6.54517989022629 0.20248951862590955
0.41098896131601503 13.44780209196358 197841.06216446692 6.890371280249276 0.20547366377255913
0.4275986078196804 13.376991778741083 166060.4536747712 7.250422950394274 0.20848770566073901
0.44459532013023517 13.314877999080904 139777.96612466744 7.625591024722867 0.21152714502297723
0.46197843464932664 13.260511310435984 117957.49607627926 8.016830260465435 0.21459823217021462
0.4797442980593394 13.21311037133022 99792.95256372365 8.424843208348664 0.21770257265085222
0.49790464224649195 13.17192344290354 84623.8400967702 8.850067004050823 0.22083757981376725
0.5164435641845873 13.136357779550663 71922.78691043692 9.29338248215043 0.22400676716126297
0.5353642460881718 13.105811152266291 61263.09924970112 9.755671203566088 0.22721300384985782
0.5546734902020464 13.079783700485542 52294.660899536655 10.23774256377959 0.23045763556475948
0.5743575012407183 13.05780783301056 44718.49607499671 10.740063464625596 0.23373730377167895
0.5944165049031849 13.039494344632004 38319.12782108353 11.263888591603044 0.23705832053356427
0.614855460936691 13.024478052070553 32893.49878849989 11.810150997210476 0.24042223922871142
0.6356614437126609 13.012416552360401 28283.226789680706 12.379830009959855 0.24383069338768884
0.6568342717475336 13.002999256565639 24364.298275518762 12.973607184513908 0.24728154822975693
0.6783675028613261 12.995975563730587 21022.374941266007 13.592824422320554 0.2507797568461115
0.7002583695764842 12.9910576701137 18166.88495434914 14.238672685023843 0.2543278757031751
0.7224952375328816 12.987998840962007 15724.601845386787 14.912342082376991 0.2579278902279963
0.7450846685287185 12.986641572612916 13630.169533654553 15.614851379126774 0.2615795858157546
0.768004673949495 12.986770510966776 11832.230943486275 16.34748892690396 0.265285077101119
0.7912549172351432 12.988138495153208 10286.710542201792 17.111860787841195 0.2690489489458008
0.8148324720409726 12.99067304463961 8953.618862252324 17.909422563179632 0.27287363502252515
0.8387168080320798 12.994142470358955 7805.263310396805 18.741522596250345 0.27676006214156396
0.8628997375437436 12.99841548514327 6811.782598435952 19.60953983692999 0.28070901715069485
0.8873834121135495 13.003369594777496 5917.439562622376 20.51554438738059 0.28472671250435316
0.9121411662177724 13.008868912056641 5209.37762296296 21.461331106842827 0.28881616300344315
0.937163267988646 13.014757125438646 4563.474156592372 22.44836239206262 0.2929771129839589
0.9624485745124461 13.020967403734158 4003.0934745074615 23.478707959360566 0.297213714542502
0.9879720144010359 13.027352507240469 3515.233218616381 24.554769963396534 0.30153189754776233
1.013716434655205 13.03381161704365 3090.740849606369 25.678464757911378 0.3059330978568285
1.0396838097885335 13.040265798611642 2720.4321947052076 26.851806670283942 0.3104189652670889
1.0658367494989034 13.046591373842494 2397.236042136745 28.077868345252813 0.3149980466771549
1.0921712672168165 13.052729009731332 2114.84289213565 29.358673258216495 0.3196705674758752
1.118671460733839 13.058554766448292 1867.6691290852627 30.69704177408526 0.3244416519546961
1.1453043514910592 13.064010065097431 1651.392647103875 32.09630862137466 0.32931891477820247
1.1720697585882796 13.069019645891082 1461.448110573934 33.558484606326175 0.3343005035366213
1.1989293134905505 13.073475959844261 1294.9183820076416 35.088080583542066 0.3393997685638356
1.2258757596076244 13.077342770839403 1148.560155614288 36.687079960147834 0.34461322463979543
1.2528741358866453 13.080504281374468 1019.744245097369 38.36057499568865 0.3499555537471729
1.2799179303151391 13.082939401326295 906.3373919753451 40.11085053761311 0.3554235877830736
1.3069629219794578 13.084528598429877 806.4368541494636 41.94329532159783 0.3610314006429202
1.3340025230295132 13.085240034040403 718.2896365919593 43.86148060681324 0.36678140953415134
1.3610119565061378 13.08503171642091 640.3480937732598 45.87001051845761 0.3726808939808255
1.38794466856932 13.083768066738273 571.56134944951 47.97426291086922 0.37874005263473387
1.414796649246898 13.081453835181316 510.6108128624305 50.1790464080124 0.3849647943755458
1.4415274929794284 13.07801758600194 456.6768680189912 52.48948624482437 0.3913615927407725
1.4681233389921293 13.073413685500238 408.83712062842955 54.912048958278845 0.3979423923958178
1.4945348615891474 13.067540714346283 366.37068958337926 57.452927252516055 0.40471625912061154
1.520746130321608 13.060393859781472 328.70277738387796 60.11875219474036 0.41169296917314324
1.5467324407696974 13.051896791588359 295.15570144007637 62.91663267979023 0.41888306779493634
1.5724469791724718 13.042012978833037 265.3411782633616 65.85419867359342 0.42629793249410947
1.5978614964320503 13.030672513656343 238.79744087359813 68.9396486191845 0.4339498416652276
1.622958763981572 13.017849427373203 215.13516310262662 72.18180143666807 0.4418520491736498
1.6477107144977312 13.003503164846803 194.00246298505465 75.59015360259457 0.4500188656079541
1.6720599179679212 12.987563197429107 175.14709562515824 79.17456141159533 0.45846415834793297
1.6959969527808159 12.970001512264044 158.29095991432166 82.94539265556527 0.46720192494420787
1.7194768182472635 12.950784033582115 143.21193693537973 86.91530818936366 0.4762533721777348
1.7424575725394758 12.929828097653612 129.71818724800983 91.09580277594931 0.4856324955528533
1.764940910833634 12.907176736488958 117.6165454500767 95.5011503946668 0.4953619331660625
1.786866285768503 12.882737474745332 106.76906641402259 100.14484577400785 0.5054585051483758
1.8082035851286296 12.856466900658875 97.04329568453954 105.0435133650818 0.515948281688636
1.8289167833718072 12.828333454314112 88.29167640145945 110.2137042985591 0.5268538146662759
1.8489887408200594 12.798344747906798 80.42248443535074 115.67317309672433 0.5381989061712719
1.868361359172119 12.766398318429824 73.34546976159258 121.44192168778787 0.5500120961910946
1.8870383790218133 12.732569178079176 66.97326085597119 127.54139094768252 0.5623232349133573
1.9049609885985985 12.696740379044044 61.228061413616224 133.99422015510564 0.575162302894009
1.9220997678454097 12.658911304654753 56.045921874785634 140.82603846044736 0.588565363359371
1.938411376131889 12.619011626357258 51.36604512574157 148.06453345576674 0.6025706785311384
1.9539048654074374 12.577154527124673 47.14261962798201 155.73810225883685 0.6172136248934369
1.9685180115040275 12.533215635224455 43.320801955794224 163.880526627487 0.6325422258551867
1.9822289599468959 12.487202266971861 39.86077948872523 172.5257412101598 0.6485985354678971
1.9950131658178984 12.439109120825135 36.72701606791594 181.71279473919373 0.6654348541747304
2.006846629349507 12.388939045895969 33.885581880469864 191.48385283333533 0.6831060887535296
2.017658745845171 12.336758692100181 31.3201895066425 201.0223200128414 0.7938133214209194
