M[M_sun], R[km], Lambda[1], P_c[MeV/fm^3], rho_c[fm^-3]
0.24162668629717493 15.618656898711224 2160425.4255784233 3.5677272577965504 0.1711233750220791
0.2536421258757959 15.277343801178699 1683718.6998488912 3.7848015645584026 0.17388794817522152
0.26603821038742964 14.981280339506288 1383022.6490266453 4.011363559654924 0.17666620282296125
0.27881113613287534 14.723635915696056 1116529.3972656846 4.2476698960278325 0.1794568378109064
0.2919648158724984 14.498498368631413 888799.7851314952 4.494345456236543 0.18226641389290404
0.3055006121039099 14.301274250111517 738742.1986748687 4.751544084616081 0.18509060286055767
0.319413901449256 14.128231691992223 605158.3725378679 5.019950953706575 0.18793608697412956
0.3337102992519802 13.976040268085328 497725.60019113787 5.299786121846519 0.19079941115081414
0.34839025929671213 13.842113170228888 411058.5998782369 5.591782811975151 0.19368696540272223
0.36345190496546903 13.724063502656847 340698.2845276764 5.89610247580143 0.1965937051925906
0.3789032994733159 13.620081413491123 283353.1552216626 6.213611566513737 0.1995273613251843
0.3947331589988989 13.528548502066544 236451.3120746137 6.54457154040395 0.202484184219808
0.410956536476225 13.447949972968924 197901.957586945 6.889676691467323 0.20546774836301915
0.42756351462539943 13.377121077393276 166118.65438790375 7.249635604597942 0.2084811921507454
0.4445559365379107 13.31501297139333 138212.352050667 7.624713097967552 0.21152015616149988
0.46193486450285515 13.260633455092966 118005.78571924826 8.015846439443871 0.2145906215192277
0.4796979024396615 13.213218200301988 99836.58696590486 8.42374582124175 0.21769432183392726
0.49785237881124117 13.172050015617053 84662.52047022626 8.84886009702266 0.22082884129121166
0.5163883488383991 13.136456538418365 71953.50590057374 9.292046523476003 0.22399736192890768
0.5353053754013523 13.105883622612936 61292.83918113077 9.754197134947761 0.22720291159582678
0.5546089652539461 13.079869787280149 52315.1663730255 10.236121215630998 0.2304468407405762
0.5742896514445145 13.05787616805491 44743.643751465606 10.73830100529556 0.23372598823683854
0.594343505996232 13.039554778354164 38340.50740834777 11.261958955109447 0.237046264129833
0.6147777912520517 13.024547835804851 32912.9482440197 11.808042783996292 0.2404094177748931
0.6355775594654695 13.012446800081685 28303.647967465367 12.377531109270656 0.24381708142612282
0.6567463183472907 13.003036950725756 24378.370740117785 12.971128153277776 0.2472673791037858
0.6782760867390066 12.995987025204066 21035.357530029883 13.590130057360264 0.25076475534387616
0.7001609672195607 12.991073163998266 18178.854934033992 14.235748539353743 0.2543120120702018
0.7223920646680824 12.988019313751973 15735.905085545692 14.909172780755302 0.2579111329356451
0.7449774755614579 12.98664480149782 13639.780872141424 15.61145148149109 0.2615622077942822
0.7678942894253366 12.98674796631822 11840.059182442557 16.343812391052765 0.2652667504920078
0.7911362527979359 12.988121240569226 10293.270464805088 17.107889161689464 0.2690296362727304
0.8147061094346951 12.990666397777337 8959.857614077897 17.90513617127893 0.27285329639944805
0.8385852874073436 12.994121514161238 7810.1435376986565 18.736940450542647 0.2767390095529029
0.8627631666829693 12.99839491075654 6817.378231550997 19.604602357802463 0.2806868657957548
0.887236262640074 13.003344519941678 5958.376527653662 20.51022781047841 0.2847034144400195
0.9119937546434624 13.008824541707364 5213.463898627796 21.455610040468265 0.28879166705397363
0.9370105300563539 13.014716861384922 4567.249171171406 22.442260668214313 0.29295176989688776
0.9622864809104944 13.020916253424048 4006.466945329627 23.472149005072314 0.29718707668028216
0.9878081657735757 13.027313897987103 3518.159007878596 24.547722905831495 0.3015039029334517
1.0135477129536117 13.033764067208745 3093.6240758360073 25.670956875427063 0.305904123492385
1.039508226563788 13.04022490876447 2722.7584519113534 26.843746176777074 0.3103885141740693
1.065658563459173 13.046561215516256 2399.318691537291 28.06921750935331 0.31496604347349094
1.091984154059937 13.052677299927 2116.9303317250124 29.349462740179668 0.3196374152662295
1.1184800696647896 13.058515286026712 1869.5125315233327 30.687161608955787 0.32440679903198316
1.1451072006982765 13.063968936025569 1652.9175627353766 32.085791056114374 0.32928277745990664
1.1718676149895013 13.068990987252512 1462.9165045796974 33.5472062705024 0.3342624943820501
1.198720812240861 13.073442311645445 1296.1034559987609 35.07598824545412 0.339359782480019
1.2256633382486255 13.077314807421374 1149.6328824415637 36.67420871097667 0.3445717039823958
1.2526567189085887 13.080485137819602 1020.7211803227965 38.346828497493945 0.34991214749201616
1.27969593953032 13.082929719894555 907.1994410208472 40.09616125359803 0.3553781440457036
1.3067374361466308 13.084518774200884 807.2131029514346 41.92765428519956 0.3609841154202816
1.3337717397674036 13.085227238263123 718.9369711119965 43.84471245558838 0.3667315659168618
1.3607770687458414 13.08503518334216 640.973656965468 45.85215038737249 0.37262895914574534
1.3877072099827148 13.083780948927673 572.1366705996056 47.95523451390515 0.3786858916744739
1.414560961057428 13.081499104576524 511.11244289147334 50.158641092283084 0.38490761643216004
1.4412831361293126 13.078053768792225 457.1083603104787 52.46773640328361 0.391301875824863
1.4678753314769546 13.07346157590315 409.25644793876836 54.88885828488123 0.3978799672737831
1.49428285370134 13.067603633331958 366.74250983913186 57.42819164029218 0.40465094347621644
1.5204934109972916 13.06046616100488 329.0307565333811 60.0923590373567 0.41162456653314794
1.5464763531222214 13.051988066961462 295.4672537002859 62.88846010341925 0.418811366348253
1.572191151513925 13.042118296532264 265.6185446960544 65.82411469133017 0.42622270379305593
1.5976142434588232 13.03080178360651 239.06278072889918 68.9075101993062 0.43387083919611397
1.6226960354393356 13.017960639455213 215.36393746870056 72.14745347496036 0.44176900678240744
1.6474525341034894 13.00366334375586 194.21931820289865 75.55342778775814 0.4499314957647982
1.6718023672351257 12.987739737522771 175.3391310587192 79.13546674020144 0.4583729509268431
1.6957412806600554 12.970202261371993 158.46003350668838 82.9035476986645 0.46710576535512216
1.7192046282622666 12.950970317087158 143.3770262138933 86.87049754091956 0.4761518981062674
1.7422084843384265 12.930083466126574 129.86667273362508 91.04800778383907 0.4855261692881122
1.7646893099693484 12.907444659421063 117.75166657552492 95.44991063404733 0.4952495016899808
1.7866175495925551 12.883026746036515 106.88575399214153 100.09011662900618 0.5053404020278188
1.807958118195995 12.856783439891174 97.14657954057782 104.98501103837204 0.5158240518752423
1.8286707778974243 12.828667334000768 88.3850278363714 110.1510822282605 0.5267228282114852
1.848752328207325 12.798714968676952 80.5145849156878 115.60591167469335 0.5380599672834881
1.86814257171683 12.766828075061733 73.42631238413327 121.36986152888547 0.5498654081146714
1.8868159875093469 12.732995380329779 67.04791333596134 127.46423089422882 0.5621685371823307
1.9047428047896682 12.697197356058384 61.29679567279084 133.9115946904342 0.5749991745717685
1.9218888814516502 12.659403488299505 56.10986534461864 140.73729254390324 0.5883924525655767
1.938207779295323 12.61953180829326 51.42492787432985 147.96913563806973 0.6023871760824608
1.9537110378000664 12.577717747666625 47.19503131210091 155.63578304263092 0.6170197197364287
1.9683320114993546 12.533804896883378 43.36611027689902 163.77064448270207 0.6323369325115448
1.98205481154717 12.487830853164237 39.90077621859263 172.4073275682415 0.6483798976251748
1.9948499797229482 12.43977371099129 36.76895630334388 181.58539885986383 0.665202800814087
2.0066875453994397 12.389621594866648 33.92643061951726 191.34664743268826 0.682859432959255
2.0175465176252607 12.337387313615045 31.347070282817256 201.73705525209084 0.7014089592307581
2.027391188878219 12.283025825658944 29.00837734903768 212.80672903186613 0.7209146851393192
2.0362104102050167 12.226582890267196 26.885508642105677 224.61066504490626 0.7414454601759894
2.04396362181414 12.1680146635456 24.95721658238287 237.2103910717343 0.7630797537490706
2.050632286211188 12.107335394706434 23.201413603461717 250.67233288286474 0.785898885394798
2.056209278711895 12.044593290286008 21.605631518668652 265.06971830017534 0.8099916126486861
2.0606738192267704 11.979790360283308 20.1541797793858 280.4844204757463 0.8354582661225227
2.0639939601173505 11.912935618470057 18.832571240040533 297.00552625400593 0.8624039492724621
2.0661604168549395 11.844047772713783 17.628443098495254 314.7335270752109 0.8909497803040947
2.0671649721385865 11.773183836338283 16.532293855760955 333.77793321512087 0.9212222666583338
