M[M_sun], R[km], Lambda[1], P_c[MeV/fm^3], rho_c[fm^-3]
0.24162668629717493 15.618656898711224 2160425.4255784233 3.5677272577965504 0.1711233750220791
0.2536440175014079 15.277276715224449 1723208.271889633 3.7848196229548523 0.1738881732644216
0.2660398933277609 14.981268769240057 1382990.2096216949 4.011401521922165 0.17666666157455707
0.2788150281744 14.723521129438979 1116367.0977320252 4.247729046399687 0.1794575238660822
0.2919692867117449 14.498405321515094 905867.6645199371 4.494427346771857 0.18226732576302057
0.305504331964856 14.301232255737432 738647.3345931097 4.751651495769794 0.18509176310601505
0.3194207227724408 14.128153944606042 605110.690769337 5.020084676597219 0.1879374744007323
0.3337169911688379 13.976004267904983 497683.4195090826 5.299949676898762 0.1908010578788033
0.3483999209264393 13.842035726660608 411010.96650809515 5.591976607442976 0.1936888404271847
0.3634621741729022 13.724004185533664 340671.467062337 5.89633086540597 0.1965958502760888
0.37891581319806655 13.62000441857821 283303.8693874633 6.213877313931889 0.19952978462165713
0.394747972699475 13.528463771784025 236416.82802809463 6.544874369619859 0.2024868396229293
0.41097236435853546 13.447878843809454 197864.93711830577 6.89002244835408 0.20547069297375803
0.4275805478008187 13.377063306138968 166091.4395882766 7.250027533492789 0.2084844344780497
0.4445752115146747 13.314934566900208 139803.53368976797 7.6251501155260835 0.21152363510226715
0.4619566530280585 13.260583457926014 117979.36334106473 8.01633616798686 0.21459440996543624
0.479721505249555 13.213151770840115 99814.6388033012 8.424292079348472 0.21769842893123498
0.49787765910679876 13.171995234147305 84647.54876127935 8.849460870478492 0.22083319114772262
0.5164160022145375 13.136405930911385 71939.83023363762 9.292711534253192 0.2240020436462377
0.5353339391587971 13.105856283495367 61278.05691704313 9.754930891687968 0.2272079352828703
0.5546408568087674 13.079829073207636 52301.87387370093 10.236928500926373 0.23045221694572038
0.5743233224400529 13.057841855705375 44731.559646657784 10.73917831145563 0.23373162081414164
0.5943795688497157 13.039528967080106 38329.15809702579 11.262919474943276 0.2370522654751366
0.6148164602472962 13.024504244374162 32902.96073975662 11.809092191400602 0.2404157999228089
0.6356195017152604 13.01244170657897 28293.477752743827 12.378675432105204 0.24382385704653833
0.6567903307491035 13.003015297471151 24372.08778556389 12.972362136657132 0.2472744320467635
0.6783221056242223 12.995974561096451 21028.69107412593 13.591471223250537 0.2507722225962334
0.7002094331320318 12.991054015147505 18173.285289219595 14.237204078354344 0.2543199084403177
0.7224433260358415 12.98799739424928 15730.609952849249 14.910750345453748 0.2579194741148733
0.7450300653875783 12.986657407016525 13634.541962839983 15.61314382462986 0.261570857929832
0.7679512526118718 12.986759299426103 11837.07853984758 16.345642429239952 0.2652758727733815
0.7911949838852459 12.988143065275445 10289.409343607344 17.109866078836024 0.2690392493513738
0.8147684788535559 12.990674251652852 8956.754749151327 17.907269760149756 0.2728634201260812
0.8386511882677972 12.994128812548016 7807.754474385194 18.739221248101654 0.2767494886375702
0.8628317418909328 12.998404622327232 6815.333346843492 19.607060018168372 0.2806978917678513
0.8873112552121223 13.003362872639324 5955.674128882572 20.512874161410004 0.28471501116012493
0.9120671756165887 13.008841631548373 5211.41016934202 21.458457719623173 0.28880385999146413
0.9370872073933998 13.014730566522106 4565.508566371486 22.4452978136715 0.29296438447002854
0.9623654622089455 13.02093666553576 4004.6438644925424 23.475413728301444 0.29720033569135945
0.9878898023265517 13.027327345306688 3516.712687796115 24.551230572340376 0.301517837227324
1.0136313931296095 13.033786449052851 3092.031496710897 25.674693908148043 0.30591854542136715
1.0395956689240602 13.040241803749389 2721.5717672843693 26.847758258403044 0.31040367109599853
1.065746160509105 13.046572505358586 2398.476047925601 28.073523418703804 0.3149819729045313
1.0920770819098566 13.052696683250355 2115.882206247361 29.354047217173854 0.3196539165685254
1.1185748480762219 13.058536122496442 1868.673047976357 30.692079383341838 0.32442414679979376
1.1452054603400386 13.063988508849285 1652.1708478155278 32.09102607824642 0.3293007644803234
1.1719685427420978 13.069001219141265 1462.1247276280903 33.55281994152195 0.3342814130321797
1.1988237210315058 13.073466661404256 1295.5653742326617 35.08200705816132 0.33937968506193794
1.2257695113643508 13.077332712157709 1149.133677069998 36.680615200395565 0.3445923703255579
1.2527643518060556 13.080494795987894 1020.2060728955338 38.353692763477426 0.3499338822577156
1.2798054321229473 13.08293248244621 906.7480795471683 40.103472601591086 0.3554007629138306
1.30684976071772 13.084517475130596 806.7975138407638 41.935439330941946 0.3610076507929901
1.3338866687086222 13.085233409154155 718.6273335732744 43.853058474116736 0.366756374600171
1.3608934352676587 13.085036973333771 640.6720291878859 45.861039892370535 0.3726548086187317
1.3878249290909748 13.083776724341327 571.8374370151366 47.96470547146584 0.37871284907698327
1.4146817705191312 13.081485586448508 510.8550127873349 50.16879734406664 0.3849360753688996
1.4414039589408711 13.078035470946912 456.88823525813604 52.47856182790196 0.39133159838492887
1.467999435742855 13.073436121532088 409.04205705456314 54.90040081134873 0.39791103767915553
1.4944077996304004 13.067573696651497 366.554061228139 57.440503079702054 0.40468345245926524
1.5206200070222513 13.060428443008993 328.8608664866432 60.10549543043121 0.41165861187123504
1.546602764054228 13.051943686179776 295.30846890433355 62.90248210273587 0.4188470534513122
1.5723184498651641 13.042066150622038 265.4779400477627 65.8390879820864 0.4262601463498369
1.5977426874499854 13.030738750301728 238.94021304083037 68.9235059629536 0.4339101598854412
1.6228300955167092 13.017919632046729 215.24936054479113 72.16454890057162 0.4418103380565641
1.6475809108166 13.003583793361786 194.10832919950815 75.571706636593 0.4499749807129984
1.6719304604277638 12.987651044448969 175.24670799188416 79.15492453630884 0.45841834574255
1.6958680020023593 12.970106477646384 158.37608735946526 82.92437426059837 0.4671536247337894
1.7193482449301776 12.95089514909645 143.28692117775816 86.89280006524133 0.47620240235080546
1.7423341965992736 12.929956055536259 129.78557959808208 91.07179555429698 0.4855790883214175
1.76481454316747 12.907312924533556 117.68561726309753 95.47541277763285 0.4953054590873594
1.786741119521804 12.882877842514992 106.82712419580295 100.11735535026048 0.5053991820065672
1.808080382546394 12.856626315780522 97.09268659929528 105.01412756707944 0.515885880884983
1.8287904955232526 12.828496338120345 88.3369653589334 110.18226761869609 0.5267880889310832
1.8488708625688755 12.798533874647244 80.4698821316308 115.63938731662876 0.5381291164081707
1.8682572644029103 12.7666278882161 73.38663720728654 121.40572533114319 0.5499384136734509
1.8869270529870672 12.732782202678612 67.01458230979702 127.5026841840402 0.562245712628158
1.9048507233689191 12.69697005768744 61.25976003416557 133.95271643976608 0.5750803616731395
1.921994405144736 12.659157079108585 56.07880717830207 140.7814601755151 0.588478507908058
1.9383094724720622 12.619284933985709 51.39752654622365 148.0166136118959 0.6024785023272919
1.953806662704962 12.577433200987278 47.16537852707297 155.68670547035015 0.6171162228343635
1.968424612728174 12.533510322037182 43.34149234243007 163.82534139419874 0.632439139380783
1.9821409607193723 12.4875152616017 39.8822702780062 172.4662593428726 0.6484887087035642
1.9949296191111463 12.439445641174341 36.745668025653394 181.64880058844807 0.665318287941818
2.006768894543829 12.38928867891431 33.90432890170435 191.41493077678982 0.682982186745882
2.017618112428823 12.337020440783045 31.329717011375656 201.81067431855686 0.7015396258118132
2.027456595416096 12.282639442162788 28.993693622045374 212.8859996829523 0.721053364400782
2.036268016876194 12.226180979431783 26.871276349832804 224.69632087896127 0.7415935183243297
2.0440166467133603 12.167591096302239 24.944434877807684 237.3028493267442 0.7632374035672224
2.048189752029588 12.112907616007545 23.501773345324423 251.9575117472387 1.5125637095458933
