M[M_sun], R[km], Lambda[1], P_c[MeV/fm^3], rho_c[fm^-3]
0.24162668629717493 15.618656898711224 2160425.4255784233 3.5677272577965504 0.1711233750220791
0.2536477941221262 15.277179095511062 1723100.1828038692 3.784891892031143 0.1738890740635938
0.26604749350958684 14.981097708836796 1382767.6418037273 4.011553448171229 0.17666849751361627
0.2788290675862721 14.723242596431877 1116155.6710049175 4.247965772015653 0.17946026952648952
0.29198686108987004 14.498158236220547 905596.0735320672 4.4947550859860925 0.1822709752152354
0.30552759187442347 14.300911798380893 738423.005781682 4.752081379588762 0.1850964066717055
0.31944887731121857 14.127806265965614 604854.487036514 5.020619874138544 0.18794302728179083
0.3337506741669601 13.975609504715349 497490.68627704843 5.30060428166098 0.1908076486625731
0.3484388005874518 13.84170858459814 410808.93760621536 5.592752256363989 0.19369634504386918
0.3635065440350968 13.723713049844596 340485.94678073487 5.897244988320018 0.1966044359119466
0.37896654132905155 13.619693040266135 283135.2708206216 6.214940976690192 0.1995394839452795
0.39480491550393454 13.528166230068232 236267.47006326888 6.546086470407852 0.20249746810937203
0.41103682869547237 13.447594802448755 197738.563131602 6.8914063916855515 0.2054824792159181
0.42765226992128896 13.376766945080265 163953.86627351356 7.2515963105126415 0.20849741256829182
0.4446549080860094 13.314657572042345 139701.30444514714 7.62689939263751 0.2115375604728556
0.462039726150748 13.260334784394825 117881.33863941368 8.018296463317752 0.2146095744346514
0.479814967583762 13.212957680412496 98657.89913464751 8.426478684244573 0.21771486914323607
0.4979799610637204 13.171775312147258 84567.44542409864 8.85186572451235 0.22085060331844283
0.5165266007652535 13.136211667781422 71875.04825628735 9.29537356408169 0.2240207845021885
0.5354533734062934 13.105663442497923 61214.96222551915 9.757868152874682 0.2272280453277375
0.5547679633783177 13.079659851122628 52250.9759079164 10.240136197417717 0.23047343052257616
0.5744602441235783 13.057700735343916 44685.172143419186 10.742690300781293 0.23375416887349054
0.5945249869000349 13.039426610850718 38285.74215148218 11.26676463570468 0.23707629010915707
0.6149712888684417 13.0244067803361 32865.49411188432 11.813293247083568 0.24044134935066797
0.6357845136888727 13.012354412217272 28260.038535320105 12.383256524201846 0.2438509820327732
0.6569640035026918 13.00295417170293 24341.950017855885 12.977302227533775 0.2473026675804348
0.6785060017211375 12.995923061902324 21003.788139587807 13.596840480898303 0.25080211718430595
0.7004035499136393 12.991034065461449 18150.036164844834 14.243031302367433 0.25435152141498646
0.7226492353555762 12.987979791499228 15709.866050547911 14.917066186293427 0.25795286834616693
0.7452459147742102 12.986643875001816 13616.213750714403 15.619919264500545 0.26160548948412404
0.768176488853175 12.986764811276766 11819.41821844793 16.352969246409888 0.26531239511934446
0.7914332416599493 12.988157677612882 10206.352142173093 17.117781058822814 0.26907773721881245
0.8150188889642158 12.990695409099965 8943.785840945502 17.915812127877743 0.2729039530501419
0.8389102830225856 12.994171654012609 7795.729605349491 18.74835310947092 0.27679144481561
0.8631009827676867 12.998454825900815 6804.294796656833 19.61690014373931 0.2807420382054457
0.8875932575564462 13.003410636666723 5946.488429170473 20.523469929580102 0.28476144345914617
0.9123603432793634 13.008908497422937 5203.308325814295 21.469859753913315 0.28885268020041377
0.9373936671533367 13.014817944222983 4558.467578164296 22.457458608678834 0.2930148934891823
0.9626837608698265 13.021029103419464 3998.0662107965663 23.48848594034433 0.29725342582859826
0.9882166890343894 13.027415638326328 3511.2219065003383 24.565275755212504 0.3015736320713136
1.013960170307141 13.033878987910386 3087.2192488857468 25.549510272351863 0.29940548284711693
