M[M_sun], R[km], Lambda[1], P_c[MeV/fm^3], rho_c[fm^-3]
0.24162668629717493 15.618656898711224 2160425.4255784233 3.5677272577965504 0.1711233750220791
0.2536441733742025 15.27726984234915 1723182.176263717 3.784823320637447 0.1738882193542513
0.2660405681598312 14.981239532691186 1383019.0255477384 4.011409295202996 0.1766667555100684
0.2788155552239244 14.723501002481838 1116452.0932595138 4.247741158275423 0.17945766434558855
0.2919703351198132 14.498384174237858 905842.015587738 4.494444115082259 0.18226751248204862
0.30550574167364397 14.30123273575895 738696.415115624 4.751673489893656 0.18509200068452916
0.31942173478149216 14.128138019168412 605133.0720702806 5.020112058563999 0.1879377584992061
0.3337203207092243 13.975927395147039 497623.7659391802 5.299983167619638 0.19080139507479138
0.34840191293062767 13.842019952626181 411002.1424112776 5.592016290551467 0.1936892243721758
0.36346522436798384 13.72396357299703 340638.37483867817 5.896377632459733 0.19659628952215472
0.3789187258490101 13.61998636755305 283300.48516718193 6.213931730898719 0.19953028083887234
0.3947507898620687 13.528452214267373 236407.133722518 6.544936380016449 0.20248738337033542
0.4109766097002976 13.447861352431627 197859.85304365092 6.890093249313535 0.20547129594443922
0.42758442619476855 13.377043148575869 166076.1887786946 7.250107789425174 0.2084850984148105
0.44457921197809763 13.314929136236227 139798.38386884733 7.625239604626562 0.21152434749304827
0.46196101376497756 13.260564725423137 117979.64018583995 8.016436451191847 0.2145951857371023
0.47972568178069824 13.213158389079956 99809.3495551973 8.424403938677177 0.21769926995701036
0.49788310451988027 13.171979719418731 84641.28170739516 8.849583893500025 0.2208340818869622
0.5164214617294536 13.136402352606298 71938.73362034657 9.292847711905253 0.22400300234539788
0.5353405659380496 13.10583819558765 61273.987714717085 9.755081147320881 0.22720896401246818
0.5546474930118015 13.079830785051834 52298.61735606553 10.237093813998372 0.23045331786629106
0.5743294384260613 13.057853315510034 44728.99507805279 10.73935796368785 0.2337327742371218
0.5943873964734951 13.03951477221249 38327.21499068256 11.263116168103743 0.23705349441756263
0.6148235162975922 13.024505289223873 32623.562211491306 11.809307087496949 0.2404171068496209
0.6356290298169847 13.012428654581763 28290.14646011273 12.378909765641462 0.24382524455279475
0.6567992293060887 13.00303615449914 24370.605831708526 12.972614831534031 0.24727587634705744
0.6783309035968099 12.995977624501782 21026.7669123972 13.591745867872774 0.2507737517439083
0.7002195479405847 12.991063227204075 18171.63177371597 14.237502145371227 0.25432152546843145
0.7224542407900585 12.988000918278486 15729.395881627723 14.91107340213713 0.2579211822373355
0.7450418863002928 12.986652736624341 13633.637867777292 15.61349038683416 0.2615726293259366
0.7679630200479769 12.986759428813288 11835.908714288405 16.34601719025028 0.2652777408630247
0.7912071418352241 12.9881398605545 10288.248735031379 17.110270919565036 0.2690412179547484
0.8147821688268588 12.990667198780667 8956.249448846469 17.907706686215064 0.2728654933090194
0.8386644969122357 12.994133775818241 7807.279551680027 18.739688321540356 0.2767516345983508
0.862846259628863 12.998404675848006 6814.411461712804 19.607563312212505 0.2807001497308164
0.8873258225922869 13.003354370869868 5955.131076717526 20.513416098484548 0.28471738601241425
0.9120824112028915 13.00884816193616 5211.0150814398885 21.459040888038544 0.2888063569497408
0.9371019562214438 13.014752716158364 4565.123441600293 22.445919784127042 0.29296696778120457
0.9623862877100637 13.020951796805411 4004.3373862660196 23.476082306266907 0.29720305098513106
0.9879072425624564 13.02733273380713 3516.5186438438054 24.55194890485409 0.30152069082139255
1.0136486495748565 13.033788029568296 3091.784424942876 25.675459214598362 0.3059214988863486
1.0396136646499168 13.04024965518673 2721.360406506947 26.848579895034486 0.3104067750912404
1.0657642102960068 13.04657040747622 2398.2424029658964 28.074405231690804 0.3149852351142119
1.0920961987078135 13.052702341795134 2115.7221243304552 29.354986081162586 0.31965729590241937
1.1185944310604632 13.058539357111835 1868.5266950991468 30.69308650767188 0.32442769949612804
1.1452256870588642 13.063993503848462 1652.057737124911 32.092098175816666 0.3293044481019774
1.1719889291139887 13.069007584366028 1461.9934103327987 33.55396958818799 0.33428528745997776
1.1988449735837072 13.073470152734856 1295.3951681328788 35.083239680154705 0.3393837610087055
1.2257908395264467 13.07732944757237 1149.0046262952346 36.681927220678375 0.34459660269989384
1.2527865250040389 13.08049271303163 1020.1351431581106 38.355089506675235 0.34993828046814457
1.2798282924607687 13.082935645031561 906.6683583103387 40.10496994350335 0.35540539518947756
1.3068731709012051 13.084524922878531 806.7370676870661 41.9370336899129 0.3610124707817036
1.3339110550388666 13.085235930372896 718.587277938428 43.854767725941116 0.36676145538055305
1.3609186872749455 13.085031584884886 640.6099884578864 45.8628604555291 0.372660102569092
1.3878493267568235 13.083777518175083 571.7706220935153 47.96664512227996 0.37871836994933317
1.4147060116093886 13.08148218450161 510.7933077965363 50.170877351893814 0.384941903780053
1.4414298445090163 13.078029932404588 456.86672354040905 52.48077889072252 0.39133768560877247
1.4680241159139915 13.073432894725459 409.0034397549266 54.902764746279736 0.39791740096684536
1.494433177219766 13.067570076967051 366.51952405353666 57.44302449907001 0.40469011039557656
1.5206452300652427 13.060421171079861 328.8187254278995 60.108185812970596 0.41166558448408375
1.5466286628477455 13.05193427828945 295.2788078738415 62.905353871892075 0.4188543623321305
1.5723458508459083 13.042054500629812 265.45472259527514 65.8421545922138 0.42626781478596687
1.597768977045096 13.030727185489644 238.90816118146228 68.92678199429696 0.4339182130058497
1.6228557779246906 13.017904131464343 215.23079172109192 72.16805016402674 0.441818802992334
1.6476081925121449 13.003567283859745 194.08951126488546 75.57545028936721 0.44998388677423
1.6719567451705775 12.987633607575301 175.22327134288975 79.15890966126541 0.45842764299348093
1.6958940112830823 12.970083537057812 158.35078047832542 82.92863973967775 0.4671634267922907
1.719374308269726 12.950873621858708 143.27383588933822 86.89736785643129 0.47621274615045467
1.74235575511957 12.92993157189899 129.77127594608484 91.07666755888975 0.48558992673831597
1.764839693504745 12.907286044010453 117.6746531285429 95.48063593037561 0.4953169198507503
1.7867661884073271 12.8828520723919 106.81632502992107 100.12293419913117 0.5054112209203986
1.8081044415432217 12.856594831408485 97.08440779939441 105.02009104177813 0.5158985443360057
1.8288149893229546 12.828459824600161 88.32489734509087 110.18864727455717 0.5268014270944508
1.8488949556688037 12.798495107400798 80.45903105784413 115.64624366668507 0.5381432792614426
1.8682718032734666 12.766556397611378 73.38300021985802 121.41307085025703 0.5499533664585342
1.8869507704368738 12.732737896340078 67.00712345634494 127.51056011362353 0.5622615195559886
1.9048745657481334 12.696922858433766 61.253912516644824 133.96113895608556 0.5750969903355223
1.9220158991101273 12.659106682626872 56.07153110719919 140.79050659453839 0.5884961337724947
1.938329353908833 12.619223742603626 51.39057716366058 148.02633810892232 0.6024972078811461
1.953826445766406 12.577377540348282 47.15886008245657 155.697135517443 0.617135988817667
1.9684428206230746 12.533448939968116 43.33774214219604 163.83654019817416 0.6324600588396776
1.9821583823410949 12.487450891109024 39.877850740080056 172.47833001908688 0.6485109958874135
1.9949484122522299 12.43937747238009 36.744083466281936 181.6617868947639 0.6653419426788376
2.0067859025334265 12.38921799378137 33.903079582604065 191.42891704599478 0.6830073300297718
2.0176332640453154 12.336945454264983 31.327476258604595 201.82575357964404 0.7015663900127965
2.027469582189073 12.28256181945928 28.990376716622336 212.9022366423379 0.7210817699898008
2.0362812641446886 12.226098090248389 26.86918143728953 224.71386582697096 0.7416238451846505
2.0440262472400774 12.16750469372206 24.94131092195688 237.32178773940643 0.7632696953005237
2.0506858174649656 12.106800215396161 23.18614361496044 250.79287450892394 0.7861019382659044
2.056259342861881 12.044056209258981 21.592875735440238 265.2002567117934 0.8102088361497405
2.0607068325121443 11.979209288274635 20.141370717878072 280.6255961713579 0.8356898271216812
2.0640128264988715 11.912314006552739 18.820702069485943 297.1586906284822 0.862652103003277
2.066174573938362 11.843416961838612 17.618233504078077 314.8999098702934 0.8912161264340447
2.0671675964798686 11.772528376061805 16.5228025378287 333.9586316702824 0.9215076654341707
