M[M_sun], R[km], Lambda[1], P_c[MeV/fm^3], rho_c[fm^-3]
0.24162668629717493 15.618656898711224 2160425.4255784233 3.5677272577965504 0.1711233750220791
0.2536450948003065 15.2772515632423 1723173.020678621 3.7848406720353687 0.17388843563105583
0.26604188776984533 14.981241815716613 1383003.9795830771 4.011445771514254 0.17666719630476313
0.27881828374617634 14.723462897953238 1116325.041916932 4.247797993766371 0.17945832355163427
0.2919741264966918 14.498328295693442 905808.1417180389 4.494522801382744 0.18226838867226666
0.3055108235706697 14.301147978483058 738595.2346827673 4.7517766990253705 0.18509311554012928
0.31942897660965847 14.128064785939404 605032.8359763081 5.0202405510240595 0.18793909165807277
0.3337281158439832 13.975868497229042 497642.11751715664 5.300140326560998 0.19080297740455704
0.34841124085444586 13.841936937072692 410952.4848771139 5.592202508599573 0.19369102608301805
0.363476080559304 13.72388655004323 340624.1185185411 5.896597093611915 0.19659835074773896
0.37892981906564066 13.619946242653878 283256.0521879685 6.214187091281862 0.19953260941809267
0.3947650694923773 13.528357625742297 236372.06671933274 6.545227374738445 0.20248993500093274
0.4109914492285122 13.447787991259501 197823.75903836582 6.890425496462007 0.2054741255005777
0.4276017384794323 13.376970866966019 166042.00956283242 7.250484407163383 0.20848821407683985
0.4445980910992193 13.314858583725044 139776.06174251076 7.625659552241045 0.21152769054608497
0.46197993163608253 13.260492237517848 117947.29676465392 8.016907054161527 0.21459882623153892
0.4797495220013799 13.213084038525931 99785.7080433247 8.424928867164768 0.2177032166854005
0.49790740752168433 13.17193103584932 84621.43225490088 8.850161212193022 0.2208382619209688
0.5164478342024609 13.136348779393959 71921.71460359487 9.293486764390664 0.22400750131473546
0.5353684007574326 13.105806216285826 61260.41660626804 9.755786267104465 0.22721379163574823
0.5546777168416366 13.079781763402249 52291.871509553566 10.23786792762865 0.23045846280777452
0.5743627039527737 13.057805023736918 44717.49935121392 10.740201041084502 0.233738187055161
0.5944210595177918 13.039519374210922 38318.96804983671 11.264039218729739 0.23705926165457766
0.6148610305130442 13.024479509407854 32892.1531248547 11.810315565017083 0.2404232400755509
0.6356683238900236 13.012426080689872 28283.894638448073 12.380009463991648 0.2438317559483271
0.656840974537902 13.003014240434505 24362.68788553445 12.97380070067779 0.24728265428879462
0.678375040855936 12.995970888032303 21021.228424723402 13.59303474897665 0.25078092788858275
0.7002662487067728 12.99105518670703 18165.935709659287 14.238900950141211 0.2543291140525773
0.7225033382016122 12.988003702107633 15723.677415550195 14.91258948640848 0.2579291983463704
0.7450927965291713 12.9866421380129 13629.27137709044 15.615116785432344 0.2615809423967377
0.7680164377799996 12.986764038684829 11832.252665164313 16.347775930180532 0.2652865077404698
0.7912651217070299 12.988147274783099 10286.478960981924 17.112170828801723 0.2690504565700032
0.8148414089511289 12.990678673153424 8952.985850676769 17.90975717806723 0.2728752227462407
0.8387269599719929 12.99414564014782 7804.734246667389 18.741880300799075 0.276761705608884
0.8629102457635426 12.998420393747002 6811.414609264953 19.609925282914883 0.280710746403741
0.8873942122648416 13.003374394798751 5952.996705824809 20.515959430342285 0.28472853128696474
0.9121538156037431 13.008867952168574 5209.191263419386 21.46177772940182 0.2888180753119047
0.9371752165261805 13.01476315571893 4563.418740961314 22.44883873356332 0.2929790914353651
0.9624626433388557 13.020961474019128 4002.9609972662524 23.479219998571967 0.29721579408588117
0.9879848978773291 13.027358330996664 3514.984469724668 24.555320110967575 0.30153408302289475
1.0137298909867918 13.033807929011063 3090.4992543263597 25.679050884044496 0.3059353598304577
1.0396957716447897 13.040273123043262 2720.2247445616667 26.85243594177363 0.3104213425414643
1.0658517286419726 13.046590848110954 2397.158277969805 28.078543708352072 0.3150005451389295
1.0921862264332742 13.052727931294118 2114.7135066070414 29.35939231900181 0.31967315565319676
1.1186866755260891 13.058563137049607 1867.4993965107158 30.697813119021205 0.3244443729239396
1.1453200606540839 13.06401336210146 1651.3162437995136 32.097129732594276 0.3293217360354769
1.1720864163155853 13.069019220589974 1461.3609059706569 33.55936511722293 0.3343034709491278
1.198944025864156 13.073478095505415 1294.7973665619652 35.089024650880035 0.339402890338585
1.225892470016907 13.077344192405272 1148.4564072106784 36.688084843891346 0.34461646623919934
1.2528908280125213 13.080503708189147 1019.6740898540528 38.36164477471749 0.3499589223787787
1.2799354165149597 13.08294057796433 906.2471492879672 40.111997373581964 0.35542713571042805
1.3069887534033648 13.084547996209192 806.3750590457441 41.94451647085094 0.3610350923621157
1.3340199266976054 13.085237679221967 718.1774343426102 43.86278976335148 0.36678530102442886
1.3610303465131657 13.085029707530342 640.2953424162206 45.871404938674246 0.37268494876539776
1.3879698194970265 13.083782878283538 571.4833691798484 47.9757485519901 0.3787442812489393
1.414814632208529 13.081460099195231 510.58497335571843 50.18063956418028 0.3849692585746977
1.441546337889095 13.07801486019454 456.628526549933 52.49118438646374 0.3913662552014755
1.468142125808603 13.073410834262628 408.7929256695382 54.9138596062159 0.39794726633442645
1.4945521002860644 13.067539000658885 366.33339330625506 57.454858536855056 0.4047213587753106
1.5207657010787987 13.060385939137532 328.6809996763933 60.12081290942101 0.41169830988787415
1.5467498769583834 13.051892340319563 295.13736601847773 62.918832342592076 0.41888866611164793
1.5724671929595724 13.04200422924862 265.3180742761792 65.85654759218929 0.4263038062542155
1.5978808931833393 13.03066316528167 238.78051042937577 68.9421579639265 0.4339560101212757
1.6229793731925348 13.017839208608965 215.12242338237172 72.18448332086848 0.44185853311231643
1.6477318365742033 13.00349045076383 193.97977777656615 75.59302117116049 0.4500256874856159
1.6720790432386323 12.987549726388181 175.13930513443322 79.17761396148347 0.45847127991189857
1.6960169315937155 12.969986142590779 158.27116784569498 82.94865997663454 0.46720943323850905
1.7194955685083158 12.950767653903112 143.19717994916726 86.91880710513921 0.4762612955004671
1.7424785625687251 12.929819973927481 129.70465664885867 91.09953474267067 0.48564079780512076
1.7649598069764836 12.907156510014008 117.60589670864837 95.50515137315861 0.4953707122062486
1.7868863433818403 12.882714476679247 106.76017283929076 100.14911924832869 0.5054677271205607
1.8082216379090839 12.856443643371774 97.02808732952673 105.048081500763 0.5159579821343303
1.828935285530522 12.828308007262244 88.28125306066715 110.21859127314477 0.5268640320301614
1.8490087609262862 12.798314519775847 80.42108209963338 115.67842527674023 0.5382097553627967
1.8683808143058112 12.766366421318253 73.34353259337647 121.44754863104816 0.5500235505855279
1.8870564494672764 12.73253532064067 66.96932796851962 127.5474028547517 0.562335267269371
1.904977497064558 12.696704831272571 61.22205914293623 134.0006722186766 0.5751750412708461
1.9221200844161834 12.658870934753535 56.042125466535644 140.83296852454808 0.5885788657596095
1.9384271889337379 12.618969213715436 51.36160052070186 148.0719830324715 0.6025850081625697
1.9539204035922966 12.57711088040909 47.138253550957224 155.7460923974154 0.6172287670058674
1.968532820162907 12.533169433180646 43.31736411868454 163.88910576094307 0.6325582517477801
1.9822429487261928 12.487153974988495 39.85605653283219 172.5349883553324 0.6486156093103964
1.9950254880571048 12.439057952056862 36.72373597871592 181.7227434256852 0.6654529758451209
2.0068595179818085 12.388883800764624 33.8843555137694 191.49456768511217 0.6831253509710742
2.01770091043525 12.336593973880346 31.310280979437024 201.89653507020566 0.701692020176525
2.027532987940551 12.282198310041824 28.975633448865384 212.97845275437714 0.7212151055179483
2.036336727617881 12.225709949705568 26.85524335295401 224.7962221480454 0.7417662000462536
2.0440751650016162 12.167100333686681 24.928956255902563 237.41068555406264 0.7634212742408049
2.0507282125763204 12.106374481707526 23.174744367523186 250.8889562016362 0.7862636071581364
2.0562942451661206 12.043610222162505 21.5829534903642 265.30436992816203 0.8103819863488632
2.0607360783383895 11.978742349146147 20.132553960794294 280.7382626986393 0.8358746264493271
2.064032601472176 11.911830132603747 18.811824614308307 297.2809264613122 0.8628501469548144
2.0661861855409125 11.842911719372008 17.609508043231383 315.0326967666189 0.8914286921378893
2.067172670214994 11.772003371473636 16.515199164969474 334.10284559177813 0.9217354398034464
