M[M_sun], R[km], Lambda[1], P_c[MeV/fm^3], rho_c[fm^-3]
0.24162668629717493 15.618656898711224 2160425.4255784233 3.5677272577965504 0.1711233750220791
0.2536404893741571 15.27739928376353 1723224.6799542978 3.784772212715898 0.1738875823186645
0.26603426609460246 14.981383538769414 1383097.836115079 4.011301856912387 0.17666545718173216
0.27880681941847335 14.723663053234919 1116624.921445609 4.247573755594072 0.1794557227267553
0.2919584815401716 14.498597615833756 906089.2130397395 4.494212356046652 0.18226493179139866
0.30548964244232113 14.30144510354298 738842.018459424 4.75136950615437 0.1850887170799832
0.31940321392983545 14.128326471859914 605193.4186914284 5.019733611759343 0.18793383196754077
0.33369734837079373 13.976217046334591 497847.1949123019 5.299520295409389 0.19079673471967806
0.34837328970465653 13.842230605304742 411147.98184412485 5.5914678381432275 0.19368391794425205
0.36343261955752565 13.724222329123032 340774.7933848425 5.895731279465211 0.19659021883804728
0.3788808272013261 13.620255281773288 279492.2722336794 6.2131796568521915 0.1995234228291241
0.3947100288345787 13.528659445168469 236492.60333559604 6.5440793666437855 0.20247986852082553
0.41093044512216065 13.448076494905768 197960.3977411409 6.88911475384681 0.2054629626664349
0.42753398063179265 13.377243123504035 166159.88420747608 7.248998631401911 0.20847592263473688
0.44452409884360156 13.315103563011006 139878.539186413 7.624002850454296 0.2115145021346067
0.4619007831852085 13.260755405114224 118046.82659470786 8.015050531363702 0.21458446452676355
0.47965924351912714 13.213319345484557 99870.06075085331 8.422858047963356 0.21768764701995802
0.4978108777027443 13.172132699935288 84694.12667607493 8.847883732502652 0.22082177199491834
0.5163437704384692 13.136532064447255 71985.24448267555 9.290965769958108 0.22398975335676458
0.5352563682539284 13.105964767208613 61315.74477933609 9.75300466674019 0.22719474732726755
0.5545577478754762 13.079929669624805 52340.759720957314 10.234809261995471 0.23043810364115835
0.5742340515121998 13.057929334057924 44360.233690846246 10.736875266965757 0.23371683455512277
0.5942825517288918 13.039609234594366 38355.696478090904 11.260397995185937 0.2370365112239833
0.6147147989076435 13.024569318873578 32927.70462205937 11.806337383781923 0.2403990460961923
0.6355097950445301 13.01249960493747 28316.11708798393 12.375671475052476 0.2438060703939266
0.6566755736436133 13.003062607895403 24390.00851542369 12.969122824611595 0.24725591746745362
0.6782005655627711 12.996013189786186 21046.035391482877 13.587950564043677 0.2507526205090106
0.7000808467582378 12.991079306301101 18188.518041337567 14.233383198809376 0.25429917998230817
0.7223080880176141 12.988023660605164 15742.959911077978 14.906609159924606 0.25789757810594904
0.7448884981677204 12.986651158515865 13646.70525284388 15.608701356861287 0.2615481509814044
0.7678016053041028 12.986755504697722 11846.793478076028 16.34083852854832 0.26525192653329366
0.7910404107274215 12.988124236144934 10299.663716549821 17.104676640700326 0.2690140148710111
0.8146064903056796 12.990649329277455 8965.171363794592 17.901669082167928 0.2728368453095251
0.8384814931093927 12.994104323570163 7814.989923467802 18.73323416940765 0.276721981108769
0.8626542090257183 12.998373599377723 6821.569745881315 19.60060870569887 0.28066894879743054
0.887122538602878 13.003309451052534 5961.713015310736 20.505927572143804 0.28468457012887477
0.9118748430233428 13.008805562443001 5216.640335115036 21.450982685081183 0.2887718540582281
0.9368892535364008 13.014682773734975 4570.196063225667 22.437325468630092 0.29293127188749146
0.9621584094037272 13.020876620749018 4009.123966249319 23.46684404435866 0.29716553165856663
0.9876757917826322 13.027277930238958 3520.528132554098 24.54202322223775 0.3014812607963006
1.0134154913111924 13.033741632438373 3095.7424335159485 25.66488452762303 0.3058806891327411
1.039365908920743 13.040190951283845 2724.6447154691987 26.837226949843334 0.3103638857086279
1.065512384917092 13.046520404545527 2401.1249932281007 28.06222089735945 0.31494015996336555
1.0918339610735899 13.05264449115307 2118.212529510333 29.342013535193296 0.3196106027021138
1.1183258207671258 13.05848112594292 1870.9025479877832 30.679170901437125 0.32437861129342616
1.1449482394312052 13.063947567682924 1653.9583437427689 32.077284418196825 0.3292535479674524
1.171705105594237 13.068954187316237 1463.9792132537516 33.53808496110065 0.33423175462891985
1.198552546835198 13.073424716138918 1297.085382205186 35.06620872749759 0.3393274442653701
1.2254924960160403 13.07728991693599 1150.498516311176 36.66379935680228 0.3445381250171626
1.252481172182117 13.080466313883651 1021.4752882275247 38.33566958124495 0.349876798491617
1.2795165909431763 13.082914092166039 907.919043050898 40.08428185665719 0.3553413931602188
1.3065541214962781 13.084504897366456 807.886719136023 41.91500531923149 0.3609458756798502
1.3335853757690082 13.085230365677258 719.5448046904329 43.831152153929146 0.36669125768745897
1.3605886853129792 13.085038241653224 641.497780132766 45.83770715511782 0.37258696018831355
1.3875138238333045 13.08379939597192 572.577511393742 47.93984668111715 0.3786420929350588
1.4143636257589538 13.08152441890631 511.5108274081045 50.14213998831683 0.3848613785203873
1.4410916613219844 13.078099982691883 457.5074651845328 52.45014821493615 0.3912535852493855
1.467674586046161 13.07350132223595 409.5837595780665 54.87010516182017 0.3978294872391784
1.4940809370940387 13.067652960237925 367.0817955972084 57.408189427593484 0.4045981266144417
1.5202880430683525 13.060528453455198 329.301500543962 60.07101671117581 0.4115692540355489
1.5462700257947204 13.052061753198576 295.71944214653945 62.86567915036632 0.4187533870115672
1.5719840409416632 13.042203716980964 265.8525936148961 65.79978842528173 0.42616187297018504
1.5974060971642905 13.030902272158016 239.27270713762272 68.88152300862406 0.4338069576413583
1.6224929616231112 13.018105867527266 215.5344096306718 72.11967999222237 0.4417018593796207
1.6472448845317884 13.00379085971962 194.38700125689326 75.52373197312936 0.4498608501255371
1.6715942714243068 12.987886047712193 175.49163774020911 79.1038558579384 0.4582992031001754
1.6955336696564731 12.970366403127851 158.61104210773968 82.86971346635251 0.4670280143878105
1.719004390115451 12.951177296624019 143.49452929299107 86.83426586380247 0.4760698511839215
1.7420112158984267 12.930298138199209 129.98006963491005 91.00936357793442 0.4854402001543952
1.7644896112642678 12.90766917499689 117.85489720291619 95.40848179322694 0.4951585975626102
1.7864166384526206 12.883262177960749 106.98250541539997 100.04586708516588 0.5052449134319236
1.8077583064241651 12.857039010942234 97.22780601570231 104.93771143125676 0.5157236110603891
1.8284862496575571 12.828968249189113 88.46514253462048 110.10028235660192 0.5266162928323146
1.848561914810953 12.7990166293227 80.58656621045121 115.55153188611023 0.5379476374052978
1.8679556088630647 12.767150428371146 73.49406939143448 121.31160288489357 0.5497468148649153
1.8866338575330663 12.733344996936166 67.10932105807944 127.4017664569362 0.562043171555097
1.9045651195847664 12.697567336157945 61.34824455296802 133.84479619971398 0.5748672936103396
1.9217179704717067 12.65979967820084 56.15876568825297 140.66554712914643 0.588252665214228
1.938049886701608 12.619983822266514 51.47136416478842 147.89201386183808 0.6022388285088316
1.9535444972042548 12.57813690974315 47.23568441364288 155.55306711230736 0.6168629647684842
1.9681813184553676 12.534280201966016 43.404640917779375 163.68157354167394 0.6321701530505016
1.9819119336031472 12.488335366347188 39.93926520248255 172.31160400096093 0.6482031545243896
1.9934284728991165 12.441620565447847 36.999305286232975 181.760959703669 0.8947797218396607
2.0005420714325832 12.393029858809133 34.73089308850829 192.4661907737893 1.1622890313095768
2.003412221675868 12.34032837796429 32.95584742276661 204.53224077323947 1.4346041221334433
