M[M_sun], R[km], Lambda[1], P_c[MeV/fm^3], rho_c[fm^-3]
0.24162668629717493 15.618656898711224 2160425.4255784233 3.5677272577965504 0.1711233750220791
0.2536453150116133 15.277253691375927 1723227.9404842944 3.784845336551136 0.1738884937719946
0.26604248169256206 14.981224237736381 1382957.090827538 4.0114555773542255 0.17666731480255218
0.2788188289939832 14.723454968522828 1116370.954938635 4.2478132727770825 0.17945850076513353
0.29197531513953123 14.498311227721748 905800.1304892964 4.494543954600174 0.18226862421825216
0.3055122345992115 14.301148206723475 738637.3585527525 4.751804444818355 0.18509341524764716
0.3194303581080649 14.128043463232444 605043.2957332241 5.020275093882982 0.1879394500535664
0.33373067889679325 13.975823721151295 497606.8600670655 5.300182576043831 0.1908034027867446
0.3484137632394928 13.841920031709007 410937.1346657054 5.592252570303552 0.19369151044377556
0.3634791153367357 13.723851453892596 340610.61819947016 5.896656092406988 0.19659890487690776
0.37893363339790526 13.61989593028854 283246.3892847036 6.214255741295236 0.19953323542355464
0.3947683484947253 13.528359312415178 236369.39017076042 6.5453056048040015 0.202490620972924
0.4109955789691598 13.447796831886855 197826.62019256694 6.8905148170205965 0.20547488619193657
0.4276062362130868 13.376957134056012 166037.44998803348 7.250585656576696 0.20848905168728818
0.4446037886935241 13.314833191647795 139760.46267337035 7.625772450767734 0.21152858929095095
0.46198538269575457 13.26048448062208 117946.81331568168 8.017033571302674 0.21459980494391043
0.4797549367619147 13.213075024544041 99783.54491837898 8.425069989707197 0.21770427772963385
0.4979147965685166 13.171907345261195 84618.9314095416 8.850316419879562 0.2208393856909345
0.5164562234367863 13.136333359556094 71918.9578313805 9.293658569334525 0.22400871083225102
0.5353763070385236 13.105789191330484 61254.41817548053 9.755975834457825 0.2272150895141932
0.5546867631174451 13.07976565917675 52288.010613980696 10.238074464971659 0.23045982569329232
0.5743717113140657 13.057796275001564 44714.376437730636 10.740427699008368 0.23373964226924204
0.594431021995946 13.039490339871893 37981.05990102699 11.264287377987861 0.23706081215811317
0.6148715565973647 13.024469085009073 32889.7354479456 11.810586691962666 0.24042488897974537
0.6356796056458525 13.012399346661846 28281.36600387937 12.380305116474627 0.2438335065286171
0.6568522793919342 13.002992725820272 24360.98447691856 12.974119520992366 0.24728447653497432
0.6783866876857151 12.995964503406464 21019.34842037066 13.593381265193633 0.25078285719804166
0.7002788155580271 12.991045843089806 18165.009565039054 14.239277020673237 0.25433115425356767
0.7225176867098158 12.987990082606908 15722.68771623376 14.912997089093468 0.25793135349541296
0.7451067939680588 12.986641622146728 13627.929861651888 15.615554047618245 0.2615831773909845
0.7680311669769513 12.986767130352646 11830.92841263949 16.348248774361196 0.265288864750117
0.7912794358627646 12.988142518130251 10284.982440918118 17.11268162867127 0.26905294041679745
0.8148565780240811 12.99067225845878 8952.048815886365 17.910308464717314 0.2728778385619765
0.8387447065762894 12.994144121661218 7804.104080028295 18.742469628828992 0.276764413266255
0.8629269008725834 12.998429381821122 6810.789668464016 19.610560316472586 0.28071359539881974
0.8874125059969387 13.003369185417489 5952.372819289653 20.516643226601772 0.2847315277881981
0.9121712548754718 13.008866753052558 5208.526623420442 21.462513554917532 0.2888212259036774
0.9371957274719961 13.014765398272498 4562.786146414892 22.449623522786695 0.2929823510030078
0.9624821508872837 13.020972023147111 4002.618432412441 23.480063602039504 0.29721922021022185
0.9880052799353758 13.027359999353697 3515.1245194675917 24.556226500467982 0.3015376836780966
1.0137512450709523 13.033816614123598 3090.439622038226 25.680016550577967 0.30593908652358726
1.0397195927841139 13.040278526284274 2719.9742012369084 26.853472693312195 0.31042525920208963
1.0658738182420426 13.046602776523812 2384.642742833306 28.07965639916767 0.3150046614660914
1.092209924657128 13.052729364564744 2114.5862350078496 29.360577004902783 0.31967741979503944
1.1187109154786186 13.058564199983504 1867.3167940388857 30.699083947095204 0.3244488558523182
1.145345096851476 13.06401547006068 1651.1495168639967 32.098482554424926 0.3293263841980394
1.1721115939979356 13.069031612824691 1461.1387313280977 33.560815804878494 0.33430835991609925
1.1989710734814314 13.07348118859533 1294.6352422525956 35.09058005313447 0.3394080336321699
1.2259203909877558 13.077349956834539 1148.336754565649 36.689740446256316 0.34462180695614697
1.2529190134380896 13.080512005358486 1019.6030114820236 38.36340729762636 0.3499644723944517
1.2799634291056579 13.082943333203605 906.1576376539851 40.11388685483846 0.3554329811342008
1.3070173522750907 13.084548784933816 806.2653952549588 41.94652838997343 0.36104117469842734
1.3340500763485286 13.085237272105568 718.111507401828 43.864946682957196 0.3667917125049737
1.3610611113988358 13.085030761142754 640.2237548047193 45.87370233834335 0.37269162929155736
1.3880010024164733 13.083782415545219 571.3978178567437 47.978196247037204 0.3787512481791765
1.414845729476493 13.081450402293449 510.4954067702464 50.18326440144708 0.3849766136579823
1.4415793982357126 13.078007149395196 456.58345598569286 52.49398219814497 0.3913739369441027
1.4681746011538694 13.073402647968962 408.74441537442925 54.9168427839344 0.39795529651233186
1.4945863254623708 13.067529828971015 366.2869057022455 57.45804047612954 0.40472976084808965
1.5207981619995075 13.060377335630857 328.62894860974245 60.12420809956479 0.4117071091370789
1.5467826158085303 13.051879698713318 295.0905559515413 62.92245646558102 0.41889788979278536
1.5725002011502 13.041990621044366 265.28519330747775 65.86041763150241 0.4263134837639283
1.59791398544309 13.030645763182862 238.7500024920196 68.94629232447835 0.43396617318134645
1.623023760990933 13.01783233318498 215.08122241162351 72.18890196129084 0.44186921597233114
1.6477648189545522 13.003469331900847 193.95518890509481 75.59774574985104 0.4500369271463562
1.672112920816196 12.98752556915257 175.11872107305666 79.18264331992981 0.45848301334761427
1.6960495613046893 12.96996341172615 158.249341784771 82.95404319876016 0.46722180386727524
1.7195291894153142 12.950739789118558 143.17723772486292 86.92457191065346 0.47627434994861856
1.7425104678139485 12.929790431115512 129.6871686631204 91.10568353081948 0.4856544765954643
1.7649918753520584 12.907123278729818 117.590629203106 95.51174339601643 0.4953851765763258
1.786902834155948 12.882644563567268 106.74798272048379 100.15616024633339 0.5054829212887897
1.808253948517324 12.856402538696855 97.01649021846544 105.05560799568754 0.5159739646620787
1.8289577789333213 12.828248858306997 88.26935217195421 110.22664310202333 0.5268808662624975
1.8490381115249404 12.798268497380075 80.40981611537492 115.68707883771256 0.5382276306336512
1.8684109411703538 12.766314407568945 73.33300672631442 121.45681967227759 0.5500424230280134
1.887084146985686 12.732481403996777 66.95843608431846 127.55730818326919 0.5623550920001568
1.9050058068307034 12.696645517832554 61.213209218811386 134.01130277599665 0.5751960292917546
1.9221442963762587 12.658809138122688 56.03389385477415 140.84438666663675 0.5886011126424981
1.938452580795744 12.618904150133144 51.35516637454399 148.08425715936818 0.6026086180563313
1.9539449792212462 12.57704088388161 47.1323435188881 155.7592571918431 0.6172537156091223
1.9685545063742431 12.533091351848224 43.31004475815873 163.90324102682393 0.6325846565419179
1.982266071440972 12.487072478370585 39.85101178880328 172.5502242913091 0.6486437408003146
1.9950479427521242 12.438970701948762 36.719474107198046 181.73913527894038 0.6654828338331111
2.006879239905661 12.388793763291963 33.879127524802755 191.51222193872454 0.683157088234524
2.0177194743493483 12.336499380189743 31.306470840796322 201.91556918976065 0.7017258038611741
2.0275493555466726 12.282097680797241 28.97134747464269 212.99894843922675 0.7212509614923748
2.0363522437401675 12.225605821125939 26.851748169718576 224.8183691770866 0.7418044817131972
2.044088250675272 12.166990411330765 24.925425474388927 237.43459185603996 0.7634620366817465
2.0507410352924027 12.106259740975082 23.173613609488328 250.91479455654493 0.7863070832678641
2.056303852728724 12.043490405500911 21.579769824492384 265.33233201747925 0.8104284320484079
2.0607410886512856 11.978618361910193 20.129079026477488 280.76856148839784 0.8359243235165127
2.0640379855356294 11.911698780275506 18.809421839420295 297.31379891907665 0.8629034062265165
2.066186461084238 11.84277097053027 17.608339748024385 315.06840696439156 0.891485857140868
2.0671723704172256 11.771863437495954 16.513318747292537 334.141629142532 0.921796695323854
