M[M_sun], R[km], Lambda[1], P_c[MeV/fm^3], rho_c[fm^-3]
0.24162668629717493 15.618656898711224 2160425.4255784233 3.5677272577965504 0.1711233750220791
0.253644406444965 15.277256972342421 1723087.1992376987 3.7848282655399434 0.17388828099007544
0.26604100230041133 14.98125016179661 1382949.8264244937 4.011419690410586 0.17666688113001733
0.2788167637379263 14.72346700650608 1116494.2543616318 4.247757355510814 0.17945785220911034
0.2919711906656727 14.498403851130014 905907.679875967 4.494466539411136 0.1822677621821551
0.30550711646993656 14.301208469651465 738626.6372524505 4.751702902769359 0.18509231839972207
0.31942349701522116 14.128132522344865 605047.5895473486 5.020148676688397 0.18793813842638005
0.3337231382208898 13.97592370238545 497667.46085832285 5.300027955097503 0.1908018460103776
0.34840457134678365 13.841997522464444 410988.1683779387 5.592069359246179 0.19368973782639584
0.3634680112984766 13.72395523303854 340649.31575455744 5.89644017469114 0.19659687693202746
0.3789223547037474 13.6199670248847 283299.6932578182 6.2140045035716645 0.19953094443802558
0.3947549337877807 13.528449280420833 236394.38892517312 6.5450193076142185 0.20248811053333818
0.410980329449088 13.447863000044048 197857.90887479988 6.890187932821902 0.20547210230892884
0.42759029468113274 13.377013895700022 166071.40465490252 7.2502151174067215 0.20848598631169601
0.4445847432274477 13.314899922277345 139790.16377816722 7.6253592804747905 0.2115253001897515
0.4619669811515425 13.260549669696342 117976.18221332265 8.016570562434135 0.21459622319598567
0.47973226541529934 13.213130524075751 99803.25566638396 8.424553531168357 0.21770039468341756
0.49789015159633015 13.171990500895815 84637.43882933498 8.849748415699842 0.22083527309798381
0.5164290494831573 13.136388492537966 71932.40837209566 9.293029826418799 0.22400428444292678
0.5353480941773822 13.105834165713157 61269.976691743956 9.755282089021856 0.2272103397657177
0.5546563632470409 13.079807969921509 52300.637599168615 10.237314892800555 0.23045479016487047
0.5743396427853645 13.057824734850707 44724.94036910488 10.739598219019678 0.2337343167507739
0.5943966429286796 13.03951490873248 38321.58424388591 11.263379213232897 0.23705513792828972
0.6148347645598234 13.024491042840658 32897.78712467791 11.80959447648322 0.24041885465415536
0.6356399491253105 13.012425805319802 28289.120665675793 12.379223149503378 0.24382710012189518
0.6568111592519306 13.003007288644508 24367.90262139799 12.972952771155745 0.24727780787135648
0.6783437954247646 12.995972826288874 21025.67212612074 13.592113162318736 0.25077579674097933
0.700232892002318 12.99106377350105 18170.737767747847 14.237900764162909 0.2543236879948309
0.7224680731783715 12.988006547494741 15727.994574520666 14.911505441347806 0.2579234665915008
0.7450564789935262 12.98664064074314 13632.744214659006 15.613953861624235 0.2615749983016285
0.7679783568417465 12.98676070191787 11834.621345338766 16.34651837737639 0.2652802391551463
0.7912243682575981 12.988140854367705 10219.07501471385 17.11081233457572 0.2690438506726069
0.8148001813237948 12.990665684030056 8955.346927597735 17.908291011444724 0.2728682658904529
0.8386832349469318 12.994130211568525 7806.359166382337 18.740312965202815 0.27675450451278044
0.8628638716826403 12.99841110630407 6813.131384321692 19.60823639665408 0.2807031694362136
0.887344740799233 13.003367126593961 5954.577611708185 20.51414086349742 0.2847205620450773
0.9121020811873817 13.008854868295215 5210.451467830209 21.459820795278823 0.2888096962866927
0.9371237833609731 13.014751364769188 4564.625770540105 22.446751584671393 0.2929704226071104
0.9624078487826762 13.020957320609282 4004.0072760057155 23.476976439239234 0.2972066823248045
0.9879285350110735 13.027337386501873 3516.0741645756902 24.5529095791844 0.30152450712445333
1.0136719713965128 13.033797622967288 3091.6386389707754 25.67648271149581 0.30592544875799027
1.0396375630421573 13.040254952076493 2721.029840694298 26.849678727721564 0.3104109262832659
1.065789037340916 13.046584119947703 2397.8552086026116 28.075584544166198 0.3149895979038627
1.0921213063316693 13.052714585820093 2115.288231054921 29.35624169354662 0.319661815336052
1.1186207406463415 13.058546779169808 1868.360487745983 30.69443341164412 0.3244324507871673
1.1452527409275983 13.064006376873216 1651.8428269877984 32.09353197515335 0.3293093744952747
1.1720161904671587 13.06901613452135 1461.83787644723 33.555507102254765 0.3342904690409071
1.19887381266491 13.073465842655319 1295.2004141645893 35.08488816623518 0.339389212105268
1.2258197894944407 13.0773353162703 1148.8700941161633 36.683681894748 0.3446022630068248
1.2528156243582727 13.0804982111525 1020.0124643003533 38.356957490104605 0.3499441625688865
1.2798597866872063 13.08293506409828 906.6006640440191 40.10697246929376 0.3554115903352724
1.3069039423069337 13.084522768693603 806.6308456551653 41.939165967828906 0.3610189169808824
1.333941280915234 13.085236578140618 718.458921513554 43.85705366397255 0.3667682503705826
1.36095088852088 13.08503457070868 640.5059201447569 45.86529526359929 0.3726671826602164
1.38788233455884 13.083774346152463 571.7017094260881 47.969239200862134 0.37872575353436483
1.4147390361045296 13.081479475875316 510.73104983750943 50.17365914789341 0.3849496986790041
1.4414635032512795 13.078025894634205 456.7994666066342 52.483743987844726 0.39134582665454415
1.4680582830619675 13.073427261835075 408.9421312820324 54.905926274554126 0.39792591123237153
1.494467233905303 13.067558742838418 366.4551679330155 57.446396652120576 0.404699014737523
1.5206785148885296 13.060414608160187 328.78008328229197 60.11178394324669 0.4116749096893388
1.5466631506577009 13.051922335311243 295.23781396545024 62.909194595402404 0.41886413727881533
1.572380101196477 13.042040458334906 265.4203605494848 65.84625590382082 0.4262780706205207
1.5978038481138346 13.030710245790736 238.8761265518264 68.9311633947602 0.43392898333793456
1.6228907505801802 13.017885034851892 215.19091054989545 72.17273280012677 0.4418301241095046
1.6476429899853304 13.003545406735999 194.05940916860553 75.58045710860836 0.4499957978785515
1.671992573887748 12.987611523096733 175.1952937283127 79.1642394368289 0.45844007729889397
1.6959291467247573 12.970055676540493 158.33606670103225 82.93434447584863 0.46717653625939654
1.7194094196324226 12.950843531767767 143.24969881486396 86.9034769219077 0.47622658017804137
1.7423912296056694 12.929900883407505 129.75896857423174 91.08318349644088 0.48560442230093687
1.7648736491426436 12.907251198064044 117.65730854595448 95.48762151536538 0.4953322477840232
1.7868001076431745 12.882812074510785 106.80717759574846 100.13039551426183 0.5054273221147506
1.8081379446489618 12.856551757364398 97.0681072756241 105.02806678058957 0.5159154808340896
1.8288478143497398 12.828413955474408 88.31201903246885 110.19717964250319 0.5268192660061498
1.8489268682318487 12.798444166540612 80.4469517084179 115.65541360105429 0.5381622211815483
1.8683025558535957 12.766502629481653 73.3712415066169 121.42289503609982 0.5499733649007477
1.8869811239363496 12.732680091629115 66.99651308841425 127.52106264974377 0.5622825494345005
1.9049038488024204 12.696861374313558 61.24517714542702 133.97240360273898 0.5751192302456579
1.9220443989489489 12.659041033818411 56.063505488121066 140.80260570187482 0.588519707434644
1.9383573330418098 12.619149798964447 51.38103178231114 148.03934413810433 0.6025222256253681
1.953852781414912 12.577303670728574 47.15484917544197 155.71108521265518 0.6171624248864782
1.9684684649647186 12.533367927555982 43.332372538190896 163.85151810072293 0.6324880376861137
1.9821828676530209 12.487364072718337 39.87195068492976 172.4944740507874 0.6485408040767965
1.9949718507624552 12.439285529803142 36.73859491145315 181.67915558310315 0.6653735799854781
2.0068061971697726 12.389122720376035 33.89667832172698 191.44762319023963 0.6830409582896272
2.017652251499913 12.33684551872217 31.322484245192296 201.84592161113628 0.701602186279283
2.027487725779576 12.282457715809945 28.986662168081775 212.92395310858936 0.7211197616482528
2.0362966436162035 12.225988226244944 26.864893339473465 224.73733175175505 0.7416644065942842
2.0440401621324393 12.167389206304309 24.938188707194865 237.34711745158694 0.7633128847866184
2.050697542294507 12.106679391362706 23.18322056350042 250.82025102521163 0.7861480025153619
2.0562699971272003 12.043929205606695 21.590543250856893 265.22993943905897 0.8102582299324405
2.0607142462107855 11.979076965537727 20.13839467279412 280.6576979409772 0.8357424814954781
2.064019285214248 11.912180900338226 18.81863327767759 297.1935188068567 0.8627085308927955
2.0661781206891354 11.843273068118965 17.615904925344346 314.9377441552782 0.8912766916828742
2.0671694143829265 11.772379726566882 16.521322940216635 333.9997216201572 0.9215725637277559
