M[M_sun], R[km], Lambda[1], P_c[MeV/fm^3], rho_c[fm^-3]
0.24162668629717493 15.618656898711224 2160425.4255784233 3.5677272577965504 0.1711233750220791
0.25364424100638405 15.27727046157717 1723185.9906356044 3.7848235863511692 0.17388822266624468
0.2660402957845588 14.981264265877725 1382985.091475412 4.011409853787696 0.17666676226023487
0.2788156709600202 14.723486471145108 1116425.480676855 4.247742028630354 0.17945767444039412
0.2919704304129008 14.498403506538152 905827.0025387855 4.49444532004773 0.1822675258996188
0.3055055278720771 14.301224630263533 738650.5502189046 4.75167507038554 0.18509201775685794
0.31942193843976935 14.128134871549637 594870.6784467587 5.020114026226161 0.18793777891446048
0.33372173961178425 13.975890904630198 497671.55717099714 5.299985574257198 0.19080141930563826
0.34840205577554734 13.842018747468169 411001.3913707791 5.592019142174799 0.19368925196241601
0.3634655567423116 13.723965443100973 340638.1390620715 5.896380993136776 0.1965963210863447
0.3789185608433166 13.619996163073022 283300.3806555854 6.213935641300568 0.19953031649702876
0.3947507201213624 13.528457682520585 236414.792321076 6.5449408360847015 0.20248742244403414
0.41097671573216676 13.447854497215609 197860.3481677425 6.890098337075152 0.20547133927395214
0.4275845712082879 13.377045183477607 166070.9115020551 7.250113556625513 0.20848514612538088
0.4445796601707733 13.314937921081349 139800.98096073273 7.625246035327194 0.21152439868556022
0.46196138379391827 13.260588995822593 117980.73029871883 8.016443657563133 0.2145952414842103
0.47972618758161334 13.21315679266706 99810.95067730959 8.424411976916161 0.21769933039333028
0.49788350882671245 13.171987087662782 84641.64150567578 8.849592733969711 0.22083414589574
0.5164213153236568 13.136412517288596 71934.4090075717 9.292857497676644 0.22400307123783855
0.5353412264991416 13.105836726782767 61274.68128490389 9.755091944747454 0.2272090379373659
0.5546481229184698 13.079799631181166 52298.50191567672 10.237105693465692 0.2304533969789092
0.5743299812421387 13.057839609170587 44325.536520678084 10.73937087358022 0.2337328571226298
0.5943883072609117 13.039516390626066 38326.698995183004 11.263130302573877 0.23705358272998783
0.6148246521696943 13.024500827728836 32901.60908996338 11.809322530048894 0.24041720076610207
0.6356296035055514 13.012428993267442 28291.517771220202 12.378926604988978 0.24382534425982094
0.6567997602145611 13.00301375833809 24369.566313792715 12.972632990347934 0.24727598013539134
0.6783318070479423 12.995989868692885 21027.080460233235 13.59176560402149 0.2507738616294967
0.7002202540524156 12.991058681214996 18171.772976150325 14.237523564682306 0.25432164166923943
0.7224520868344206 12.988010570980109 15614.528571287141 14.911096617238082 0.25792130498432525
0.7450418148233227 12.986652291543562 13633.503269944678 15.613515291072645 0.2615727566198841
0.767963860372092 12.986745777767963 11835.734250018464 16.346044120894263 0.2652778751055305
0.7912080571068779 12.988139012951288 10288.56482669167 17.110300011781217 0.26904135942034424
0.8147837523672709 12.990667969413469 8956.230753987476 17.90773808413171 0.2728656422898888
0.8386651024054379 12.994135608045488 7807.065142352533 18.739721885892667 0.27675178880918294
0.8628469386304886 12.998398495447367 6814.36143854854 19.607599479435436 0.28070031199033624
0.8873269176981111 13.00335399716557 5955.119325383851 20.51345504265955 0.2847175566718275
0.9120829781687477 13.008845413108956 5211.009130257035 21.45908279516817 0.28880653638393405
0.9371036381845594 13.014741307479184 4565.105451372029 22.445964479637315 0.2929671534209085
0.9623874900411566 13.020950665680527 4004.319284374884 23.476130351077046 0.29720324610938054
0.9879084529229648 13.027331070928877 3516.426602766227 24.552000525118725 0.30152089588419867
1.0136502408313113 13.03379554099928 3091.7703167345608 25.675514210497028 0.30592171112611316
1.0396145863966963 13.040248263550543 2721.392320334823 26.848638938930584 0.31040699814844785
1.0657651564516508 13.046572351980835 2398.1563437784166 28.074468599981277 0.314985469541073
1.092097853815505 13.052705774041064 2115.713605635759 29.355053549252382 0.319657538746117
1.1185962172196058 13.05853967841542 1868.5196954580106 30.693158881094725 0.3244279547980668
1.1452271308485813 13.063993792987674 1652.0469406858615 32.09217521835334 0.32930471281254503
1.1719909113807714 13.069007800309846 1462.0200758144829 33.554052203575544 0.3342855658823518
1.1988467495318522 13.073462527607832 1295.4395254856456 35.083328258339186 0.33938405391274795
1.225792370115521 13.07733206763951 1149.0223352138378 36.682021504604215 0.3445969068452438
1.2527880350765457 13.08049226025745 1020.1240875277507 38.3551898789862 0.34993859653092946
1.2798303967484186 13.082936408585802 906.6866585573196 40.105077545084356 0.35540572807282184
1.3068742292899218 13.08452429260792 806.7178780594146 41.93714826337573 0.36101281715463956
1.3339114837982031 13.08523874014432 718.5447085361375 43.85489055589906 0.366761820494711
1.3609198142833954 13.085031081282889 640.5971856703733 45.862991284603176 0.3726604830022676
1.387850859199881 13.083772836949864 571.7796506994341 47.966784509303 0.37871876668979587
1.4147078065973129 13.081482013257428 510.79505061738683 50.1710268253564 0.38494232262116745
1.4414311440949665 13.07803117443532 456.8509429358232 52.48093821333065 0.3913381230489614
1.4680259869603984 13.073432700173148 409.0109745012272 54.902934623526725 0.39791785824584247
1.494434999114711 13.067567929249062 366.5159785811027 57.443205693596596 0.40469058884895615
1.5206472942287004 13.060420117402034 328.8232409653445 60.10837914968157 0.411666085551131
1.5466305610890434 13.05193360197966 295.2768464239157 62.90556024358369 0.41885488756449296
1.5723475189749214 13.042052485360355 265.4541196555498 65.84237496576839 0.4262683658571686
1.5977708555449635 13.030725473935535 238.91067423537996 68.92701741750884 0.4339187917217634
1.6228578966298648 13.017902908385205 215.22627853182277 72.168301773131 0.4418194113027151
1.6476099203410526 13.0035668875483 194.08808729963255 75.57571931735168 0.44998452678542955
1.6719582236821016 12.987631488049024 175.22553612875734 79.15919604221699 0.4584283111169645
1.6958959049583386 12.970080265538328 158.35093009983294 82.92894626782048 0.46716413119307
1.7193761524904272 12.95087077378864 143.26994420950862 86.89769610976242 0.476213489482746
1.7423571101671094 12.929927093132333 129.7787299687812 91.0770176740397 0.4855907056156519
1.7648413589076237 12.907285055078793 117.67473332428803 95.48101128029033 0.4953177434522748
1.786768141289915 12.882848463650493 106.81446233206682 100.12333511064364 0.5054120860700495
1.8081069380194514 12.856592490231748 97.08121193725823 105.02051959390869 0.5158994543673532
1.8288167876386336 12.828458653993367 88.32538198809026 110.18910573501942 0.5268023856133233
1.8488960894702713 12.798492304353863 80.45986214413135 115.64673638424568 0.5381442970458991
1.8682735538589454 12.766554252559194 73.38288288300265 121.41359872141398 0.5499544410107665
1.886952237436933 12.73273492295443 67.00612436650738 127.51112610218975 0.5622626554905249
1.9048760299662517 12.696919702650883 61.255322080825735 133.96174422455545 0.5750981853234161
1.9220174545100313 12.659103111467784 56.07109110018393 140.79115669924545 0.5884974004236864
1.9383308019772982 12.619216197904414 51.388458966532156 148.0270369431894 0.602498552123628
1.9538285038955714 12.577373672787362 47.15948218043813 155.69788505554433 0.6171374092673988
1.9684438262737571 12.53344770750901 43.337729004747416 163.83734498249058 0.6324615621834688
1.9821597265332174 12.487446351898267 39.87769428700407 172.47919746007702 0.6485125975223577
1.9949501765083433 12.439372403623544 36.74404806745868 181.66272013709852 0.6653436425926903
2.0067859183076124 12.389212641640304 33.901459866330285 191.42992215031046 0.6830091369178545
2.0176343612255834 12.336940057440792 31.32761253732583 201.8268372315492 0.7015683133880347
2.0274708915567294 12.282555962353715 28.989997080748694 212.90340349199363 0.7210838113234631
2.03628174612986 12.226092121418846 26.868307373858972 224.71512667517578 0.7416260245907891
2.0440260980010345 12.16749876721524 24.94119403865031 237.32314872896853 0.7632720159127497
2.0506863453188515 12.106794104761773 23.18618404124349 250.79434547313457 0.7861044133383945
2.056259100911692 12.044050475330536 21.592680410714994 265.2018515882249 0.8102114901167828
2.060707209136477 11.979202262337802 20.141294945585045 280.62732102237186 0.8356926562787995
2.0640133708486488 11.912306752048085 18.820881402628483 297.16056196839395 0.8626551349092428
2.0661749187325285 11.843408848145197 17.618040256615036 314.90194272682504 0.8912193806375197
2.0671696796201795 11.772518662073605 16.522984882830283 333.9608394518291 0.9215111524487674
