M[M_sun], R[km], Lambda[1], P_c[MeV/fm^3], rho_c[fm^-3]
0.24162668629717493 15.618656898711224 2160425.4255784233 3.5677272577965504 0.1711233750220791
0.25364423950695253 15.27726694755657 1723262.9567037288 3.784823021236328 0.17388821562236081
0.2660406653728038 14.981254159899892 1383005.9725754706 4.0114086658005474 0.1766667479041113
0.27881577363159016 14.72349274120514 1116371.2149692934 4.247740177576399 0.17945765297095773
0.2919703783253264 14.498418334361386 905885.2310645023 4.494442757350744 0.1822674973633931
0.3055056124537823 14.301221360679179 738653.2319757232 4.751671709026496 0.185091981447765
0.3194218651348139 14.128141942325714 605132.1824516349 5.02010984144121 0.18793773549570145
0.3337209391992632 13.975950799704052 497678.6302469229 5.299980455868313 0.19080136777195514
0.34840175197631545 13.842021310559439 411002.9887953137 5.59201307739933 0.193689193284045
0.3634645097788185 13.723974662124014 340640.016459359 5.896373845716402 0.19659625395626001
0.37891805362396336 13.6200176075439 283311.5288578493 6.21392732473695 0.19953024065998234
0.3947509092800469 13.528431218466949 236408.93263503636 6.54493135900924 0.20248733934288526
0.41097630333416435 13.44785220326218 197876.27947738318 6.890087516527642 0.20547124712162887
0.4275839669212148 13.377069845772773 166080.42265283354 7.250101291062153 0.2084850446555186
0.4445789517894781 13.314943673990907 139801.41638407164 7.62523235864569 0.21152428981038138
0.46196072127904864 13.260581533104059 117980.61365730973 8.016428331202013 0.2145951229224162
0.47972578112886594 13.213152364828947 99810.12322068769 8.424394881356866 0.21769920185862351
0.49788268208158276 13.171980595545351 84641.59899459581 8.849573932243668 0.22083400976321008
0.5164208949171887 13.13641096173823 71936.30744158215 9.292836685503683 0.22400292471884342
0.5353417233549821 13.105841873053759 61273.925554174035 9.75506898100861 0.22720888071545436
0.5546467291923327 13.07980673580972 52299.367525013746 10.237080428466678 0.23045322872387167
0.5743288869492319 13.057860841156113 44728.39997371268 10.73934341709613 0.233732680843497
0.5943864914315845 13.039518293285214 38328.358177822694 11.263100241685304 0.23705339490901203
0.614823055387601 13.024502768938754 32901.094498977094 11.809289687161503 0.24041700102654956
0.635628318371311 13.012430051126605 28291.75147015464 12.378890791428443 0.24382513220507154
0.6567981977887934 13.00302731896976 24370.70584485893 12.97259437057636 0.2472757594006138
0.6783305653889883 12.995988840055018 21027.913442626996 13.591723629610431 0.2507736279272215
0.7002188180815607 12.991052821842429 18172.049537552994 14.237478010560269 0.2543213945359041
0.7224527172204718 12.98800785701466 15729.899831565253 14.911047243871781 0.25792104392872617
0.745041268045516 12.986647230895647 13633.778823506236 15.613462325287843 0.2615724858939258
0.7679608188110492 12.986756746185291 11836.207834326206 16.345986845397565 0.2652775896015447
0.7912061306559729 12.988145424473384 10288.466592022347 17.110238139103682 0.26904105855446525
0.8147815994881498 12.99066611501189 8956.310427907529 17.907671307744884 0.2728653254407081
0.8386634305684574 12.994124903592038 7757.673650640354 18.739650501981714 0.27675146083704716
0.8628452668346038 12.998407131820949 6814.4976279295 19.6075225598013 0.2806999669004485
0.8873250531243608 13.003352671509845 5955.382136854351 20.513372217070245 0.2847171937172529
0.9120812110440973 13.008846591358536 5210.945851378285 21.45899366803837 0.2888061547673743
0.9371010996059979 13.014736980676316 4565.165706072911 22.445869422246748 0.2929667586066255
0.9623850626168884 13.020955930445021 4004.383348611462 23.476028170476923 0.29720283112360263
0.9879054274878288 13.027337068329787 3516.516620405291 24.55189074032932 0.3015204597613476
1.0136472652789275 13.033789525253361 3091.9351896220905 25.67539724649157 0.30592125973949014
1.0396122555440364 13.04024859500972 2721.3927221300596 26.848513365744086 0.31040652375556116
1.065762419494815 13.04657446130264 2398.276963699511 28.074333829779913 0.31498497096749556
1.0920947289309115 13.052706553861958 2115.7184598730805 29.354910059699336 0.3196570222718291
1.1185932447710412 13.058538040638721 1868.5568310074145 30.693004959002074 0.32442741182791107
1.1452240874733903 13.063993117771387 1652.0702466742052 32.0920113661059 0.3293041498323616
1.1719874401473163 13.069009503522405 1462.0021426049477 33.55387649912962 0.3342849737402532
1.19884304421998 13.073461654717484 1295.4811769682487 35.08313987236817 0.3393834309714134
1.2257893929420451 13.077328978261365 1149.024763799902 36.681820983807164 0.3445962599961925
1.2527844827916044 13.080492695808696 1020.1378431004167 38.35497640956657 0.3499379243361916
1.2798271097449228 13.082939692643265 906.6752329584488 40.104848700639295 0.35540502010456076
1.3068710226147946 13.084526710960281 806.7225468542838 41.93690459131178 0.36101208049707406
1.333908633657868 13.085237537096887 718.5681883902221 43.85462932413585 0.36676104397881165
1.360917718152958 13.08503077946871 640.6205553306869 45.86271304052746 0.37265967390629207
1.3878472006354527 13.083772688334419 571.77713801995 47.96648806440488 0.3787179229119213
1.414704316031957 13.081483859778562 510.8041055809832 50.17070892888477 0.38494143184022106
1.4414278698924683 13.078031124441091 456.86708407749757 52.48059936995599 0.3913371927120082
1.4680219971283184 13.073432437583069 408.9997080443039 54.90257333282575 0.39791688571625217
1.4944309775654268 13.067567375525915 366.5146975935226 57.44282033360687 0.4046895712862686
1.5206433371570016 13.060423508106375 328.8263627886625 60.10796796601899 0.4116650198943157
1.546626598404021 13.05193659490771 295.28246343366453 62.905121337475066 0.41885377051355194
1.5723431199901792 13.042055252538681 265.4593963468605 65.8419062808765 0.4262671938529003
1.5977668666019496 13.030728542345372 238.91008539254523 68.92651672541511 0.4339175609234908
1.6228539925735874 13.017906596202446 215.23313741862253 72.16776665732385 0.44181811756375633
1.6476057871481862 13.003568798835722 194.09216509775865 75.57514715554896 0.44998316562606017
1.6719554267105499 12.987632763012707 175.22659903564286 79.15858697460025 0.4584268901691829
1.6958919263904884 12.97008396532262 158.3567072429241 82.92829435171791 0.467162633091765
1.7193721322617812 12.950874414934196 143.27263108046176 86.89699798913655 0.47621190858301027
1.7423538511404273 12.929933451304027 129.77878873922361 91.07627305830866 0.4855890491197335
1.7648372274100583 12.907289241701546 117.67220082631214 95.48021299597514 0.495315991838239
1.786764080982249 12.882854844264298 106.81586212442156 100.12248246264505 0.5054102460926596
1.8081029836574962 12.856596592877816 97.08424774184539 105.01960816062994 0.5158975189368753
1.8288129442252161 12.828462581488571 88.32716180279756 110.18813069355681 0.5268003470609935
1.8488935568162657 12.798497637310417 80.46273848747232 115.64568848577822 0.5381421324492672
1.8682699544536836 12.766559567620538 73.38656864958199 121.41247605929698 0.5499521556821061
1.8869508240397392 12.7327401168136 67.00762073267707 127.50992237307894 0.5622602396158043
1.9048727561364365 12.69692727103555 61.25486054362692 133.96045695609197 0.5750956438557758
1.9220142504518958 12.659111684821566 56.072945931517296 140.789774074398 0.5884947065446978
1.9383276969459442 12.619223800825656 51.39049840747287 148.0255506817629 0.6024956932258281
1.9538252190178744 12.577381785916364 47.160444623042515 155.6962909587143 0.6171343882943344
1.9684415420233845 12.533453899905885 43.33711061816041 163.83563338966755 0.6324583649138511
1.9821569416523952 12.487456030465898 39.87831087134999 172.47735261094263 0.6485091912101427
1.9949476390508667 12.43938234304819 36.74399752752885 181.66073534366828 0.6653400272639364
2.006784122849624 12.389223443511428 33.90248704865908 191.42778452302164 0.6830052940796404
2.017632245805223 12.336950929654618 31.327064049226724 201.8245325516737 0.7015642228085937
2.027468999968038 12.28256799633809 28.99119286612024 212.90092186972058 0.7210794698737671
2.036279554709422 12.226105052046783 26.869409623051016 224.71244513973627 0.7416213894929435
2.0440251826298894 12.167511587824956 24.941738158964494 237.32025421604283 0.7632670805023168
2.0506852529485586 12.106807507112658 23.186748179742004 250.7912170696164 0.7860991494268526
2.0562587139963515 12.044063958865515 21.592524997861158 265.19845965217394 0.8102058457381267
2.060706482886676 11.97921999065272 20.141959679812558 280.6236526605582 0.8356866393116215
2.0640126819878306 11.912322936333808 18.820812944256474 297.15658205875746 0.862648686742507
2.0661748368130577 11.843425477193904 17.618660512025 314.8976193089419 0.8912124596958396
2.067168396913618 11.772537168540588 16.522660537084555 333.9561440091981 0.9215037363722011
