M[M_sun], R[km], Lambda[1], P_c[MeV/fm^3], rho_c[fm^-3]
0.24162668629717493 15.618656898711224 2160425.4255784233 3.5677272577965504 0.1711233750220791
0.2536406222356 15.277409342767555 1723173.14292404 3.7847748051269714 0.1738876146318179
0.26603439126237144 14.981395323681134 1383019.986062369 4.0113073065897344 0.17666552303786673
0.2788071366957129 14.723678500419044 1116610.6789459884 4.24758224681803 0.17945582121215722
0.29195869418938175 14.498573003944852 906059.5653436148 4.494224111539539 0.18226506269154027
0.3054904400668907 14.301431235319775 738809.1546215593 4.7513849249605995 0.18508888363251771
0.3194040426552405 14.128345571282171 605259.0027315432 5.019752807358664 0.18793403112929252
0.3336986886787812 13.976175392688598 497847.17222304083 5.299543773040007 0.19079697110046195
0.34837497140843005 13.842255487036077 411143.69142630504 5.591495656321066 0.19368418709277516
0.3634350552285924 13.72418805637854 340759.0922227445 5.895764063009591 0.19659052674803384
0.37888408577258437 13.620206130748523 283416.4025753063 6.213217802340387 0.19952377067004629
0.39471219550028946 13.528657925679534 236500.63836117118 6.544122834369562 0.20248024967405856
0.41093278279767265 13.448083749595884 197957.17077014293 6.889164382746127 0.20546338532696745
0.42753555404535704 13.377248595452173 164147.89088545812 7.249054887003961 0.20847638802291557
0.4445274368942413 13.31508965538605 139873.28198534437 7.6240655771811126 0.21151500147968533
0.46190313985708137 13.26074426719587 118043.50865642399 8.015120823045333 0.21458500828974933
0.47966266326838713 13.21331000345692 99867.486895816 8.422936452503643 0.21768823651249344
0.4978146301842463 13.172130523704283 84690.99209916443 8.84796996073532 0.22082239632416534
0.5163483910532329 13.136550790814988 71981.99334816111 9.291061216962538 0.22399042530962618
0.5352609129426614 13.105957367272241 61316.159078077406 9.753109979406634 0.22719546835352725
0.5545620337517574 13.07990901710174 52337.26844306736 10.234925126510216 0.23043887525362766
0.5742337594940725 13.057973517149117 44760.60566386282 10.737001179859627 0.23371764295490435
0.5942884853568963 13.039605878622854 38354.975540334744 11.260535849483478 0.237037372540129
0.6147207684669898 13.02456218591741 32648.095118614456 11.806487993518378 0.24039996205467673
0.635515256710039 13.012482652314237 28315.909819164135 12.37583570503403 0.24380704281183374
0.6566815159855506 13.003074924705414 24390.095087506947 12.969299920690812 0.24725692967602075
0.6782070599572719 12.996011460242084 21044.857338809386 13.588143040278279 0.2507536921651174
0.7000892004002659 12.991082166078051 18187.691495803138 14.233592086782197 0.2543003132097555
0.7223162311681751 12.988021128398096 15742.981305179399 14.906835557481127 0.25789877515517157
0.7448971465879385 12.986644122003177 13645.956782180598 15.608944224033676 0.26154939235728947
0.7678100096119128 12.98674692636221 11846.085206420574 16.3411011532125 0.26525323565137604
0.7910491430707729 12.988112436947729 10298.536444499088 17.1049603403354 0.2690153944062677
0.8146159110638552 12.990641502839459 8964.705022625298 17.90197526157607 0.27283829810892385
0.8384912466251178 12.994104486059545 7814.404636899271 18.733561470790427 0.27672348488927256
0.8626649634902267 12.998377521752095 6821.22366771611 19.600961383296085 0.2806705310393871
0.8871326055499573 13.00330775837283 5961.420190618363 20.506307322616045 0.2846862342543254
0.9118855120400496 13.008799226218459 5216.280605359109 21.451391321240035 0.28877360371992455
0.9368983685386366 13.01469145916294 4569.981351488828 22.437761288625246 0.29293308203563306
0.9621683993356623 13.020884522455502 4008.6625520855955 23.467312515373703 0.297167434258555
0.9876879270444885 13.027284378551663 3520.3627615175224 24.542526548289054 0.30148326027176237
1.0134266152805722 13.033748140169374 3095.442408141133 25.665420760909445 0.30588275856026603
1.0393785115967897 13.040186543544333 2724.543459541062 26.837802643323474 0.310366060574931
1.0655250644132137 13.04652837352698 2400.974534945699 28.062838744534705 0.31494244564872736
1.0918472623423308 13.052653380436722 2107.4569911790372 29.342671346950553 0.31961297042054143
1.1183382799924118 13.058485361276524 1870.7658229886788 30.67987652807751 0.32438110043712354
1.1449638533041622 13.063946232946048 1653.8894634903045 32.07803605943569 0.32925613205515514
1.1717199393660018 13.068953273956554 1463.8405400812203 33.53889041985679 0.3342344691079743
1.1985677459071233 13.073418980996994 1296.9941246287542 35.067072305418385 0.33933029988343766
1.225506924892483 13.077293966602843 1150.4126609746602 36.66471854873439 0.34454109018804774
1.2524967940340006 13.08046178611121 1021.4372193671597 38.33665495808077 0.3498799199494168
1.2795332743865653 13.082909271060393 907.8304752277664 40.08533085067636 0.3553446383972678
1.306570914185685 13.084505782987998 807.8135555203485 41.91612226452263 0.3609492523746818
1.3336022556890164 13.085227438360205 719.434074284699 43.83234956716859 0.36669481701886314
1.3606049800187325 13.085037237630138 641.448166905395 45.83898252835519 0.3725906688004415
1.3875308475257382 13.083793139711299 572.5429757178631 47.941205459188005 0.3786459604560716
1.4143818839552307 13.081521774211092 511.4868002398276 50.143597062954974 0.3848654614040964
1.4411088645418306 13.078099408732374 457.4755532566274 52.451701274103826 0.391257849367979
1.4676914838021835 13.073499060036083 409.5532694382981 54.87176107877951 0.39783394466982275
1.4940985263252118 13.067648956490073 367.04521355428614 57.40995563217688 0.404602790367635
1.5203071211582315 13.06052439336369 329.29294366246467 60.07290123960071 0.41157413813173854
1.5462883402978238 13.05205525405354 295.6984479207643 62.867690700017235 0.4187585065653541
1.5720029467727124 13.042195131279524 265.8290289758373 65.80193641501572 0.4261672442829371
1.5974244655743643 13.03089304853254 239.2500668063717 68.88381764521738 0.4338125983031356
1.6225112730240112 13.018095908841117 215.52702654366595 72.12213234365711 0.4417077883814357
1.647263589656212 13.003779298696701 194.3685916277026 75.52635404950108 0.44986708798308667
1.6716129870353968 12.987874232856102 175.47963005234305 79.10664701819681 0.45830571484512533
1.6955519963514338 12.97035155801545 158.59565676081354 82.87270092634681 0.4670348795621765
1.7190239516807269 12.951161979465876 143.4834728003911 86.83746499289548 0.4760770956373157
1.7420222471976243 12.930263768815594 129.97303696703923 91.01277570808972 0.4854477908880308
1.7645082478330125 12.907650452352405 117.84881110987321 95.41213977395792 0.49516662398912137
1.7864347201743815 12.883241692199945 106.97258974163152 100.04977410094008 0.5052533446024633
1.8077767135899472 12.857016575787913 97.22813380687549 104.94188773002256 0.5157324794395721
1.8285033245879 12.828943316515764 88.46000948127784 110.10476768105768 0.5266256992683153
1.8485796654427786 12.798989100659218 80.58191675576367 115.55633326824197 0.5379575554039524
1.8679716742068024 12.767122069657448 73.48667634261427 121.31674671427766 0.549757285816538
1.886649956576371 12.73331415107531 67.10388335857618 127.4072815945923 0.5620542403923667
1.9045806846790905 12.697535428559522 61.346157973152316 133.85069396885575 0.5748789376378665
1.921733129423923 12.659764792161285 56.15454726327718 140.6718816304593 0.5882650072316746
1.938063665748818 12.61994748259332 51.46616290946133 147.89882300355012 0.6022519262316907
1.953558761819836 12.578095185751883 47.22978644277394 155.56037012079284 0.6168768047006057
1.9681941164602776 12.53423822338608 43.401168245159774 163.68943757891194 0.6321848779414373
1.9819249657485278 12.488292365709212 39.934013930202354 172.3200553391407 0.6482187589962883
1.9947257298175096 12.440258479731666 36.7959047057174 181.49150816018468 0.6650317776027532
2.006574062139449 12.390137027929566 33.95372761523778 191.24552884577835 0.682677650862832
2.017442127145952 12.337928451739279 31.373046354136306 201.62803653921156 0.7012154617692067
2.0272963217074493 12.28359522136316 29.03403953154293 212.68934258152348 0.720709324567453
2.036123840864325 12.22718283684524 26.906805521763797 224.48382493605024 0.7412262140281971
2.0438873318243367 12.16864522269505 24.97503511791931 237.07347964520707 0.7628463071899437
2.050568045402722 12.107998378706002 23.219178807620015 250.52406444990262 0.7856489383312576
2.05615507380635 12.045277898469523 21.62226722824977 264.90928580585665 0.8097246436572084
2.0606298103957337 11.980507735829438 20.168422083653148 280.3106844476671 0.8351729202348956
2.0639649433636866 11.913682182629584 18.84617942932857 296.81729223701257 0.8620989764369518
2.0661428978338767 11.844825198433952 17.641524644917048 314.5290515718866 0.8906224552405088
2.0671601998766396 11.773995249908491 16.544934116746205 333.55586830423437 0.9208715328700084
