M[M_sun], R[km], Lambda[1], P_c[MeV/fm^3], rho_c[fm^-3]
0.24162668629717493 15.618656898711224 2160425.4255784233 3.5677272577965504 0.1711233750220791
0.25364442808247917 15.27727584782158 1723193.964916131 3.7848275445766855 0.17388827200361623
0.2660408452059989 14.981231473462417 1382960.06569724 4.011418174795516 0.17666686281470365
0.2788167161004185 14.723461156435226 1116447.8131454026 4.247754993961741 0.17945782481869987
0.29197090326116837 14.498391730976316 905895.8763501385 4.494463269952429 0.18226772577597358
0.305506986456718 14.301216792384436 738673.6858485762 4.751698614379909 0.18509227207693152
0.31942363194074214 14.128103848784942 605097.3049486437 5.020143337771781 0.1879380830330595
0.3337229720469171 13.975935620661907 497675.30128801364 5.300021425085662 0.1908017802639936
0.3484041837392856 13.84200079308816 410990.20529284305 5.592061621828065 0.1936896629647471
0.36346706450656907 13.723956688531135 340653.0423593549 5.896431056024378 0.1965967912875795
0.37892160689885207 13.619969670170104 283285.5878349919 6.213993893297396 0.19953084768509985
0.39475422588051845 13.528432647529046 236396.9004275126 6.54500721674143 0.20248800451271778
0.4109797164680321 13.44786852137367 197857.38483194882 6.890174127923559 0.20547198474062156
0.4275876193296867 13.37704750249269 166070.51767235273 7.25019946892758 0.20848585685583845
0.4445838490335969 13.31490516342097 139792.67275997868 7.625341831658965 0.21152516128595797
0.46196615286326653 13.260550695587348 117976.9366624269 8.016551008915153 0.214596071933708
0.47973170127656345 13.21313218616497 99803.09250844922 8.424531720456894 0.2177002306973582
0.4978898741284585 13.171968608476226 84638.0050381541 8.849724428209887 0.22083509941830748
0.5164283037096603 13.1363854505766 71934.82956485183 9.29300327393525 0.22400409751178724
0.5353475321306155 13.105833993261152 61269.581586976936 9.755252791495327 0.227210139179343
0.5546549259071515 13.079790641576741 52300.69509659338 10.237282659240435 0.23045457550193443
0.5743380153080236 13.05785417016051 44727.16616706959 10.739563189477932 0.2337340918502651
0.5943955742736748 13.039512653741875 38322.32770246664 11.263340860883444 0.23705489830211632
0.6148335612877427 13.024491839866423 32899.16829142575 11.80955257473746 0.24041859982162964
0.6356391680600068 13.012420382954614 28289.74469815869 12.37917745763548 0.2438268295769549
0.6568095837338479 13.003030942747648 24369.129994554376 12.97290349899145 0.24727752625187038
0.6783420950032666 12.995981025080798 21026.220970518065 13.592059610136499 0.2507754985767761
0.7002299183073668 12.991053852550698 18170.96132137594 14.237842644797153 0.25432337269443517
0.7224654812811896 12.988004090211435 15728.11557757492 14.911442449180836 0.2579231335281689
0.7450542221370379 12.98665295637923 13632.460392947673 15.613886286050999 0.2615746529001227
0.7679755639175547 12.986755791381938 11834.77471104245 16.34644530321915 0.26527987489880006
0.7912219550839469 12.988143975034188 10287.781582464737 17.1107333950544 0.26904346681644586
0.814797858714044 12.99066870465654 8955.404592107025 17.908205815460732 0.27286786164160065
0.8386808420030442 12.994125317789992 7806.478231671687 18.740221890647618 0.27675408607232255
0.86285911652458 12.998408919641568 6813.168722196358 19.608138259250726 0.2807027291555768
0.8873430838204621 13.003360486334364 5954.571067557316 20.514035190865915 0.2847200989712212
0.9120996429345933 13.008846591778694 5210.595550587138 21.459707082689775 0.288809209402316
0.9371201420978722 13.01474713154886 4564.649941303449 22.446630305831505 0.2929699188838552
0.9624046893053934 13.020949746572258 4004.0384625062675 23.476846072068525 0.29720615286498836
0.9879262083632855 13.027337741795257 3516.129522445773 24.552769509995123 0.3015239506960583
1.0136685393471183 13.033796271796422 3091.676301369547 25.67633348250535 0.30592487285457615
1.0396337006034468 13.040253640081893 2721.085050749319 26.84951851442985 0.3104103210262993
1.065785478896631 13.046581186226556 2397.8579651542314 28.075412596545064 0.3149889617948436
1.092118410301486 13.052705754916039 2115.5013149663114 29.35605862104448 0.31966115638745135
1.1186185617207116 13.058540354535738 1868.38067108392 30.69423702838108 0.32443175803248164
1.1452484845695108 13.064004287435994 1651.8869366072377 32.093322922123505 0.32930865620965505
1.1720120838338257 13.069010254971484 1461.8540342096337 33.55528292708531 0.3342897135474726
1.1988698510276294 13.07346464378927 1295.239508024987 35.084647810762526 0.33938841731488045
1.2258155026063458 13.077337339331846 1148.8737166395128 36.683426056512374 0.3446014377122795
1.2528122850987318 13.080500783755628 1019.9943993835017 38.35668513076089 0.3499433049354233
1.2798554078270326 13.082939303153767 906.5912632472858 40.106680492919544 0.3554106870579136
1.3068989313039057 13.084521361546523 803.2572014591113 41.93885507287223 0.361017977098328
1.3339374972783589 13.085233738854564 718.4937309746235 43.856720364471 0.36676725963209417
1.3609457595103882 13.085030100802971 640.5298064105858 45.8649402579797 0.37266615035209855
1.3878765340700019 13.083771029694548 571.7091332776388 47.968860972656294 0.3787246769747963
1.4147345430204434 13.08147857483632 510.7484640115015 50.17325354931723 0.3849485621470958
1.4414583331001962 13.078027466930823 456.80320698819475 52.48331166282739 0.39134463965202476
1.468052407191027 13.073426632457824 408.9436245313197 54.905465308631115 0.3979246703950097
1.4944622614976404 13.067560662253053 366.470661269111 57.44590497574458 0.40469771644100055
1.5206746886437084 13.060414074532584 328.7810108965463 60.111259317901485 0.41167355002788947
1.5466583137192127 13.051923782535285 295.2388906431248 62.90863459833156 0.4188627120417483
1.5723743359955389 13.04204227864451 265.41513745543483 65.84565791121635 0.426276575266399
1.597799643989195 13.030712391634303 238.88719088868652 68.93052456323767 0.4339274129661546
1.6228855382906584 13.017888364427954 215.19681354039128 72.17205004629335 0.4418284734289944
1.6476378695975589 13.003547411269155 194.06597640967388 75.5797270865056 0.44999406117326934
1.671986176180995 12.987615697775814 175.1918503704167 79.1634623253499 0.4584382643067042
1.6959240858578337 12.970061273592263 158.33972156713583 82.93351269226736 0.4671746248231493
1.7194037043718926 12.95084795521785 143.2536716409037 86.90258618398019 0.476224563094887
1.742386704655756 12.929909589572276 129.7630966115289 91.08223343342068 0.48560230876042254
1.764868329722778 12.90725539168435 117.65943753278933 95.48660297396269 0.49533001287675643
1.7867961010224431 12.882817222790516 106.81041887072357 100.12930760757281 0.5054249744593132
1.8081337108075144 12.856557954654248 97.06822293240927 105.02690386670183 0.5159130113840114
1.8288430340705846 12.828420943545892 88.31467305138922 110.19593556742299 0.5268166649760907
1.8489217470179444 12.798452278709103 80.44903232360492 115.65407656323144 0.5381594593227826
1.8682987526590045 12.766510699576846 73.37589204979427 121.42146260269142 0.5499704489912565
1.8869762506910621 12.732688374753923 66.99568024236022 127.51953222422009 0.5622794864089843
1.9048999298845717 12.696869858404018 61.247894935128286 133.9707611372802 0.5751159875088612
1.922040029838204 12.659050812138782 56.06410040644753 140.80084156430308 0.5885162702237867
1.938353883241318 12.619160934022721 51.383770538168896 148.03744776273155 0.602518577852988
1.9538499326245458 12.577313192926777 47.15746536119089 155.7090512417879 0.6171585703080813
1.968463462256693 12.533382680152979 43.33020399556451 163.8493342072318 0.6324839581549229
1.9821789746598961 12.487377905951266 39.873635001724004 172.4921201239251 0.6485364578082183
1.9949694670801854 12.43929849372903 36.739089372343166 181.6766230888773 0.6653689670121307
2.0068034641804804 12.389136334940149 33.896314371557175 191.44489568108463 0.6830360550137078
2.0176493756634484 12.336860022986814 31.323257225677924 201.84298094334946 0.7015969668840343
2.027484640936813 12.282472554914381 28.986102548960943 212.92078666248096 0.7211142221402286
2.03629387370167 12.226003822059146 26.865377472232506 224.73391021529028 0.7416584923870496
2.0440382060080444 12.167405447454595 24.938563950319082 237.34342415413272 0.763306587375187
2.050695596229789 12.106697157014933 23.183202955672808 250.81625928039404 0.7861412859292515
2.056268188994883 12.043947208890259 21.59053369004337 265.22561142156326 0.8102510278598751
2.0607133734898633 11.979096056619165 20.138416533260497 280.6530171985544 0.8357348039884714
2.0640184954655605 11.912198457495872 18.819039850739056 297.188440520855 0.8627003031595398
2.0661758132611445 11.843294712252357 17.615162531135343 314.93222754152083 0.891267860669283
2.0671691685665903 11.77240099314177 16.52156694283162 333.9937302893342 0.9215631008993052
