M[M_sun], R[km], Lambda[1], P_c[MeV/fm^3], rho_c[fm^-3]
0.24162668629717493 15.618656898711224 2160425.4255784233 3.5677272577965504 0.1711233750220791
0.25364493627601703 15.277252675077914 1723234.9835064397 3.784836095398641 0.17388837858548686
0.2660409641546958 14.981257608999515 1383033.8678028774 4.011436150432064 0.17666708003966283
0.2788173106760159 14.723482680607754 1116367.9196189935 4.247783002661859 0.17945814967741305
0.2919730249454481 14.498342894072362 905795.4947324803 4.494502046794477 0.18226815756510942
0.30550951616342903 14.301173627399983 738616.9351362288 4.751749476142652 0.18509282148104025
0.3194281168117001 14.128053731808496 605027.8104705618 5.020206659229089 0.18793874001761893
0.33372425528742455 13.975958257176737 497643.67511853174 5.300098873463404 0.19080256004064738
0.3484087854468981 13.841961736499316 410964.8105223372 5.592153390611816 0.19369055085297462
0.36347266815110335 13.723951189899314 340653.9333191417 5.896539207097856 0.19659780706534882
0.3789274315595326 13.619973753977579 283266.2421789887 6.214119735605443 0.19953199521542525
0.3947608568017957 13.528399028655247 236380.8829635562 6.545150619743093 0.2024892619633144
0.4109873405181095 13.447810322011426 197840.4115958884 6.890337860225194 0.2054733791536099
0.42759653001834186 13.377012070180134 166058.6250481444 7.250385067166149 0.20848739226250138
0.44459276352737565 13.314878347015046 139777.3621613749 7.625548782966784 0.21152680875143745
0.46197635982538476 13.26051829950443 117963.25956928598 8.016782923304273 0.21459786597900257
0.4797425980765769 13.213133351473758 99793.80628432478 8.424790406590313 0.21770217565544492
0.4979009906912253 13.17194694222764 84626.70950542434 8.85000893235946 0.22083715934990966
0.5164407413384274 13.136364164668304 71927.07567987918 9.293318200640183 0.22400631461542334
0.5353614324967253 13.105813357008518 61264.4362812116 9.755600276314913 0.2272125182443523
0.5546692848498893 13.079795608711411 52293.8312989046 10.237664967511714 0.23045712152588219
0.5743543620923155 13.057823847778437 44719.62522936332 10.739978660116314 0.23373675930046023
0.5944128984077758 13.039498625714419 38321.38221153732 11.263795742503007 0.237057740410707
0.6148516884351226 13.024480172288454 32895.29432829459 11.810049554913139 0.24042162229029088
0.6356574200777669 13.012418649060331 28284.662432968344 12.37971939162819 0.24383003840833883
0.6568300559910317 13.003007655605815 24365.31215545239 12.97348789813134 0.24728086643770986
0.6783630933100955 12.995981672622348 21022.55771675089 13.592694773780815 0.25077903499777715
0.7002540734142713 12.991060278846478 18168.33342775216 14.238531979045137 0.25432711236637345
0.722489951146267 12.987996925712007 15725.46582447779 14.912189578998982 0.2579270838851502
0.7450798579036714 12.98665182689282 13630.458096910234 15.614687778986703 0.26157874960035876
0.7680020342174029 12.986764606280197 11833.193281644275 16.347312014217085 0.26528419523574615
0.7912500213319035 12.988139154733986 10287.219000767816 17.11166967455261 0.2690480196265948
0.8148264948057494 12.99066938781593 8953.835410070049 17.90921630235065 0.27287265632964003
0.8387105565430927 12.994134086484545 7805.534595965679 18.741302102793288 0.27675904908821514
0.8628954165030538 12.998408317373977 6812.22753525943 19.60930224348453 0.2807079512187474
0.8873763644243938 13.003361397549336 5953.489828202461 20.51528855019614 0.2847255913861427
0.9121311249069758 13.008869658943095 5209.351545881772 21.46105580383825 0.2888149842357017
0.9371572166836671 13.014745451389954 4563.892260553346 22.448068770153363 0.29297589344571084
0.9624419478738836 13.020962249730651 4003.3093907832504 23.47839233324051 0.29721243269104675
0.987963754191571 13.027362270484804 3515.3247660618686 24.55443084715298 0.3015305503999127
1.0137081287595304 13.033808376729887 3090.855895179646 25.67810346435476 0.3059317035554123
1.0396748092366965 13.040266968658424 2720.5506428088315 26.851418781824496 0.310417499894336
1.065827404475869 13.046588578480135 2397.3159294536163 28.077452045839035 0.3149965066046025
1.0921625927199843 13.052723814637206 2114.9194113716044 29.35823002346068 0.3196689721029018
1.1186629310698588 13.058550282197887 1867.7812632164425 30.69656631133476 0.3244399747290345
1.1452955881157287 13.06400961087652 1651.495261197736 32.09580248263653 0.3293171757353509
1.172060607517645 13.069020058799856 1461.5568152556693 33.55794185363899 0.3342986744041053
1.1989187354153117 13.073480282403253 1294.9322292852692 35.08749865471526 0.3393978442829666
1.2258661579615038 13.077342081591995 1148.625121045456 36.68646054412604 0.34461122649959264
1.2528629870374164 13.080497540008965 1019.7460960570196 38.35991557828417 0.3499534773049823
1.279907731995562 13.082944538856799 906.3668199333696 40.110143622495166 0.35542140082386375
1.3069520581441838 13.084523921474865 806.4825253606392 41.94254259993592 0.3610291250512994
1.3339917905953032 13.085242354936327 718.3208359282625 43.86067363777222 0.3667790108048278
1.3610015721170183 13.085029402553387 640.3866786531137 45.86915099317235 0.37267839459805363
1.3879337674882064 13.083769797820231 571.5780444071154 47.97334715737496 0.3787374461046775
1.4147832838865448 13.08146300729158 510.62808373388077 50.17806438281048 0.38496204263270867
1.4415161714696478 13.078018672402859 456.7087676229401 52.4884395071168 0.39135871879120626
1.4681113774124912 13.07341492721542 408.85068516087 54.91093287233165 0.39793938809317164
1.494522670014872 13.067544300426304 366.38493454815915 57.45173680705104 0.40471311568870616
1.5207340447785098 13.060394371674441 328.7160985098761 60.11748196930623 0.4116896771542377
1.5467182461121591 13.05190322088209 295.1655175768326 62.91527680777989 0.4188796169928734
1.572434657616707 13.042017843481464 265.3542161075514 65.85275080152948 0.42629431191177736
1.5978487847638063 13.030678712142468 238.81123120891212 68.93810186185725 0.43394603943573296
1.6229462646624968 13.017857541312122 215.14789597617184 72.18014832765368 0.4418480524845098
1.6477039307601733 13.003510229914564 193.92448007919745 75.58838603962383 0.450014660617535
1.6720468409898517 12.987572746665373 175.1564056576854 79.17267982798006 0.45845976863488525
1.6959832535266801 12.970013187337127 158.29205296651284 82.94337868945823 0.4671972968559595
1.719464366337775 12.950794815424631 143.21926584782315 86.91315147110683 0.4762484882720086
1.7424461347237383 12.929849428431263 129.72376718282854 91.09350240791103 0.48562737808070316
1.7649273938613759 12.907189893765917 117.62708964050088 95.49868421144129 0.49535652180939377
1.7868538049821396 12.88275193759701 106.77814850596327 100.14221162806031 0.5054528207757001
1.8081917074458884 12.856482286943846 97.04816929359777 105.0406975940968 0.5159423023930474
1.8289055253875126 12.82835122632322 88.296936796399 110.21069200008631 0.5268475167514641
1.8489790479203723 12.79836133442788 80.42982107826103 115.66993569170221 0.5381922188096387
1.8683530801521315 12.766416111951457 73.356875728582 121.43845328498352 0.5500050357940127
1.8870282850544673 12.732589450821873 66.97767047875074 127.53768525964527 0.5623158182721439
1.9049501214186715 12.696761948286145 61.229064493512915 133.99024316267835 0.5751544510761124
1.9220898124471184 12.658935397175632 56.050777884534604 140.8217668376841 0.5885570406138122
1.9384011118186413 12.61903719574354 51.36878931878243 148.05994161588998 0.6025618458986772
1.9538955547984187 12.577183132323047 47.144131880073964 155.73317722761263 0.6172042914662644
1.9685081407123048 12.533240932800961 43.32134460725516 163.87523855232703 0.6325323476868409
1.9822209603198053 12.487232434264833 39.86265381731699 172.52004138782675 0.6485880113691649
1.995005743232338 12.439139062246555 36.72965750017446 181.7066625030585 0.6654236842215818
2.0068391833069925 12.388972604473691 33.88902083105236 191.47724835143714 0.6830942157972124
2.017682974111893 12.336686315407144 31.3149975179493 201.87786209659086 0.7016588774902958
2.0275160519782562 12.282293384407126 28.979026089297392 212.95834599629646 0.7211799299476352
2.0363215810158173 12.225811993879223 26.8588761720964 224.77449544249296 0.7417286449184667
2.0440622561295814 12.16720734439654 24.932524961497023 237.38723302742025 0.7633812855284938
2.0507174974858153 12.1064867703339 23.178792399246923 250.86360836614853 0.78622095640576
2.0562856007885193 12.04372731244964 21.58602089174234 265.2769387556082 0.8103364225147683
2.0607266771477284 11.97886650161716 20.134027153648343 280.70853928287835 0.8358258731294147
2.0640276588525084 11.911957993544961 18.814266953996203 297.24867835333436 0.8627978992416384
2.066184317463924 11.843044052810148 17.61196581455886 314.99766493107404 0.8913726130594137
2.0671708271275544 11.77213997043745 16.517309153445268 334.06479890868667 0.9216753481066511
