M[M_sun], R[km], Lambda[1], P_c[MeV/fm^3], rho_c[fm^-3]
0.24162668629717493 15.618656898711224 2160425.4255784233 3.5677272577965504 0.1711233750220791
0.25364463133114423 15.27727857471755 1723157.6901127442 3.78483158505216 0.17388832236619384
0.2660405317053106 14.981270127108347 1382987.528404042 4.011426668722474 0.17666696545879818
0.2788166755527828 14.723480012866975 1116399.8127871598 4.247768228745288 0.17945797832224464
0.2919720395110539 14.49839027102206 905877.7460462835 4.494481592927093 0.182267929806549
0.30550795461813474 14.301196789882544 738580.1697933824 4.751722647745921 0.18509253168315282
0.3194249560981665 14.12811072222454 605066.515541687 5.0201732586104955 0.18793839347330957
0.3337239465651986 13.975916035362374 497688.41172377416 5.300058021189012 0.19080214872603043
0.3484063560581616 13.841982462038159 410978.7920450331 5.592104984614062 0.19369008251163033
0.3634707115610295 13.723914271621354 340626.3760013156 5.8964821597664105 0.1965972712647394
0.3789246471888714 13.619948969875285 279367.92450857494 6.214053356488375 0.19953138991780325
0.3947568590512483 13.528425689397968 236383.99207162342 6.545074977689754 0.20248859868469402
0.41098336608291486 13.44785107832536 197846.3443884153 6.890251494837787 0.2054726436297289
0.427592831535576 13.377035017390089 166066.0054977108 7.25028716788609 0.2084865823668469
0.44458850157983115 13.314895124928308 139781.9474410734 7.6254396203137365 0.21152593974652784
0.46197099995987934 13.260532191963788 117967.20369134608 8.016660593047686 0.21459691965556812
0.4797360142181252 13.213142209780194 99808.21927500832 8.424653954678755 0.21770114972782628
0.4978946372868863 13.171959490044971 84630.52475626911 8.849858861859776 0.22083607277537176
0.5164351111142814 13.136372400098994 71930.93432004197 9.293152082717269 0.22400514513488978
0.5353542112137181 13.105821513180901 61267.42648911171 9.75541698448035 0.22721126333143085
0.5546629823918402 13.079784035324558 52300.07844972721 10.237463306819517 0.23045577854434027
0.574345928565919 13.057819985847543 44321.53041389852 10.739759506755407 0.233735352267998
0.5944038656434011 13.039532918242529 38322.89469152803 11.263555800399445 0.2370562412481019
0.6148418599891645 13.024488097427088 32897.12527992262 11.809787406391042 0.24042002798989137
0.6356466723827752 13.012426579252383 28287.88343052485 12.379433530557453 0.24382834580372725
0.6568193295112473 13.003020663467865 24366.062959782637 12.973179637245202 0.247279104544893
0.6783524050329791 12.995969984384894 21024.435052805507 13.592359735246697 0.25077716959298135
0.7002415063630935 12.991060137640162 18033.271136213534 14.238168366165738 0.2543251397487566
0.7224766530381588 12.988009572840625 15726.12212927729 14.911795479624438 0.2579250001332001
0.745066400647677 12.986639229248146 13631.65074257441 15.614265003691166 0.26157658865348593
0.7679889361756274 12.986753766987318 11833.783929013294 16.34685483709999 0.26528191632248144
0.7912351115344815 12.988144836173964 10286.805808630377 17.111175800777033 0.26904561808566385
0.8148092344240404 12.990678052651264 8954.456464499042 17.90868328491976 0.272870127200043
0.8386950532768419 12.994133447775935 7806.333038950206 18.74073230598781 0.2767564311667147
0.8628762949532576 12.998415520522267 6812.881441819402 19.60868825768142 0.28070519665166943
0.8873595518838057 13.003363125001913 5954.167469243505 20.514627419824293 0.2847226942103434
0.9121172445760956 13.008846376966067 5210.170583892074 21.4603443709163 0.2888119380859516
0.9371373060127247 13.01474584133537 4564.247706599998 22.447309998473145 0.2929727419401303
0.9624223465744551 13.020962785566615 4003.667129962751 23.477576699557034 0.2972091201603098
0.9879443169515997 13.027342626851103 3515.7781829700043 24.553554511730812 0.30152706913529637
1.0136877358021497 13.033802744914203 3091.3698950358253 25.677169819663895 0.3059281004407404
1.039652816278769 13.040256901608426 2720.8187201873166 26.850416412366066 0.31041371312301824
1.0658068702718593 13.046582633248748 2397.6843898919474 28.076376258785636 0.31499252680050394
1.0921393949182567 13.05270966786065 2115.190524465437 29.357084631962827 0.3196648493967835
1.1186376682246681 13.058547204716335 1867.8937465587098 30.69533763870328 0.3244356405067109
1.1452709204043816 13.064007492808658 1651.7018612379213 32.09449453942052 0.329312681771288
1.1720350872817356 13.069011589874755 1461.6852534464883 33.55653929565993 0.33429394763910614
1.1988920910239476 13.073470648394396 1295.0776351167522 35.08599486110316 0.3393928716451708
1.2258403588328126 13.077334687047308 1148.7836709305445 36.68485987926874 0.3446060630025406
1.252835637768712 13.080497653142693 1019.8832149645584 38.35821154534133 0.349948111468605
1.2798793327120108 13.082938206475081 906.4946758878649 40.108316850453264 0.3554157494014512
1.306923928241795 13.084519553647082 806.5670492682299 41.940597458908556 0.3610232445952861
1.3339621067258 13.085242047378431 718.4084410077014 43.85858831615498 0.3667728121505324
1.3609719700883567 13.085030001104997 640.4521103068918 45.866929860973656 0.3726719358473378
1.3879036097437085 13.083768687203355 571.6600108655225 47.970980726045006 0.37873071047721185
1.4147536737428716 13.081463944081733 510.6761657062111 50.175526699497894 0.3849549317644083
1.4414858813019293 13.078022454706709 456.7668044858678 52.48573460088381 0.3913512921321312
1.4680800802882565 13.073424208787262 408.89721338163685 54.90804876425561 0.39793162459292647
1.4944904650977016 13.06755344440699 366.4265785718296 57.44866054780723 0.40470499266943266
1.5207032727408851 13.060403071547803 328.7547431517631 60.11419955227587 0.41168117017694894
1.5466865939636205 13.051915292330749 295.2072703028954 62.911773073486735 0.4188706997105381
1.5724027994763337 13.042030137184149 265.392828859274 65.84900933244008 0.42628495590773624
1.5978172621667506 13.030692759465547 238.84813090023317 68.9341048664604 0.43393621404585436
1.6229146892649053 13.017872693881364 215.1696306573186 72.17587651260315 0.4418377246013079
1.647668036273535 13.003529085702446 194.04417939813354 75.58381846857797 0.45000379447426064
1.672015640336395 12.987594089632244 175.18047547292994 79.16781762051365 0.4584484251604934
1.6959528724607222 12.970036093971995 158.32250199395259 82.93817439856673 0.4671853374106482
1.719432851485801 12.950821968571198 143.2385881615209 86.90757830164213 0.47623586778522264
1.7424107005906622 12.929867123159285 129.7374614335115 91.08755804026431 0.48561415405073227
1.764895697391272 12.907225286249878 117.64169667372336 95.49231137055436 0.4953425383735016
1.7868236540055953 12.882783633782697 106.79632420050059 100.1354047645839 0.5054381318596254
1.8081610341543235 12.85652203429705 97.06035305273684 105.03342140481044 0.5159268513898463
1.8288698655907156 12.828382498164716 88.3038624462038 110.2029079773595 0.5268312424305528
1.8489494825808162 12.79840841805303 80.442111337316 115.66156998830417 0.5381749381532006
1.8683237452992385 12.766465775221413 73.364045701117 121.42949067798463 0.549986791210592
1.8870028762846809 12.732640066487367 66.99071604084494 127.52810950215049 0.5622966531516668
1.9049238914249857 12.696819085108078 61.24011152808568 133.97996635085204 0.5751341614586455
1.9220637694519247 12.658996569929105 56.057655065067614 140.8107286984308 0.5885355341209546
1.9383764088846025 12.61910246839452 51.37877625883888 148.04807603439733 0.6025390218623266
1.9538712144010926 12.577253265058983 47.15093974812339 155.72045067880967 0.6171801733823373
1.9684856505569535 12.533314571804922 43.32699454930918 163.8615738989188 0.6325068220007132
1.9821990430411276 12.487309060142504 39.86887191148141 172.5053127845338 0.6485608166135767
1.9949846776614775 12.439224929712951 36.73304649101567 181.69081654843956 0.6653948205955268
2.006820304775793 12.389059199568178 33.893367532151004 191.4601821229206 0.6830635356335295
2.017665038298458 12.336778061540858 31.31906506595356 201.8594620572343 0.7016262192354521
2.02749921448796 12.2823877912219 28.983783622480853 212.93853317755725 0.7211452686066143
2.0363072867896053 12.225912015762486 26.86203861686808 224.7530864170549 0.7416916389083205
2.0440486455737443 12.167312663537151 24.93490862223956 237.36412347626936 0.763341881620902
2.050706232452597 12.106597797902628 23.181326565177308 250.83863129239978 0.7861789295041706
2.056276531550062 12.043843223289125 21.588813785625845 265.249868124378 0.8102913924226436
2.0607195268069414 11.97898763606734 20.136210047949433 280.6792508017544 0.8357778332035372
2.064022618640495 11.912085554478962 18.81723758818769 297.21690222179177 0.8627464162148567
2.0661801338697794 11.8431759626624 17.61399190392081 314.9631459253962 0.8913173549206894
2.0671698925492303 11.77227547275601 16.520073702499772 334.0273093089325 0.9216161362784875
