M[M_sun], R[km], Lambda[1], P_c[MeV/fm^3], rho_c[fm^-3]
0.24162668629717493 15.618656898711224 2160425.4255784233 3.5677272577965504 0.1711233750220791
0.253643881119557 15.277269456370131 1723159.5988619665 3.7848173759526658 0.17388814525662333
0.266039668532094 14.98125703691311 1382998.4005299788 4.011396798271847 0.17666660449203067
0.27881465157674445 14.723550021276983 1116468.9217314925 4.247721686289421 0.17945743849989457
0.29196829726762286 14.498453736301913 905913.9931481637 4.494417157063302 0.1822672122982509
0.3055054194735274 14.301205908894104 738641.4996602167 4.7516381304712905 0.18509161873528315
0.31942032163007256 14.128151510890977 605114.9173741431 5.020068037253265 0.1879373017611166
0.33371811237213117 13.975975786907231 497682.42040230066 5.299929325437167 0.19080085297335422
0.3483987122338214 13.842045972016127 411017.12864211114 5.5919524930477955 0.1936886071137777
0.36345992616529543 13.724032423296151 340650.4513028166 5.8963024463098925 0.19659558335792435
0.37891428813705136 13.620015511054014 283317.0746600195 6.213844246220107 0.1995294830839418
0.3947460742371841 13.528458574728047 236412.04215436897 6.544836687621813 0.2024865092027123
0.41097082299536913 13.447903858546425 197872.15369285108 6.889979424617228 0.20547032656556077
0.4275785755726543 13.377078322199381 166088.17425103314 7.249978764284612 0.20848403102288893
0.44457295511889916 13.314947697379193 139802.84829823457 7.62509573563647 0.21152320220337967
0.46195407093066215 13.260581135954622 117982.30876700059 8.016275228896749 0.21459393855230707
0.47971908278734327 13.213154832344706 99817.79418753549 8.424224105861093 0.21769791786563508
0.497875401599545 13.17199178520688 84646.63457502681 8.849386113219971 0.22083264987322962
0.516413310885827 13.136405377171986 71943.79917227734 9.292628783413763 0.2240014610751692
0.5353309594748529 13.105869873444497 61281.44340634534 9.754839586192356 0.22720731015711654
0.5546368679098048 13.079819294780776 52303.751663409144 10.236828045605815 0.23045154795247322
0.5743190262352937 13.057851680905477 44733.1710900216 10.739069142786947 0.2337309199174725
0.5943771867779669 13.039530476205867 38331.527453617295 11.26279995118245 0.23705151868851604
0.6148110582352703 13.024510963731746 32903.66463168331 11.808961606454824 0.2404150057484624
0.6356150464792486 13.012464343638289 28294.68443463163 12.378533035830204 0.24382301390762784
0.6567840706276564 13.00302450289539 24372.40096549714 12.972208582959338 0.24727355439679455
0.6783165599876103 12.99597606211597 21029.77268309797 13.591304331627128 0.25077129338838716
0.7002037405549464 12.991068686344997 18173.987537374833 14.237022953955178 0.2543189258316124
0.7224374349296214 12.987996621287294 15731.123575386093 14.910554035932718 0.2579184361524362
0.745023688349472 12.986650282480841 13634.80183883082 15.612933231840596 0.26156978151918503
0.7679442338356014 12.98674799620092 11837.474576804965 16.345414701310673 0.26527473760677023
0.7911876198820622 12.988130349037155 10289.557202259268 17.1096200728417 0.26903805310752804
0.8147619482563706 12.990667472312454 8957.225038130478 17.907004257390504 0.2728621603344729
0.8386433425878513 12.994133431668178 7808.227204905863 18.73893742618798 0.27674818462273026
0.8628240551007996 12.998392173722689 6815.193816208568 19.60675418672386 0.2806965196950376
0.8872959893633332 13.003357569961365 5955.810180655375 20.51254484846928 0.2847135680597579
0.9120583025927069 13.008838020913581 5211.6367353543155 21.458103352424033 0.28880234269373756
0.937077496423978 13.014733864513527 4565.731906537396 22.444919868377248 0.2929628147004456
0.9623548275103643 13.020928049913422 4004.953195033504 23.475007461973224 0.29719868572308705
0.9878804725359656 13.027329506014025 3516.9318929209303 24.550794072716702 0.30151610322153527
1.0136218040227838 13.033782940298543 3092.087836760693 25.674228864857604 0.30591675072974706
1.0395852192567947 13.040239539486402 2721.769069058495 26.84725898621282 0.3104017849355676
1.0657349832021352 13.04656947983167 2398.6028933525604 28.072987580538513 0.31497999060615756
1.0920660063637437 13.052696571903766 2115.8903319684755 29.353476712133922 0.3196518631006735
1.1185630393767558 13.058533592427082 1868.8145720870193 30.691467400207582 0.3244219879896322
1.145194731904989 13.063989819014113 1652.3084956014995 32.09037461439642 0.3292985261147014
1.1719562402126957 13.069000512130865 1462.2280819053449 33.552121355411124 0.33427905872495894
1.1988097485380973 13.073462827082801 1295.5439657418026 35.08125805263456 0.3393772083037168
1.2257564985909857 13.07732737000774 1149.2016785656792 36.67981794899814 0.34458979851596166
1.252750832144033 13.080490322216617 1020.2947777947362 38.35284169716842 0.3499311959903605
1.279792017426889 13.082930980171522 906.7944210650397 40.10256274095363 0.3553979481089831
1.3068359382584092 13.084522539816001 806.85525316982 41.93447051869787 0.36100472192680183
1.3338718057568175 13.08524044892468 718.6806575573293 43.85201984838371 0.3667532872673548
1.3608802070033719 13.085032617095365 640.6883985345906 45.8599336293983 0.3726515917562829
1.3878099951304184 13.083776172887351 571.8649417225754 47.96352684613151 0.37870949432881323
1.4146665608724658 13.081490984409962 510.87866664313435 50.16753343251493 0.3849325337494458
1.4413890473956408 13.078037780969217 456.9338399204357 52.47721463653896 0.39132789950219504
1.4679835761222915 13.07344043914964 409.065956525873 54.898964375030594 0.39790717105092455
1.4943921793044834 13.067577407818172 366.5846077883117 57.43897095010364 0.40467940679299624
1.520604169400217 13.060432910383483 328.883030154822 60.103860632786024 0.4116543749975195
1.546586545698538 13.05194965148326 295.328725548773 62.9007370882596 0.4188426122507353
1.572302548178875 13.042072137478794 265.49859072854053 65.83722457560282 0.42625548667253527
1.5977268869447443 13.030747489957545 238.95061236184168 68.92151530518387 0.4339052664625671
1.6228139167300548 13.017930398663951 215.2667679780485 72.16242138448237 0.44180519440277294
1.6475660624503297 13.003593457150064 194.125282631132 75.56943183712194 0.4499695690189657
1.671914691573512 12.98766131939756 175.25613745486703 79.15250301067528 0.458412696350951
1.695852040475417 12.970118987453597 158.386483255808 82.9217823834447 0.46714766860763907
1.719332473261895 12.95091007506411 143.29976552767494 86.89002449452427 0.4761961170487381
1.7423185471291647 12.929973046694686 129.79295637240284 91.0688351346965 0.4855725024774977
1.7647983536979435 12.907329265402378 117.6948181675851 95.4722389909236 0.49529849509064716
1.7867254848725644 12.882896211262446 106.83708056109867 100.11396543295334 0.5053918667120858
1.8080646300877639 12.856647426029749 97.09710454939757 105.01050394106714 0.5158781861075505
1.8287760563918547 12.82851633811834 88.3436876548121 110.17839111053604 0.5267799841837019
1.848856578799013 12.798556243520101 80.47381128260754 115.63522115802414 0.5381205105621244
1.8680637426763014 12.766807343474962 73.45017575153953 121.42591100380781 0.644167027323222
1.879591630300968 12.734129211338452 68.80099888729234 128.3701964374191 1.1302779232518068
1.8818643932907184 12.694641753137788 66.18994373306785 136.8891638657133 1.5910726366049286
