M[M_sun], R[km], Lambda[1], P_c[MeV/fm^3], rho_c[fm^-3]
0.24162668629717493 15.618656898711224 2160425.4255784233 3.5677272577965504 0.1711233750220791
0.25364407191156974 15.277303641625746 1723247.55022438 3.7848210335565167 0.17388819084689083
0.2660401209736292 14.981271760408148 1382974.002194419 4.011404487292465 0.1766666974093071
0.27881565783791323 14.723487224209354 1116424.9208782606 4.2477336668659404 0.17945757745652785
0.29196971399738486 14.498428309386185 905888.0107306908 4.494433743582955 0.18226739699299677
0.3055047346920993 14.301249467943673 738689.3536729985 4.751659886132016 0.1850918537379403
0.3194219243085782 14.128127921493926 605100.057729501 5.020095122320452 0.18793758277914252
0.3337195098600178 13.975967864594738 497677.4115120816 5.299962452995695 0.19080118651290004
0.3484006797035401 13.842029299235643 411007.09746727993 5.591991745816799 0.19368898689511588
0.36346332159484795 13.72398391093545 340647.8757312562 5.896348706167262 0.19659601784029437
0.3789164928320448 13.62001124514799 283317.5078759365 6.213898072984718 0.1995299739192234
0.3947493994497541 13.528450628321714 236412.83895564103 6.54489802541545 0.2024870470522992
0.41097380101861325 13.447871555718924 197870.36365314788 6.890049457573206 0.20547092299560207
0.4275819082100705 13.377080376158613 166081.83061488642 7.25005814959267 0.20848468775719778
0.444576933162038 13.314934357065296 139796.58364673366 7.625184253891083 0.21152390686560346
0.46195812764475935 13.260571139212798 117982.42662282204 8.016374424080256 0.21459470590724739
0.47972335437880637 13.213149848069026 99810.81797731343 8.42433475149231 0.21769874976610207
0.4978804522080566 13.171980640448883 84641.5787715197 8.849507801337332 0.22083353094719263
0.5164181639166741 13.136410921917955 71938.63387279063 9.292763483325487 0.2240024093709453
0.5353375310060695 13.105853970415788 61276.85579258097 9.754988211209813 0.22720832772265784
0.5546442162283073 13.079816982079922 52299.733915973986 10.236991564537535 0.23045263692476953
0.5743259733686438 13.057838754931371 44730.36656839602 10.739246845146635 0.23373206082166698
0.5943824707320494 13.039524988723823 37995.218981227874 11.262994509376638 0.23705273429163412
0.6148196470881654 13.024526357466028 32902.44108255903 11.809174169853756 0.2404162984885821
0.6356226254905584 13.01243833405871 28292.078733853043 12.378764825510972 0.24382438635152714
0.6567932027862757 13.003031572643604 24371.44270445743 12.972458534506206 0.247274983017339
0.6783258869534845 12.995971412451523 21027.700022061603 13.591575994434388 0.25077280593411516
0.7002121288629305 12.991063123182808 18172.48846171139 14.237317784651664 0.2543205253025301
0.7224471297992032 12.987997349917373 15729.779071716599 14.910873584739155 0.25792012572743067
0.745035478907252 12.98664493401659 13634.303531850364 15.613276030734795 0.26157153367974467
0.7679553765762019 12.986754529970993 11836.27850978187 16.345785392538126 0.2652765854095665
0.7911995218358802 12.988138272383685 10288.602614121053 17.11002051684722 0.2690400003311252
0.8147746073402485 12.990659432957997 8956.653238343473 17.907436437965153 0.2728642110003972
0.8386553834880158 12.994127216184129 7807.531958147083 18.739399426433557 0.27675030727481337
0.862836977913401 12.998395288471981 6814.623928543656 19.607252013801997 0.2806987531311741
0.8873174336092695 13.0033508857537 5955.485671616216 20.513080898436556 0.2847159171138304
0.9120718374544405 13.008845062205776 5211.262851911449 21.458680185414376 0.28880481252555884
0.9370935481942657 13.014738538640747 4565.394931824681 22.445535081508424 0.2929653699455433
0.96237093949791 13.020940288057771 4004.4870149936282 23.475668775768153 0.2972013715149038
0.9878965232801945 13.027337120994947 3516.625167402849 24.551504599946938 0.30151892580891787
1.0136386849104795 13.033793210967799 3091.9198893227845 25.674985855160976 0.30591967210111587
1.0396023180641807 13.0402426248771 2721.5208507776606 26.848071693981137 0.3104048551991724
1.065753168012463 13.046574415674002 2398.383163281247 28.073859810056586 0.3149832173624194
1.0920844968311931 13.052696960059194 2115.8551139823285 29.354405372059773 0.3196552057062065
1.1185831768655745 13.058532718096414 1868.6252155033108 30.69246357781924 0.32442550207070797
1.1452134455535339 13.063988838067452 1652.1743803121676 32.09143505837281 0.32930216969575477
1.171977885381261 13.069004761862116 1462.1085354144523 33.55325850463934 0.334282891035103
1.1988317120046457 13.073464195659218 1295.5363941824603 35.082477274222555 0.33938123993897656
1.2257777904430234 13.077327170344804 1149.0895251884601 36.68111570485763 0.3445939848754761
1.2527727004395774 13.080494469792908 1020.2051580115344 38.35422558753493 0.34993556006959264
1.2798153620604158 13.082938445187738 906.7187410682617 40.104043801409794 0.3554025300152442
1.3068586400977324 13.084519373397635 806.7593930228878 41.936047540219754 0.3610094895017802
1.3338959643796868 13.085236818506791 718.6263653008199 43.85371051195274 0.36675831279382876
1.3609032667712162 13.085036113985469 640.644438226483 45.861734392516325 0.37265682813081497
1.3878343972078404 13.083774446358191 571.824368311335 47.96544540036142 0.37871495515347436
1.4146908616064757 13.08148363469819 510.8352250224806 50.169590815342374 0.38493829876285657
1.441414505145702 13.078035100319463 456.8843322272595 52.47940758193328 0.3913339205086222
1.4680082688556626 13.073435094433872 409.01922620302804 54.90130259307288 0.397913465113375
1.4944172396973876 13.067570774810367 366.53421862352224 57.44146493740261 0.4046859922935317
1.5206297829504347 13.06042720991267 328.8458440831666 60.106521742897584 0.4116612717455782
1.5466126441034178 13.051940789992798 295.2978375100164 62.903577609133386 0.4188498416021905
1.5723286411461417 13.042062175030749 265.46646634611363 65.84025781483754 0.4262630716606401
1.5977530620248634 13.030734464528797 238.92862489263916 68.9247556839697 0.43391323194207465
1.6228392078222833 13.017914939665465 215.24301325626072 72.16588454121538 0.4418135672086705
1.6448198163771532 13.002937911080183 196.02270926304675 75.7371581109419 0.6835471194674732
1.65782547462533 12.97995069185702 183.59054997443286 79.99363226840647 0.9721850032731766
1.6640691413995192 12.946888187735128 175.02832508893334 84.94790021965316 1.2411902236188104
1.6652704115241974 12.90403678125416 168.7539476307949 90.59690119075024 1.4920776748679196
