M[M_sun], R[km], Lambda[1], P_c[MeV/fm^3], rho_c[fm^-3]
0.24162668629717493 15.618656898711224 2160425.4255784233 3.5677272577965504 0.1711233750220791
0.25364204185981876 15.277367609088571 1683653.633390892 3.7848015548437752 0.17388794805413335
0.266038156557744 14.981274150414233 1383071.8045746535 4.01136353923296 0.17666620257617388
0.2788111324211796 14.723613432904735 1116559.1279118347 4.24766986420773 0.17945683744184115
0.2919646967747683 14.498498599159374 905936.1054173922 4.494345412183459 0.18226641340236274
0.3054989486655985 14.30131062553804 738688.0180412035 4.751544026834329 0.18509060223640447
0.3194138953677787 14.128231844450383 605160.9256304502 5.019950881770677 0.18793608622776686
0.33371036740241744 13.976070977421632 497738.08260822186 5.299786033862758 0.19079941026496364
0.3483901200335633 13.842068803271271 411052.80466842913 5.5917827077240085 0.19368696439406374
0.363451918833142 13.724061310743274 340702.1146272258 5.896102352940952 0.19659370403865897
0.3789033250104029 13.620103638419144 283346.63427024946 6.213611423557338 0.19952736002159407
0.3947340904648161 13.528534428914835 236455.11962283507 6.54457137750019 0.20248418279136207
0.41095652783918746 13.447950013150239 197901.97486249031 6.8896765054716305 0.2054677467790018
0.4275635053140634 13.37712112933795 166118.742487169 7.2496353937652085 0.20848119040658022
0.44455580027341174 13.314996366810325 139829.72920692194 7.624712862880625 0.21152015429005677
0.46193490645096796 13.260636890288623 118008.50062668484 8.01584617600263 0.2145906194812967
0.47969777491339183 13.213219683547587 99838.40035587808 8.423745527392239 0.2176943196245897
0.49785236751363443 13.172050039250658 84662.76264029379 8.848859773848467 0.2208288389512924
0.5163883972790478 13.136461517585582 71957.07359650223 9.292046165747623 0.22399735941047758
0.535305396841543 13.105889767877489 61294.57694618552 9.754196740240092 0.22720290889344913
0.5546087893867956 13.079870974516385 52316.159041629006 10.236120781371561 0.23044683784857775
0.5742896144298034 13.057875894788044 44743.51449154348 10.738300533371266 0.2337259852069384
0.5943433583667993 13.039574899266723 38339.43496996299 11.261958438423964 0.23704626090157274
0.6147777560761486 13.024538390063341 32911.28056931387 11.808042219497773 0.24040941434180027
0.6355761725142371 13.012455882333143 28303.311398546797 12.377530493716858 0.24381707778138312
0.6567462906790915 13.003036319548723 24378.614539015267 12.971127489495375 0.24726737530987777
0.6782760721540732 12.995999871161322 21035.2243919953 13.590129335924447 0.25076475132711484
0.7001609411231745 12.991073167741392 18178.858918457598 14.235747756396913 0.2543120078226228
0.7223929459001736 12.987995240508265 15735.711675888357 14.909171932161344 0.257911128448809
0.7449774339847932 12.98664093146449 13639.577840892647 15.61145057115834 0.261562203141265
0.7678942251821983 12.986753360794083 11839.989526296247 16.343811406654922 0.2652667455850315
0.7911363084540095 12.988133991505203 10293.153529732912 17.107888098286814 0.2690296311017634
0.8147060348882144 12.990664439368095 8959.750384653582 17.905135023604334 0.27285329095381416
0.8385852701340808 12.994122419436664 7809.929033701655 18.736939223686136 0.27673900391613204
0.8627637161257816 12.998397465903004 6817.4870377622165 19.60460103581404 0.28068685986482644
0.8872354669355 13.003329153778836 5957.574684684101 20.51022638699639 0.2847034082021006
0.9119939349679494 13.008831925662468 5213.379141883854 21.455608508695462 0.2887916604953661
0.9370105224007053 13.014719394678167 4567.269696514639 22.44225903453104 0.29295176311149757
0.962287144567672 13.02090966338203 4006.4620952581836 23.472147248979862 0.29718706954826896
0.9878081047326475 13.027308474930111 3518.161586420254 24.54772101906557 0.30150389543822637
1.013547974111164 13.033770374329185 3093.664943776236 25.67095486529037 0.30590411573488036
1.039507533431918 13.04021829588362 2722.745943568086 26.84374401869901 0.310388506021239
1.0656584864809162 13.04655990708977 2399.350178725901 28.069215193233713 0.3149660349051574
1.0919845519022178 13.052678817827195 2116.9389228550003 29.349460274226445 0.319637406390312
1.118480018592655 13.058515275905485 1869.5129953601047 30.687158963732763 0.3244067897007875
1.1451075936090627 13.063976865471558 1652.9623592635187 32.085788240253784 0.329282767784887
1.171867566379876 13.068987331792357 1462.8483269507421 33.54720325098019 0.3342624842059489
1.1987204415288366 13.07344045049566 1296.0646938613736 35.07598500802166 0.33935977177470755
1.225664230152102 13.077314328618298 1149.6459365496462 36.67420526502737 0.34457169286629674
1.2526559112991518 13.080486286850071 1020.7166719735776 38.3468248033876 0.3499121357898971
1.2796956656495206 13.082929878369958 907.1915063710971 40.09615732096297 0.3553781318794446
1.306737983102768 13.084519012728295 807.1873103460644 41.92765009778281 0.3609841027610864
1.333773154346806 13.085227870055569 718.9546972167252 43.84470796645099 0.36673155257282386
1.360776513731269 13.085038198988771 640.9716517086896 45.852145605919226 0.3726289452419288
1.3877072747677226 13.08378585490068 572.1290665707061 47.9552294197169 0.37868587717476976
1.4145612493426913 13.08150165122955 511.09934533071856 50.15863562951179 0.3849076011248729
1.44128346380506 13.07805158753626 457.11537417870966 52.46773058059963 0.39130185983795435
1.4678752223055898 13.073462134091741 409.25925622559373 54.88885207650766 0.397879950561958
1.4942827604220354 13.067601737978439 366.7383376275075 57.42818501836408 0.4046509259906779
1.5204934300257575 13.060468715325099 329.02989243467835 60.09235197173485 0.4116245482213112
1.5464762959626954 13.051988083256111 295.46879573298946 62.88845256148405 0.4188113471534283
1.5721914664594627 13.042117703820047 265.62767817783447 65.8241066377557 0.4262226836541016
1.5976141628573413 13.030800540182142 239.06586800604634 68.90750159581052 0.43387081804705296
1.6226950129628346 13.01796273929878 215.36177893745077 72.14744428003131 0.44176898455200836
1.6474521761765817 13.003663299121811 194.2143842563148 75.55341795634895 0.44993147237610875
1.6718018371809962 12.987741122899056 175.33877316958137 79.13545627471859 0.4583729265109914
1.6957404946444323 12.970204787289981 158.46133461742946 82.90353649702486 0.46710573961378693
1.7192039065882652 12.950970477261572 143.37734611784768 86.870485545474 0.47615187094248507
1.7422083511000694 12.930083036709757 129.86191909236823 91.04799498959397 0.48552614082562623
1.7646894793369674 12.907444728884082 117.75076786273964 95.4498969177821 0.4952494715934322
1.7866175327886917 12.883026263058643 106.88321539136192 100.09010197877859 0.5053403704132633
1.8079582122848834 12.856784399520942 97.14821493527428 104.98499537823085 0.5158240186208995
1.8286706719449741 12.828667339430813 88.38377387011118 110.15106540911977 0.5267227929390823
1.8487522796872131 12.798715938103918 80.51269470689338 115.60589367017806 0.5380599300923725
1.8681428923071215 12.766827962742479 73.42854825741176 121.36984224000082 0.5498653688495709
1.8868159427412978 12.732995838049368 67.05055151798881 127.4642102127072 0.5621684956746819
1.9047427460832616 12.697197478440012 61.296813321482844 133.91157257380456 0.5749991309066745
1.9218884547958244 12.659404306944236 56.109190042149116 140.7372687892028 0.5883924062823868
1.9382080592089401 12.619531796074897 51.42561613226493 147.96911010308273 0.6023871269646429
1.9537099642437654 12.577718918246129 47.195303765706484 155.63575565523493 0.6170196678345717
1.9683311752574455 12.533805503563013 43.365779936297784 163.77061499091778 0.6323368772901242
1.982054794928765 12.48783119427674 39.90239721391566 172.40729587350972 0.6483798391043181
1.9948493320617042 12.439773796439685 36.76814117381856 181.58536476125835 0.6652027387030044
2.0066871152227996 12.389621343228114 33.92573118863662 191.34661070884079 0.682859366940354
2.0175474516305187 12.337386301496363 31.346911917352234 201.7370156588095 0.7014088889565893
2.0273911721470586 12.283026587145155 29.008451193085662 212.80668639929593 0.7209146105561883
2.036210361360336 12.226585585662576 26.88604350457071 224.61061897857047 0.7414453805492314
2.04396351343456 12.168014405901507 24.956628057717122 237.2103413472681 0.7630796689642879
2.0506321988567127 12.107335430956864 23.20085341677613 250.6722790332115 0.7858987946164547
2.056209251799189 12.044593582191212 21.605620210769874 265.06966003216303 0.8099915156873284
2.0606739032154437 11.979790743920677 20.154290783134645 280.48435746002485 0.8354581627620727
2.0639939280801527 11.912935612828935 18.83299821124556 297.00545788748076 0.8624038385064413
2.066160296548379 11.844047812088167 17.628030737690025 314.73345280907836 0.8909496614186235
2.0671653841928586 11.773184107655506 16.53255593502003 333.77785255970696 0.9212221392695502
