M[M_sun], R[km], Lambda[1], P_c[MeV/fm^3], rho_c[fm^-3]
0.24162668629717493 15.618656898711224 2160425.4255784233 3.5677272577965504 0.1711233750220791
0.25363678335247897 15.277449587806318 1723435.5832007197 3.7846890312801027 0.17388654550219534
0.26602399553584594 14.98163401216864 1383335.8532469966 4.011126998572416 0.17666334412188794
0.2787916822446821 14.723967537878483 1116815.8474646644 4.247301310424722 0.17945256277335697
0.2919385715393877 14.4988824776128 906351.5828829469 4.493835180883776 0.18226073185842226
0.30546393484754913 14.301769619246382 739104.6326700554 4.750874801120113 0.18508337332145447
0.3193719891539794 14.12869440517981 605452.4865045275 5.019117739059103 0.18792744205057074
0.3336585551398774 13.976586710646885 498108.13274454843 5.298767049041514 0.1907891507786153
0.3483298901169662 13.842623216523585 411372.3776950341 5.590575343944099 0.19367528281735877
0.3633819541908174 13.724572165894482 340984.74268902245 5.894679496143547 0.19658034026650914
0.3788235981895794 13.620584071705947 283609.40661880263 6.21195586586473 0.1995122633288587
0.39464448915987205 13.52901188357373 236692.54186168226 6.542684845071601 0.20246764045054383
0.4108568702870974 13.448407146128666 195622.16323132702 6.887522593570745 0.20544940316139979
0.42745186092726317 13.377583625217868 166310.48966218682 7.247193903314743 0.2084609925817839
0.4444330680053096 13.315417793373442 140006.72563170572 7.621990548594852 0.2114984829178997
0.4618019549135348 13.26100730511423 118155.43799424551 8.012795573676804 0.21456702060600039
0.47955140414450786 13.213588130731814 99973.08214266572 8.420342864523779 0.21766873635665435
0.4976937030946483 13.172405943323314 84785.52571802026 8.84511760206926 0.22080174402870398
0.5162170993522135 13.136752337854855 72068.08057335377 9.287903950764388 0.2239681979587586
0.5351208746670146 13.10614627943521 61387.520977683955 9.749626415579202 0.22717161803160688
0.554410556290431 13.080120413970807 52403.79645374243 10.231092575959229 0.2304133519620409
0.5740738141108366 13.058089389252729 44817.220395198194 10.732836297481493 0.23369090311991764
0.5941193640721416 13.039780156493071 38404.96680985059 11.25597603495367 0.237008882736431
0.614536946166607 13.024697604174587 32968.66000526969 11.801506331527973 0.24036966523805559
0.6353195556724484 13.012611019958102 28353.907685072838 12.370403602028492 0.24377487892685978
0.6564700599059549 13.003154089312755 24428.752753173372 12.963442320297602 0.24722345003419527
0.6779880682104191 12.996074107811886 21076.903329998877 13.581776810959123 0.2507182467058833
0.6998576669518721 12.991131859739253 18214.96298644808 14.226683122226563 0.25426283173984904
0.7220724964460415 12.98803222969778 15766.785542696598 14.899347561166477 0.25785918329603447
0.7446403407166865 12.986661931626754 13667.61017178517 15.600911589004964 0.2615083348552801
0.7675410686734901 12.986742714024547 11865.721527576366 16.33241516801579 0.26520993819369076
0.7907674564410833 12.98809937450053 10315.382023173683 17.09557744889976 0.2689697685825298
0.8143218885949953 12.990606726463582 8980.763425547955 17.891849021659876 0.2727902498245824
0.8381821658723295 12.994062052021446 7828.167522873922 18.722736781707464 0.2766737510437809
0.8623441479380991 12.998309353355369 6833.353841303408 19.589297591615292 0.2806182029620839
0.8867984090394568 13.00324201311092 5972.225619314122 20.493748339875356 0.2846311988446546
0.9115382896437529 13.008717132759749 5226.208235394343 21.437877220238875 0.2887157402529454
0.9365373600217743 13.014604994180164 4578.9350924846985 22.423348340097295 0.2928732188529364
0.9617956727129416 13.02079066572849 4016.3846955403337 23.45181997713324 0.2971045144574789
0.9872996851004991 13.027183713976845 3527.2553568671947 24.525881564259432 0.3014171376519576
1.0130226240171818 13.033644234708353 3101.5552213743586 25.647687729451725 0.30581432337668163
1.0389650525411602 13.040085241641874 2729.980009440874 26.81876493953682 0.31029413955813573
1.065098167081239 13.046426849292938 2405.812861911745 28.042407336266894 0.31486686098528754
1.0914067688460003 13.052547565707355 2122.6361037668826 29.320918605743135 0.31953467390844587
1.1178852504845305 13.058386289516914 1874.6466440262645 30.656542957345845 0.3242987897543899
1.1445013107477666 13.06386639075498 1657.4629787204356 32.053017397344775 0.3291696231692425
1.1712399281483932 13.068874568906418 1466.9756170744974 33.51225630235711 0.33414470938590796
1.198082182815605 13.073354865551657 1299.9098036549804 35.03851677687038 0.3392358744919507
1.2250048086361105 13.077236176324675 1152.9737553297994 36.634324419256615 0.34444304343126253
1.2519829927571828 13.080414076140054 1023.7218814555836 38.30407283590147 0.34977670692906415
1.2790083902145688 13.082871926560486 909.9302360721515 40.05064561016435 0.3552373338507139
1.3060353678488164 13.084478418893033 809.6245721318816 41.87919065860068 0.36083760253486596
1.3330566356245535 13.085228953997019 721.1714627274433 43.79275791753296 0.36657713016085264
1.3600497797834459 13.085055382306924 642.9962990812736 45.796813727805215 0.3724680476566407
1.3869675914591533 13.0838403193733 573.863367042125 47.8962795596639 0.37851808684363003
1.4138026508774175 13.081560957834263 512.7265032128573 50.09542192227977 0.3847304693509142
1.4405307975818669 13.078185773011962 458.58169675936955 52.400353304208316 0.39111686708106774
1.4671018702222118 13.073604513254217 410.57235315278444 54.81701313742478 0.39768657305789834
1.4935069289568497 13.067792682782231 367.92910045401766 57.35156218916332 0.40444859950612094
1.5197109911239735 13.0607070011019 330.0885517438276 60.01059673152633 0.4114126647326319
1.5456859223373265 13.052267772545196 296.4306785654558 62.80118772098164 0.41858925119648727
1.5713978791108152 13.042447618355522 266.5286601321374 65.73092372500918 0.4259896683097577
1.5968113034031939 13.03116914720083 239.8283537034606 68.80795797571882 0.43362612052298266
1.62190487725379 13.018417251953185 216.08421724187835 72.04105997744749 0.4415117813167075
1.6466440505020543 13.004147087510734 194.86805111701545 75.43967214884756 0.44966087379564695
1.6710086327827698 12.988295665964465 175.93480093922517 79.01397204061048 0.45808875866548465
1.6949392984722116 12.970820668207653 159.00605458440688 82.77394304567936 0.4668079342400323
1.718428625264234 12.95168880016741 143.8519999030787 86.73171171464135 0.4758376164936729
1.741429522424904 12.930854332806282 130.30825465140836 90.8999829912096 0.48519686861047917
1.7639136595375842 12.908281485891706 118.15705937218107 95.29122234619621 0.49490130415306255
1.7858466014686405 12.883924074604552 107.25828731501394 99.92062671602646 0.5049746501487203
1.807184505177423 12.857736553802274 97.48341396129359 104.80384143878204 0.5154393378507666
1.827932474527794 12.82975560705243 88.6906517528762 109.95650958405724 0.5263147785501451
1.8480096191041888 12.799835396821155 80.79212517876724 115.39763101625056 0.5376297313152751
1.8674250082737738 12.768064077895867 73.67955798577863 121.14672852826864 0.5494111910945381
1.8861173240550426 12.734324919246705 67.28295379328328 127.22499407992188 0.5616883908049208
1.9040454780037483 12.698560395465394 61.50646890697992 133.65552575597894 0.5744932457415041
1.9212213048559579 12.660887096569292 56.30318574860273 140.4625201847435 0.5878570915192862
1.9375812223516553 12.6211817178793 51.603608454076905 147.67377894592016 0.6018190427901994
1.95309618426851 12.579409846110398 47.3534728207076 155.319008291665 0.6164193998737487
1.9677489590215786 12.535610353915022 43.515077880550066 163.42953975879715 0.6316982364187959
1.981508780918596 12.489771105661784 40.03971674733741 172.0407536882569 0.6477030590361421
1.99434778458594 12.441859596095862 36.889586745046834 181.1910338951664 0.6644844595627108
2.006207633285972 12.391781929624937 34.04118412122346 190.9219333389416 0.6820959193392472
2.0170981144862092 12.339644331974961 31.45210859127238 201.27917039314036 0.7005962587727379
2.0269839690899953 12.285411499393879 29.10652225626858 212.31309095316996 0.7200501479335958
2.0358403620536047 12.229080623887263 26.974141721078905 224.07795529493168 0.7405246586911379
2.043643365320319 12.170653308163585 25.037366167906058 236.63497108928487 0.7620979467357898
2.0503577250629568 12.110100770087428 23.277736063892647 250.04966017288058 0.78484919995402
2.0559767010251115 12.047466063098916 21.675504517162448 264.39597919468196 0.8088704716337282
2.0604867065642596 11.982788628778893 20.217814072364845 279.7545778180275 0.83425915013296
2.063860499050447 11.91606328983804 18.890674908898806 296.2149772849213 0.861122951371923
2.066084327621648 11.84731599625402 17.682581282530233 313.8749023775047 0.8895752910415475
2.0671441362359593 11.776583125304043 16.58214700644928 332.8454757759941 0.9197495246174077
