M[M_sun], R[km], Lambda[1], P_c[MeV/fm^3], rho_c[fm^-3]
0.24162668629717493 15.618656898711224 2160425.4255784233 3.5677272577965504 0.1711233750220791
0.25364195155092484 15.27738070010409 1723122.3778918784 3.7848021284524083 0.17388795520388825
0.26603760797613557 14.981317448365163 1383029.7217236233 4.011364745066101 0.17666621714795575
0.2788112832126742 14.723636101477037 1116551.4835270606 4.2476717430537 0.17945685923362306
0.29196464204989536 14.498528262927366 906010.2988535155 4.494348013337469 0.18226644236681633
0.3054994894273183 14.301303344164667 738700.1775275344 4.7515474386093075 0.18509063909008572
0.31941411903005174 14.12822912885881 605165.6968443574 5.019955129291011 0.18793613029742973
0.33371070428560534 13.97602554654909 497748.5507891924 5.299791228944056 0.19079946257081212
0.34839066285186293 13.84210973352688 411049.99093875085 5.591788863329304 0.19368702395123832
0.3634522190246063 13.724084792291865 340695.6801989336 5.896109607352409 0.19659377217362659
0.3789032623071644 13.620080545483415 283344.62162577646 6.213619864551886 0.19952743699330072
0.3947343566335132 13.528519397321054 236436.32981679527 6.544580996306163 0.2024842671352961
0.4109568556714788 13.447954276742934 197899.16872115908 6.8896874877632035 0.20546784030880536
0.42756407381122014 13.377139499366539 166112.5950073114 7.249647842584445 0.20848129339247143
0.4445564114782715 13.314994809952012 139836.5656324073 7.624726743813104 0.21152026479120473
0.46193601417125346 13.260633329708705 118008.4543373717 8.015861731143186 0.2145907398128847
0.4796982435060755 13.213244234046721 99835.01081825764 8.42376287801993 0.21769445007705424
0.49785318393476363 13.17204744367826 84664.05258684818 8.848878855983003 0.22082897711409963
0.5163893081710916 13.136453820867409 71957.627685425 9.292067288168422 0.22399750811363683
0.5353054572484263 13.105890738604772 61292.43123166301 9.754220046141418 0.22720306845798616
0.5546101092346907 13.079861968354372 52314.466387576496 10.236146422647812 0.23044700860947487
0.5742903861171419 13.05787531490514 44742.70525137035 10.73832839860829 0.23372616411039168
0.594344772012287 13.039571020632387 38337.524800676714 11.261988946632535 0.237046451517412
0.61477859663311 13.024530529880579 32912.091707900836 11.80807555087835 0.24040961705220634
0.6355784116057105 13.01244714564183 28302.784892838186 12.377566839710939 0.24381729298871105
0.6567481234705289 13.00303372034279 24378.797671091434 12.971166683198268 0.24726759932501138
0.6782772008842469 12.995987916867437 21034.843481186486 13.5901719338353 0.2507649885008698
0.7001624820851181 12.991072940424573 18178.625341867646 14.235793986883131 0.25431225862526685
0.7223939713867793 12.988006617431644 15735.4221430787 14.909222038261957 0.25791139337865054
0.7449786017501507 12.98665585577838 13639.302655055812 15.611504322693085 0.2615624778834558
0.7678960846009197 12.986760263548156 11840.208833922065 16.343869531446412 0.26526703532253887
0.7911374518310389 12.988128490836564 10292.993509384853 17.10795088800481 0.26902993642689965
0.8147099407543916 12.99064676899142 8959.917408653944 17.905202789253877 0.27285361249697576
0.8385876547297999 12.994125022199738 7809.8505831443335 18.737011664718427 0.2767393367451934
0.8627652298534838 12.99839424135101 6817.27190766483 19.60467909401801 0.28068721006275893
0.8872378202193492 13.003341310375157 5958.21617643718 20.510310438002342 0.284703776526641
0.9119967893840071 13.008835075756286 5213.483586193394 21.455698953853265 0.28879204775534006
0.9370136148344583 13.014715607678538 4567.288820534774 22.44235549711038 0.2929521637621347
0.9622884219610647 13.020920510592408 4006.4872949413716 23.472250939348825 0.29718749066566674
0.9878106903925579 13.027319176288831 3498.8575064180486 24.547832425201012 0.3015043380019155
1.013550199201264 13.03376874500818 3093.5785655473505 25.67107355599597 0.30590457378517183
1.0395115391119056 13.040216675284244 2722.7343449767886 26.84387144477701 0.31038898741401616
1.0656614769287835 13.046561629258749 2399.220906160499 28.06935195105452 0.3149665408318034
1.09198697028626 13.052676107408296 2116.6896068066235 29.34960587914984 0.31963793047863437
1.118483024546843 13.058515811612951 1869.4847066574803 30.68731515385798 0.3244073406715751
1.1451105392163015 13.063972915112265 1652.8859976200156 32.08595450587017 0.3292833390571684
1.1718694853092242 13.068991854680554 1462.8334952324306 33.547381542039616 0.33426308506520175
1.198722447930444 13.073443744069063 1296.0506379624162 35.076176165856914 0.33936040388184574
1.2256667694453711 13.077315998260344 1149.5896920248658 36.67440873498733 0.34457234922889113
1.2526604453476184 13.080485880109254 1020.6898259041835 38.34704292608772 0.34991282675479385
1.2796990680807563 13.08292913606951 907.2105942016334 40.096389527881385 0.3553788502500748
1.3067402630574598 13.084521279872835 807.1759678914707 41.92789734859676 0.3609848502377553
1.3337750168758984 13.085227908889228 718.9136518674962 43.84497303273178 0.36673234048689257
1.3607807807994812 13.08503625504386 640.9695226033282 45.852427932351794 0.3726297662088435
1.3877108887693956 13.083786343238407 572.1181783660404 47.95553021197433 0.3786867333266322
1.4145647268610537 13.08149860621766 511.10389720206416 50.158958185222005 0.38490850496151924
1.4412867589029599 13.078055665819464 457.10480712795606 52.46807438780165 0.3913028038037177
1.4678793924618163 13.073464464098507 409.24005933028127 54.88921865724241 0.39788093733136787
1.4942869393820621 13.067601968422714 366.7447417036047 57.42857601794542 0.40465195844499446
1.5204973654351166 13.060464866091298 329.0178166557509 60.09276916978432 0.41162562946549774
1.5464796865936712 13.051988620888794 295.45631384480134 62.88889788406803 0.4188124805348093
1.572194921351153 13.042116955444925 265.61584108587493 65.82458217074485 0.4262238727828801
1.5976183898131908 13.030799823631892 239.05468334560294 68.90800959960161 0.4338720668188958
1.6226987426315733 13.01796127762876 215.36352821236125 72.14798720578312 0.44177029717291677
1.6474570297631967 13.00366001933368 193.61896632001017 75.55399846390843 0.4499328533898357
1.6718062824926003 12.987738416616613 175.3356453316345 79.1360742219897 0.45837436817490507
1.695744256533998 12.970201105532237 158.4596920301213 82.90419791164835 0.46710725954266535
1.719209324511654 12.950969009244764 143.3764239517142 86.87119383143491 0.4761534748617032
1.742212426828559 12.93007937235982 129.86235725476348 91.04875044174103 0.48552782142858153
1.76469299873041 12.90744223543403 117.75054091229997 95.45070681186469 0.49525124868188997
1.7866211272471955 12.883021743386829 106.88781761475244 100.09096701993957 0.50534223713456
1.8079618813657887 12.856778486962712 97.14343010153443 104.985920051117 0.5158259821657115
1.8286745056844402 12.828661257583597 88.38532426611282 110.15205851672667 0.5267248756430736
1.84875589001883 12.798709508654296 80.5142180508928 115.60695676987083 0.5380621260894902
1.8681454972464024 12.766821736101125 73.4274085443675 121.37098117706448 0.5498676873080587
1.8868195475334373 12.732988962743857 67.04829196594419 127.46543137997968 0.5621709465476539
1.9047458297965068 12.697190620635237 61.29548518418989 133.91287847903956 0.5750017091690883
1.921892487557751 12.659395605099961 56.108493050986176 140.73867141665886 0.5883951391340634
1.9382108705642882 12.619525695707322 51.42316839437395 147.97061785011834 0.602390027191081
1.953713115028772 12.577708954683047 47.194438704338964 155.63737278041197 0.6170227324486588
1.9683342968880768 12.533795115573922 43.3652943520573 163.77235637276698 0.6323401379127576
1.9820581374078379 12.487821393931888 39.90186690196098 172.40916733159662 0.6483832945470545
1.9948523143043002 12.439763805742116 36.768405837072514 181.58737815958253 0.6652064061359692
2.006690305378156 12.389612872153632 33.92918780060678 191.3487791184774 0.682863265116364
2.017549271851723 12.337375178117545 31.345038157146956 201.7393534984453 0.701413038391334
2.0273941365229238 12.283013435186621 29.008126700358147 212.80920369830872 0.7209190144202059
2.0362123162364516 12.226570812276178 26.885776379931386 224.61333902945586 0.741450082221942
2.0439651286080838 12.16800095805479 24.95607552779731 237.21327739805656 0.7630846752005924
2.0506343299424623 12.107321468689175 23.20130362746158 250.67545866200695 0.785904154751884
2.0562097650777624 12.044579070820317 21.605488860626245 265.0731005498436 0.8099972409086388
2.060674681323111 11.979775467315871 20.153961184678717 280.4880783135977 0.8354642658279534
2.063995734700322 11.912919640714962 18.831968908164605 297.00949468772217 0.8624103788461508
2.066160535616861 11.844031257146884 17.628286876819743 314.73783796100327 0.8909566811843623
2.0671656891436996 11.773166507548682 16.53241382627163 333.7826149769993 0.9212296611272442
