M[M_sun], R[km], Lambda[1], P_c[MeV/fm^3], rho_c[fm^-3]
0.24162668629717493 15.618656898711224 2160425.4255784233 3.5677272577965504 0.1711233750220791
0.25364379211654475 15.277277628504793 1723216.0844495601 3.7848145241135995 0.17388810970982513
0.2660394814698815 14.9812608518194 1383019.9782989635 4.01139080313852 0.1766665320443825
0.27881430320831657 14.723560839043932 1116454.258753885 4.247712345038792 0.17945733015546422
0.2919676258542918 14.498472211617633 905940.3573244731 4.500841340458098 0.18232053465836764
0.30459270620109963 14.31149740523829 748021.1367796705 4.744971983994905 0.2328144653000229
0.31451692771156253 14.170491365636854 644006.4920915075 5.063114339018116 0.30924070948281834
0.3226762849703498 14.049262652955138 567471.1415639903 5.400378933962123 0.3762078301582465
0.32961734712638147 13.936611641793672 507029.6466188227 5.777183726389827 0.4370297175923208
0.3357170883584776 13.826982936363496 456818.69498310686 6.190268200691035 0.4958605001914291
0.3412803592796562 13.716794644941503 413251.7491404284 6.64136447084989 0.5519155227721902
0.3465397474443798 13.603965305862177 374201.3448793284 7.130946809377765 0.6044959995133188
0.35168133922302536 13.487510926650838 338523.8576629126 7.656100058094079 0.6526005260739116
0.35684757268996475 13.367110259755984 305427.0653609235 8.217289161338632 0.6981065502871113
0.3621577989826032 13.24285558199894 274594.47576073854 8.816046761042244 0.7416425805525179
0.3676932666029556 13.115096791881797 245857.16481157293 9.452601076548481 0.7832411514747595
0.37355151693622507 12.9844255775616 219108.9620378867 10.12716427956473 0.8230091688338188
0.37979290304762053 12.851656526467604 194288.41524020946 10.840035570127569 0.8610979817825211
0.38646745538199534 12.717431373618714 171454.81526040126 11.591659185404808 0.8976806050803795
0.3936362123225825 12.582857225422918 150529.9253577377 12.382654641544722 0.9329366659318933
0.4013230215370518 12.448784297429208 131543.71375705805 13.21383113705661 0.967043426974758
0.40956636296635524 12.316050672653054 114451.48725819959 14.086193655987381 1.0001710161058233
0.41838726637476853 12.185546309865565 99189.56115141553 15.000945297511223 1.0324803749109752
0.4277979434814961 12.057955029142933 85636.39323423625 15.959488457797523 1.0641228893586663
0.43781244908818046 11.93384468522644 73703.75595936424 16.963426347554325 1.0952410354688515
0.448439087426473 11.81392458069564 63259.68592461215 18.014565667076784 1.1259696386841724
0.4596848912842946 11.698679168702146 54176.89219399717 19.108645272141203 1.1560481547855865
0.4715360828503905 11.588308721418416 46309.31136951473 20.252982134287578 1.1859777925017638
0.4840003327890926 11.483067048721338 39529.324646288595 21.45027753007913 1.2159006939019694
0.49705847476870124 11.38318108363629 33710.187604988765 22.701183089443877 1.245847439753858
0.5107127160911538 11.288667711397652 28730.10036398787 24.00273792113426 1.275710152196221
0.5249373239903967 11.199638873288912 24477.269895277885 25.36503484263489 1.305988531922443
0.5397229842924878 11.115871660914916 20855.82578413144 26.784500873686273 1.3366070532528962
0.5550434874875876 11.037297838846623 17778.256380868323 28.266577295027368 1.3678988130363567
0.5708882627683111 10.963925010882855 15163.352147160876 29.81298567989395 1.4001693242383926
0.5872180891052505 10.895089420977513 12942.533077476599 31.427706619536114 1.433936823350533
0.6040134906434828 10.831097910828124 11061.114582713577 33.111505381791204 1.4701322837001427
0.621214151963757 10.771565871340892 9464.83765251671 34.873171218864094 1.510428790295612
0.6387833689311208 10.71581215238378 8113.114087114776 36.712262597257116 1.5589463504504
0.6566033070118319 10.664128327272605 6972.312906258877 38.638004309167215 1.615596783621895
0.6747780685127758 10.615740842468819 5998.663513688475 40.65088178003536 1.6406041732729386
0.6934799153883198 10.570280377102025 5161.77234612747 42.74656590285257 1.658618575429051
0.7126988637849877 10.527714892096022 4443.526819102331 44.927837258015856 1.6772799223102743
0.7323989525874173 10.488152425841347 3827.815045644693 47.19871968732957 1.6966216525592646
0.7525435236282754 10.4513039232333 3300.1993873620218 49.56372999687086 1.7166802902170182
0.7730943298182432 10.417230453436753 2848.7766485948573 52.02787396298292 1.7374948186127517
0.7939649176019502 10.385712580536815 2462.791283269128 54.59665190251184 1.7591042683356832
0.8151772649908635 10.35646352446114 2132.110487162634 57.276072624487476 1.7815502493939706
0.8366608791568957 10.329221556826985 1848.5840310411184 60.072675517453064 1.8048781504973104
0.8583738333727788 10.30406165918087 1605.667864005235 62.992986484100165 1.8291318273889239
0.8802817612465502 10.280508524074 1396.78582653961 66.03968996945397 1.8543168131639889
0.9023403108273261 10.258294255707156 1217.424243626086 69.2258732341847 1.880536463454608
0.9245172854817661 10.237491687257583 1063.1328551223737 72.55388939442867 1.907789416086506
0.9467724815942256 10.217537624117508 929.8950874907734 76.03675449493288 1.9361746193016702
0.9690585988726012 10.198571681293993 814.938569889005 79.67938946213113 1.9657109112425264
0.9913331408182483 10.180308490145022 715.5414534188088 83.49268402989742 1.9964720457622087
1.013541034871571 10.162544527566551 629.4994543631332 87.48729610280864 2.0285269076656793
1.0356747676015166 10.145080504678834 554.8278792601433 91.67363193332164 2.0619389085262942
1.0576928302998312 10.127742640327899 489.9010203725061 96.06320796338196 2.0967788635504077
1.0795313947236902 10.110500254132816 433.445259755073 100.66869679920939 2.133125151313847
1.101163768597887 10.093058016852527 384.16476595434114 105.5039897467605 2.1710639979274005
1.1225593571771804 10.075407109030408 341.1590067295658 110.58106987973852 2.2106582455424495
1.1436783487252038 10.057305434630809 303.4976459473449 115.91828875264413 2.2520283995472417
1.1644681049054064 10.038690703972291 270.51637347674637 121.53072529221654 2.2952570824760423
1.1848855673460996 10.019497448559457 241.5718235407209 127.43802581138557 2.340466028587781
1.2049556061960498 9.999445668205114 216.09371569025777 133.65764323378366 2.387748140421696
1.2245465471973225 9.978661718384444 193.6894226903792 140.21149302283604 2.4372331115258294
1.2436955953305828 9.95684519583289 173.90931577937116 147.12274538574994 2.489054757971249
1.2623449508908715 9.934043921118045 156.4343665570661 154.41526961956154 2.543344279028423
1.2804586767583472 9.91012297881622 140.98822743889323 162.11558874900436 2.600248947324903
1.2979846340710066 9.884983336029896 127.28120152821555 170.25443654246578 2.6599471294165724
1.3149274802810769 9.858574831809847 115.115769216363 178.86030068002228 2.7225804207535376
1.3312342916358753 9.83084509955172 104.30511569648995 187.96956965230797 2.788356780018045
1.346871151426236 9.80178062424214 94.67782537143295 197.6186299967001 2.8574672248900326
1.3618329800480933 9.77114833016291 86.09050039017512 207.84776298316007 2.9301241442559105
1.376046956830397 9.739054213999966 78.42854542583333 218.70146153753083 3.0065626549668885
1.3895313716320798 9.705397345273468 71.5800099815017 230.2269480511231 3.087022186880368
1.4022216589596417 9.670130367145674 65.44717433022046 242.4779806745244 3.171784547811671
1.4141200764266653 9.633262063797458 59.953273591725306 255.51035039610593 3.2611217575346174
1.425186914800572 9.594731608483524 55.01999955739671 269.38835580566194 3.355362880963254
1.4353933338486815 9.554484380109844 50.58224233819857 284.17980955402595 3.4548348690714814
1.4447424140135552 9.512485237712623 46.593480658768826 299.9616005605919 3.559919364684757
1.4531981549372208 9.468800118331478 42.999963914617574 316.81606909037896 3.671006232811129
1.4607434392913263 9.423367910278781 39.759985292950866 334.8353214716923 3.788535841307795
1.4673657658500099 9.376189092694219 36.83136710734291 354.12028913774043 3.9129808128244035
1.4730508363752812 9.327264487462072 34.1865269075339 374.78143007772354 4.044844724228377
1.4777704342839528 9.276597621620104 31.79746922194545 396.9426998488417 4.184699115617686
1.4815396603922002 9.224204884252446 29.593557841924575 420.7394407042828 4.333146085647457
1.4843172524126713 9.170106300508925 27.67358048663438 446.32279331471364 4.4908577155621145
1.4861251828364348 9.114326407530623 25.894950885277357 473.8595393383905 4.6585576911503725
1.4869584668608677 9.056889308882425 24.28600207354311 503.53575937780766 4.837048017380741
