M[M_sun], R[km], Lambda[1], P_c[MeV/fm^3], rho_c[fm^-3]
0.24162668629717493 15.618656898711224 2160425.4255784233 3.5677272577965504 0.1711233750220791
0.2536438582959762 15.277292071444473 1723228.6954248776 3.7848171244012057 0.17388814212115572
0.2660396616677684 14.981273909835751 1383036.215924967 4.011396269460341 0.17666659810165572
0.27881434652327286 14.723521718572743 1116418.7078428285 4.247720862327237 0.17945742894317493
0.2919681842948941 14.498452725098273 905931.8732847858 4.494416016328911 0.1822671995959087
0.3055047765359276 14.301214821332207 738697.5406262354 4.751636634231367 0.18509160257303636
0.31942055535227015 14.128140630566893 605113.8743726216 5.020066174486018 0.18793728243418745
0.3337189930487887 13.97597355895295 497710.54578269133 5.299927047100978 0.19080083003428924
0.3483985769499756 13.842047115527532 411017.8249137991 5.591949793454132 0.19368858099446637
0.3634599556962547 13.724065246152993 335729.7367736285 5.896299264808604 0.19659555347659097
0.3789142734912141 13.620009619894132 279403.29364862817 6.213840544310583 0.19952944932698433
0.39474625580349043 13.528462286371466 236402.80461092328 6.544832469147459 0.2024864722123911
0.41097061042413824 13.447886191420881 197879.73944453834 6.8899746081407915 0.2054702855464263
0.4275775506567614 13.377081399592278 166090.72634278858 7.249973304609043 0.20848398585639213
0.44457272794861435 13.314949027104559 139804.5691881432 7.625089647851655 0.21152315374069813
0.4619533531759 13.260588632527684 117983.59214495993 8.016268406817485 0.21459388577800856
0.4797181085630934 13.213164145906603 99816.13214851069 8.4242164962901 0.2176978606522992
0.4978750253762979 13.171993021064207 84649.04630019228 8.84937774421486 0.2208325892780568
0.516412511178878 13.136407926438014 71943.81248829562 9.292619519538436 0.22400139585690934
0.5353310446369618 13.105848055491094 61279.780918281314 9.75482936463571 0.22720724017492913
0.5546357595964022 13.079840652585338 52303.53354621768 10.236816799740103 0.2304514730593946
0.5743185806954335 13.057846673801828 44733.77065267881 10.73905692147538 0.23373084145286652
0.5943755441924563 13.039530192121976 38330.74003362552 11.262786570635033 0.23705143508661364
0.6148101765080882 13.024513186160469 32903.5022820741 11.808946987626198 0.24041491684159338
0.6356148454502698 13.012437202301971 28294.10644585801 12.378517094743613 0.24382291951927124
0.6567835063856793 13.003047835287108 24372.126550238747 12.97219139281877 0.2472734561450002
0.6783158623157115 12.995983448608282 21029.580559534632 13.591285648330087 0.2507711893647948
0.7002029908325779 12.991068834177879 18174.181040405518 14.23700267732558 0.2543188158299073
0.7224366747137159 12.987991272090278 15730.916557580415 14.910532059357967 0.2579183199540014
0.7450231906632555 12.986650039308776 13634.873483067578 15.612909656281671 0.2615696610165661
0.7679430805682687 12.986752819125812 11837.237513909222 16.34538920750752 0.26527461052655554
0.7911867813015291 12.988136039594389 10289.906096221921 17.109592532847113 0.2690379191898602
0.8147594825160486 12.990673101429282 8957.10333824923 17.90697453477463 0.27286201930278586
0.838643615310779 12.994130092163024 7808.082706676588 18.738905652781824 0.276748038640369
0.8628232092746065 12.998401963995736 6815.231304744618 19.606719949399704 0.2806963660937565
0.88729222546994 13.003357910437087 5955.5296538528055 20.51250798244511 0.28471340650712385
0.9120566734105275 13.008841651692887 5180.966778068205 21.45806368163403 0.2888021728349029
0.9370764649104683 13.014734301760878 4565.690059824738 22.444877558074335 0.29296263896753516
0.9623548383076949 13.020926994438307 4004.9754998520566 23.474961981199336 0.2971985010121507
0.9878785762616157 13.027329229820376 3516.9279098609295 24.55074520740041 0.3015159091028311
1.013620306216477 13.03377913213203 3092.21473422115 25.67417680414837 0.30591654981744376
1.0395835280312131 13.04024222890477 2721.7946272693307 26.84720309366662 0.3104015737835926
1.0657336379184548 13.04656259908012 2398.5871663545886 28.072927594527858 0.31497976869182026
1.0920653983386723 13.052699449285049 2115.935248391069 29.35341284525753 0.319651633219133
1.1185616352183063 13.05853304048142 1868.787164354701 30.691398889972135 0.32442174631533727
1.1451921594514745 13.06398649651346 1652.3118765970098 32.090301684402206 0.32929827553442464
1.171954389563593 13.068999287637299 1462.2495372522976 33.55204315021383 0.3342787951653807
1.198809152330141 13.0734594465918 1295.5703830661673 35.08117420312999 0.3393769310361368
1.225754537688646 13.077324299458411 1149.221516967698 36.67972869850749 0.3445895106076945
1.2527496994367946 13.080494557340037 1015.8537680032802 38.35274601883924 0.34993089290238844
1.2797911445265524 13.082930417981375 906.8359366021202 40.102460884196475 0.35539763299820465
1.3068342630252232 13.084520305280325 806.8569323083813 41.934362062487665 0.3610043940472474
1.3338711189967707 13.085232640154228 718.687444250603 43.851903576775 0.3667529416480025
1.3608784263586453 13.085032925081718 640.7134512602087 45.85980978601416 0.3726512316365447
1.3878083175062597 13.083777240987416 571.8621827016699 47.96339490201314 0.37870911877325986
1.4146651707111546 13.081488177196668 510.89470108937377 50.167391940889864 0.3849321372743197
1.4413875316741795 13.078039402195605 456.94174532888826 52.47706382201649 0.39132748542202167
1.4679820438227176 13.073441323203273 409.0766743400564 54.89880356983778 0.39790673819226563
1.4943902364673058 13.06757876681395 366.5736230768008 57.43879943237789 0.40467895389170233
1.5206016942661764 13.06043550479477 328.8740962194126 60.103677621732665 0.4116539006912811
1.5465847764373155 13.051950276469322 295.33081113448776 62.90054173882529 0.41884211507089397
1.5723009990155012 13.042073492953543 265.50167169828603 65.8370159726131 0.42625496503508
1.5977250609332143 13.03074714985594 238.95980234211223 68.92129245688287 0.43390471865822317
1.6228119671833277 13.017930521963342 215.26841254712238 72.16218321540751 0.4418046185860865
1.6475641309154856 13.003593632605682 194.1257035710335 75.56917718023655 0.4499689631962703
1.671913505505231 12.987662346701327 175.2597113545585 79.15223192835495 0.4584120639189991
1.6958494548126115 12.97011972660818 158.3824112820361 82.92149223094633 0.46714700183804286
1.7193307692734792 12.95091200190354 143.29867365908987 86.88971377827222 0.4761954134293025
1.742316813061177 12.92997486615287 129.795901250669 91.06850372535557 0.48557176521370154
1.764796644377386 12.907330284895686 117.6948299322666 95.47188369602544 0.49529771549430707
1.7867239621034057 12.8829004026637 106.83459890844556 100.1135859431364 0.5053910477895245
1.8080636911494383 12.856648934189977 97.10171038303037 105.0100982885525 0.5158773247035854
1.8287742643760716 12.828517842290877 88.3432379866874 110.17795714895689 0.526779076885477
1.848854772204622 12.798559111339944 80.47604121364247 115.63475477137331 0.5381195471682415
1.868242446028773 12.766655016341549 73.39090969879763 121.40076228189291 0.549928310723932
1.886912409829372 12.732811493975667 67.01824929767541 127.49736276694325 0.5622350325865048
1.9048363420105976 12.69700193115592 61.26699932590785 133.94702572550008 0.5750691264362273
1.9219796758526853 12.659191629196586 56.08263701583658 140.7753479275961 0.5884665989247414
1.9382950746782803 12.619309159473486 51.40007024414064 148.01004322822666 0.6024658638674072
1.9537928045723156 12.577472913188345 47.16832691646839 155.6796583899592 0.6171028679116
1.9684114088508882 12.53355466016587 43.34588937384849 163.81777491315992 0.6324250051313206
1.982128413103284 12.487558070567882 39.885013856698514 172.45810379469114 0.6484736503755564
1.9949188467609817 12.439490610240926 36.74877744583402 181.64002640928007 0.6653023056528026
2.006758744307893 12.389336295808173 33.90612673361343 191.40548098998406 0.6829651987508081
2.0176080906913882 12.337071793826034 31.331483022615142 201.80048607233024 0.7015215426797485
2.0274468939759642 12.282693534739419 28.99551048925244 212.8750292603734 0.7210341723028199
2.0362602853875797 12.226236082709132 26.8727412687427 224.684466742457 0.7415730281671752
2.044008103339184 12.167650204077965 24.946245600123913 237.29005372743632 0.7632155858949786
2.0506711281736663 12.106952658967106 23.19079182738647 250.75857629991054 0.7860442274439963
2.0562456107280824 12.044216980906665 21.596345928725544 265.16306934473806 0.8101469542104199
2.060697064192784 11.979375289960009 20.144542995549862 280.5853782966332 0.8356238604465043
2.0640052407323326 11.9124866257605 18.82353593095059 297.1150572088956 0.862581409045262
2.066170660059866 11.843596724637893 17.621148902101563 314.852510529346 0.8911402494119207
2.0671674324514404 11.772715069132996 16.525647899748645 333.90715378581467 0.9214263602276783
