M[M_sun], R[km], Lambda[1], P_c[MeV/fm^3], rho_c[fm^-3]
0.24162668629717493 15.618656898711224 2160425.4255784233 3.5677272577965504 0.1711233750220791
0.25364097393594437 15.27737381025454 1723321.0329232968 3.7847802018570085 0.17388768189945433
0.2660348920959534 14.981392833750325 1383189.4614797689 4.011318651426848 0.17666566013352797
0.27880802726099024 14.723664394574355 1116569.5709731164 4.247599923404352 0.1794560262339205
0.29196000576404724 14.498552175351804 906041.0523074674 4.49424858354483 0.18226533519299884
0.30549265602599046 14.301377865938353 738795.0557748837 4.75141702311685 0.18508923035386546
0.3194059050719651 14.128323681297772 605236.8833715001 5.0197927679217065 0.18793444573555745
0.3337004486194476 13.976142921485039 497801.80658230383 5.2995926478175654 0.19079746318837404
0.34837760935296896 13.842235147627914 411123.8797232252 5.591553567148699 0.19368474739596322
0.36343920044473144 13.72414700621746 340755.6694634777 5.895832310641919 0.1965911677442394
0.3788884403027603 13.620168196888635 283391.95290771284 6.213297212386495 0.19952449479405088
0.394716383734562 13.528625555441085 236493.77280986492 6.54421332418982 0.20248104314753645
0.41093757729516556 13.448061757771404 197946.79490052047 6.889267698851305 0.20546426521027406
0.42754083268518245 13.377230156795004 166151.48286021652 7.249171998554549 0.20847735685676047
0.444531682922654 13.315088617277155 139843.6517863287 7.624196160316522 0.21151604100540786
0.46190962430112764 13.260713973732464 118038.39610975799 8.015267154928736 0.2145861402851717
0.47966962069937735 13.21329130806301 99855.75959530115 8.423099673792024 0.2176894637084029
0.49782047195143564 13.172151309202741 84688.26738765353 8.848149469461854 0.22082369604404362
0.5163554213370346 13.136520772815567 71978.11624725701 9.291259917451685 0.2239918241734573
0.5352692386785534 13.10595031968595 61309.754825558455 9.753329218396965 0.22719696937970502
0.5545711838520223 13.079907106152817 51847.205151639326 10.235166332551385 0.23044048159176705
0.5742497922587201 13.057913962611348 44757.57661670944 10.737263304839871 0.23371932587847366
0.5943009544712774 13.039584678622756 38354.18268348531 11.260822834391924 0.23703916562703034
0.614732075713039 13.02455615415418 32923.4973106436 11.806801533076465 0.2404018688983191
0.6355286252397602 13.01246917623597 28312.195859099716 12.376177599665008 0.24380906719531334
0.6566941115489826 13.00307401664762 24388.0476242583 12.969668600403272 0.24725903689807294
0.6782218919545362 12.996001686971871 21043.412980768222 13.588543738992362 0.25075592314820383
0.7001031788401677 12.991083949977037 18186.188498833726 14.234026952138953 0.2543026723755395
0.7223317788889813 12.987998810751865 15740.811278425776 14.907306875076436 0.2579012671889625
0.7449126537569969 12.98666093854326 13644.447059593684 15.609449828827701 0.2615519766736156
0.7678276951118798 12.986749489099049 11845.03909269313 16.34164789015386 0.2652559609979024
0.7910655330537995 12.9881206793332 10297.09026562069 17.105550952285054 0.2690182663521809
0.8146329235881624 12.990655464815612 8963.637557803902 17.90261267319768 0.2728413225814913
0.8385090019705829 12.994113779104254 7813.412561454208 18.73424285534436 0.27672661549874006
0.8626846102423792 12.998366891429315 6820.453269126831 19.601695597642358 0.2806738249961141
0.8871533114629406 13.003314687763298 5960.801799064564 20.507097899054624 0.28468969868286004
0.9119054874376177 13.008809615545013 5215.622137005743 21.45224203389302 0.28877724622514933
0.9369228721495098 13.01468682345159 4569.460180053693 22.43866859445325 0.29293685046750095
0.9621934278682204 13.020890042069173 4008.117451525001 23.46828779653438 0.2971713951651328
0.9877121105731694 13.02728520974486 3519.891296610699 24.54357439338085 0.3014874228628766
1.0134483687047002 13.033739473461933 3094.8194456813576 25.66653711482614 0.3058870667850282
1.0394045783289467 13.04019462574031 2724.066579114256 26.839001148778546 0.31037058831272596
1.065553096787311 13.04653361483702 2400.5211145860962 28.064125009224504 0.3149472041011257
1.0918749123154865 13.05265823683577 2107.3105655240647 29.344040813353164 0.31961789965873416
1.11836686299622 13.058492159678428 1870.5039980826857 30.681345539958127 0.324386282471722
1.1449919482019035 13.063948972071183 1653.7452683665572 32.07959982364083 0.3292615049949394
1.1717490263004726 13.068963850772667 1463.6382669579527 33.540567271826774 0.3342401202720038
1.1985983321135427 13.073424699165967 1296.779105859071 35.068870155842156 0.3393362448873907
1.225539347468034 13.077294868488694 1150.2661958158344 36.666632182066714 0.3445472632729537
1.2525291098637024 13.080471922168684 1021.248293156555 38.33870638237847 0.349886418411875
1.2795657138916638 13.082911490211181 907.7141694474782 40.087514720110036 0.355351394559712
1.3066048102982164 13.084512669820109 807.6992520986602 41.91844760246928 0.36095628222358167
1.3336359985979043 13.085230197259662 719.3359325325167 43.834842432865685 0.3667022271049301
1.3606401375628263 13.085041188386512 641.3503685089104 45.84163770037438 0.3725983896799954
1.3875662832800062 13.083793217683946 572.4674670840761 47.944034273495284 0.3786540121747512
1.4144184925030674 13.081517524884925 511.412904657202 50.14663052376068 0.38487396149556824
1.4411455625307068 13.07809393160246 457.4102948120819 52.454934567826655 0.39126672678113145
1.4677285124351893 13.073491147885912 409.49172384894575 54.87520851540839 0.3978432245492197
1.4941355537773928 13.067639551246286 366.97177509747695 57.413632680500726 0.4046124998010855
1.5203444652874862 13.060513267854612 329.22159323020287 60.07682463092517 0.4115843063098169
1.5463256831586036 13.052043325544963 295.6483023553475 62.87187854222932 0.41876916495673205
1.572039707813667 13.042181141754604 265.7832508234805 65.80640831814416 0.4261784268272109
1.5974625625748313 13.030875994512387 239.21008847494443 68.88859485978388 0.43382434162305206
1.6225489708577892 13.018076199829602 215.48833965298843 72.12723791326643 0.4417201320166307
1.6473013662213123 13.003757111312924 194.34101204139583 75.53181297930263 0.44988007464771707
1.6716504065420092 12.987847938966176 175.45027562502656 79.11245797335175 0.4583192717370202
1.6955901616152786 12.970323864871903 158.5632675103083 82.87892057083015 0.46704917228708465
1.7190522347535355 12.95109330131674 143.46420212469445 86.84412532611186 0.4760921780151045
1.7420596120001195 12.930228519411791 129.95238646376342 91.01987950301837 0.48546359421693414
1.7645451708510216 12.907612216301892 117.8242968740855 95.41975542450014 0.49518333442690315
1.7864720480330143 12.883196700742 106.95549643030367 100.0579082370405 0.5052708977152784
1.8078133148023434 12.856970739004078 97.20442993069724 104.95058250863599 0.5157509428201827
1.8285382763471056 12.828890880955555 88.44675265843965 110.11410584860441 0.5266452828851211
1.8486139901747214 12.798934461129432 80.56948150016119 115.56632946540425 0.5379782040978672
1.8680063863952938 12.767061182588574 73.47603094791427 121.327455885564 0.5497790857648036
1.8866834479504793 12.73325001245174 67.09314023626125 127.41876383036096 0.5620772851479361
1.9046135156568063 12.697466642746573 61.334524038571814 133.86297284419763 0.5749031799503483
1.92174975366304 12.659640464674732 56.151215265051235 140.68506978717969 0.5882907027761685
1.9380946769964786 12.619868683255278 51.45808999269221 147.91299936952993 0.602279195176971
1.953591722042253 12.578025813024825 47.223305803986065 155.57557472626948 0.6169056189499863
1.9682223213963126 12.534150084149744 43.39387581584651 163.70581026159172 0.6322155347096453
1.9819522783465149 12.488200427098603 39.92873059963296 172.33765079949993 0.6482512470899938
1.9947503006842426 12.440160275628905 36.790199927436106 181.51043790339395 0.6650662583924847
2.006596235664008 12.390033833872058 33.948036048972114 191.26591571928932 0.6827143005898465
2.0174643700930495 12.337818768247509 31.368564235144138 201.65001605301427 0.7012544732381062
2.0273155478037075 12.283482164704417 29.0272876675259 212.71300899908988 0.7207507275490687
2.0361409650686517 12.227062078691697 26.902414519113435 224.50939715136647 0.7412704162111593
2.04390249269223 12.16851741601791 24.971848344375537 237.10108216604448 0.7628933720235822
2.050581214197379 12.107860473591444 23.2158029509235 250.5539564332887 0.7856993294584954
2.056166169784062 12.045140568236421 21.61901251917465 264.94162993400136 0.8097784661655955
2.0606388127841333 11.980363096475307 20.16512743471024 280.3457265075975 0.8352304998158033
2.063971228687174 11.913531626706636 18.84345850245496 296.85524078883833 0.8621604598905733
2.0661461520126765 11.84466856500291 17.63821151659832 314.5702741442998 0.8906884444710863
2.067161361134602 11.773831988530894 16.542397109961566 333.6006365934241 0.9209422408067179
