M[M_sun], R[km], Lambda[1], P_c[MeV/fm^3], rho_c[fm^-3]
0.24162668629717493 15.618656898711224 2160425.4255784233 3.5677272577965504 0.1711233750220791
0.25364130140280766 15.277381257806843 1723244.2242416872 3.784787253915901 0.1738877697999664
0.2660356998348506 14.98135999451923 1383121.8656093532 4.01133347607911 0.17666583928070165
0.2788092401870914 14.72363215721473 1116555.5757057443 4.247623022002713 0.17945629414285266
0.29196291323083445 14.498474700669364 906058.1480833457 4.494280562019223 0.18226569128073303
0.3054943214931837 14.301357352224638 738758.1058436733 4.751458967058162 0.18508968342848284
0.3194082672167726 14.128302773738683 605213.4942323621 5.019844986093658 0.1879349875192458
0.33370431298501446 13.976117103047859 497790.59642698243 5.299656514712442 0.1907981062220311
0.3483829423787504 13.842173466133906 411096.35962698306 5.591629242014396 0.19368547957110627
0.3634420321795071 13.724146742936941 340745.50503223145 5.8959214932970445 0.19659200536660942
0.3788936917941674 13.62013240848154 283381.10420939734 6.2134009817544325 0.19952544104574
0.39472211968958565 13.528621034742622 236469.13657539935 6.544331572320553 0.2024820800238976
0.4109438680482318 13.4480324938399 197932.9511743175 6.889402708087725 0.20546541500558585
0.4275477363686989 13.37720263912093 166134.68208625965 7.249325035425627 0.2084786228915749
0.4445410780220445 13.315038843071289 139852.73616459142 7.624366801650192 0.21151739942014589
0.4619181510780305 13.260711475466083 118029.476528119 8.01545837654449 0.2145876195389656
0.4796806212241617 13.213246514263604 99850.59360398234 8.42331296634642 0.21769106737023441
0.49783202989309083 13.172092951396552 84680.70106046228 8.84838404635308 0.22082539448096308
0.5163663547024269 13.136498101861172 71969.84532665032 9.291519574106509 0.22399365217249498
0.5352811941533937 13.105924413064916 61304.623479936396 9.753615714799547 0.22719893088572848
0.5545832997188069 13.07990336046687 52326.99614630988 10.235481535605274 0.23044258072114485
0.5742609521464977 13.057910462080502 44752.197809883524 10.737605844909286 0.23372152509182495
0.5943152193609607 13.039598652167665 38347.13702155282 11.261197861687588 0.23704150880436026
0.6147467761735217 13.024549790847335 32920.12972898244 11.807211262363573 0.24040436073600296
0.6355448987035868 13.012461594977234 28310.583128913655 12.37662438385193 0.24381171263763682
0.656710585635535 13.003059187423792 24384.540105552845 12.970150387833504 0.24726179059745793
0.6782388078760008 12.996002191352169 21040.477869478877 13.589067369590715 0.2507588385830864
0.7001222678026862 12.991079976909592 18183.5841527042 14.2345952325981 0.2543057553247653
0.722352483581681 12.988006737472467 15738.747818794267 14.907922792385689 0.2579045237759483
0.7449346661212449 12.986655244012848 13643.090457732082 15.610110553673307 0.26155535386075024
0.7678480861168132 12.986751713143454 11843.07747302269 16.342362367920188 0.26525952249037027
0.791088505140516 12.988127804005908 10295.50456711548 17.106322767573243 0.26902201942856874
0.8146583959283252 12.990649120994426 8962.626977110349 17.90344564821286 0.27284527498837774
0.8385359586454704 12.994111237594035 7812.659752471009 18.735133295992455 0.2767307066127917
0.8627107899326983 12.998372027787836 6819.275817656321 19.602655078718605 0.28067812958259014
0.887180847391674 13.00331973199837 5959.797008485753 20.508131036907237 0.2846942260531207
0.9119368278021307 13.00882175688375 5215.222971216591 21.45335376091901 0.28878200631833295
0.9369504229481652 13.014707250883975 4568.65826061544 22.439854280400894 0.2929417751319003
0.9622232915089005 13.020899628213412 4007.519031758527 23.469562316609736 0.29717657136985565
0.9877435248410927 13.027292156845286 3519.3141552088714 24.54494374446174 0.3014928626446595
1.0134800576512377 13.033754991499691 3094.412257140282 25.667995997405097 0.30589269689386533
1.0394387980228292 13.040204377272973 2723.7613289241476 26.840567392508433 0.31037650529950467
1.065589015141736 13.04653927852968 2400.184625581216 28.065805942904074 0.3149534226057324
1.0919107254249467 13.052660147832048 2117.48163822224 29.3458304808191 0.3196243413627501
1.118404516973443 13.058498734515238 1870.2094730886279 30.68326530105463 0.32439305455338735
1.1447478461999185 13.06378212904593 1655.347300762103 32.01823473891182 0.36871129298977806
1.1668432310778563 13.063815185156395 1492.137274018705 33.65714459054656 0.49481485234970535
1.185190079139489 13.056376524754983 1363.1673417533357 35.3894726720161 0.6011357429676627
1.2005877418577855 13.041491828554378 1256.7889394919016 37.29373641913037 0.7024919110197246
1.2136446834552879 13.019463435992169 1166.207667525901 39.37200241839702 0.7995663521620582
1.2248869402593063 12.990950924345421 1086.6135529278824 41.627846715512476 0.8925952675614668
1.234650065051762 12.956201744212636 1015.075213167745 44.06465516013575 0.9817838781762704
1.2432679350592801 12.915759718350369 949.5880935755972 46.687113919090756 1.0679005584916823
1.2510218834104327 12.870144565309326 888.8848196869615 49.49984767818428 1.1511142735414557
1.2580626828507209 12.81953575099003 831.8186652010796 52.50786030016549 1.231614485505884
1.2646617880804225 12.76462015431189 777.7634213793925 55.718065391506144 1.3091933609742732
1.27090237673272 12.705533200087297 726.2961233435274 59.137163566147194 1.3857919552779543
1.2769301597868414 12.642792712739162 677.1890066071278 62.774021834779546 1.4622690719673814
1.282811984085451 12.57664623562059 630.3839200772801 66.63870565921076 1.538894573620361
1.2886418487888764 12.507500263603696 585.6734590339076 70.74248377252157 1.6159481332081576
1.2944580047467609 12.435604640738795 543.1223654600334 75.09793904991224 1.6937163389963559
1.3003202699772636 12.361283597469512 502.73048854915334 79.71540728504804 1.7723308143249836
1.3062414358362204 12.284712810077211 464.3906486295845 84.61217047574998 1.8522044972478844
1.31229255366076 12.206308338690503 428.1888653268961 89.80085104806246 1.9335014487956674
1.3184245502678302 12.12609882629626 394.0820092794213 95.30030462507376 2.0166163208587307
1.3247039801675657 12.044500208801939 362.1227990859161 101.12750825689221 2.1019035710384912
1.331079980120513 11.961612030272878 332.1819457812005 107.3015103021137 2.190043739787717
1.3375800400560622 11.877693048744037 304.2689243508648 113.84412859803453 2.283189598103372
1.3441385441990399 11.79294974095131 278.40023626524277 120.78399611050288 2.3965321774799975
1.3506612072614868 11.70758072836958 254.62082496230076 128.15854087052412 2.4900528140269182
1.3573707497567853 11.620921513061857 232.3612428191571 135.94543910808432 2.5426221293075835
1.3643093201317016 11.533313367124338 211.63754297219873 144.16558670573298 2.5977494991084282
1.3714632269246703 11.44519203135116 192.46713747464884 152.8490492075866 2.6555892066468765
1.3788209613557108 11.357077480360267 174.8239400776279 162.0304137698142 2.716321385912091
1.3862882280027895 11.26890147735343 158.63581612894203 171.74573894340585 2.78012729789281
1.393838596438106 11.180910472988948 143.86325938278077 182.03463366908917 2.8472051781034238
1.4014009655923976 11.093259401897171 130.44180072703082 192.93820702399677 2.9177514320449767
1.408897036510955 11.005924107292465 118.26028993689798 204.5061349469191 2.9920186041491896
1.4162728064806036 10.918974876204597 107.26266256171878 216.7884953952673 3.0702445630792745
1.4234610228474625 10.832475380057952 97.32464441132922 229.84080052826488 3.1526925889333994
1.430402475605132 10.746351561297363 88.37879441717271 243.72492561227426 3.239657072078568
1.4370203265585253 10.660546089008218 80.33886142223741 258.50928634261277 3.331462412705601
1.4432584205703871 10.575098767770115 73.11182209772477 274.26555561507286 3.4284305125497165
1.449069434897731 10.489939845360514 66.61688448071679 291.07638935211565 3.5309449084073687
1.4543909464076161 10.405029142529248 60.800519182657936 309.0307810676896 3.639405397946616
1.4591638043859774 10.3202418761946 55.57606938015318 328.22642498197376 3.7542434976898673
1.463345090792385 10.235580568395195 50.889129170421015 348.77277255403055 3.8759443955855715
1.4668824829548575 10.151050247536753 46.68159996842164 370.7894089469768 4.005025071795569
1.469764321817291 10.066530131355117 42.91655590914662 394.4095201910506 4.14205818128649
1.4719231835550712 9.982027591572745 39.538518455517135 419.7782498189508 4.287646261551619
1.4733376932294011 9.897465098681199 36.499980483062664 447.06038984312704 4.442484532350031
1.4739614526386724 9.812801214488394 33.77591209289475 476.4362890134726 4.607307958102034
