M[M_sun], R[km], Lambda[1], P_c[MeV/fm^3], rho_c[fm^-3]
0.24162668629717493 15.618656898711224 2160425.4255784233 3.5677272577965504 0.1711233750220791
0.2536447513461153 15.277248656839724 1723133.9943095078 3.784834690755609 0.17388836107728908
0.2660408413470218 14.981266554321977 1382992.8246729134 4.011433197571325 0.17666704435608346
0.27881765031684086 14.723470431703314 1116453.6513751426 4.247778401662172 0.17945809631275023
0.29197263545801827 14.498353283619743 905795.3733308299 4.494495676900055 0.18226808663485666
0.30550902491475973 14.301173148712847 738585.616006453 4.751741121040582 0.18509273122999195
0.3194266676290755 14.128078167372804 605048.4252354967 5.020196257350563 0.18793863209411446
0.33372714315696117 13.975887327407758 497643.07132766955 5.300086150925794 0.19080243194580415
0.34840802712545893 13.841968348202744 410970.0032326367 5.592138315626463 0.19369040499834433
0.3634734213708146 13.723886439497665 340625.51624805434 5.896521440949419 0.19659764020192297
0.3789263354668521 13.61995307309588 283267.7692836681 6.214099063264837 0.19953180670857004
0.3947595179319961 13.528393716416728 236378.5124646884 6.545127062649975 0.20248905539943182
0.41098608529120034 13.447812088749396 197837.53891503756 6.890310963566113 0.2054731500903744
0.427595267398134 13.37700651027383 166055.83855003334 7.25035457850643 0.2084871400376331
0.4445910656703758 13.314886327196064 139774.25229051136 7.625514786552267 0.21152653811811828
0.4619746538956269 13.260521425611392 117963.19920360735 8.0167448260971 0.21459757126630483
0.47973982091379647 13.213124310876768 99794.7027017068 8.424747911466909 0.21770185615152401
0.4978989953815946 13.17195822802398 84629.96810332734 8.849962195988098 0.2208368209586121
0.516439088055739 13.13636565239342 71926.99031827417 9.293266466603214 0.22400595040457785
0.5353591498908338 13.105817733858274 61265.0287768977 9.755543193785508 0.22721212742714045
0.5546669376650422 13.079780971306802 52294.32737738506 10.237602164342759 0.23045670328127654
0.5743517106508492 13.057815783703658 44720.26376455094 10.739910409178506 0.233736321108298
0.5944105003361758 13.039509866819982 38320.45889462331 11.263721017290026 0.23705727352622408
0.6148490549456245 13.024479693321451 32894.65841551491 11.809967913911441 0.24042112577678554
0.6356549126495933 13.012415182267217 28286.10078410623 12.379630365776274 0.24382951127966365
0.6568267212914527 13.003016284128597 24366.053931292427 12.97339189625477 0.24728031773035078
0.6783599286835896 12.9959841180445 21022.80946573237 13.592590432474418 0.2507784540533378
0.7002504015687557 12.991050361980804 18168.713301076852 14.23841873875369 0.25432649803226565
0.7224860157425095 12.988007096947822 15725.486991029478 14.912066844210923 0.25792643494006046
0.7450756088474098 12.986639022223333 13630.789096774599 15.614556113573157 0.2615780766141019
0.7679975650967866 12.986753143494104 11833.467455195909 16.34716963493417 0.2652834855107308
0.7912445827366924 12.988143680698432 10285.915615770266 17.111515866705183 0.2690472717111165
0.8148213935575483 12.990673210517812 8954.045503650987 17.90905030385508 0.272871868678648
0.8387045282374005 12.994142282435755 7805.503524390512 18.741124649965794 0.2767582337842894
0.8628880763898102 12.99841449685269 6812.268987255726 19.60911102870531 0.2807070933586259
0.8873713327125784 13.003359423980271 5953.732909484287 20.515082652991584 0.28472468911266746
0.912128521946857 13.008855946155236 5209.645646773544 21.460834240696038 0.28881403556648855
0.9371509730283694 13.014749822852185 4564.0987158515245 22.447832464100813 0.2929749119649008
0.9624358825801503 13.02096404922517 4003.470810410035 23.4781383183928 0.2972114010612751
0.987956634223658 13.027350493787274 3515.466647194781 24.554157927672268 0.3015294662203768
1.0137021809884958 13.033807300588835 3090.866301908606 25.677812696776442 0.30593058142732893
1.0396684529973195 13.040264372830041 2720.621900159712 26.85110661093948 0.31041632056894486
1.065821140128031 13.046583811504565 2397.565610113429 28.07711701012182 0.3149952671617998
1.0921550218990428 13.052719815844904 2115.07031971731 29.35787331046467 0.3196676881551391
1.1186547123333874 13.058557394209782 1867.8182882291997 30.696183661623 0.3244386249073812
1.1452885478159822 13.064002190386274 1651.5928339727968 32.09539514524161 0.3293157761641831
1.1720522991500772 13.069014181320343 1461.563828795938 33.55750504979777 0.33429720233012405
1.1989089319113768 13.07347498021801 1294.8681805820763 35.087030322429676 0.33939629563506335
1.2258573935591945 13.077339166907128 1148.6642340660408 36.68596204263063 0.3446096184109348
1.2528548516915254 13.080502428484548 1019.8315836702136 38.35938488421078 0.349951806200221
1.279898978867064 13.08294444543384 906.3876676764695 40.10957470295182 0.3554196407768604
1.3069434348981994 13.084525095718877 806.5180901926492 41.94193681594398 0.3610272936745159
1.3339819889206004 13.0852431460698 718.3442935141792 43.86002419633341 0.36677708032900525
1.3609921062204446 13.085028912358432 640.4038120020017 45.86845925527782 0.3726763831182218
1.3879242258528002 13.083766913775042 571.6074375730705 47.97261016791117 0.3787353483947582
1.4147743869736138 13.081459790109365 510.6426398576678 50.17727405901094 0.38495982805832685
1.4415058337539177 13.078022534642507 456.7135500219053 52.487597103792105 0.39135640586729786
1.4681018063789242 13.073416935780925 408.87182452034983 54.91003465875795 0.39793697026377145
1.4945121579791192 13.067548605997914 366.3982668234768 57.450778750278566 0.4047105858909839
1.5207239404880741 13.060399212722706 328.72746428501966 60.11645970709727 0.41168702777686905
1.5467085426231653 13.05190697902578 295.18166688873407 62.914185618845465 0.4188768398302819
1.5724247427458988 13.04202317429028 265.36906127107056 65.85158557276512 0.42629139811380984
1.597838195371593 13.030682446663528 238.8266168907673 68.93685705223996 0.43394297945227034
1.6229362946562191 13.01786152827163 215.1567026839648 72.17881792842037 0.44184483600445834
1.6476883143326686 13.003516514362456 194.021285014156 75.58696353030777 0.4500112765015832
1.672038135451036 12.987578270031031 175.16511680695533 79.17116555728103 0.4584562358586688
1.695975004252384 12.970019925436334 158.30994121991677 82.94175788033304 0.46719357224131036
1.719454683513423 12.950803155691435 143.2253018045843 86.9114157783848 0.4762445577819703
1.7424309236905748 12.929826591993914 129.73964746805663 91.09165110918556 0.48562325962247754
1.7649178153297163 12.907200925478701 117.63365308069066 95.49669946873722 0.4953521668407295
1.78684472180475 12.882762001059723 106.78537220795982 100.14009171308956 0.5054482460911631
1.8081821969518943 12.856495637221508 97.04897657502845 105.03843151188413 0.5159374903627189
1.8288957127238186 12.828361483162062 88.29681447981199 110.20826775764958 0.5268424483053962
1.8489687201894518 12.798376686241488 80.43439416304176 115.66733028966767 0.5381868369480904
1.8683440558382785 12.766430611905843 73.35581365929649 121.43566198227182 0.5499993537245901
1.8870190122834467 12.732606297980697 66.98030322871912 127.53470299629245 0.5623098495081603
1.904942505255407 12.696779622288076 61.23282849754052 133.98704256138475 0.575148132095381
1.9220814170197735 12.658953839629342 56.05269431295868 140.81832912663296 0.5885503426453891
1.9383935141707105 12.619057536228292 51.37195590648936 148.05624620386016 0.6025547375897796
1.953887895379615 12.577204200319455 47.14699770365919 155.72921367339862 0.6171967801342715
1.9685014834152779 12.533262902142896 43.32406744532717 163.8709828317739 0.6325243979654801
1.9822134477696138 12.487257010936975 39.86361027983398 172.51545430669165 0.64857954182539
1.9949989271404491 12.439167717199867 36.731306668781116 181.7017274296567 0.6654146949169517
2.006833167182655 12.388999528026261 33.88923349966593 191.4719332307483 0.6830846607410047
2.017676408676031 12.336715517049878 31.314009610502858 201.87213156772245 0.7016487063668243
2.0275113186434894 12.2823224079328 28.980960670453108 212.95217546471324 0.7211691349718016
2.0363171024262448 12.225843226585717 26.85978282796623 224.767827779829 0.7417171197048175
2.044057555150614 12.167239530169129 24.93269320824908 237.38003574368926 0.7633690134985788
2.0507136063432267 12.10652164907339 23.179147910620095 250.85582945021184 0.7862078674531536
2.0562828212614863 12.043763751121025 21.586475257392912 265.26851515568114 0.8103224221661017
2.0607256894805794 11.978903422899304 20.135892407425455 280.69941759429673 0.8358109114370865
2.0640260035000644 11.911999191704684 18.815208592475248 297.2387818932688 0.8627818652030734
2.0661833013517055 11.843084834060857 17.61281253683271 314.9869142096566 0.8913554032689286
2.067169957014169 11.772184591641865 16.518529117042295 334.05312300223693 0.9216569069450785
