M[M_sun], R[km], Lambda[1], P_c[MeV/fm^3], rho_c[fm^-3]
0.24162668629717493 15.618656898711224 2160425.4255784233 3.5677272577965504 0.1711233750220791
0.2536396819456458 15.277422480935003 1723269.8143483636 3.7847578625160314 0.17388740345034592
0.26603251923083326 14.981423212245833 1383221.870476233 4.011271690511957 0.17666509263858596
0.2788072166101043 14.723608970954249 1116611.4384869095 4.247526753017613 0.17945517756769977
0.2919546173844299 14.498638024230006 906123.7820152714 4.494147284532333 0.18226420720498443
0.30548550929268176 14.3014849780809 738845.5022960068 4.751284156944454 0.18508779514562468
0.31939709958444273 14.128431929598493 605260.2825502787 5.019627356805811 0.1879327295313872
0.33369049959282837 13.976258296290922 497880.12315283954 5.299390338165602 0.19079542626587118
0.3483675683695717 13.84229649642121 411181.6017598 5.591313854812653 0.19368242811316938
0.3634236190304045 13.724289650429016 340799.41588739277 5.89554981162052 0.19658851445364728
0.37887158117089065 13.62029447091045 283452.72827033466 6.212968509466606 0.19952149741920555
0.3946972791812982 13.528751469584885 236535.4143076982 6.5438387596134895 0.20247775872221402
0.4109178437831291 13.448149572786301 197986.5666935483 6.888840043626436 0.20546062311892052
0.42751931798300985 13.377330427121302 166204.72961815822 7.248687241347187 0.20847334658461658
0.4445084517027845 13.315176680423342 139902.7874335933 7.623655641832732 0.21151173813072466
0.4618826087277659 13.260797102549946 118068.0503107031 8.014661449833506 0.21458145466656856
0.47964095034604715 13.213362730789687 99886.29582000502 8.422424060976837 0.21768438404452206
0.4977914477100818 13.172167367721732 84708.88066042228 8.847406440743768 0.22081831619865294
0.5163220603997359 13.136568461876525 71997.72077321542 9.290437451746161 0.22398603396361566
0.5352321014347938 13.106001518078228 61328.419989171045 9.752421741688433 0.227190756313803
0.5545314906373865 13.079962537072731 52352.800686875606 10.234167932235563 0.23043383263514092
0.5742046011802077 13.057966041884281 44369.10855609273 10.736178319326424 0.23371235993539088
0.5942556280970456 13.039664056459971 38364.68314651063 11.259634952030371 0.23703174371653907
0.614683758800986 13.024591894281766 32934.85257221928 11.80550373967014 0.24039397614908817
0.6354772746808828 13.012501596205308 28322.915642635944 12.374762443557497 0.243800687950992
0.6566405592478128 13.003077538035296 24396.562120804174 12.96814258000102 0.2472503147912278
0.6781646780437525 12.996020202644921 21050.802047987858 13.58688519153946 0.2507466888003375
0.700042838903963 12.991092876189002 18192.857254056562 14.232226988979583 0.2542929074875527
0.7222678815959236 12.988021417175593 15747.585237143085 14.90535603661728 0.2578909523706548
0.7448466349530501 12.986645675493358 13650.552563118117 15.607357076240106 0.26154127991056547
0.7677575226013998 12.986742671982679 11850.044518779789 16.3393848931781 0.26524468052555744
0.7909932111655413 12.988118103008308 10301.883819854685 17.10310635890577 0.2690063791223862
0.8145561346649324 12.990643210322055 8968.309943612865 17.89997437900367 0.2728288040641878
0.8384300773367162 12.994087592188102 7817.107365893649 18.73142256004948 0.27671365770112005
0.8626014834444273 12.998357858909657 6823.572428590228 19.598656644516605 0.2806601911300063
0.8870666057100228 13.00330310404689 5963.635515034479 20.50382566897345 0.28467535926327703
0.9118181130546533 13.008787934385523 5218.263733120318 21.448720906955696 0.28876216977927627
0.9368265392498728 13.014679087660765 4571.719494085233 22.43491323480093 0.2929212528414828
0.962096440986112 13.020870995879381 4010.304597203567 23.464251096465453 0.2971550009267324
0.9876089398207041 13.027262215406079 3521.6773868451146 24.539237362315184 0.30147019389733803
1.0133473896997935 13.033727905482127 3096.7377267686416 25.66191653603305 0.3058692350815924
1.0392969666776495 13.040172842124448 2725.551775351052 26.83404055938148 0.3103518480992349
1.0654412018123343 13.046511046319532 2401.8768534023366 28.05880120119102 0.3149275090202407
1.0917599244686707 13.052631260993806 2118.963054766098 29.338372649079357 0.31959749774761903
1.118248460701475 13.058468327102123 1871.515912526193 30.675265378581745 0.32436483430848223
1.144869912063536 13.06392742651751 1654.7104345399237 32.073095945621354 0.32923906259993047
1.171625058346962 13.068946200752995 1464.444787568842 33.53362690803593 0.3342167305304472
1.1984706498492457 13.073411988899048 1297.5206497204874 35.06142901068198 0.339311639037645
1.2254083467733943 13.077286652341352 1150.8892696868581 36.65871184080925 0.3445217134780996
1.252395348940656 13.080458205772539 1021.9678746235375 38.330215763624096 0.34985952199298986
1.2794299669966656 13.082900126195495 908.2894863425868 40.078475948119674 0.35532343161883245
1.3064644581635532 13.084506839077024 808.1379661686391 41.90882333379335 0.360927186601304
1.3334932738435838 13.085228829285487 719.853385141234 43.82452482148169 0.3666715578280212
1.3604949721662771 13.085043420687889 641.8038815787494 45.83064835538219 0.3725664341575478
1.3874202272364267 13.083800694779633 572.8291632751251 47.93232628130648 0.37862068744955973
1.4142686583386244 13.081531218360652 511.7357685749499 50.134075575316956 0.384838781146445
1.4409946679982752 13.078116346982645 457.6827033848599 52.441552584041325 0.391229984867453
1.4675759854517993 13.073521083166128 409.7454496803786 54.86094027554022 0.3978048170135816
1.493980780649973 13.067677969488665 367.2035641355074 57.39841416848325 0.40457231454469644
1.5201890419268682 13.060560378038593 329.44683165094705 60.06058660619103 0.41154222253242045
1.5461688259333946 13.052097882933849 295.83857235654233 62.854546067726986 0.41872505243113084
1.5718832260420272 13.042247904879758 265.98419474742224 65.787900240782 0.42613214510138187
1.5972994205694047 13.03093692214877 239.36690711951843 68.86882323795614 0.4337757391420126
1.6223910224338995 13.01816117038937 215.63026907821921 72.10610738546096 0.4416690451552876
1.6471425608519494 13.00385378090564 194.4698968057622 75.50922006704188 0.4498263266448627
1.6714964450372924 12.987957956463477 175.57027840784835 79.08836616685672 0.4582629883302602
1.6954317896850595 12.970446292467257 158.6764794879231 82.85317944536013 0.46699001925572486
1.7188955016493268 12.951233699025986 143.56242749094812 86.81656042864398 0.4760297570845273
1.7419111475565234 12.930395122379634 130.0389986833842 90.99047935656328 0.48539818971287646
1.7643905830569302 12.907779846296378 117.91114513251536 95.38823700301734 0.49511417597244833
1.7863188954709406 12.883377170962497 107.03361654192075 100.02424410259046 0.5051982519736123
1.8076618294595603 12.857158334810071 97.27618318395132 104.91459820810537 0.5156745300825799
1.8283906588617733 12.829105040049786 88.50522688992638 110.07545896842284 0.5265642342544952
1.8484684955579167 12.799159395803839 80.62229493978704 115.52495941832778 0.537892747856313
1.8678649587281262 12.767308666593488 73.52772718490044 121.28313530533283 0.5496888653051336
1.886544576781647 12.73351497977549 67.13731589295298 127.37124405815051 0.5619819133442766
1.9044790431408731 12.697748839107998 61.378500551185745 133.81215631985168 0.5748028523528986
1.9216341598724838 12.659993447220726 56.183763782565336 140.63049039813436 0.5881843613708155
1.9379677090460383 12.620191504131412 51.492917858112385 147.85433051185385 0.6021663427102734
1.9534677820706257 12.578357454272687 47.25650457972213 155.5126507496684 0.6167863717155485
1.968107525598728 12.534514181579036 43.42421579139447 163.6380525278981 0.6320886628232985
1.9818429239250774 12.48858184105592 39.95711246714002 172.2648329555568 0.6481167969028911
1.99464743638937 12.440566651486927 36.815489731706435 181.43209854911 0.6649235621724198
2.0065013908265357 12.390460717739662 33.96971337152715 191.18154652474104 0.6825626290769508
2.0173755282318164 12.338270650494227 31.387890419790928 201.55905629617368 0.7010930286421543
2.0272344089590586 12.28395702144157 29.046881599492217 212.61506862297608 0.7205793867206441
2.0360686637816947 12.227561625828551 26.920046553562347 224.40357042241473 0.7410874921907892
2.043840265892684 12.169042940697883 24.987675050726647 236.98685388810082 0.7626986023165
2.0505266088639016 12.108412107398925 23.23169730406837 250.43025428998257 0.7854907956063779
2.056121169706776 12.045712121521213 21.63279794045714 264.8077807815935 0.8095557333995169
2.0606027982127197 11.980964213791571 20.17912595855099 280.200713355123 0.8349922205433471
2.0639447080297133 11.914156464278475 18.8547662168729 296.69820067026035 0.8619060267598535
2.0661313647924615 11.845321561704907 17.649482292893513 314.39968637645734 0.8904153670068021
2.0671565736575217 11.774507174610374 16.552938491779656 333.41537699315467 0.9206496380665249
