M[M_sun], R[km], Lambda[1], P_c[MeV/fm^3], rho_c[fm^-3]
0.24162668629717493 15.618656898711224 2160425.4255784233 3.5677272577965504 0.1711233750220791
0.2536450141628676 15.277269017576236 1723267.4436356272 3.7848388956045573 0.17388841348870274
0.2660418065966461 14.981233974445937 1382977.3627146122 4.011442037069766 0.1766671511762054
0.2788179152150973 14.72346449453551 1116524.4609742996 4.247792174932814 0.1794582560619338
0.2919734625965033 14.498357716333 905794.8227753341 4.494514745435011 0.18226829896741897
0.3055112354222343 14.301123474237263 738591.3458651821 4.751766132386934 0.18509300140026744
0.31942816826998677 14.128074429078731 605039.7364894968 5.020227395822362 0.18793895516777773
0.3337263018152637 13.975894124965576 497658.6280599336 5.30012423640918 0.1908028154034266
0.34841030679598406 13.841948942651479 410958.2754954624 5.592183443287551 0.19369084162087957
0.3634745193288341 13.723914751107634 340603.9752821135 5.896574624756223 0.19659813971549137
0.37892860687041996 13.619949278266354 283260.4764478287 6.214160946924837 0.19953237101303645
0.394763695033165 13.528366906145754 236376.7000738929 6.545197581987825 0.20248967375875782
0.4109898814762594 13.447797895929968 197835.20235074125 6.8903914800992805 0.2054738358029583
0.4276004508118331 13.376974485502272 166047.7872939052 7.250445847920547 0.20848789508610574
0.4445963851093357 13.314881700147621 139779.4470634577 7.625616556657901 0.2115273482735971
0.4619796701679251 13.260520228765689 117959.90787953581 8.01685887219904 0.21459845350510565
0.47974776831612287 13.213086505797014 99790.682886922 8.424875123032415 0.2177028126046581
0.49790603691843244 13.171924202036967 83749.33166024875 8.85010210402586 0.22083783395258358
0.5164457225785141 13.136350186162359 71922.46648557947 9.293421335511805 0.22400704069134927
0.5353656078443753 13.105803681330881 61261.57786920912 9.755714073799473 0.2272132973621681
0.5546742444933495 13.079791255122931 52293.19167261327 10.237789271678839 0.23045794377788226
0.574359551033436 13.057805676238354 44719.06128124043 10.740114722668773 0.2337376328641939
0.5944179924509259 13.039496494786308 38318.575574853465 11.263944712029975 0.2370586711750073
0.6148561243615956 13.024485761638871 32892.76628821901 11.810212311617777 0.24042261212260863
0.6356641552348365 13.012435913069664 28052.140998800747 12.379896870634242 0.24383108927470315
0.6568372390286993 13.003019121479376 24366.7106831528 12.973679284416407 0.24728196032323366
0.6783704719987849 12.995966042833622 21021.682005528244 13.59290278542413 0.25078019315087746
0.7002615039691795 12.991056117182806 18166.695770976046 14.238757731581485 0.254328337084901
0.7224979449892692 12.988000031967472 15724.3009918793 14.912434259647139 0.25792837760397
0.7450880411439847 12.986640341589563 13629.797548210438 15.614950263623323 0.26158009124770826
0.7680113316160556 12.986755507242785 11832.688733596447 16.347595857922737 0.2652856101254284
0.7912581130973163 12.988149884524145 10286.686199105097 17.111976302154932 0.2690495106527921
0.8148360368023724 12.990671349801637 8953.42743319012 17.909547233153038 0.27287422657263466
0.8387205480206927 12.994142424026279 7805.183286190321 18.741655868881168 0.27676067446034547
0.8629035445482246 12.998409004660198 6811.681287121792 19.60968344535263 0.28070966143111814
0.8873874365691993 13.003376537442382 5953.221249886752 20.515699022921144 0.28472739014126847
0.9121458945201175 13.00885656165505 5209.3306975533715 21.461497508173743 0.28881687548575447
0.9371677452886639 13.014752273997754 4563.509851934385 22.448539865949268 0.2929778501094457
0.9624539883245108 13.020962310660149 4002.980727597031 23.478898733338383 0.29721448933231037
0.987976754544922 13.027353123126831 3515.2313887193536 24.554974935609234 0.3015327118050585
1.0137217088826724 13.03380870871198 3090.6280297027797 25.678683134849944 0.30593394061549145
1.039688037355597 13.040268872077231 2720.347295062129 26.852041122108123 0.310419850983863
1.0658411165305168 13.046592863312581 2397.1634680723723 28.078119969657106 0.3149989775452411
1.0921762883509003 13.052725939372628 2114.76532064582 29.358941163286403 0.3196715317696323
1.1186773667829046 13.058555443896294 1867.6362607304993 30.697329158908524 0.32444266572328223
1.1453103513573453 13.064015099073098 1651.2707852553997 32.09661454785956 0.32931996591147206
1.1720762729403769 13.0690220701489 1461.4149864254875 33.558812663615115 0.33430160912350915
1.1989336415234804 13.073483398625944 1294.8532246627242 35.08843232033057 0.3394009316620391
1.2258818562693605 13.077345211062493 1148.5393688827735 36.68745435557129 0.3446144323814763
1.2528804218419551 13.080499866034804 1019.6805506042311 38.36097356942592 0.34995680881766167
1.2799244645478514 13.082945240863868 906.3040036987791 40.11127782076063 0.35542490965438595
1.3069690824949158 13.084522668690775 806.4063188080427 41.943750291943786 0.36103277608720374
1.3340085229496323 13.085240398290564 718.2787356525454 43.86196836635928 0.36678285940777283
1.3610189223291693 13.085033892261892 640.3019453257403 45.870530045011265 0.37268240469347114
1.3879521272394808 13.083767559306287 571.5479171015262 47.97481642392504 0.37874162811156864
1.4148034372787626 13.081459477324147 510.5871150757276 50.179639978303356 0.3849664576249139
1.4415334867269753 13.078016259590717 456.66494650789866 52.490118929901854 0.39136332985694866
1.4681305436808765 13.073413744463869 408.8252110179326 54.91272356018681 0.39794420830282956
1.4945417195174844 13.067540118777371 366.3633300120148 57.45364680029663 0.40471815912318826
1.5207533823573334 13.060390796990685 328.6900283129707 60.119519964760194 0.41169495898798436
1.5467375314511267 13.051898284810328 295.147629401814 62.91745221809599 0.41888515358508066
1.5724545998358768 13.04200925173938 265.32812787095594 65.855073820521 0.4263001209067344
1.5978685339496383 13.030669377040171 238.79002884561035 68.94058353647678 0.4339521398732536
1.6229674274600063 13.01784499427553 215.13016072049658 72.18280063738463 0.4418544649215635
1.6477191743584338 13.003498869146892 193.98825036280297 75.5912219841343 0.4500214072623183
1.6720677459010838 12.987555789687832 175.14191371859584 79.17569871203226 0.4584668116568408
1.6960031219464011 12.969997878530895 158.28265119465874 82.94660997369638 0.46720472233772775
1.7194842334130975 12.950778024965658 143.20756709707393 86.91661179312067 0.47625632419885916
1.74246470563306 12.929824831076155 129.7113585578905 91.09719320789142 0.48563558875212487
1.764947547571807 12.90717036789367 117.61433286627333 95.50264105268265 0.495365204002597
1.7868735201405381 12.882729118750387 106.76533537142026 100.14643795616007 0.5054619410083854
1.8082102424705004 12.85645848511087 97.0356482697607 105.04521532956107 0.5159518958137753
1.8289246706222073 12.828323562661806 88.28544784400086 110.21552505316473 0.5268576213798214
1.8489963627829582 12.798332478635766 80.42237739019176 115.67512991614609 0.5382029482849507
1.8683693990594954 12.766386309071775 73.34603731849514 121.44401813297624 0.5500163637852367
1.8870454135047057 12.732557037378063 66.97048743790579 127.54363081906638 0.562327717838593
1.9049672821785757 12.696726301354595 61.22493571932308 133.99662401569694 0.5751670488612084
1.9221061417553649 12.658897349450795 56.045802739241495 140.82862040970616 0.5885703939783928
1.9384170220233743 12.61899586120036 51.36417126154742 148.06730895973783 0.6025760173511168
1.9539108008670112 12.577137535339327 47.14056840883312 155.7410791598161 0.6172192664187846
1.9685228353402167 12.533198862172993 43.31902062906771 163.8837229700224 0.6325481966496063
1.9822344955915943 12.487184444388488 39.85849110433574 172.52918643327016 0.6486048966956776
1.9950183322740198 12.43909298037428 36.726287509237416 181.71650133491625 0.6654416057902338
2.006851173702783 12.388918664403674 33.884945432384946 191.4878448783853 0.6831132653007933
2.017693825240918 12.336629827825663 31.312219745849816 201.8892868184115 0.7016791552445715
2.0275258786210917 12.282234756400435 28.976616244216288 212.97064794741877 0.7212014514751214
2.0363305615681297 12.225749235393822 26.856018903448582 224.78778852161565 0.7417516223221936
2.044069773532637 12.167141645505916 24.930660171916443 237.4015820105439 0.7634057518628397
2.050723829223651 12.106417678568196 23.177091924443534 250.8791169496518 0.7862470514447241
2.0562909546621473 12.043655802191681 21.58406085334098 265.2937219792393 0.8103642998508758
2.060731342983646 11.978790863825356 20.132738552798024 280.72672495983505 0.835855701872303
2.0640309176006437 11.911882821826016 18.812698402304928 297.2684087007097 0.8628298659396921
2.0661856012035598 11.842963129022438 17.61078308035524 315.0190984318835 0.8914069238785646
2.067171404656291 11.772057330576255 16.516082768954558 334.08807696686284 0.9217121139401022
