M[M_sun], R[km], Lambda[1], P_c[MeV/fm^3], rho_c[fm^-3]
0.24162668629717493 15.618656898711224 2160425.4255784233 3.5677272577965504 0.1711233750220791
0.25364175453749555 15.277365094863598 1723172.1953961994 3.7847979160779053 0.1738879026986722
0.26603787793321565 14.981269562750093 1383059.023393466 4.011355889869383 0.17666611013812938
0.27881146224658543 14.723596093693628 1094062.3594266933 4.247657945506502 0.17945669920286803
0.29196394151620353 14.498504330637223 905975.1136187024 4.494328911440467 0.1822662296627599
0.30549738665618653 14.301335184871874 738669.4054392128 4.75152238383312 0.18509036845068513
0.31941250928572396 14.128246822111363 605171.0688001277 5.019923937138292 0.1879358066668062
0.3337095805516868 13.976026192096217 497737.9043787142 5.299753078292889 0.19079907845705826
0.3483883573064627 13.842132553106048 411072.4831216678 5.591743658991265 0.19368658658683252
0.36344881314741023 13.72408766673198 340711.3188578721 5.896056333848152 0.19659327181760072
0.37890110262199567 13.620089232301304 283359.571629976 6.213557877292877 0.19952687174413608
0.3947305962928941 13.528557202798408 236447.76425688522 6.544510359714998 0.20248364774781694
0.41095337641159446 13.447989252009132 197913.83142953948 6.889606838337984 0.205467153464457
0.427559411610779 13.377142460642563 166122.21387132074 7.24955642363913 0.20848053710696549
0.44455270751176257 13.315022570250097 139842.36422642405 7.624624808079058 0.21151945331721725
0.46193089741466936 13.260644179907189 118012.94549235083 8.01574750079616 0.2145898561487992
0.479693178950038 13.213228189965738 99846.3817646392 8.423635462452575 0.2176934920901114
0.49784731033354074 13.172055850796262 84667.78308782523 8.84873872504445 0.22082796250623116
0.5163827373188841 13.136473501404575 71960.1340888751 9.29191217434035 0.223996416102617
0.5352979253192474 13.105918314486754 61293.35960049624 9.754048897885317 0.22720189668643084
0.5546019767283072 13.079884836701178 52316.48054152872 10.235958124537085 0.23044575461751277
0.5742804236557927 13.057910996781985 44343.80617577669 10.738123768821698 0.23372485032377538
0.594337444754931 13.039551808933103 38342.139937586595 11.261764908177677 0.23704505172109178
0.6147692732535932 13.024536870979256 32913.242362542805 11.80783078046757 0.2404081284397184
0.6355679053937362 13.0124558775902 28304.437084351837 12.377299931509587 0.24381571260544546
0.6567374058104342 13.003063428254327 24381.49765269638 12.970878862876184 0.24726595426207662
0.6782646281743984 12.99600044232685 21036.01645075104 13.589859114771022 0.2507632468081291
0.7001498068038242 12.991072948510716 18180.175951753186 14.235454492082873 0.25431041684940636
0.7223811164796489 12.988010559493032 15735.253631439542 14.908854082994091 0.25790944786044756
0.7449662154449737 12.98664780063965 13640.433455654878 15.611109597284107 0.2615604603089968
0.7678810248271609 12.986753707476725 11840.822162930506 16.343442691186617 0.265264907630899
0.7911243486025995 12.988125910717807 10293.85518415851 17.10748979105192 0.26902769426855827
0.8146958443474263 12.990654886941687 8960.813362450346 17.904705151780057 0.2728512512427453
0.8385747648430675 12.994116606452375 7810.971977354685 18.736479693791132 0.27673689261403167
0.8627515745084056 12.998384725755797 6817.9124872297 19.604105873704057 0.28068463838472135
0.8872211573938494 13.003331503840236 5958.769232765606 20.50969320991242 0.2847010717374482
0.9119795912080846 13.008827300647894 5213.902640452844 21.45503477073146 0.2887892039155513
0.9369958485906155 13.014710425060052 4567.578042760826 22.44164712544721 0.2929492215895315
0.962270575953842 13.0209149467493 4006.8840332071586 23.47148949095681 0.29718439819749837
0.9877919557977932 13.02730488498702 3518.5096619938895 24.547014316699066 0.30150108804521164
1.0135321362587224 13.033754909192758 3093.866333208743 25.6702019538312 0.3059012101045569
1.039489599839259 13.040216117950195 2722.9771550550427 26.842935695190537 0.31038545232057846
1.0656404022933041 13.046554032246434 2399.557185836846 28.068347674703425 0.3149628255768879
1.0919660094461159 13.052673629407431 2116.872566429081 29.34853663493033 0.3196340818559634
1.1184607970426808 13.0585113599879 1869.678287171067 30.686168178319434 0.32440329464104073
1.145088752722625 13.06396703255532 1653.1140851772388 32.0847335420037 0.32927914394558333
1.1718477702932135 13.0689806676302 1463.0264075152816 33.54607227071322 0.33425867268584025
1.1986992229468696 13.073442437093767 1296.2307624594955 35.07477240891239 0.33935576203818957
1.2256433393092683 13.077307896229247 1144.5973426842677 36.67291456541736 0.34456752926915085
1.252633954334482 13.080484186756884 1020.8264621592247 38.34544115603712 0.34990775269841645
1.2796748117152803 13.082925714111017 907.2920443639189 40.09468433219149 0.3553735749442794
1.3067142600187573 13.084514752404004 807.2762315932686 41.926081680074454 0.3609793611967398
1.3337483522951257 13.085227380720097 718.9767524171249 43.843026538937444 0.36672655450068337
1.360754236488978 13.085039360712262 641.0428881019853 45.8503546911326 0.37262373750500666
1.3876824842357052 13.083783474086971 572.1862221780776 47.95332136973921 0.3786804462486013
1.414536567689943 13.081501302266943 511.1569338955843 50.156589526616266 0.3849018677190744
1.441258275554677 13.078057969121723 457.1641403799963 52.46554967229907 0.3912958718808767
1.4678516159448507 13.073467347760827 409.29602595898 54.88652670810483 0.39787369108842596
1.4942576248058022 13.067609852635 366.7788644086967 57.425704753223215 0.4046443767242001
1.5204684470535366 13.06047617942592 329.0607665471228 60.08970552128269 0.41161768946641075
1.5464508820822094 13.051997985693735 295.4974771675943 62.88562770822773 0.4188041576773052
1.5721658158598422 13.042129641206044 265.65318351509717 65.82109015053916 0.4262151405564804
1.5975880827316034 13.030813281867433 239.0932205035076 68.90427913643816 0.43386289661693916
1.6226697609976024 13.017977641010974 215.3878257569189 72.14400030027821 0.4417606581099178
1.6474280364010958 13.003679603893003 194.23820163218835 75.54973558425878 0.44992271210017226
1.6717760800584396 12.987761094284547 175.35059649532676 79.13153641157669 0.45836378151512747
1.6957157973962824 12.970224698952896 158.47854874210125 82.899340908364 0.4670960981632638
1.7191772056544619 12.950986711189733 143.3952190561195 86.86599263919678 0.4761416967203191
1.742182778233917 12.930107750541035 129.87896729963845 91.04320289534877 0.48551548017983714
1.7646644447702202 12.9074727572675 117.76330615596082 95.44475948429437 0.4952381989172269
1.7865937708825388 12.883053433821466 106.90181396032136 100.08461473313116 0.5053285291752135
1.8079327084608288 12.856815543400332 97.1564994291061 104.97912987356423 0.5158115632094454
1.8286467657012124 12.828699501037873 88.3955310613471 110.14476580682332 0.5267095816750109
1.8487287630374907 12.798753248121143 80.52448949272123 115.5991500915648 0.5380460001859876
1.8681191235578674 12.766868433621552 73.43588707535017 121.3626176076283 0.5498506621455929
1.8867939027886342 12.733039113366685 67.0581123733322 127.45646397598247 0.5621529490393837
1.9047207371211874 12.697243856342126 61.301419798210944 133.90328882554496 0.5749827762155291
1.921867746401289 12.659452312644268 56.11454199678272 140.7283715120657 0.5883750710030602
1.9381864154582973 12.619583725363245 51.42956273365877 147.95954603179456 0.6023687299976779
1.9536909104651787 12.577774046205931 47.20067660324413 155.6254977771199 0.6170002281287157
1.968313487178177 12.533863983723021 43.37104009558716 163.75956893042923 0.6323161942705708
1.9820378286118714 12.487893127492374 39.90915098287376 172.39542471647843 0.6483579203108252
1.9948325797516575 12.439839913996618 36.77181263907967 181.5725932535243 0.6651794752245798
2.006671723854812 12.389692702952878 33.92763864187588 191.33285593983052 0.6828346398271407
2.0175331573701394 12.337460696255228 31.350325787303323 201.72218617013846 0.7013825680770066
2.0273784588883474 12.283105753259399 29.01226700812434 212.79071857386808 0.7208866758009269
2.0361980478255757 12.226665295722416 26.88851074951277 224.59336507185162 0.7414155567607106
2.043953272630843 12.168100452018477 24.96004311451201 237.19171732640683 0.7630479132978877
2.0506240090662597 12.107424432493 23.20369512157411 250.652109970688 0.7858647941360328
2.0562019133764724 12.044686837404285 21.608020786975906 265.04783612483646 0.8099551994375948
2.060668312951554 11.979888432522017 20.1564372546444 280.4607553553112 0.8354194498170007
2.0639901092819715 11.913036851960491 18.833881000123792 296.9798517078584 0.8623623519073093
2.0661581297230955 11.844153237854844 17.630373273232212 314.7056370111087 0.8909051337970205
2.0671641116405906 11.773294191593488 16.534054358553767 333.74764374497613 0.921174426859746
