M[M_sun], R[km], Lambda[1], P_c[MeV/fm^3], rho_c[fm^-3]
0.24162668629717493 15.618656898711224 2160425.4255784233 3.5677272577965504 0.1711233750220791
0.25364213801640045 15.27734661204944 1683759.089234675 3.784801956037057 0.17388795305481408
0.26603772064645115 14.981295212205138 1383083.8951323305 4.011364382616605 0.17666621276796748
0.2788112002913571 14.723621489712198 1116570.0413317427 4.247671178309876 0.17945685268344574
0.2919651634098071 14.49850958207346 906008.6347630306 4.494347231482123 0.1822664336606756
0.30549880548305747 14.301320232532182 738737.4110278295 4.751546413097286 0.18509062801259868
0.3194139671814213 14.128212989521074 605161.1302248253 5.019953852570387 0.18793611705096047
0.33371045830145135 13.976030698147744 497719.43634231173 5.299789667405235 0.19079944684870725
0.34839049788812126 13.842111025859847 411047.53041845356 5.591787013075826 0.19368700604952693
0.3634522017133672 13.724054857300409 340691.4128653265 5.896107426819337 0.19659375169359852
0.378903384970693 13.620084964467097 283346.01023349754 6.213617327355164 0.1995274138571216
0.3947329360452491 13.528557702359903 236440.40368846137 6.544578105082328 0.20248424178316893
0.4109568848116218 13.447948364865182 197901.23179803198 6.889684186702216 0.20546781219558477
0.4275638914406255 13.377119802079221 166110.08125216333 7.249644100713796 0.2084812624369345
0.4445562040010499 13.314997671834732 139833.41735164294 7.624722571477095 0.21152023157672728
0.4619359963517058 13.260627062040703 118007.3027852321 8.015857055572793 0.21459070364356767
0.47969804094637175 13.213241034337043 99833.36389957518 8.423757662760941 0.21769441086559743
0.49785300028190455 13.17207438853834 84665.40187197484 8.84887312026661 0.22082893558506225
0.5163889557898239 13.136458139431932 71957.79717114124 9.292060939181503 0.22399746341637314
0.5353053886145827 13.105887160762787 61289.56949265964 9.754213040842474 0.22720302049600147
0.5546094375243087 13.079870632789707 52315.86940103688 10.236138715380275 0.2304469572820797
0.5742900367511573 13.057889994607057 44743.516525718645 10.73832002286104 0.23372611033549984
0.594343658457752 13.039555887911863 38336.29702391661 11.261979776458974 0.23704639422200163
0.6147787128973521 13.024541743045877 32912.22750241498 11.808065532113618 0.24040955612140083
0.6355780149534387 13.012459920429134 28072.656057716184 12.37755591481134 0.24381722830156985
0.6567473905449253 13.003034531641461 24378.421706390913 12.971154902332081 0.24726753199041124
0.678276747190471 12.995988054097417 21035.215847830234 13.590159129729507 0.25076491721103916
0.7001620188860979 12.991073009347325 18178.697402494112 14.23578009089477 0.2543121832388518
0.7223929601286633 12.988008309834989 15735.530947262696 14.909206977338066 0.2579113137458687
0.7449786253744299 12.986640987799307 13639.498213951034 15.611488166021397 0.2615623953012673
0.7678954974838941 12.986753300413922 11840.176178445294 16.343852060257262 0.26526694823304287
0.7911364615905796 12.98812393208193 10292.825135269797 17.107932014627693 0.26902984465205776
0.8147090522460444 12.990653324346315 8959.705566829263 17.90518242020652 0.2728535158473025
0.838586881920663 12.994119897680978 7809.945580286427 18.736989890340052 0.27673923670319117
0.8627649532889724 12.998394404676525 6817.390359146673 19.604655631224592 0.2806871048000021
0.8872374120157887 13.003326933331556 5958.208933521483 20.51028517388643 0.28470366581536777
0.9119959343343006 13.008822191307674 5213.432930385547 21.455671767776522 0.2887919313524322
0.93701230758282 13.014725001783404 4567.2251049797 22.442326502310827 0.29295204333424446
0.9622886837925528 13.020917702845827 4006.463832616336 23.472219772012444 0.29718736408585295
0.9878097924259146 13.027308928934193 3518.0400160967606 24.54779893865097 0.30150420497574904
1.0135494496048276 13.033767201420456 3093.5484358160606 25.671037879841858 0.30590443610402224
1.0395084853288612 13.04022564964245 2722.6544096342386 26.8438331429346 0.31038884271655254
1.0656609761674682 13.046558334599627 2399.3248379553334 28.069310844265946 0.3149663887599179
1.0919866813380295 13.052674308693048 2116.6886052596874 29.349562113088844 0.3196377729476873
1.1184821231379152 13.0585156475461 1869.4932940543679 30.687268206084145 0.32440717506026073
1.145109840647557 13.063977129922836 1652.8944782710544 32.08590452959304 0.32928316734360263
1.1718689290791777 13.068990373641237 1462.8596250050828 33.547327951139685 0.3342629044583435
1.198722004769148 13.073445040850489 1296.0678837208886 35.07611870744495 0.33936021388245435
1.2256665081018 13.07731194640845 1149.6338056100194 36.674347575781105 0.34457215193875906
1.252659270619301 13.080485329826473 1020.7066118494138 38.34697736254133 0.34991261906385185
1.2796981939722607 13.082929915828 907.1790367690066 40.096319730882016 0.3553786343214765
1.3067385043212234 13.084522442339571 807.1599407035598 41.927823029683 0.3609846255604197
1.3337746912540944 13.085227110756325 718.9496862048571 43.844893358819945 0.3667321036548223
1.3607795781514513 13.085036018048894 640.97305295469 45.852343070359545 0.3726295194416977
1.3877096709174794 13.083783665758146 572.1199346466327 47.95543979949812 0.37868647598353916
1.4145643950312892 13.081501240818282 511.1093009957291 50.15886123105497 0.38490823328525864
1.441285681003655 13.078051373011448 457.1113379718453 52.467971045830026 0.39130252006538246
1.467877452497215 13.0734616752228 409.2406504251196 54.88910846996821 0.39788064072704243
1.4942857655420965 13.067603203619859 366.7399158169284 57.428458490817185 0.4046516481086242
1.5204961852074999 13.060465561888934 329.02810086736423 60.09264376787995 0.4116253044637863
1.5464784779516108 13.051988099176194 295.4594487542187 62.888764028446744 0.4188121398616111
1.5721936922382593 13.042117373943192 265.6183237888319 65.8244392344317 0.42622351535303327
1.5976174231760272 13.030798971908524 239.06004071215042 68.90785690316194 0.4338716914614325
1.6226987464003195 13.017961480476247 215.36253571221079 72.14782401244261 0.4417699026235881
1.6474558535924577 13.003661924834075 194.21077089024428 75.55382397416476 0.4499324382828706
1.6718050077011142 12.987739907104302 175.33931943333678 79.13588847855462 0.4583739348375961
1.6957436023957504 12.970201693643082 158.4615121774731 82.90399910272089 0.46710680268032906
1.719207325269259 12.950967747766775 143.36904484013385 86.8709809338377 0.4761529927533931
1.7422111206058208 12.930079508113169 129.8620083061282 91.04852336684814 0.4855273162705281
1.7646918002879277 12.907443528026363 117.75117854791849 95.45046337271481 0.4952507145220378
1.7866194414470566 12.883022265673894 106.88443502618507 100.09070700457978 0.505341676032694
1.8079611018074395 12.856780136706602 97.14388161418555 104.9856421115421 0.5158253919604416
1.8286732698769421 12.82866239049904 88.38367086922577 110.15176000691098 0.5267242496206967
1.8487558839343927 12.798711772171412 80.5132528360611 115.60663722169893 0.5380614660132347
1.8681454890411204 12.766823159054198 73.42859744855781 121.37063883354622 0.5498669904221104
1.8868184241460761 12.732990702350712 67.04889061819911 127.46506431954056 0.5621702098602814
1.9047449399400378 12.697192877760388 61.29319013519429 133.9124859478936 0.5750009341907264
1.9218912621106687 12.659397776894584 56.108853610679176 140.73824981254708 0.5883943176889258
1.9382090890535033 12.61952790812911 51.42397958636631 147.97016464894125 0.6023891554360687
1.9537121745890222 12.577712506079381 47.19459022612264 155.6368867021211 0.6170218112816405
1.9683340715930224 12.533798247154337 43.36655272055675 163.77183294513367 0.6323391578290448
1.9820563392629198 12.487824999636848 39.90180733355845 172.40860480536128 0.6483822559038662
1.9948522059029776 12.439766449650367 36.76865043203427 181.5867729686322 0.6652053037722617
2.006689440775272 12.389614385024391 33.92717724480744 191.34812733387247 0.6828620933953626
2.017548111109235 12.337379148413996 31.344879259581244 201.73865078617672 0.7014117911463741
2.0273924285762126 12.283017061787792 29.008291256302254 212.8084470437192 0.7209176906982708
2.0362116457124615 12.226574210372501 26.88513459710914 224.61252143121888 0.7414486689839251
2.0439646863900864 12.168005110506346 24.956623717922906 237.2123948740414 0.7630831704160765
2.0506334680335634 12.107325800670209 23.201194381145214 250.67450292270306 0.785902543591452
2.056210060646263 12.044583430442364 21.605657543650796 265.0720663918959 0.8099955200097304
2.0606751462491055 11.979779792066036 20.15469535843564 280.48695989156766 0.8354624313555136
2.0639954932225706 11.912923874785703 18.83228554416624 297.0082812976089 0.8624084129367506
2.066160583570848 11.844036180133013 17.628231187013686 314.7365198624028 0.890954571167753
2.0671642587457155 11.773172828811514 16.53182162282181 333.7811834789448 0.9212274001904145
