M[M_sun], R[km], Lambda[1], P_c[MeV/fm^3], rho_c[fm^-3]
0.24162668629717493 15.618656898711224 2160425.4255784233 3.5677272577965504 0.1711233750220791
0.2536400014400108 15.2774146202406 1723277.4097285161 3.7847634982851592 0.1738874736974893
0.26603320156269683 14.981420579884565 1383125.1545694442 4.01128353777487 0.17666523580576649
0.27880541066749365 14.723692230110633 1116543.6634911494 4.247545212329776 0.17945539166790325
0.29195628876081114 14.498615238674349 906131.3601967078 4.494172840015434 0.18226449177121987
0.30548720451475897 14.301471986148254 738857.7123223029 4.7513176760182585 0.18508815721559388
0.3193995108384605 14.128392314221925 605252.0484376854 5.0196690861010556 0.1879331624889314
0.3336932004464876 13.976229483523566 497861.60092551797 5.299441375936261 0.19079594013153475
0.34837098882010087 13.842258839485721 411158.19218759134 5.591374328200258 0.1936830132098301
0.36342753760531155 13.72428686918947 340792.0478717763 5.895621078808794 0.1965891838101613
0.37887490246089256 13.620286550384282 283440.9008972365 6.21305143246779 0.19952225357713055
0.3947026833464049 13.528714867496925 236521.38673895088 6.543933252046516 0.20247858729319862
0.410923205682177 13.44812563367529 197984.2953575711 6.8889479290841305 0.20546154191675062
0.4275240305323737 13.377301331048418 166192.22203837935 7.24880953170196 0.20847435826138128
0.44451487858000005 13.315131577385362 139893.39795166758 7.623791998823769 0.21151282362005056
0.46189065079005176 13.260751747040121 116739.40264875708 8.014814251084598 0.21458263670778027
0.47964785136390675 13.213378334957648 99878.67923875117 8.42259449739206 0.2176856654880988
0.49779768264128343 13.17216889707587 84703.44156896883 8.847593883681874 0.22081967336561303
0.5163304855610854 13.136558650671436 71992.77768241124 9.290644933603184 0.22398749464882411
0.5352424776508862 13.105975217777798 61324.151975300505 9.752650668502199 0.22719232366794806
0.5545416697567125 13.079954064836475 51858.87356331139 10.234419795447677 0.23043550994588144
0.5742170195571599 13.057951652680986 44769.02370477533 10.736452024484302 0.2337141172072877
0.5942658149653564 13.039628801075633 38359.95548640092 11.25993461379839 0.2370336160086884
0.6146959776804866 13.024610525773397 32931.14185045702 11.80583112734864 0.24039596721240772
0.6354900875291418 13.012510455819905 28321.27770549287 12.375119436788154 0.24380280173440066
0.656654523855054 13.003082547135385 24395.4040769773 12.968527539477744 0.24725251506173668
0.6781781783925966 12.99602008908529 21049.252848697775 13.587303581684322 0.2507490182845707
0.7000584127680248 12.991090472593354 18191.291953909687 14.232681051890486 0.2542953708010049
0.7222838592991784 12.988023599046354 15745.655785528263 14.905848158399468 0.25789355440402395
0.7448633373945986 12.986646587204488 13649.145996239342 15.607884996378504 0.2615439782881297
0.7677750316845855 12.986749963957074 11848.579281840435 16.33995575786867 0.2652475261428621
0.7910115573097535 12.988128025911692 10301.603488768642 17.10372303157674 0.26900937779276224
0.8145770841823766 12.990640810240421 8967.42822331942 17.900639912857528 0.27283196197473636
0.8384503815181827 12.994098252787735 7816.407599170323 18.732134003818874 0.2767169264171295
0.8626232155883645 12.998361021428462 6822.942163242199 19.59942324458186 0.2806636303810297
0.8870885521875461 13.0032966979505 5962.803894044008 20.5046511128122 0.2846789764861655
0.9118396000180103 13.008794819475947 5217.469941222325 21.44960913446476 0.2887659729122509
0.9368508026243038 13.014680085864093 4571.217466509894 22.435860547006275 0.292925187437066
0.962119892486544 13.020868219640892 4009.6696793492865 23.46526937574673 0.2971591364614539
0.9876343208178353 13.027268756524743 3521.2125366490905 24.540331398729705 0.30147453998464946
1.0133756974399624 13.033734828552591 3096.331508192631 25.663082096125617 0.30587373320246386
1.0393234537856373 13.040175082775912 2725.2043032018237 26.835291885103512 0.31035657538248707
1.0654692625774604 13.046514657719777 2401.5257301929933 28.06014414632431 0.314932477158246
1.091789000332267 13.05263251952798 2118.7907899451316 29.33980245579155 0.3196026441738771
1.1182784635111194 13.058476031198591 1871.2706028251812 30.676799108108803 0.3243702446387721
1.1449017070569902 13.063934731928343 1654.3431635482837 32.074740789268645 0.3292447511091227
1.1716554774524062 13.068948145503759 1464.3014210108745 33.53537761577498 0.33422263059603335
1.198502387080317 13.073412990770592 1297.3787775404944 35.06330603509443 0.33931784584851454
1.2254411171946888 13.077286518703119 1150.767397106101 36.6607097373745 0.3445281583831514
1.2524282901355634 13.080462631408338 1021.7137283440371 38.3323575055767 0.3498663065619792
1.2794635764680293 13.082909430038944 908.1025429118368 40.08075595504049 0.3553304851985443
1.30650009582975 13.084507878235327 808.0145461755358 41.91125102467068 0.36093452587861974
1.3335305468142782 13.085228097152834 719.7541916526199 43.82712739770547 0.3666792940305116
1.3605276977886507 13.085047306644265 641.6787112302565 45.83342036655089 0.37257449478947713
1.387456560249921 13.083802915040467 572.7180394314182 47.93527956010615 0.37862909343436274
1.4143058590693152 13.081529429042028 511.6432356183134 50.13724248398749 0.3848476551735404
1.441032965595966 13.07810999108277 457.6174416802805 52.444928098061034 0.39123925276425525
1.4676144545073917 13.073513726810479 409.68769163830666 54.86453933155285 0.39781450502509147
1.4940201005832756 13.067667100487483 367.1587426537292 57.40225291254018 0.4045824509439688
1.5202287825457905 13.060548506234237 329.3870516293966 60.064682501985466 0.41155283778702645
1.5462083886097175 13.052085031167596 295.79055550746443 62.85891801562222 0.41873617938610946
1.5719234171630645 13.042229530645226 265.94873633969036 65.79256870883701 0.4261438191804521
1.5973393081574696 13.03092218606446 239.30707488168144 68.87381040629471 0.43378799856902006
1.622431142604962 13.018138092146696 215.59336601461666 72.111437305499 0.4416819311981002
1.6471829067506645 13.00382954214144 194.43356376345653 75.5149188372732 0.44983988388419177
1.6715365719228523 12.987929046018895 175.53924038177624 79.09446212711089 0.45827726495618704
1.6954716992255139 12.97041615337132 158.65267377541173 82.85967227137168 0.4670049397509893
1.7189362259800394 12.9512015814487 143.54465858096762 86.82351325030854 0.4760455018047442
1.741950254932996 12.930357365942372 130.01386589996812 90.99789506891251 0.48541468694322787
1.7644313569046948 12.907735744667006 117.8915492364965 95.39618698668708 0.49513162001176486
1.786356338831406 12.88332839913999 107.00983053149793 100.03273527808332 0.5052165755619468
1.8077001431150888 12.8571109295684 97.26084966373165 104.92367457344861 0.5156938037634111
1.828428289693912 12.829052193058887 88.49220569124758 110.08520688067087 0.5265846771708562
1.8485049715354671 12.799102836077275 80.6084775968299 115.5353941582743 0.5379143024282905
1.8679008610344328 12.7672457361463 73.51569660264813 121.29431421497878 0.5497116214685595
1.8865795446016191 12.73344832407989 67.12629429620786 127.38322984912656 0.5620059687311292
1.9045130767547378 12.697677545824018 61.36809856797583 133.82497359789937 0.5748281576394942
1.9216676100425956 12.659918127103001 56.173621629588204 140.64425671450547 0.588211183390172
1.9380002769993094 12.620109827191165 51.48351162701031 147.86912823437802 0.6021948068657812
1.9534984748381932 12.57826606951001 47.249106360178224 155.52852165573717 0.6168164486712489
1.9681362630316814 12.534421517376488 43.41535290531607 163.6551425443654 0.6321206627517008
1.9818703716801487 12.488486410219624 39.94954907254187 172.28319916810443 0.6481507081062402
1.9946740385829322 12.440465464785081 36.80853480607719 181.45185731827178 0.6649595530444188
2.0065250233401293 12.390351556826978 33.96368080028466 191.2028260453747 0.6826008835264034
2.0173978908328487 12.338156767687593 31.382699334540366 201.5819979747781 0.7011337478586671
2.0272545203852284 12.283835875960687 29.04209256794782 212.6397708284956 0.7206226017513145
2.036087723283888 12.227435548048067 26.91684185396287 224.43026156356686 0.7411336284636966
2.0438558265490387 12.168910814930658 24.98402831993463 237.0156638903316 0.7627477260168353
2.050540310723872 12.108275177048505 23.227086694389847 250.46145356690636 0.7855433905350211
2.0561326377530817 12.045568086080943 21.62935333048987 264.8415390876439 0.8096119091821011
2.0606115971796477 11.980810323549939 20.17439540929844 280.23728715106256 0.8350523170059005
2.063951513164769 11.913999208066045 18.851372858267002 296.7378075775889 0.8619701970465355
2.0661358240178678 11.845155553693113 17.646946019761614 314.4427098657701 0.8904842391511227
2.067157906154369 11.774336935452792 16.549293022485468 333.46210055355255 0.9207234341979216
