M[M_sun], R[km], Lambda[1], P_c[MeV/fm^3], rho_c[fm^-3]
0.24162668629717493 15.618656898711224 2160425.4255784233 3.5677272577965504 0.1711233750220791
0.25364158782468055 15.277366032381007 1723265.3944931894 3.7847960743484994 0.17388787974240363
0.2660376993059485 14.981295465542836 1383045.905157248 4.0113520182151285 0.1766660633514726
0.2788109729473167 14.723593890299842 1116553.2719375705 4.247651912972686 0.1794566292345666
0.29196395474692993 14.498488071805491 905972.6910070359 4.494320559759187 0.18226613666485053
0.3054981639262003 14.301301999453313 738741.3759193189 4.75151142946151 0.185090250122565
0.319411796301877 14.128256177463173 605180.8255839603 5.019910299415874 0.18793566517017243
0.3337082761406744 13.976046997367284 497748.1850596091 5.2997363982180685 0.19079891051638206
0.3483873793898664 13.842138154255613 411073.465776775 5.591723894951209 0.19368639536430807
0.3634480075652046 13.724097632925007 340708.87539787963 5.89603304186707 0.1965930530543853
0.37889984526630893 13.620098535576101 283354.092815013 6.2135307755542915 0.1995266246089128
0.3947281648951982 13.528607734220827 236450.69233012473 6.544479476390496 0.20248337694278237
0.41095173383394784 13.44799658794985 197917.14532164665 6.88957157729508 0.2054668531666189
0.4275571994742453 13.37715418077653 166117.86211940242 7.249516454053173 0.2084802064488242
0.444550226081406 13.315014421502402 139836.3581186377 7.624580240452177 0.2115190985302504
0.46192824607132404 13.260662078884028 118016.9792306105 8.01569755785382 0.21458946979976304
0.47969126610737023 13.213249434727778 99842.81754534831 8.423579754820764 0.21769307324659803
0.4978445444887312 13.172061790215746 84672.02170786096 8.84867745815071 0.22082751890774316
0.5163801753427536 13.136475237597086 71962.52475053525 9.291844356816513 0.22399593866302125
0.5352951953434535 13.105908376244278 61297.61593145977 9.753974069999746 0.2272013843751175
0.5545990988299795 13.07987790955774 52318.72003653553 10.235875798626768 0.2304452063590655
0.5742768412182774 13.057899847761915 44745.69736006744 10.73803430260495 0.2337242759229507
0.5943328298177653 13.039577570295496 38343.22138642469 11.261666956387506 0.23704443971653422
0.6147667211996576 13.024530058101863 32914.77052339962 11.807723764566258 0.24040747760448633
0.6355642401494707 13.012477581465017 28306.324838466186 12.377183236870858 0.24381502164783045
0.656732751424008 13.003055582432324 24381.468106312564 12.970753025372712 0.24726523502650888
0.6782610505020007 12.996003488772848 21036.926189363294 13.589722347732977 0.2507624853259034
0.7001451778445438 12.99108423655861 18180.381658707196 14.23530606233644 0.25430961161078786
0.7223759160560579 12.988004443583751 15735.993556105685 14.908693210263756 0.2579085972656809
0.7449607147092129 12.986655699066587 13544.39801318053 15.610937020587643 0.2615595782113992
0.7678772221536058 12.98676155516382 11841.287334396198 16.343256073830364 0.2652639773901833
0.7911184279508809 12.98812902366401 10293.990089541032 17.10728819663654 0.26902671398318184
0.8146869889578702 12.99065997002744 8960.747505872338 17.904487581832036 0.27285021888889893
0.8385678450996079 12.994107173062236 7811.174073989742 18.736247113242015 0.2767358240267489
0.862744522666898 12.998387963893958 6818.387019895283 19.603855258941234 0.28068351403433506
0.8872147019922675 13.003337489285451 5958.77526419883 20.509423354991505 0.2846998891913431
0.9119729687257521 13.008825551361564 5214.14203391406 21.454744387138735 0.28878796057709855
0.9369875116586553 13.014715890419042 4567.748775770283 22.441337422685507 0.2929479352605774
0.9622609827099704 13.02091780859603 4006.8884369388365 23.471156583174828 0.29718304616007923
0.9877834018907768 13.027302091336578 3518.6298974706156 24.546656637280137 0.30149966715467863
1.013522683195113 13.033758736406316 3093.9042603362554 25.66982088713116 0.3058997394947721
1.039481302822625 13.040212249408123 2723.153161743572 26.84252658348222 0.310383906770213
1.0656319567352024 13.046548056109346 2399.6530219545893 28.067908603390954 0.3149612012611802
1.0919563273763682 13.052667685243428 2117.1116825710947 29.348069159938365 0.3196323992330235
1.1184510619793364 13.058509273683772 1869.767471099545 30.68566671960678 0.3244015257129381
1.1450775738371552 13.063962017982059 1653.1690505975491 32.084199735974735 0.32927730984064557
1.1718372041605203 13.068986820643032 1463.0537708683908 33.545499857217635 0.33425674359334184
1.198688695789467 13.073446649693434 1296.2735850608337 35.074158686950966 0.3393537326260435
1.2256329279109364 13.07730762676919 1149.7939002787768 36.67226131565907 0.34456542198655155
1.2526235763980451 13.080481999641117 1020.8777175457755 38.3447408641952 0.3499055343273805
1.2796619289383337 13.082923333992625 907.3421697778739 40.093938823456035 0.3553712685893103
1.306703668684081 13.084518114272202 807.3038749241512 41.92528787351903 0.36097696139926155
1.3337366151055587 13.085229936461792 719.0387242034503 43.84217553680446 0.3667240248822382
1.3607419686024707 13.085037948854408 641.081024853649 45.84944827619817 0.3726211017735045
1.387670896977002 13.083785224669416 572.2138964890027 47.95235567136389 0.3786776975592909
1.4145240307946991 13.081502784090919 511.1763108443085 50.155553958288685 0.3848989659424985
1.4412453274099655 13.078062575489 457.1814312726205 52.46444587759832 0.3912928412741846
1.4678383254922636 13.073472061246179 409.3046767935099 54.88534980077348 0.39787052306555215
1.4942448125132384 13.06761195430895 366.80659681360123 57.42444945127067 0.4046410620354348
1.5204553287406586 13.060478601093141 329.079618499596 60.088366111560156 0.4116142181439113
1.5464372370235215 13.052004098346064 295.50565325766047 62.88419800746898 0.4188005189752079
1.5721529646407357 13.042134027091931 265.6606895472535 65.81956346247357 0.42621132288503377
1.5975752833939176 13.030821118384047 239.1002285426455 68.90264820453478 0.4338588874700112
1.622663583749615 13.018017036700067 215.40197011454157 72.14225725562515 0.4417564439851536
1.6474139958695047 13.003688077182897 194.24496054420592 75.54787188802081 0.4499182784109886
1.6717636692214968 12.987769032212741 175.3588706977334 79.12955251985268 0.45835915311843256
1.6957010329192779 12.97023564487086 158.48508775592651 82.89721747089675 0.4670912185101485
1.7191650291001823 12.950997967937472 143.39907021470137 86.86371872835765 0.4761365474310539
1.74217055958883 12.930119104936857 129.88653942084815 91.04077756451662 0.4855100847114678
1.7646504963084093 12.90748557498079 117.7705662772572 95.44215937668048 0.49523249370054623
1.7865804505146108 12.883068352307102 106.90547703950034 100.08183758497319 0.5053225362099718
1.807920532790926 12.856832445365999 97.16053121332507 104.97616128813004 0.5158052594120536
1.8286340144038897 12.828716597359806 88.39957870296945 110.14157752479358 0.5267028953424701
1.8487167656224217 12.79877182878932 80.52578580440884 115.59573711337488 0.5380389501507754
1.868107572900419 12.76688781526842 73.44188779157095 121.35896116878489 0.549843218976043
1.8867824225695808 12.733060966181215 67.06244863240497 127.45254355430842 0.5621450807843654
1.9047093640967743 12.697266775453382 61.30470871309187 133.8990963704822 0.5749744990074894
1.9218568425804032 12.659476921552635 56.11897839482741 140.72386855235888 0.5883662975251622
1.938176534846917 12.619611057170454 51.432697609046016 147.95470561067893 0.602359419206836
1.9536804206009901 12.577801560818349 47.200100717675504 155.6203062237487 0.6169903896153955
1.9683031762899699 12.533894518015362 43.37283805501705 163.75397848302978 0.6323057265266185
1.9820282244405936 12.487925393346886 39.91011407315886 172.38941669327554 0.6483468271528847
1.9948240133565003 12.439872604938389 36.77399789410574 181.56612956974038 0.6651677015349433
2.006664257806099 12.389727885189865 33.931104218779076 191.32589463601278 0.6828221254077792
2.017525309764455 12.337497971255187 31.351473503793244 201.71468096106221 0.7013692470712241
2.027372012744049 12.283145735859327 29.01354840596274 212.78263726401738 0.7208725380328325
2.0361922751176507 12.226706121342362 26.88929756350826 224.58463289126576 0.7414004629786842
2.043948049359624 12.168143362404926 24.961138451431353 237.1822917477777 0.7630318418204767
2.050621861572875 12.107469276568812 23.198723241536403 250.6419024678406 0.7858475865935248
2.056198244507556 12.044734352598958 21.609289213074646 265.03679112899306 0.8099368199228105
2.060664316429893 11.979940649736447 20.157022016216597 280.4488104406791 0.8353998573768494
2.063987508714324 11.913088507197102 18.834546036277338 296.96689256456096 0.8623413557731336
2.0661566035481154 11.844207141042782 17.631228807004206 314.6915596197939 0.8908825986623353
2.067163638539003 11.773349293434139 16.53477580142134 333.73235529301905 0.9211502799711128
