M[M_sun], R[km], Lambda[1], P_c[MeV/fm^3], rho_c[fm^-3]
0.24162668629717493 15.618656898711224 2160425.4255784233 3.5677272577965504 0.1711233750220791
0.25363343992629395 15.277530406374776 1723420.64520245 3.784630057554456 0.173885810423155
0.2660181874935314 14.98174608405129 1383583.5049429405 4.01100303133261 0.17666184605095533
0.27878140253028233 14.724149823779126 1117109.570999333 4.247108163181076 0.17945032255639737
0.291924180764232 14.499112202574283 906568.9341086237 4.4935677930787365 0.18225775443315567
0.30544589411591694 14.302008002605548 739260.1355511884 4.75052410271256 0.18507958510933492
0.31934815450283055 14.128982839616569 605664.9810274596 5.018681154900128 0.18792291232141536
0.333632462970814 13.976799892630064 498303.8527094494 5.2982330957124475 0.1907837747545804
0.34829824833267187 13.842890626086403 411541.18166946317 5.589942696708347 0.19366916178131763
0.36334406538054215 13.72485978049659 341127.5966885735 5.893933954389423 0.19657333798058096
0.37878177532190443 13.620840261509343 283755.1952479734 6.211088419765186 0.19950435326490398
0.3945961810084535 13.529293397397039 236810.81207016102 6.541696403626259 0.20245897315438716
0.4108034466241688 13.448659882315136 198221.0195854626 6.8863940917698026 0.20543979236650556
0.427393527716864 13.377795890135207 166418.6469307254 7.245914766280004 0.20845041060891026
0.44436950754001103 13.315628335542689 140101.08264025976 7.620564319430514 0.21148712921668922
0.4617300861924824 13.261235721915023 118236.70287006938 8.011197397793797 0.21455465742347563
0.47947386738008196 13.213787479296572 100044.51748279728 8.418560297459804 0.21765533394431633
0.4976110408416805 13.17257306436106 84848.69304653385 8.843157222744203 0.22078755004478492
0.5161255338379805 13.136905307151467 72127.91561129523 9.285734063505268 0.2239529218171777
0.5350234305911193 13.106299947665882 61441.57685172067 9.747232329485243 0.22715522685094403
0.5543061955787684 13.080245848313927 52445.24603087385 10.22845870840379 0.23039581143159676
0.5739633645001159 13.058209654924035 44857.19650296301 10.72997409575943 0.23367252689826284
0.5940013364146024 13.039865127297471 38439.51014314887 11.252842498041987 0.23698930434110138
0.6144085848862986 13.024803702964762 33002.037109814875 11.79808297568515 0.2403488455227881
0.6351858640766354 13.012661361519754 28381.13892710237 12.366670791537517 0.2437527766789571
0.6563277178219538 13.00319325703234 24450.202346030153 12.959417194976664 0.2472004440684411
0.6778376504008055 12.996116536746538 21097.240025821055 13.577402273425529 0.2506938904529049
0.6996995639074054 12.991144444622044 18234.8658673126 14.221935752806253 0.25423707702904846
0.7219057951617581 12.988057754288052 15784.013288969305 14.894202436922223 0.25783197908468586
0.7444658679551942 12.986657562378436 13683.035670328747 15.59539233787171 0.26148012410455085
0.7673574726225789 12.986740102023727 11879.612893595962 16.326447132686862 0.265180189034411
0.7905730885431403 12.988088234528428 10327.386704459754 17.08913072394273 0.268938420342108
0.8141149256718918 12.990570518938894 8991.456958652445 17.884891720898807 0.27275723792994194
0.8379727056571727 12.994019918884472 7838.540091034213 18.71525639711057 0.2766391973759445
0.8621270661357524 12.998275706929466 6841.711956744887 19.581284238042326 0.28058225209835963
0.8865681526934635 13.003187874795163 5979.730217817211 20.485120163260955 0.2845933888369104
0.9112990116104706 13.008666188376935 5232.835586010616 21.428593080338967 0.2886759882544601
0.9362927309879794 13.014550174918691 4584.603836811472 22.41344688089331 0.292832093828439
0.9615371080033199 13.020728725611548 4021.6314435232975 23.441177106247597 0.2970612905965072
0.9870338451044192 13.027119135509853 3531.9343101158506 24.514447269809274 0.30137171462822154
1.012746699875175 13.033570715066817 3105.788102199809 25.635479935865654 0.3057671192975006
1.0386756447673184 13.040010842942117 2733.873963437601 26.805687524666936 0.31024473543960146
1.0648046350646094 13.046353967348628 2409.167643145326 28.02837289370793 0.3148149414796186
1.091103423179971 13.05248262757617 2125.5456837376732 29.30597682444632 0.3194808926700778
1.1175733563522532 13.058326949118765 1877.3334633158943 30.640515710522763 0.3242422526026818
1.1441805511976317 13.063793360429163 1659.918061183933 32.03582962058804 0.329110181151008
1.1709114351112009 13.068818734751778 1469.1991645923695 33.49396281560517 0.3340830584494165
1.1977389984593314 13.073288170786368 1301.8125107838528 35.018904077790644 0.3391710206131088
1.224660205811695 13.077187271377527 1154.6732392236438 36.61344935221419 0.3443757036963746
1.251634657942706 13.080392891028835 1025.2811433919412 38.28169560974948 0.34970582078219037
1.2786476699882265 13.082850444077422 911.3542345255056 40.026824481518716 0.35516363923680916
1.3056680522289525 13.084473163178368 810.8919048733493 41.85382732065317 0.36076092532172177
1.3326893780541829 13.08524780525521 722.3033367883909 43.765568489702964 0.3664963091200053
1.3596684949338516 13.08506495957554 644.0545921252374 45.767855099510356 0.3723838398992916
1.386580451421784 13.08385663112244 574.8305241824161 47.86540994897936 0.3784301783270137
1.4134080650886898 13.081598427498836 513.5973563080626 50.06234024405723 0.38463777084285833
1.4401335305415037 13.078245229952932 459.34370852550313 52.365093692554964 0.39102005739810247
1.4666994958126782 13.07367963313445 411.2618762258197 54.779419743520755 0.39758537840253316
1.4930988832020653 13.06789948131142 368.5636970124291 57.3114665538324 0.40434272493809464
1.519298824487038 13.060827986488079 330.65785704076836 59.967816657553634 0.4113017924350742
1.5452718531496008 13.052414270464372 296.93632119710145 62.75552603304484 0.41847303857042295
1.5709809621494988 13.042618651764899 266.95728127047374 65.6821669047249 0.4258677458785652
1.5963978860404133 13.031379901151269 240.2491522298357 68.75587465778072 0.4334980896262453
1.6214935340649554 13.018658277947626 216.4530318572883 71.98539929111605 0.44137721157045917
1.6462255636574206 13.004402461563934 195.20477300520457 75.38016188710172 0.44951930029324655
1.6705901458478905 12.988582504378488 176.2441443236384 78.9503166370556 0.45793967889021026
1.6945220300657589 12.97114165548697 159.2825090241523 82.70614583361159 0.4666521364441581
1.7180126878038509 12.952049697681659 144.11201688706316 86.65911437497891 0.4756732192379082
1.7410171565153907 12.931247111625414 130.53819268034331 90.82255527811762 0.4850246204489662
1.7635039473504184 12.908713532873247 118.36421574835096 95.20821999702574 0.4947191784654586
1.785442085902373 12.884397284931893 107.447661279728 99.83197750803141 0.5047833490038041
1.8067888727570196 12.858251381974735 97.64987103029442 104.70876005741043 0.5152368912754051
1.8275395275940083 12.830307259842716 88.85273368508533 109.8547489028016 0.5261013702794494
1.8476236366280745 12.8004345182981 80.93550000692176 115.28870510395556 0.5374047279679163
1.8670448788040526 12.768713552295907 73.81531924494935 121.29797367978836 0.5496858580746328
1.8853801765053753 12.735083579182866 67.48818913427527 127.13904318344709 0.6197823259059259
1.902117446251513 12.699115602337065 61.94603334106915 133.68583004660965 0.6939852502508588
1.9172318227964211 12.660333807376524 57.0512793550541 140.70448347152413 0.7704691630703309
1.9307079932114997 12.61845738611303 52.71578177086715 148.23143331603785 0.8495469205758992
1.9425891470039334 12.573431036832973 48.852179541069 156.30674190223573 0.9315617500282354
1.9528667160321815 12.525029187964323 45.39299227880473 164.97478254890652 1.0168964060086536
1.961576860400699 12.473345010894846 42.288865251369785 174.2846057865525 1.1059645429320593
1.9687592908251186 12.41831591000381 39.49329836251259 184.28985740397073 1.1991913424955027
1.9744532166629418 12.360083755406254 36.96622184403593 195.05036652911951 1.2970571972314398
1.9786627141077917 12.29858262485079 34.678032917202906 206.63199609282714 1.400069871305938
1.9814323618139447 12.233927398154092 32.59843449145142 219.1085191233166 1.5088029089976156
1.9827658068378977 12.166189965258837 30.710924718816017 232.56086937495 1.6238537196415421
