M[M_sun], R[km], Lambda[1], P_c[MeV/fm^3], rho_c[fm^-3]
0.24162668629717493 15.618656898711224 2160425.4255784233 3.5677272577965504 0.1711233750220791
0.253641691918045 15.277344109890715 1723078.3365733542 3.784798723668724 0.17388791276490215
0.2660379720669752 14.981299331312002 1382953.732777919 4.011357587574805 0.1766661306538975
0.2788113045970932 14.723604401763147 1116475.0376623287 4.24766059075053 0.17945672988371245
0.29196438469923625 14.49851916577323 906010.6994768814 4.494332573623883 0.18226627044202218
0.3054978841050456 14.301318663345926 738706.7574284893 4.751527187289553 0.18509042033718215
0.3194129636426209 14.128243556822053 605177.0397315731 5.019929917238011 0.1879358687126489
0.3337092903681798 13.97609955806606 497761.07913465204 5.299760392458261 0.19079915209856715
0.3483887792182031 13.842129120058937 411070.07092510315 5.591752325470365 0.19368667043740187
0.3634494367957351 13.724092007855774 340701.88815960113 5.896066547324621 0.19659336774473313
0.37890170521884453 13.620088561772086 283358.3922236778 6.213569761343969 0.19952698011237271
0.3947296046945341 13.5285806272342 236450.19675243084 6.544523901988528 0.2024837664952611
0.4109540970218126 13.447986072469439 197912.36420270335 6.889622300238715 0.20546728514449195
0.42756018033863563 13.377136425712102 166116.69251860733 7.249573950234745 0.20848068209999934
0.444553574217393 13.315016605356526 139836.80855974264 7.62464435091545 0.21151960889076094
0.4619317575679286 13.260651011403045 118014.21586594885 8.015769400709587 0.21459002556233486
0.4796938166598832 13.213234498008289 99847.62642437671 8.42365989018509 0.21769367575251058
0.4978483333529427 13.17205662795467 84665.53280129742 8.848765590517019 0.2208281570237313
0.5163837057555294 13.13647360056769 71959.67561249674 9.291941912270271 0.22399662545949758
0.5353001612299552 13.105894753314931 61294.567544180245 9.754081709867078 0.22720212133462636
0.5546046799242742 13.07986973107959 52316.43276540797 10.235994224413224 0.23044599502860524
0.5742844307563074 13.057878139612093 44745.4915672506 10.738162999733262 0.23372510219837983
0.5943372442614563 13.039564861682189 38340.8628476581 11.26180786002875 0.23704532008503454
0.614772316547429 13.024549238524065 32913.93378729967 11.807877706950022 0.2404084138310268
0.6355705454807976 13.012450143793878 28304.68266210801 12.37735110214049 0.24381601559054805
0.6567389214274575 13.003041469854361 24379.589457585997 12.970934042675037 0.24726626964717932
0.6782685588192305 12.996005963881581 21036.313579531794 13.589919087200165 0.25076358071854704
0.7001533337559864 12.991074380684939 18179.800581154544 14.235519578643641 0.2543107699471751
0.7223846943225989 12.988005336373533 15735.559711912809 14.908924625842321 0.2579098208470775
0.7449683499013852 12.98664392833396 13640.242951181055 15.611185272358757 0.26156084710978117
0.7678830547667893 12.986769176365208 11840.329032198275 16.34352452314015 0.2652653155426632
0.7911269211333196 12.988120195273927 10293.669099140823 17.107578190502146 0.26902812412515015
0.8146983930635174 12.990654301355708 8960.228746280014 17.904800556564776 0.272851703931627
0.8385775456222299 12.994116728699522 7810.571259718788 18.736581680784187 0.2767373611914953
0.8627555110166087 12.998383285643648 6817.874846063525 19.60421576877857 0.2806851314146135
0.8872248678508715 13.003327973325144 5958.598476632348 20.509811541884588 0.2847015902864979
0.9119827943620762 13.00882596180288 5213.73311760092 21.455162104625035 0.28878974912240934
0.9369993903581711 13.014720252378854 4567.547571664631 22.44178293088869 0.2929497856480195
0.9622739970525941 13.020909321954415 4006.4510283873306 23.471635471920713 0.29718499106956797
0.9877953792240065 13.027308124638195 3518.389080065258 24.547171160160467 0.3015017111098267
1.0135348595874967 13.03376392957809 3093.83477612766 25.670369052741563 0.3059018549714334
1.0394939988918652 13.04021531085129 2722.9572644801633 26.843115092000957 0.31038613004942434
1.0656443967735798 13.046557721317063 2399.5175709083665 28.068540208982384 0.3149635378449061
1.0919700270391164 13.052680018125677 2116.884322097413 29.348741624393636 0.31963481969216717
1.1184650564283292 13.05851227634797 1869.6446763761483 30.68638806986516 0.3244040703227169
1.145091713432251 13.063973746629427 1652.992622433568 32.08496761805579 0.32927994820784273
1.1718521607949464 13.06898120763248 1462.9788797392737 33.5463232764071 0.3342595186009084
1.198703869842327 13.07344331923598 1296.1843239511443 35.07504152866507 0.33935665194425313
1.2256480715683495 13.077310848705887 1149.7174823596627 36.67320101838962 0.3445684533220974
1.2526398044642435 13.080476918071703 1020.8094561701228 38.34574823732189 0.3499087254646077
1.279678034105507 13.082922448073871 907.284704027364 40.095011241425695 0.35537458629223667
1.3067192689593587 13.084515554983279 807.2529762205248 41.926429768277366 0.36098041352011234
1.3337536073384124 13.08522631236632 719.001128885844 43.84339970787629 0.36672766375175836
1.3607590785775816 13.085036583562536 641.0198300416225 45.850752159041235 0.37262489328769305
1.38768860874555 13.083782101868998 572.1765424984959 47.953744833938025 0.37868165156440836
1.4145423487143503 13.081501389963226 511.1526016423983 50.15704362941959 0.38490314016517246
1.4412631110783065 13.078055450035325 457.1502579355805 52.46603369297834 0.3912972008203151
1.4678566318179886 13.073464220875268 409.2874979953715 54.88704278934534 0.39787508028631025
1.4942635019635393 13.067606587186011 366.7750478008 57.426255211245405 0.4046458302366544
1.5204740217232142 13.060474449567392 329.058778042937 60.09029286137726 0.4116192116644737
1.5464562630342482 13.051996326125696 295.4841441851095 62.88625464183986 0.41880575327319153
1.5721710161135365 13.042127745226923 265.64181661049196 65.82175961407553 0.4262168146324655
1.5975940035918577 13.030812053696772 239.08238396141894 68.90499431198936 0.43386465465714796
1.6226748247799212 13.017975739956956 215.37837360018906 72.14476463847564 0.4417625060353398
1.647432832829346 13.003676827522487 194.23302913268174 75.55055282950691 0.4499246563072502
1.6717822104458195 12.98775515801208 175.3461973806665 79.13240636386169 0.4583658111038555
1.6957208709329812 12.970221112717663 158.475125771228 82.90027205307238 0.46709823793109173
1.7191828559358198 12.950983259069321 143.39098264390896 86.8669897682658 0.4761439547270636
1.7421889984748897 12.930102236860307 129.50089783285304 91.04426642387617 0.48551784613933985
1.76467018660026 12.907466601347528 117.7603557403748 95.44589965461918 0.49524070070550724
1.7865990150741438 12.883046854680877 106.89820094957855 100.08583253793861 0.5053311571451551
1.8079385185601842 12.85680793757073 97.15291894276278 104.9804316260585 0.5158143274835956
1.8286522751101706 12.828693338743973 88.39223954890403 110.14616389921605 0.5267125136962604
1.84873444184158 12.798744225337613 80.52317444722568 115.600646716239 0.538049091696119
1.8681243405181873 12.766859044521468 73.43370741942515 121.36422099314673 0.5498539260509332
1.8867986551629705 12.733028938371966 67.05579871548079 127.45818312169168 0.5621563993511047
1.9047256000847508 12.69723314118602 61.30034615626958 133.90512726173458 0.5749864058593968
1.9218725792874178 12.65944179389932 56.114723129312374 140.73034610912643 0.5883789182690358
1.9381909392441383 12.619572641695955 51.42738749953269 147.96166861079013 0.6023728128839807
1.9536949455627168 12.577762422440307 47.19927412532783 155.62777433295432 0.6170045424299084
1.9683172592378764 12.533850203980785 43.36986545397102 163.76202040762726 0.6323207844998996
1.982041411246784 12.487879829709657 39.90744315587013 172.398059307348 0.6483627847948057
1.9948367067714006 12.439824759917622 36.77082567203675 181.57542765902923 0.6651846381335083
2.0066750444881727 12.389679677437732 33.926308479782506 191.33590856008038 0.6828401275591744
2.0175359051147996 12.337444092930149 31.347922555272255 201.72547730220964 0.7013884095117895
2.0273817118453348 12.283087745642256 29.012167063717673 212.79426233615095 0.7208928754010242
2.0362005284964284 12.226647670179846 26.887760917911976 224.5971942527113 0.7414221755909864
2.043955560572228 12.168081352670992 24.95863555158269 237.1958505749926 0.7630549608664131
2.0506260749551286 12.107404362322264 23.203385465322725 250.65658610787892 0.7858723398915556
2.0562035055997034 12.044666022833145 21.607403739361118 265.05267951882365 0.8099632591265846
2.0606692193378957 11.979866778451187 20.15604597588588 280.4659933812523 0.8354280413986839
2.0639902018390015 11.913014124081922 18.833525076829893 296.98553449356984 0.8623715590384097
2.066158593173116 11.844129759940163 17.6299529895971 314.7118101717566 0.8909150158130505
2.067164106402104 11.773270042849362 16.533790881291402 333.75434798124616 0.9211850156654039
