M[M_sun], R[km], Lambda[1], P_c[MeV/fm^3], rho_c[fm^-3]
0.24162668629717493 15.618656898711224 2160425.4255784233 3.5677272577965504 0.1711233750220791
0.25363776354650563 15.277462728392122 1723360.509692274 3.7847179662478703 0.17388690616260988
0.2660278220909518 14.98151695764751 1383298.9593200216 4.011187823069331 0.176664079150037
0.27879715771892216 14.72384355842349 1116796.1737723188 4.247396079582479 0.17945366195277287
0.2919446034186884 14.498799945614577 906196.3351221745 4.493966378770187 0.18226219277733688
0.30547310339476624 14.301665053890021 738984.7399865951 4.751046879324984 0.18508523209448327
0.3193826714546034 14.128571859394597 605378.9413596503 5.019331962260365 0.18792966469896638
0.3336729357705758 13.976458730263303 498024.539131543 5.299029053383384 0.1907917887275941
0.3483454674557385 13.842443777001657 411280.1127886855 5.590885780611743 0.1936782863775164
0.363399650169405 13.724443206542345 340919.1562880849 5.895045335037554 0.19658377630282142
0.3788447409079654 13.62043587804403 283545.3786785293 6.212381529804793 0.19951614487145936
0.39466637232119367 13.528915592431055 236627.15902490524 6.543169889150137 0.20247189363185014
0.4108827319048697 13.44829459233411 198063.74465814704 6.888076375585782 0.20545411940142547
0.4274806102482466 13.377449471091733 166255.47307661094 7.247821614628886 0.2084661854766172
0.4444648621219219 13.315324444676879 139963.46187496773 7.622690451555237 0.21150405459550048
0.461836031228874 13.260925809023332 118115.87157505525 8.013579868374954 0.21457308775956563
0.4795890703142716 13.213484451022861 99936.17289943405 8.421217660435653 0.21767531359896938
0.4977349633553186 13.172286683357669 84751.00520784466 8.846079671451923 0.22080870982209508
0.5162608067181396 13.136688231846255 72040.89128543818 9.288968852483807 0.2239756949332522
0.5351669257105949 13.106102237910436 61362.65670893585 9.75080136232237 0.22717966233894615
0.5544614518657085 13.080054682082602 52377.26047496847 10.23238521834748 0.23042196045608523
0.5741282481115055 13.058047468366931 44798.23471073588 10.734241017873355 0.2336999218599613
0.594179748100186 13.039691461291968 38389.53737297355 11.257513943290913 0.23701849161555252
0.6145978572704768 13.024651368340058 32954.908290641935 11.80318650321444 0.24037988348521386
0.6353863803687602 13.0125439347803 28339.705914464324 12.372235678241303 0.2437857267860613
0.6565406375798842 13.003099209276002 24416.012509278735 12.96541788850358 0.24723474157194075
0.6780629071211605 12.996053703863168 21066.88861303727 13.58392390327648 0.25073020114066585
0.6999355868172973 12.991116711894296 18206.008821978376 14.229013238285672 0.25427547273319107
0.722154714181215 12.98803229836038 15758.906110800033 14.901872938940159 0.25787253592027226
0.744726711810665 12.98666241321772 13660.157073579046 15.603620629991774 0.26152218167582675
0.7676326946505448 12.986749565357496 11858.840535354788 16.335344528162306 0.26522454031931225
0.7908622392858602 12.988111319572019 10310.100796278544 17.09874181341977 0.2689851558156469
0.8144206798583177 12.99062353006749 8975.361139877734 17.89526404868659 0.272806453883638
0.8382876718925922 12.994070194955126 7823.49572753677 18.726387330774315 0.2766905234278983
0.8624516097948021 12.998331336110324 6829.230410325082 19.593231086692324 0.280635850073769
0.88691086406613 13.003261048900564 5968.627978364719 20.49798369076786 0.2846497588089671
0.9116555664802343 13.008745606420266 5222.811604508321 21.442434630724282 0.28873525376487713
0.9366597518039903 13.014635770977874 4576.077162915147 22.428208836449773 0.29289340658763763
0.9619221200284421 13.020819877296105 4013.790168132555 23.457044496889008 0.2971257327845631
0.9874304005621074 13.027219745632085 3524.813214869981 24.53149466923251 0.3014394358533496
1.013158734004832 13.033668650178216 3099.41513942142 25.65366770645195 0.30583740125960407
1.0391034482777772 13.04012149612825 2728.164420680138 26.825184821153496 0.31031839271485834
1.065243104532441 13.046455300182982 2404.112986715428 28.049297136714 0.3148923493530562
1.0915546826896518 13.052582642183381 2120.9953451433385 29.32825392468867 0.319561076552741
1.1180375361963628 13.058422857895462 1873.303163289809 30.664411277543653 0.32432654576374215
1.1446541083441875 13.063891399039843 1656.2962289273112 32.06145558830957 0.32919880571613586
1.171401719545371 13.068904455406306 1465.945159204233 33.521237442137235 0.3341749767529612
1.1982474873589504 13.073383228484747 1298.9259431367161 35.04814572882314 0.33926771482564366
1.225174309100533 13.077256390298851 1152.1101311165967 36.64457326586649 0.34447610462393863
1.2521566264440982 13.080430736265228 1022.9766509002684 38.31505935760955 0.34981150982135034
1.2791847147170792 13.082890974553774 909.188733978733 40.06234119445464 0.3552735160812658
1.3062162926200083 13.084493416899605 809.0099028799405 41.89164359326668 0.3608752496429726
1.3332399464432365 13.08522725662029 720.5631115009627 43.80610764809719 0.36661681246406175
1.3602377053395818 13.085046854879277 642.5189116607473 45.81103231113488 0.37250939336551486
1.3871578129517117 13.083817732596895 573.4625506353734 47.91142765280713 0.3785612032066265
1.4139953731043997 13.081540870376934 512.35527447235 50.11166541248073 0.38477598540052693
1.4407251850005813 13.078154410895005 458.20874378179303 52.41766643431569 0.39116440244967327
1.4673004332772186 13.073561821433767 410.24911847914575 54.83547246943727 0.3977362622598375
1.4937063554544352 13.067744908266517 367.63226191151165 57.371250481854986 0.40450058744612244
1.5199117667801076 13.06064330933131 329.8105684517634 60.031603494776206 0.4114671075582158
1.5458894495876239 13.052195988525689 296.18504583884237 62.82360982536796 0.4186463172347868
1.57160159933354 13.042361608325434 266.2763867155842 65.75486607281563 0.42604953909780335
1.5970170090347193 13.031074365338498 239.64457907587473 68.83353424024989 0.4336889919415623
1.6221104265023099 13.018307541454492 215.88886447977697 72.06839341839554 0.4415778648391163
1.6468589456605547 13.00402555969675 194.69423069927092 75.46889651241656 0.4497303978640094
1.67121372857185 12.98815236539439 175.77928878232174 79.04523255418651 0.45816197020886695
1.6951382062937146 12.970648433150876 158.86788791252152 82.80723806104021 0.4668844460883607
1.7186328349932631 12.95151435849087 143.72861247471735 86.76736471702462 0.4759183530024601
1.7416317777532433 12.930661359864706 130.19657893302835 90.93800883075735 0.4852814621066645
1.7641144311523789 12.908070461462112 118.0559613824034 95.33198675947888 0.4949907503780559
1.7860465265410677 12.883698917242967 107.16771560877825 99.96416517997743 0.5050686042650637
1.8073880962499176 12.85749974835955 97.3919385526737 104.85037939000244 0.5155381612877304
1.8281247309481339 12.829478326675844 88.62005551493198 110.00648944459263 0.5264195942360747
1.8482088285153797 12.799567986739298 80.72217336036478 115.45113109436627 0.5377402440152045
1.867609868458177 12.767744181754058 73.6209611681356 121.20404259681551 0.5495278615348365
1.8862968136708447 12.733983716442921 67.21989471935423 127.28644340809113 0.5618117191162437
1.904237292239336 12.698253433936614 61.45230128464817 133.7214620162373 0.5746237755012402
1.921390481958971 12.660498448297943 56.2544823180087 140.5330943558534 0.5879945968426092
1.9377374028599643 12.620737070082814 51.55791441324499 147.74963852068487 0.6019649624565085
1.9532588101397916 12.578996945139846 47.31312859856859 155.4003673106018 0.6165735833587865
1.9679088869228107 12.535177857936768 43.47816865945644 163.51714560993724 0.631862272595676
1.9816501708133598 12.489276565501719 40.00431676439647 172.13489880287986 0.6478768876966795
1.9944801669191512 12.441331024782398 36.85797496871087 181.29231423163884 0.6646689430999267
2.006330844486068 12.391226550687103 34.009467956903116 191.0310054348282 0.6822919995541455
2.0172146257338417 12.339070079764095 31.42805538714169 201.39675841194202 0.7008049659070092
2.027087521715158 12.284796338609294 29.081819806931843 212.4399946466419 0.7202726108100846
2.035939861212496 12.228451962181348 26.952731407472708 224.21475235246683 0.7407611156617635
2.043725356064414 12.169976422830809 25.017375630981345 236.78293556188925 0.7623507260662196
2.050427838842887 12.109391452112009 23.257354512111046 250.20955101542353 0.7851187397729971
2.0560398583751605 12.04673690736549 21.656246950599204 264.5689783896506 0.8091583523451975
2.0605325755179402 11.982013292905007 20.2017331040917 279.9419983679885 0.8345671113869981
2.0638933137275557 11.915255993920145 18.8755186190509 296.41803420795804 0.8614521068903847
2.066104234034294 11.84647560944065 17.668466118158022 314.09535703170405 0.8899281955828274
2.0671485370456004 11.77570778231567 16.569600278151626 333.0848802231984 0.9201276448182747
