M[M_sun], R[km], Lambda[1], P_c[MeV/fm^3], rho_c[fm^-3]
0.24162668629717493 15.618656898711224 2160425.4255784233 3.5677272577965504 0.1711233750220791
0.2536443191629584 15.277265633523545 1723195.3678867528 3.7848260654615484 0.1738882535671596
0.26604070222216414 14.98123969325372 1382929.9373864688 4.011415065388481 0.17666682523935467
0.27881582820054046 14.723484625372748 1116422.7287989121 4.247750149054535 0.17945776862507742
0.29197171044983194 14.4983921275598 905849.2858300768 4.494456562398411 0.18226765108580284
0.3055063660505145 14.301208401800602 738607.1544534954 4.751689816412071 0.1850921770420877
0.31942388094569896 14.128088176570976 605113.6232600795 5.0201323845690515 0.18793796938935364
0.33372283572092987 13.975894972870707 497668.73993325094 5.300008028263559 0.1908016453802244
0.3484033885444478 13.842007502682923 410994.3847561827 5.59204574792467 0.193689509380365
0.3634666977669622 13.723951632835332 340626.4154046265 5.896412348391052 0.19659661558152836
0.378920554117059 13.619977063267081 283288.5750571398 6.213972125526775 0.1995306491892419
0.39475192243533136 13.528449817101519 236389.79573099405 6.544982411420713 0.20248778700356546
0.41097839671616754 13.447855861491561 197859.72720502387 6.8901458061628595 0.2054717435406227
0.42758593093441205 13.377053829537635 166072.70885842797 7.250167364937394 0.20848559126775518
0.4445828836410792 13.314920112406531 139793.68928061932 7.625306034159114 0.21152487631484143
0.46196434257307384 13.260571789759487 117976.38132229743 8.016510893479797 0.2145957616083836
0.479729691045576 13.213157912041597 99806.77160524984 8.424486974246447 0.2176998942684097
0.49788658263875185 13.171980783185257 84635.48685879746 8.849675216200426 0.2208347431023323
0.5164263074655869 13.136388760817534 71932.95440807515 9.292948799681582 0.22400371400964533
0.5353450130979904 13.105832394550548 61271.41919792203 9.75519268561746 0.2272097276626872
0.5546522609239375 13.07980146404517 52302.31513393692 10.237216529911999 0.23045413510640417
0.5743350127739925 13.05783070977885 44726.097569381964 10.73949132402558 0.2337336304517999
0.5943923993133877 13.039535542165464 38323.444413302655 11.26326217849564 0.23705440669313346
0.6148297908035458 13.024524643924764 32899.13746281365 11.809466610557429 0.24041807701598697
0.6356347110232792 13.012428570712942 28290.281650311852 12.379083717803562 0.24382627453645433
0.656806057706144 13.003032269483706 24369.834561291285 12.972802413978311 0.24727694849138712
0.6783383346949053 12.995979679890612 21026.692830227315 13.591949744429085 0.25077488687395205
0.7002272125031048 12.991063476381548 18171.135291648585 14.23772340926321 0.25432272583584425
0.722457417497464 12.988032704286187 15727.704347193467 14.911313216833223 0.25792245022803256
0.7450486912433969 12.986652348127487 13632.792384958686 15.61374765059999 0.26157394428765773
0.7679707914064833 12.986764248384983 11835.445627778545 16.346295387135772 0.26527912760472466
0.7912164235448096 12.988139015113953 10287.930672806306 17.110571445875333 0.26904267931242865
0.8147932933909195 12.990656584115078 8955.55744050511 17.908031030832465 0.2728670323010372
0.8386732252962241 12.994139419609073 7806.795223138411 18.74003504583382 0.27675322761707927
0.8628546236741402 12.998415682569341 6813.592471942124 19.60793692465792 0.2807018258942339
0.887336473803725 13.003365448641643 5954.816590879615 20.513818397389965 0.28471914894859524
0.9120936697282513 13.008844492468656 5210.550038533991 21.459473794860937 0.28880821053139005
0.9371138753239525 13.014744244236823 4564.773533659236 22.446381495480868 0.2929688854673098
0.9623982931833556 13.020948495092519 4004.1747201396274 23.476578616591787 0.29720506664882856
0.9879196936349584 13.02734013871496 3516.2409076772774 24.552482150392468 0.30152280915277296
1.0136610624618563 13.033796947478365 3091.5843837656507 25.6760273311584 0.30592369135756686
1.0396266619922754 13.040250179243179 2721.099939248766 26.84918982831424 0.3104090793093409
1.0657778786142504 13.04657598778987 2397.9476138713376 28.075059836955685 0.31498765678373086
1.0921113267675777 13.0527026171686 2115.5977525110648 29.35568303828819 0.3196598045201377
1.118609317008666 13.058541219575574 1868.4108531284364 30.69383413805715 0.3244303368107573
1.1452405170722793 13.063995907970016 1651.9136186098626 32.09289403925414 0.3293071826103592
1.1720041746392218 13.069012707597604 1461.9157186187533 33.55482302055665 0.3342881636150527
1.1988603857954874 13.073464370899108 1295.2651471257373 35.08415470972602 0.33938678676343276
1.225806812366825 13.077332204363124 1148.9352113957987 36.682901191993686 0.34459974458058956
1.2528031231743542 13.080499287463688 1020.0733149131828 38.356126372568305 0.34994154545944106
1.2798471734514691 13.082934425263327 906.6178290119955 40.106081489692 0.35540883394204165
1.306889884965859 13.084523974677424 806.646850731859 41.938217257495914 0.3610160488858168
1.3339225485932154 13.08524594284193 718.4586523791698 43.85603658541641 0.3667652270871194
1.3609360900816254 13.085031926989737 640.5382730648329 45.86421194808679 0.3726640325258634
1.3878670708314773 13.083771610859948 571.7406190691553 47.968085020859185 0.378722468365499
1.414724418621785 13.081479985675902 510.76888002916434 50.172421446360076 0.38494623050291016
1.4414482133468929 13.078026641998857 456.8265586509495 52.48242472974451 0.39134220446608425
1.4680428262282759 13.073428663702321 408.9652315313488 54.90451961786519 0.3979221247655466
1.49445209580925 13.067563028922985 366.48851814044264 57.44489628158573 0.40469505293267954
1.5206641673601786 13.060417613272667 328.7941074855658 60.11018302800033 0.41167076062798674
1.5466482592875146 13.051928961856433 295.2558540537845 62.90748574236971 0.4188597881119873
1.5723638378557039 13.042046136757982 265.4284811850405 65.84443110641854 0.4262735074899797
1.5977884608630282 13.030719075547944 238.88912038902032 68.92921397636847 0.43392419128944976
1.6228755738648124 13.017895593150238 215.2064606035666 72.17064935174186 0.4418250869973352
1.6476270575318863 13.003556486892686 194.07153723454323 75.5782294200084 0.4499904982601647
1.6719770715133913 12.987620450826881 175.20574437599876 79.1618680538956 0.45843454488964097
1.6959139387361057 12.970065774702405 158.34923625016654 82.93180625984822 0.4671707034464201
1.7193937865790045 12.950856831744398 143.25839929130257 86.90075880555202 0.4762204249818344
1.7423764460452604 12.92991867706993 129.76215186394097 91.08028434838035 0.4855979727636402
1.7648591094949233 12.907267065149961 117.66612440753383 95.48451340432032 0.4953254278943829
1.786785319895586 12.882828186369975 106.81273548801164 100.12707573382671 0.5054201581725962
1.8081235192952831 12.856570692166317 97.07387532294376 105.02451811445808 0.515907945234121
1.8288332365075433 12.828434662295754 88.31857670462031 110.19338331176054 0.5268113288884204
1.8489133568945393 12.798465763289196 80.45414538546261 115.65133359332064 0.538153793293473
1.8682888331813063 12.766527119837269 73.37739884333604 121.41852392754251 0.5499644669255576
1.8869672289604171 12.732705363198482 66.99954852019516 127.51639251702196 0.5622732025336097
1.9048912469047274 12.69688821150625 61.25055680690512 133.96739157903744 0.5751093349546514
1.922032096743451 12.65907073926974 56.06805402295148 140.79722239467705 0.5885092187050545
1.9383452829041443 12.619182541424696 51.38489776820265 148.0335573063126 0.6025110943665039
1.9538415356172516 12.57733528051678 47.15638195682352 155.70487850727608 0.6171506625584848
1.9684573208299887 12.533404068515576 43.33325277071981 163.8448539056523 0.6324755889143384
1.9821719154716588 12.48740374003055 39.8745409118081 172.48729099840628 0.6485275413559535
1.9949626008741093 12.439326600288613 36.74226844386268 181.67142763201136 0.6653595034154103
2.006797862092339 12.389165210573301 33.900152302299965 191.43930015096208 0.6830259958620981
2.017643387138073 12.336890297457757 31.32242764171266 201.83694811849782 0.7015862592150117
2.0274795188758135 12.282503706836858 28.989183586265348 212.9142906537756 0.7211028577616424
2.036288378631698 12.226037352687094 26.86612827250915 224.72689088980482 0.7416463593158416
2.0440338054339966 12.167440250390655 24.939627068951676 237.33584731237377 0.7632936681639674
2.0506921481034714 12.106733624782002 23.184789538830895 250.80807017593207 0.786127506785594
2.0562650298771348 12.043985922309814 21.59155068927642 265.21673245692125 0.8102362527468538
2.0607113821741083 11.979135609456009 20.139788172119886 280.643414622216 0.8357190535282966
2.064015825464095 11.912238986884862 18.81944162584776 297.17802238887145 0.862683423918994
2.0661765330824706 11.843339522614 17.616504281282058 314.92091018654827 0.8912497438099244
2.067169238573067 11.772443456384147 16.520657740940532 333.9814390598838 0.9215436878842047
