M[M_sun], R[km], Lambda[1], P_c[MeV/fm^3], rho_c[fm^-3]
0.24162668629717493 15.618656898711224 2160425.4255784233 3.5677272577965504 0.1711233750220791
0.25364427480284646 15.277261068243243 1723095.093584161 3.7848248130503026 0.1738882379564576
0.26604049371478616 14.98126162930598 1383066.7506111176 4.0114124325614045 0.17666679342319325
0.2788160766797522 14.723502775443324 1116383.6124167931 4.247746046730069 0.1794577210442957
0.2919706998362231 14.498380127258487 905817.7787139944 4.494450882919201 0.1822675878434837
0.30550603656689485 14.301218768753401 738646.846211875 4.751682366922915 0.18509209657338724
0.3194235525635097 14.128109782417118 605132.1896179378 5.020123110185592 0.18793787316404567
0.3337212367254823 13.975919263380625 497659.2574317352 5.29999668480456 0.19080153117041448
0.34840271524277516 13.842013183540061 410997.9242117103 5.592032307058579 0.19368937933628813
0.3634665153774375 13.723952108069275 340623.57713227224 5.896396508136046 0.19659646680650117
0.3789197344914017 13.61998342775993 283298.68427150464 6.213953694179956 0.1995304811175517
0.39475174357743015 13.528448620925792 236409.27108571978 6.544961408108804 0.2024876028328941
0.4109774988842332 13.447875229550547 197863.89192908184 6.890121825400382 0.2054715393103863
0.4275860818078143 13.377037568342859 166077.748548766 7.250140181676245 0.20848536638760218
0.44458119444424343 13.314930287746705 139798.72446788303 7.625275723522052 0.21152463502268073
0.46196280961761227 13.260558602852296 117975.34033688174 8.016476926753986 0.21459549884829854
0.4797288140188112 13.213139467239598 99808.40763863051 8.424449086546185 0.21769960940586974
0.49788521273136555 13.171975237733173 84639.910599262 8.849633547216111 0.22083444140108208
0.5164241403422983 13.136392361844123 71935.12924732426 9.292902675049392 0.22400338928935917
0.535342769254537 13.105840270524073 61274.056469389165 9.75514179257865 0.22720937922200427
0.5546495244941227 13.07980278503468 52295.36791255535 10.237160536702296 0.23045376221347058
0.5743326342222222 13.057834000349557 44726.816356617644 10.739430473931652 0.23373323977534788
0.5943898870331202 13.039519654011395 38324.52311806865 11.263195556377733 0.23705399043693515
0.6148274348843403 13.02449811484935 32900.55988561076 11.809393822816137 0.24041763434507626
0.6356318730708554 13.012428759241029 28290.273611294702 12.379004346282658 0.24382580457178946
0.6568028233226035 13.003024974376702 24369.723283557032 12.972716823166193 0.24727645928940323
0.6783351187241523 12.995973830932723 21026.8563073078 13.591856718857565 0.25077436893249283
0.7002240158907989 12.991063527472994 18171.793573661944 14.237622450108427 0.25432217812750224
0.7224584315888557 12.98799016549188 15728.849470032475 14.911203793219405 0.25792187166413877
0.7450458710545242 12.98665506526805 13633.327399893744 15.613630265231784 0.26157334429152024
0.7679667098238065 12.98675786279829 11835.645904356179 16.3461684502881 0.2652784948563759
0.7912122566525106 12.98814680585785 10288.386552578633 17.11043432043156 0.26904201251783016
0.814787327168546 12.990658046927859 8955.90302385735 17.907883037433848 0.2728663300829428
0.8386708334838396 12.994121886676476 7807.158189773465 18.739876840907073 0.2767525007472983
0.862851964170371 12.998401947998099 6814.169075367549 19.607766451043563 0.2807010610866384
0.8873325267737544 13.003355059270017 5955.026474965154 20.513634834541428 0.2847183445477311
0.9120887048927908 13.008843884532741 5210.796260305839 21.45927626604 0.2888073647701806
0.9371083753411512 13.014741576731844 4564.9405353707 22.446170823548098 0.2929680104560395
0.9623929289537047 13.020961032403921 4004.356970380683 23.47635215761536 0.29720414693163777
0.9879138797470695 13.027332149396102 3516.357516987607 24.55223883837154 0.30152184258961945
1.013656017649984 13.033796792443924 3091.6531953560793 25.675768107957083 0.30592269096530944
1.0396208023488 13.040251447706426 2721.236034423764 26.848911524692323 0.3104080279283713
1.0657717071418134 13.046580094064748 2398.164851126937 28.07476115008693 0.31498655181112434
1.092103674577394 13.05270246426676 2115.6394857753958 29.355365026816845 0.3196586598741009
1.1186037425038171 13.058540982110271 1868.503227503308 30.69349300502284 0.3244291334418739
1.1452337816352558 13.064002982006807 1651.9627573101427 32.092530898094346 0.3293059348931021
1.1719976743600609 13.069011399259184 1462.0063597554283 33.554433611412165 0.33428685126608604
1.1988542524405126 13.073469409439733 1295.3336119018345 35.08373719453814 0.339385406153895
1.2257994560154828 13.077332689351701 1148.9704472756766 36.68245678241792 0.34459831098409127
1.2527954121057219 13.080500087486813 1020.0626601872771 38.355653264968225 0.34994005568896364
1.2798397800772854 13.082930555509968 906.6324002659381 40.10557430636577 0.3554072648862693
1.306882086397474 13.084527899598967 806.665247473782 41.937677211671684 0.36101441624547354
1.3339200813825263 13.08523564047567 718.5463704568067 43.85545762189769 0.3667635061081239
1.3609283734947777 13.085032257449589 640.5806107247741 45.86359528006106 0.37266223933901255
1.3878591728160414 13.083774520662748 571.7665977208848 47.96742801419032 0.37872059831243304
1.4147155142381567 13.08148229051308 510.77135502282846 50.171716896281005 0.3849442562759456
1.4414392389531363 13.07803147433015 456.82705257612 52.48167375477368 0.39134014257018035
1.4680348193060124 13.07343121550406 408.97660878690186 54.90371889255182 0.39791996935701035
1.4944434597442846 13.067565855945869 366.4961297613257 57.44404221110228 0.40469279771605177
1.5206555826857202 13.060420571729232 328.81657692407754 60.10927172402366 0.4116683988189414
1.5466391273485536 13.0519306716453 295.2665874291631 62.906512996555094 0.4188573123965524
1.5723561865201336 13.042048589470445 265.44880418372014 65.84339236119912 0.42627090997968675
1.5977795680649693 13.030722250346901 238.8980469810799 68.92810429277921 0.43392146347197086
1.6228665738729025 13.017897569347676 215.2111659649397 72.1694633739304 0.44182221968211394
1.6476183153150963 13.003559745060022 194.0805322575372 75.57696133605367 0.44998748151848783
1.6719675111689971 12.987625810167454 175.21556939623432 79.16051817451088 0.45843139563648005
1.6959045533067225 12.970073457128212 158.34589909159857 82.93036141389868 0.46716738319463613
1.7193849937083154 12.950864427882555 143.26576286895073 86.89921155482382 0.47621692122019693
1.742365518923594 12.929915343047433 129.77002214373275 91.07863404886187 0.48559430145466503
1.7648494605678862 12.907275191179712 117.66761014900375 95.48274415689434 0.49532154577047655
1.7867764180364285 12.882837613768702 106.81399944909465 100.12518599792234 0.5054160802044985
1.808115368836754 12.85658065162049 97.07792659246252 105.0224980901618 0.5159036557082938
1.828824933891563 12.82844645292541 88.32444332428425 110.19122230969855 0.5268068108079521
1.8489047170102806 12.798478998229605 80.45787906743789 115.64901111452396 0.5381489958537049
1.8682809222791399 12.766540912510221 73.37958306881448 121.41603574618631 0.549959401900133
1.8869598291608745 12.73272003312173 67.00385508920938 127.5137341229268 0.5622678819683032
1.9048832335393817 12.696904430419027 61.252821590507914 133.96453857161393 0.5751037022321466
1.9220247253992895 12.6590865562501 56.06983357053907 140.79415804315843 0.5885032481829823
1.938338525560705 12.619200181011559 51.38742154509251 148.03026325849143 0.6025047581016307
1.9538353319903738 12.577355088127527 47.15802230136019 155.70134545695691 0.6171439670744666
1.9684507269590654 12.533425946657813 43.33709120966744 163.8410604410992 0.6324685026910274
1.9821661408176734 12.487425313466982 39.87618659229575 172.48320218825722 0.6485199918150745
1.9949562176309135 12.439349032416951 36.74178250004211 181.66702865303466 0.665351490614209
2.006791360870933 12.389189550200419 33.90038943169622 191.43456243456706 0.6830174788125144
2.0176404602054543 12.336914354908625 31.326474194251105 201.83184015005642 0.7015771930748878
2.027474107838607 12.282530248873083 28.98818358093101 212.90879051345067 0.7210932355952069
2.036285387739283 12.226065054783394 26.86747589005019 224.72094766451028 0.7416360863094318
2.0440304205317905 12.167470152848564 24.940657303227702 237.32943204612903 0.7632827295457036
2.0506894912522244 12.106763618072918 23.18543607518391 250.80113651628741 0.786115840077377
2.056262476398275 12.04401844827081 21.592112584180718 265.2092147042271 0.8102237427695986
2.060709359864011 11.979168851316356 20.139927991408793 280.6352841997506 0.835705717743114
2.0640140293073 11.912273495786202 18.819567728045882 297.16920145037585 0.8626691324180855
2.0661759314924133 11.843373208091695 17.617389950513864 314.91132789334273 0.8912344044431944
2.0671658828761768 11.772481844967754 16.52137262822471 333.971032206678 0.9215272510908596
