M[M_sun], R[km], Lambda[1], P_c[MeV/fm^3], rho_c[fm^-3]
0.24162668629717493 15.618656898711224 2160425.4255784233 3.5677272577965504 0.1711233750220791
0.2536421221904829 15.27735107429848 1723181.7456565483 3.7848055292785867 0.17388799759354595
0.26603822676002925 14.981277667822571 1383069.1854182354 4.011371894247094 0.17666630354158888
0.2788120679264528 14.723603857734888 1116419.830611967 4.247682882422052 0.17945698843350927
0.29196523509575895 14.498521894745183 905976.6558854714 4.494363435162066 0.18226661409241243
0.30550031834984415 14.301299569360715 738701.9533896226 4.751567666489807 0.1850908575898006
0.31941597066695565 14.128206470934593 605140.5872113372 5.019980312192122 0.18793639157974845
0.3337120114022654 13.976088569787487 497721.2018603903 5.299822029811187 0.19079977268443626
0.3483926432653645 13.842048830995042 411039.1424146515 5.591825359024403 0.19368737705712802
0.3634542546118008 13.72405067332942 340679.81192209205 5.896152617739827 0.19659417613628719
0.378905777421466 13.620068439495244 283339.53169844457 6.213669910057542 0.1995278933480536
0.3947369283268066 13.528549196194826 236437.67672104647 6.544638024930019 0.2024847671992854
0.4109600998221479 13.447955652106794 197901.00480889843 6.889752600355257 0.20546839483496274
0.42756642081659146 13.377139260131834 166113.87359411077 7.249721650078378 0.2084819039829535
0.44456052177544625 13.31497760037034 139826.93208460615 7.624809042175913 0.21152091993909036
0.46194081866317005 13.26061300373836 118003.66953606425 8.015953955741725 0.2145914532447148
0.4797029387985596 13.213210769262389 99834.65746980863 8.423865747916514 0.21769522351486706
0.4978580809935605 13.172057272379416 84660.59265088387 8.848991991850301 0.2208297962661181
0.516394913128649 13.136439971983993 71949.54550123985 9.292192520746834 0.2239983897587962
0.5353113597623238 13.105880307101154 61288.86006902287 9.754358224430067 0.22720401449969227
0.5546160428503417 13.0798404270956 52310.62661358084 10.236298447229652 0.23044802103388495
0.5742963499072711 13.05788535450493 44740.678075726326 10.738493608921884 0.23372722481178068
0.5943521471558818 13.039544437060774 38339.11302309361 11.26216982698341 0.23704758166111753
0.6147858591867142 13.024545898506647 32910.970849011486 11.808273169678406 0.24041081890423038
0.6355860754067701 13.012442169917009 28300.761393292123 12.377782332021521 0.24381856893467216
0.6567561584797336 13.00303023600568 24377.28128927835 12.971399059453926 0.24726892749239834
0.6782860468777244 12.995996152143427 20871.965546781987 13.590424493517734 0.2507663946855168
0.7001718693183712 12.991072476667638 18178.166229459763 14.236068083990991 0.2543137456154543
0.7224037943803613 12.987998564547349 15734.587638277657 14.909519113783066 0.2579129641289141
0.744989274407115 12.986655494045694 13638.343200061754 15.611823011898585 0.26156410681127945
0.7679078374228986 12.986756065636536 11839.322053854377 16.34421414960885 0.26526875315764537
0.7911487296536592 12.98813229385434 10293.350936045068 17.108323164449203 0.26903174668118535
0.8147216387096277 12.990660981692603 8959.196225736174 17.90560456794725 0.27285551890814724
0.83860111593319 12.994121010206836 7809.524374597529 18.737441163710177 0.2767413100708318
0.8627797042314289 12.998390418165181 6816.8439599828735 19.605141897210125 0.28068928636880724
0.8872532245364249 13.003338694576701 5957.305501019037 20.51080877253274 0.2847059603058212
0.9120116619045678 13.00882171446892 5213.0968793819775 21.456235199355426 0.2887943438032906
0.9370279889844132 13.014722244119419 4566.951413179401 22.44292741994447 0.292954539203984
0.962303208237863 13.020920990858032 4006.1031820052117 23.472865715857417 0.297189987455736
0.9878262127647945 13.027316630543522 3517.855279128715 24.548492948641616 0.3015069619479798
1.0135654431336092 13.033770691343259 3093.2651992664933 25.671777269790653 0.3059072895522331
1.039527923498218 13.040224113421246 2722.4617079399736 26.844626950839952 0.3103918415798783
1.0656755142845227 13.046553779776204 2399.2624894446085 28.070162785326637 0.31496954046035375
1.092005311804708 13.05268258233301 2116.5476769692423 29.350469168172644 0.31964103778905434
1.1185016833972012 13.058518274141173 1869.3628016159487 30.688241202980205 0.3244106073698602
1.1451292698032074 13.063974342029452 1652.7430063176396 32.086940292981865 0.32928672612458804
1.1718896798071707 13.068991279654663 1462.740184626811 33.54843862860608 0.3342666475559209
1.1987431281431085 13.073446267500366 1295.953384612925 35.07730954024591 0.33936415164369166
1.2256865825027743 13.077319214908856 1149.5752987969013 36.675615108623035 0.3445762408034973
1.2526812254096389 13.080481659343114 1020.6030162242 38.34833617676095 0.3499169234894179
1.2797193119732997 13.082933438071114 907.088845175151 40.097766284768404 0.35538310947593854
1.3067616016464556 13.084517420083742 807.1151859745345 41.92936330174665 0.36098928203621833
1.3337967513997304 13.085231325097961 718.8500702701346 43.846544615173954 0.3667370120426733
1.3608028237815253 13.085036368110263 640.910281855597 45.854101851555235 0.3726346337385024
1.3877327304429679 13.083784664622593 572.0622899944877 47.95731361654973 0.37869180947174935
1.4145878475101952 13.081494570810575 511.04671600710293 50.16087062732249 0.3849138638350403
1.441309497032507 13.07805133277592 457.06088819653866 52.470112831937165 0.39130840060757477
1.4679021182781675 13.07345664009138 409.20190231005773 54.89139212784265 0.39788678792333354
1.4943101472329081 13.067598842378716 366.70427485440587 57.4308942703536 0.40465807990859687
1.5205211499473663 13.060461017380943 328.98734702132964 60.095242755689895 0.4116320402106669
1.5465034929381456 13.051979732290858 295.42748531692877 62.89153822346784 0.41881920040849807
1.5722192377127042 13.04210679775389 265.59141153797424 65.82740163115945 0.4262309231907286
1.5976412034428231 13.030789297451005 239.02117462941797 68.91102158336211 0.43387947085913514
1.6227233381967365 13.017946953309211 215.3373214848666 72.15120624630362 0.4417780797838502
1.647481962703157 13.003644390225444 194.19646529811288 75.5574403319746 0.4499410415123986
1.6718304394977974 12.987720698058036 175.31894311206005 79.13973807503315 0.45838291590213825
1.6957690325987944 12.970182430920573 158.44513496931103 82.90811948889467 0.4671162713157559
1.7192328687445895 12.950947361581946 143.35021803373647 86.87539331588863 0.4761629846278052
1.7422355565492997 12.93005441525849 129.8384637649546 91.05322958156536 0.48553778586597857
1.764716940647109 12.907416414149187 117.73573897205459 95.4555087467626 0.49526178519927594
1.7866449515723328 12.882993961093895 106.87397903239177 100.09609593080017 0.5053533051016856
1.8079840839037729 12.856749327786687 97.13197099563543 104.99140252850506 0.5158376242179368
1.8286977458947535 12.8286290592184 88.37453355426209 110.1579467559637 0.5267372242136366
1.8487784846709765 12.798676368115734 80.50290233455001 115.61326000490557 0.5380751463979928
1.8681673025834973 12.766784809632785 73.41666426469199 121.37773406615699 0.5498814337155933
1.8868409184750532 12.732948929688943 67.04211966651651 127.47267182804053 0.5621854780691395
1.9047664944500073 12.697147562458095 61.289308307637725 133.92062135507254 0.5750169960105191
1.9219122472235315 12.659349950913834 56.10100192642026 140.74698777895375 0.5884113425703666
1.9382298112614598 12.61947691029386 51.417597840129524 147.97955748916004 0.6024072230315525
1.9537411806379712 12.577685438758627 47.18501430990026 155.64696094632305 0.6170409029828492
1.9683519079957752 12.533740579788656 43.36039108704782 163.78266764463575 0.6323594244619557
1.9820761198775645 12.487761567978396 39.897889385052345 172.42026349654586 0.6484037824024037
1.9948684121020002 12.439701533295963 36.76387929592564 181.59931592255552 0.6652281509367509
2.0067049683436053 12.389545027709202 33.92199961052187 191.36163598231843 0.6828863780546859
2.017562961947595 12.337306408236513 31.34314695474118 201.75321495659634 0.701437641112232
2.027406060049657 12.282940107606226 29.006216789426013 212.82412921819167 0.7209451257242757
2.036222823010008 12.226494164138977 26.88170677864876 224.62946672115004 0.7414779593209813
2.0439748441018954 12.167921928427537 24.953534382090545 237.2306858137801 0.7631143581485653
2.0506435350234797 12.107237493071475 23.19966803674562 250.6943113234335 0.7859359360776144
2.0562175422007134 12.044491053866603 21.603288999483482 265.09350009969927 0.8100311869447874
2.0606803633343564 11.979684644615888 20.151587741139842 280.5101400605827 0.8355004522278354
2.0639988783069407 11.912824920267907 18.83033182866256 297.0334297834507 0.8624491579899481
2.066163079348383 11.843932370851537 17.62650521890436 314.7638385488204 0.8909983030115355
2.0671652471553275 11.773063919578458 16.53002946455385 333.81085249836934 0.921274260036651
