M[M_sun], R[km], Lambda[1], P_c[MeV/fm^3], rho_c[fm^-3]
0.24162668629717493 15.618656898711224 2160425.4255784233 3.5677272577965504 0.1711233750220791
0.2536419522407425 15.277349060656238 1723148.7208113563 3.7848011830934007 0.17388794342044428
0.2660376730076444 14.98130444231463 1383042.788017032 4.011362757743958 0.1766661931323405
0.27881104924886024 14.723622342099874 1116538.0595415055 4.247668646545726 0.1794568233187969
0.29196494526446515 14.498480379799147 905987.6430973014 4.494343726400833 0.18226639463078195
0.30549905399892424 14.301306358900742 738700.4622950895 4.751541815696529 0.1850905783518962
0.31941388873953197 14.12822845946167 605156.1608376724 5.019948128994957 0.1879360576666563
0.33371020829974707 13.976042095366413 497724.3465911873 5.299782666982753 0.19079937636606867
0.34838999852440294 13.842115665166899 411062.83425610483 5.591778718338665 0.1936869257956631
0.3634515464652971 13.724097082167564 340684.3748756836 5.896097651431227 0.1965936598810847
0.378903062401502 13.620081901560336 283354.46123646834 6.213605953036148 0.19952731013702776
0.39473343745128264 13.52853133420061 236449.09599492518 6.544565143652529 0.20248412812893962
0.4109561970094129 13.44795153905068 197902.66844918267 6.8896693879642905 0.20546768616332253
0.42756315772153825 13.377124265403404 166117.63982120942 7.249627325818038 0.20848112366252092
0.44455566698159193 13.314993351121394 139832.90362915423 7.624703866797349 0.21152008267544944
0.46193546645261574 13.260656453619065 118010.09713953672 8.015836094884653 0.21459054149569892
0.4796977380110988 13.213217366911367 99838.82539528106 8.423734282640208 0.2176942350797743
0.4978518202616314 13.172049941926046 84664.93169460213 8.848847406927444 0.22082874940950023
0.5163878314085633 13.136462638478816 71957.42238756471 9.292032476541642 0.22399726303761405
0.5353045277490499 13.10588796311508 61292.9921486175 9.75418163594692 0.2272028054814629
0.5546069660136987 13.079860635321632 52314.09952046813 10.236104163550584 0.23044672718037268
0.5742884560122967 13.057877801042896 44742.173110392185 10.738282474228814 0.23372586926164984
0.5943429008264884 13.039573028299545 38339.57181754475 11.261938666404689 0.2370461373656385
0.6147770110800832 13.024550252965831 32912.22678238628 11.808020617816396 0.2404092829675359
0.6355759532955787 13.01244929932273 28303.44634556902 12.377506938302853 0.2438169383080289
0.6567456911923101 13.003047907613778 24379.371235111255 12.971102088517751 0.24726723012830584
0.6782754583254462 12.99598651584255 21035.904242676464 13.590101728723802 0.25076459761761805
0.7001599424858973 12.991073315138491 18179.001486188215 14.235717794971674 0.2543118452804286
0.7223911759461901 12.98800506153593 15734.934734171164 14.909139459001574 0.2579109567509724
0.7449764285787422 12.986650030951226 13639.871204307961 15.6114157354409 0.2615620250841849
0.7678934918705923 12.986746733896757 11840.095459043463 16.343773736688423 0.26526655780969643
0.7911352008140342 12.988132412579759 10293.185358015764 17.107847405044556 0.26902943322430617
0.8147066667195068 12.990652494367408 8959.999172364338 17.905091105528662 0.2728530825656854
0.8385841415715422 12.994128501868644 7810.254809743532 18.736892275558777 0.27673878821377845
0.8627634139465454 12.998392600858992 6817.505304616753 19.604550447275415 0.2806866329059582
0.8872335048076753 13.003332055141778 5957.535140006382 20.51017191460648 0.2847031694956419
0.9119923862453913 13.008827047158366 5213.558978976728 21.45554989234578 0.2887914095171313
0.9370089650784001 13.014720871671448 4567.291113359191 22.442196518375102 0.29295150345497706
0.9622857638333527 13.020908515404459 4006.568165328024 23.472080048596823 0.29718679662754627
0.9878064498262593 13.027308025788837 3518.215125041598 24.547648818205463 0.3015036086184845
1.0135458222949867 13.033765991559248 3093.547723522878 25.67087794340518 0.3059038188785111
1.0395059523955252 13.040217930411385 2722.765222795025 26.84366143554674 0.31038819403696044
1.0656578711954874 13.046554649389906 2399.317479270348 28.069126562316615 0.31496570702085536
1.0919817903097935 13.052685876866226 2116.7379639232367 29.349365909632343 0.3196370667357134
1.1184780612106795 13.058514896229754 1869.5264305322773 30.687057739027797 0.3244064326240816
1.1451054334658062 13.06397010826813 1652.961869207881 32.08568048577355 0.32928239755110633
1.1718655057821206 13.06898935167568 1462.8850388758121 33.547087702993146 0.33426209479731905
1.198719315422229 13.073442490453052 1296.1171492435774 35.075861121274365 0.33935936211482004
1.225662444518743 13.077317186910893 1149.6168829281605 36.67407339898036 0.3445712674868415
1.2526541587527809 13.080485313474627 1020.7253232651125 38.34668344112769 0.3499116879852474
1.2796933545764646 13.082930029895621 907.2097474239351 40.09600683093984 0.35537766631358847
1.3067343713534527 13.084516655570452 807.2035263642221 41.927489858046194 0.36098361833208636
1.3337694053970064 13.08522972532552 718.9362654922936 43.84453618079403 0.3667310419370104
1.360774157548292 13.08503607197519 640.9773922992005 45.851962634232144 0.3726284131851176
1.387704248475168 13.083786702155665 572.1213262342487 47.95503448062429 0.3786853223151845
1.4145593641893042 13.081498126093893 511.11245284482766 50.1584265858801 0.3849070153615798
1.441279711728241 13.078054014118424 457.1058609246373 52.467507764222056 0.3913012480676636
1.4678733550411505 13.073462215203431 409.2578148602383 54.88861450097686 0.3978793110513561
1.494281272773998 13.067602583755523 366.75132893755614 57.427931617382434 0.40465025687247475
1.520490777780786 13.060467548148237 329.03849843098914 60.09208159196224 0.41162384748323816
1.5464737707709975 13.051989910513353 295.4687542301449 62.88816395467297 0.4188106126261489
1.5721894405566352 13.042119214644893 265.6266073870261 65.82379845209223 0.42622191299791173
1.597610783268392 13.030803581506234 239.06710864193704 68.90717236637458 0.4338700087372474
1.6226918899669573 13.017964592366479 215.37186473488026 72.14709241827376 0.4417681338627598
1.6474501533646853 13.003664458037788 194.21605986238538 75.5530417384743 0.4499305773627007
1.671799550682713 12.987743714776915 175.3400171919917 79.13505579281521 0.4583719921912926
1.6957378132504217 12.970206841944213 158.46142145814693 82.90310784469764 0.4671047545719874
1.7192011976332282 12.950969893707397 143.3791053681515 86.87002651666768 0.47615083146808523
1.7422058575815778 12.930086464211337 129.86565385066768 91.04750539322146 0.48552505165391135
1.764687057393367 12.907448649735745 117.75292754321335 95.44937203857691 0.4952483198912562
1.7866148488543616 12.88302966691143 106.88566822467102 100.08954135975077 0.505339160621723
1.8079554535254743 12.85678674575582 97.14362068526273 104.9843961129713 0.5158227460798648
1.8286682008566257 12.82867074275024 88.38640067325464 110.15042179259105 0.5267214431732524
1.8487504649506266 12.798719259381782 80.5161838333729 115.60520469308173 0.5380585069034391
1.868140577643183 12.766833220937235 73.42910762434525 121.36910411413007 0.549863866295791
1.8868136763734369 12.733000783275104 67.05109577051736 127.4634187949982 0.5621669073056548
1.9047404998332822 12.697202164824631 61.29749464261095 133.91072623903113 0.5749974599790472
1.921886300810654 12.659408489977318 56.10868289578892 140.73635977062753 0.5883906351685199
1.9382050624834772 12.619537441433039 51.424078931837784 147.96813295856018 0.6023852473785378
1.953708285988289 12.577724618032462 47.19494672928849 155.63470762488018 0.6170176817121402
1.9683298386593766 12.533811202429264 43.36631560741514 163.76948643228812 0.6323347641385415
1.9820535536352748 12.48783679636811 39.90249330550706 172.40608301506978 0.6483775996938199
1.9948478808153516 12.439780395303854 36.76937201684132 181.58405991421682 0.6652003619060255
2.006684974741608 12.38963075191834 33.92529892358689 191.34520540213046 0.6828568406036267
2.0175459944957645 12.337394269114657 31.346989635281496 201.73550054801083 0.701406199784375
2.0273907704390135 12.283033917669005 29.008985586117195 212.80505498459326 0.7209117564937704
2.0362093650545163 12.22659174268858 26.885842970435906 224.6088561646521 0.7414423334834068
2.043962534500145 12.168023800777977 24.95700230555744 237.20843854838898 0.7630764245174049
2.050632157654229 12.107344264090289 23.20176534391746 250.67021837667528 0.7858953208153232
2.056208457296595 12.044602509410055 21.60567155104332 265.0674302992003 0.8099878052821337
2.0606736505751746 11.979800173564838 20.154590444532882 280.4819460474919 0.8354542074842674
2.063994467695161 11.912945936986935 18.832609639068007 297.0028417169268 0.8623995998413756
2.066160048060586 11.844058301197425 17.628554128929157 314.73061087962884 0.8909451120485393
2.067164786294566 11.773195886858757 16.53233037968078 333.77476613312194 0.9212172645053013
