M[M_sun], R[km], Lambda[1], P_c[MeV/fm^3], rho_c[fm^-3]
0.24162668629717493 15.618656898711224 2160425.4255784233 3.5677272577965504 0.1711233750220791
0.25364480367481324 15.277280606196307 1723147.2518190218 3.784850289210067 0.17388855550449897
0.2660428213213466 14.981220946052941 1382967.1458160626 4.011465988953361 0.17666744062058323
0.2788198843095745 14.723434529742589 1116360.5092860064 4.247829495682248 0.17945868892638608
0.2919772827667705 14.498281084949761 905749.6561480847 4.494566414642201 0.18226887431603284
0.30551442732253653 14.301102787989693 738574.0729235575 4.751833904769344 0.185093733471343
0.3194325050691719 14.128019847753546 605045.2059349742 5.020311770887907 0.18793983059164854
0.3337329766724574 13.975811338758232 497573.93617357226 5.300227435882828 0.19080385445088735
0.3484164228638855 13.841897406789412 410925.9994335379 5.592305725119688 0.19369202473124406
0.3634822868378651 13.723834913073253 340599.69296142954 5.896718736604006 0.19659949324446307
0.3789371452056752 13.619884834352437 283230.4883871188 6.214328633156065 0.1995339001095579
0.39477250791272017 13.528318851049077 236354.47434072653 6.545388668786715 0.20249134933183846
0.4110000309595676 13.447773971850575 197811.23764423968 6.890609656940728 0.20547569388849443
0.42761015561194526 13.376956348188152 166032.58394907476 7.250693162638564 0.20848994105738655
0.44460952455576763 13.314828001327882 139760.03673277347 7.625892325963353 0.21152954357458756
0.46199085408581686 13.260471713841268 117938.28445297384 8.017167906897097 0.21460084413833894
0.4797611106853048 13.213086928623213 99777.548551085 8.425219833514026 0.21770540434558341
0.4979213425899645 13.17192143390876 84612.47689834751 8.850481219506372 0.22084057891064607
0.5164626374519508 13.136332485296997 71914.07472592186 9.29384099221985 0.22400999510073646
0.5353843216811152 13.105778359023075 61250.79225594484 9.756177117817776 0.2272164676066209
0.5546956095490966 13.079756247571671 52284.20984495431 10.238293767422505 0.23046127281239404
0.5743809363759299 13.057786906804425 44711.3362562384 10.740668365962941 0.2337411874256397
0.5944415599078215 13.039472059127823 38311.252261089765 11.264550875605853 0.23706245849599872
0.6148820968760466 13.024462805248097 32886.931128137316 11.810874577301131 0.24042663980292933
0.6356897299329389 13.012403602836615 28277.828289858222 12.380619043750135 0.24383536531530972
0.6568640634613763 13.00298967921981 24359.57673842569 12.974458048572313 0.24728641141980154
0.6783998998071618 12.995957080352005 21017.52349850327 13.593749201196703 0.2507849057671308
0.7002917756412137 12.991045367645473 18162.95473793831 14.23967633848094 0.2543333205721632
0.7225301035919145 12.987990105600089 15720.369985273515 14.913429888904547 0.25793364187115925
0.7451222068830038 12.986643184439266 13626.924868137332 15.616018340994522 0.2615855505507461
0.7680473947922252 12.986753151038528 11829.686855248168 16.3487508501367 0.26529136747193294
0.7912967045433059 12.988140091142085 10284.117997258652 17.11322400740366 0.2690555778209082
0.8148733412827788 12.990687596228266 8951.035361824985 17.910893834105075 0.2728806160978655
0.838760158689923 12.994149385346745 7803.214808431185 18.743095392240168 0.2767672883253507
0.8629454569224461 12.998422193961297 6810.086721389653 19.611234612195 0.28071662053847013
0.8874315395058487 13.003377647688454 5951.901512186089 20.517369300983447 0.2847347095587182
0.9121913330375183 13.008873997665916 5208.04749732371 21.463294876650014 0.28882457129707534
0.9372157829753456 13.014771247841443 4562.810739614145 22.45045683670086 0.29298581211459024
0.9625039935272983 13.020974380656861 4002.0014217607054 23.48095936816244 0.29722285818260513
0.9880268162229547 13.027363057401837 3514.271386619483 24.557188936388663 0.30154150697911963
1.0137754015078808 13.033818728026857 3090.1427760003944 25.68104193021546 0.3059430436610853
1.0397433639487548 13.040285632055848 2719.635585949387 26.854573555326322 0.31042941806054725
1.0658985564300993 13.046604602020256 2396.71071704462 28.080837898273934 0.3150090323450407
1.0922357369055635 13.052734760109503 2114.3337549498674 29.361834952871284 0.319681947635342
1.1187373129156726 13.058570476301442 1867.1151890860572 30.700433366550804 0.32445361601688805
1.1453718501170973 13.06402258805653 1650.873089668698 32.099919040253525 0.3293313198218583
1.1721392806942301 13.069030795994651 1461.1001333845654 33.56235621151902 0.3343135512453004
1.1989992522290427 13.073494022814533 1294.4679024584245 35.09223165332146 0.3394134950262385
1.22594940661227 13.077349131212868 1148.2201723108753 36.69149844611323 0.34462747799155286
1.2529483840622735 13.080510641433374 1019.416279682488 38.36527883357937 0.34997036568175005
1.2799945484152329 13.082949787203056 906.0450119087304 40.11589320509445 0.3554391881116145
1.3070480055983695 13.084549083271595 806.1713307781287 41.948664754252576 0.36104763325130096
1.3340820843306693 13.085234607859022 718.0280627420644 43.8672370206921 0.36679852057319734
1.3610922523643367 13.08502715066079 640.1263070857575 45.87614184929374 0.3726987230580186
1.3880332134649693 13.083778997895676 571.3252397740215 47.98079535419942 0.3787586460771702
1.4148791626881767 13.0814529857847 510.4197591688454 50.18605161392364 0.38498442373449876
1.4416119204112063 13.078005400680203 456.5243093274096 52.49695309010022 0.3913820939003148
1.4682075720520458 13.073398644433498 408.6725016936393 54.920010514272526 0.3979638234726982
1.494619514583168 13.067521832882889 366.2275224509293 57.46141926984672 0.4047386827250547
1.5208328936287514 13.060367615713512 328.5899018660598 60.127813343218506 0.4117164527779384
1.5468175632300998 13.051868174515844 295.0501305680523 62.92630481228988 0.41890768414111657
1.5725353738294234 13.041976091036975 265.2515243093713 65.86452711653361 0.42632376003713546
1.5979493314390198 13.030629466130144 238.7158209393542 68.95068249261583 0.433976965066075
1.6230581428335074 13.017813206635502 215.0448670121671 72.19359400732078 0.44188055983970415
1.647800441714839 13.003446981836499 193.92626501152495 75.60276267366514 0.45004886228921726
1.6721482355216704 12.987499785115878 175.08850419882168 79.18798389107782 0.4584954728390025
1.696084893585544 12.969937414014636 158.22799928186691 82.95975954167443 0.46723494000664356
1.7195650695270415 12.950707441417213 143.15665606390218 86.93069346221638 0.47628821225104795
1.742546124679878 12.929756727673803 129.67192847942212 91.11221283868191 0.4856690019021064
1.7650252876489692 12.907087675308535 117.57158107157274 95.51874338320273 0.49540053611123375
1.7869374852578286 12.882604802840987 106.73276464416982 100.16363700867105 0.5054990558175443
1.8082871018021025 12.85635996051854 97.00537118979727 105.06360031762613 0.5159909363744679
1.828990819084455 12.8282019853633 88.25544214776025 110.23519328880354 0.5268987424286389
1.849070793044301 12.798218074549412 80.39897181737925 115.69626802173961 0.5382466123169075
1.8684419255891054 12.766260220366851 73.31928773874925 121.46666457726076 0.5500624636468039
1.8871186548872023 12.732418507490086 66.95189511583445 127.56782665714053 0.5623761438928232
1.905035069714128 12.69658337614575 61.201441648906986 134.02259139643996 0.5752183165335952
1.922173245114325 12.658742612039019 56.02746954377939 140.85651165418972 0.588624736729151
1.9384816110976377 12.618839703905756 51.34832013241441 148.09729115349745 0.6026336895925205
1.9539709413485384 12.576964376979749 47.124273559850316 155.77323702427657 0.6172802087909848
1.9685796146429773 12.533010248565864 43.30265276048059 163.91825144795294 0.6326126961333322
1.9822901691801476 12.486987627861613 39.84597263005812 172.56640357147023 0.6486736140721263
1.9950700753610349 12.438883246616813 36.71395450814472 181.75654208950127 0.6655145405799069
2.006900169187694 12.388698345037492 33.87582017340387 191.53096936426724 0.6831907907062637
2.017739132354645 12.336399131915721 31.30160490354616 201.93578197876798 0.7017616795678349
2.027567289057148 12.281991105295015 28.96553942406123 213.0207133554934 0.7212890379112298
2.036367696283319 12.22549505949068 26.848139573586888 224.8418877683958 0.7418451341581734
2.0441022135266307 12.166873843864057 24.92212761474097 237.45997874277526 0.7635053236557093
2.050750929007372 12.106139405978828 23.16835937197551 250.9422332336871 0.7863532521103633
2.0563140793339274 12.043362845778931 21.577178586674663 265.36202605463484 0.8104777545547611
2.0607494594291373 11.978485645517267 20.1257977005485 280.8007370608983 0.8359770989442123
2.0640432927495955 11.911559908410254 18.806805499585256 297.34870769373873 0.8629599646964622
2.0661897623015557 11.84262760980531 17.606224101593043 315.1063293951989 0.8915465634938224
2.067175929425787 11.771715374057925 16.511905573549846 334.1828154579882 0.9218617458191775
