M[M_sun], R[km], Lambda[1], P_c[MeV/fm^3], rho_c[fm^-3]
0.24162668629717493 15.618656898711224 2160425.4255784233 3.5677272577965504 0.1711233750220791
0.25364495155614264 15.277244610812609 1723241.3308491088 3.7848370322774825 0.17388839026322964
0.26604176186456174 14.981229361358317 1383064.9346282796 4.011438119953074 0.17666710384016193
0.2788173080740993 14.723492260983958 1116445.4887068179 4.247786071472116 0.17945818527098742
0.2919733873781419 14.498369068688318 905871.8715055593 4.494506295437574 0.18226820487473636
0.30550993975453056 14.301149221451219 738583.5426392375 4.7517550488977465 0.18509288167743104
0.31942785979260496 14.128055124791558 605038.6374166859 5.020213597162843 0.18793881200135942
0.3337248353452148 13.975922259870469 497655.3776273082 5.300107359253614 0.19080264547847434
0.34840929799691067 13.841957438839852 410965.32524869294 5.592163445462172 0.19369064813641781
0.3634737523030395 13.723911249810396 340630.90765858255 5.8965510569293045 0.19659791836147347
0.3789280939590555 13.61993216539719 283268.15350407624 6.214133523841508 0.19953212094753603
0.39476166068976526 13.528386080732838 236375.30153990156 6.545166332084732 0.20248939973932426
0.4109882401968072 13.44780541445697 197839.85075157604 6.890355800030343 0.20547353193651868
0.4275965622248376 13.37701753587365 166057.5565341437 7.250405402808008 0.2084875604940549
0.44459378824788437 13.314899620064148 139781.83470068252 7.625571458255128 0.21152698926131283
0.46197758963108915 13.260535885146446 117961.64605351843 8.016808333792303 0.214598062549671
0.47974328660534277 13.213111190192707 99787.28035627613 8.424818750458869 0.21770238876171244
0.49790273743045915 13.171937902555737 84627.90845705279 8.850040105112976 0.2208373850539642
0.5164431460723705 13.136352473026333 71208.52505800794 9.293352706806079 0.22400655754098245
0.5353624084524342 13.105811042492881 61263.19158823552 9.755638349894255 0.22721277891622998
0.5546710221564366 13.079798171426301 52296.24976809469 10.237706769115528 0.23045739936520082
0.574356113889349 13.057808820423023 44718.672098850526 10.740024182963916 0.23373705157124305
0.5944143638867518 13.039502165039856 38320.55496545899 11.263845583660387 0.2370580518191603
0.6148529918343633 13.024492519954206 32892.92124059869 11.81010400886977 0.2404219534612016
0.6356598034706886 13.01241601368664 28284.68378495724 12.379778771248208 0.2438303899994751
0.6568322954507344 13.003009875793134 24364.30432652125 12.97355193073072 0.2472812324217901
0.6783658195632254 12.995983264720925 21022.223445272408 13.592764368748673 0.2507794224839126
0.7002565411418257 12.991054590590275 18167.538136955223 14.2386075096053 0.25432752212334864
0.7224924668001498 12.988004955878045 15724.722842506153 14.912271442358445 0.2579275167275903
0.7450828550548617 12.986639465065654 13630.41792797106 15.614775599045819 0.2615791984782476
0.7680037760235191 12.98676250868589 11832.872533111604 16.347406980398983 0.2652846686183446
0.7912524369315378 12.988143198641039 10286.965595698946 17.11177226356047 0.26904851848220046
0.8148311240320055 12.990665743082582 8953.78063195354 17.90932702249612 0.2728731816888134
0.8387139710245369 12.994141800182991 7805.372052035075 18.741420462955183 0.27675959289191787
0.8628988881219503 12.998402326362402 6812.134003347778 19.60942978284758 0.2807085234074346
0.887378689752156 13.003366504537585 5953.363265947926 20.515425882719345 0.28472619319855313
0.9121377642160111 13.008857064837773 5209.469975756385 21.461203585527777 0.2888156169941006
0.9371608145611966 13.014746539448074 4563.7530902151375 22.448226385350335 0.29297654808950657
0.9624461220847781 13.02096944540087 4003.0872698543653 23.478561760197444 0.29721312078426054
0.9879681884478989 13.027347890924547 3515.3386109515513 24.55461288349909 0.3015312735438991
1.0137126110962822 13.033813374825503 3090.753993052353 25.67829740537991 0.3059324520111793
1.039679241315633 13.040265095703752 2720.3706033288345 26.851626998865836 0.31041828650082465
1.0658324025404182 13.046593958765149 2397.342733947435 28.0776755137419 0.3149973333095465
1.0921669535569802 13.052724413824508 2114.800722304031 29.358467950124187 0.31966982849280273
1.1186695662567754 13.058546082673141 1867.926512345226 30.696821537823286 0.324440875057011
1.1453000634281796 13.064010678273643 1651.4488203921176 32.0960741758413 0.32931810924644184
1.1720640484440767 13.069018754928345 1461.4731612262724 33.55823320102112 0.3342996562748223
1.198923144810882 13.073474848031362 1294.8910358731482 35.0878110316417 0.33939887722877676
1.2258703970247498 13.077343934812673 1148.5880062700921 36.68679304398132 0.3446122990926559
1.2528691368672764 13.080497199696758 1019.7536243665164 38.36026955066788 0.34995459193008444
1.2799136301908751 13.082938193009888 906.3388551176778 40.11052309138835 0.3554225747738469
1.3069578890431928 13.084522439147621 806.4342061382918 41.94294665752938 0.36103034657861893
1.33399775696982 13.085240005958827 718.3135733089988 43.86110681504866 0.3667802984317161
1.361006733008064 13.085032186377854 640.3717400696368 45.8696123823416 0.3726797362550828
1.3879386793685984 13.083768355779377 571.5220227226074 47.97383872952218 0.37873884527769147
1.414790248352751 13.08145790384538 510.61701740808644 50.17859152921381 0.3849635197550235
1.4415217444130726 13.078019106676793 456.6929365827914 52.48900139080728 0.39136026151330067
1.468117803960834 13.073413666556219 408.8454867222084 54.91153198173756 0.3979410007879449
1.4945280537011545 13.06754512910898 366.3734679139603 57.45237583218944 0.4047148030671434
1.5207403673133748 13.060394312042918 328.7088197227193 60.11816381983461 0.41169144429318005
1.5467268290117346 13.051899865911366 295.1706888830556 62.91600463284814 0.4188814693655367
1.5724412805111654 13.042014806294802 265.34931239951476 65.85352801163513 0.4262962554213228
1.5978554680515258 13.03067512128314 238.8082885368161 68.93893215292671 0.4339480804522116
1.6229529268246896 13.017853496933741 215.1448363384792 72.18103570760373 0.44185019788555624
1.6477057936299473 13.003505787073946 194.0147971646264 75.58933485768671 0.45001691783322123
1.672054537240176 12.987565536563828 175.15173568460085 79.17368985156038 0.4584621250083427
1.6959909808016427 12.970005460352862 158.29423885342268 82.94445977504174 0.4671997811874818
1.7194710310246364 12.950789048298175 143.21536185499946 86.914309185038 0.47625110992445663
1.7424517068818572 12.929835408696855 129.72476353169276 91.09473723203429 0.485630125109855
1.764935052143986 12.907183785166175 117.62610489862469 95.50000804395145 0.4953594265935185
1.7868559443721774 12.882748064636257 106.76837672713575 100.1436256217393 0.505455872112715
1.8081981529339928 12.85647411736645 97.04245815002609 105.04220908275572 0.5159455120423828
1.8289108794462605 12.828342320670645 88.29132035981198 110.2123089832277 0.5268508974330827
1.8489847312014 12.798351915173548 80.42824772718238 115.67167351029877 0.5381958085431842
1.8683579864437272 12.766406599808532 73.35158627524832 121.44031510139891 0.5500088257699549
1.8870340114806434 12.732577614994737 66.97693152155261 127.53967444893381 0.5623197994770134
1.9049553156591135 12.696751216527248 61.22871590516369 133.9923779859943 0.5751586658801948
1.9220952618341258 12.658922372509792 56.04893481997859 140.82405981616898 0.5885615082078763
1.938406631574513 12.61902378377344 51.36747703395152 148.0624064842735 0.6025665871956478
1.9539005196027415 12.577167915692508 47.14303947544349 155.73582095034575 0.617209301585484
1.9685136826934726 12.533228147398704 43.32265328857027 163.87807715398097 0.6325376502183209
1.9822254578035672 12.487216435601578 39.86207108378122 172.5231010117873 0.6485936606302757
1.9950086569897656 12.439125818761141 36.72733843785046 181.70995424296925 0.6654296801714717
2.006843431225793 12.388954677198397 33.888249192481766 191.48079358867452 0.6831005891127128
2.017686704515559 12.336667439677127 31.314215605076505 201.88168441764194 0.7016656617331205
2.027519780982373 12.282273328937961 28.97908753922607 212.9624618062097 0.7211871303108374
2.033769463049797 12.231427345878334 27.214933698339557 225.82576972351794 1.5502848327708498
