M[M_sun], R[km], Lambda[1], P_c[MeV/fm^3], rho_c[fm^-3]
0.24162668629717493 15.618656898711224 2160425.4255784233 3.5677272577965504 0.1711233750220791
0.25363999409172205 15.277381918730192 1723236.251491744 3.7847631195940283 0.17388746897728705
0.2660331720251003 14.981418249850998 1383179.5777480907 4.011282741706447 0.1766652261857494
0.27880477341660104 14.723709069437875 1116539.3177077791 4.24754397196822 0.1794553772815784
0.29195625801676106 14.498616646834272 906081.7103297611 4.494171122829667 0.18226447264995782
0.30548709329037044 14.301473475710576 738853.204547584 4.751315423721539 0.18508813288649073
0.3193997965090947 14.128382621778009 605234.545939424 5.019666282120287 0.18793313339654868
0.333692825598707 13.976206538406446 497865.10518658784 5.299437946473642 0.19079590560253668
0.34837002003203194 13.842279889045805 411167.2126401473 5.5913702647116486 0.19368297389446
0.3634275593203033 13.724239971711553 340795.4573709341 5.895616290030129 0.19658913883293866
0.37887461810022305 13.620284581083146 283440.25862881367 6.213045860475115 0.19952220276726648
0.3947020769309291 13.528721896683486 236530.59516319344 6.54392690264327 0.20247853161750978
0.4109219762375737 13.448110297668146 197977.10617691278 6.888940679732508 0.20546148017823013
0.4275236571026686 13.377302971997025 166188.773794484 7.248801314407734 0.20847429028181205
0.4445143532493125 13.315129593607168 139894.4644086548 7.623782836315508 0.21151275068059333
0.46188919608268714 13.260768097068691 118060.18984815406 8.014803983595492 0.21458255728045111
0.47964724662418473 13.213369114003134 99879.93346785217 8.422583044897317 0.21768557938134864
0.4977985323818828 13.172188701846089 84706.69269078688 8.847581288422493 0.22081958217055356
0.5163298368734779 13.136557530887908 71990.67525328146 9.290630991813646 0.2239873964977566
0.535241805652121 13.105977656409992 61323.64447482949 9.752635285701178 0.22719221834914968
0.5545408855025078 13.079940820497438 52346.155609360394 10.234402871414883 0.23043539723842513
0.5742167249575052 13.05795076494395 44366.68115289854 10.73643363276153 0.23371399912673047
0.5942654389064511 13.0396125832383 38361.41860619385 11.259914477894679 0.23703349019919767
0.6146956451444104 13.024581021548192 32932.96993269328 11.805809128372072 0.24039583342192572
0.6354899791818619 13.012489822307346 28320.62134122931 12.375095448432203 0.24380265969756507
0.6566532975883442 13.003073149256547 24395.043652501237 12.968501671896584 0.24725236721325028
0.678176874454376 12.996027554424236 21049.019784696724 13.587275467686512 0.25074886175336303
0.700057083671632 12.99109172481876 18191.483211500836 14.232650540812958 0.25429520527692023
0.7222824906108714 12.988026735923107 15745.723558504682 14.905815089902053 0.25789337955841285
0.7448605670367443 12.986654743120951 13648.622290795796 15.607849522359228 0.261543796968474
0.7677732281176427 12.986759370079053 11848.853107532761 16.339917398124065 0.2652473349291562
0.7910102752631628 12.988120650459873 10301.440678506002 17.103681593691327 0.2690091762943575
0.8145754646511567 12.990645031211391 8967.207870276588 17.900595191663125 0.27283174977586666
0.8384487004076329 12.994101719183071 7816.454662832078 18.7320861976308 0.27671670677243093
0.8626221777508887 12.998357695291867 6823.005503869927 19.599371732067507 0.28066339927686507
0.887086799801033 13.003302685626881 5926.8596123589095 20.504595646181034 0.28467873342278754
0.9118364245324878 13.008794371197057 5217.463268331316 21.44954944896374 0.2887657173562197
0.9368492099617537 13.014691264375688 4571.216231424413 22.4357968911956 0.2929249230470686
0.9621185987221561 13.020869482915307 4009.639610917804 23.465200951157847 0.29715885856886753
0.9876335142115341 13.0272670011217 3521.21251115165 24.540257883479704 0.30147424794346056
1.0133736596861078 13.033726658500555 3096.347310188628 25.663003774691553 0.30587343094496594
1.039321849981401 13.04018115750785 2725.2303016190344 26.835207800455528 0.3103562577258281
1.065467951823032 13.046511372723373 2401.551575667372 28.06005390509789 0.3149321433167096
1.0917872749258084 13.052630048988737 2108.1976510854047 29.33970637770212 0.31960229835174747
1.1182763980522221 13.05847108335067 1871.2903096094317 30.676696046671967 0.32436988108287546
1.1448998001198292 13.063937065618587 1654.357125539555 32.074630261239065 0.3292443688602
1.1716533519943728 13.068951964121183 1464.3196116137249 33.53525997394388 0.33422223413093316
1.1985001789334122 13.073411951851835 1297.3733085456995 35.063179905080005 0.3393174287707508
1.2254390311056889 13.077290462341766 1150.7699202237325 36.66057548503842 0.34452772530589704
1.2524267219673886 13.080460957826586 1021.801206101792 38.33221358714926 0.3498658506599511
1.2794618757009635 13.082908584924697 908.1161280918976 40.08060274551668 0.35533001121946167
1.3064981521426238 13.084509291526379 808.0310983210226 41.911087891106156 0.36093403270113955
1.333522993356773 13.085233357938048 719.7057552726951 43.82695251219699 0.36667877418033623
1.3605267424957375 13.085044953589236 641.7053654510539 45.833234095358065 0.37257395313815145
1.3874533749230644 13.08380045599647 572.7335439383188 47.935081108084326 0.37862852857584695
1.4143031700939421 13.08152527389118 511.6522286149091 50.13702967642101 0.38484705886328724
1.4410304079691825 13.078110243386156 457.62481456603956 52.44470127259253 0.39123862998650294
1.4676128066234821 13.073515848209487 409.70380263017717 54.864297484450816 0.3978138540161881
1.494017444091763 13.067667892907025 367.1696314480766 57.40199495880025 0.40458176980397537
1.5202260131695242 13.060546669098194 329.3969127724883 60.06440726805709 0.41155212446853096
1.5456670734592712 13.051896985104111 296.37890956813214 62.881981521410964 0.48025194089461426
1.5678791957011764 13.039474457313105 269.5555581055501 65.96343357646671 0.5932303286130509
1.586862183581019 13.021624477570676 247.38738935384677 69.33558830742619 0.7040203508448305
1.6030495150333453 12.99805967184624 228.607787122049 73.0099029341503 0.8132356773192941
1.6167798107084799 12.968673609720943 212.38599881334852 77.00099564056926 0.9208902991097953
1.6283657328451686 12.933558977608413 198.11981307839247 81.32344049847417 1.0275808564291424
1.6380859071689877 12.893015978958319 185.38985481507603 85.99394352951387 1.133648221689113
1.646167287458042 12.847244061694365 173.91325127706992 91.0307316291755 1.2394801714457229
1.65279831313404 12.796502474745218 163.39486178257727 96.45399526174643 1.3454905400804182
1.6581626535301885 12.741081091475701 153.74036306439368 102.28514193677154 1.4519802016965242
1.6623754959852568 12.681174347381694 144.76397498725663 108.54898502537019 1.5593530739422008
1.6655915470039617 12.617064919276844 136.37553680128812 115.27108896940108 1.6674011375871987
1.6678981068124052 12.548983850668256 128.53065466940413 122.48034326122054 1.7769593327110824
1.6693929840143897 12.477222188567522 121.13691542466711 130.20952662009046 1.8902510885171426
1.6701551590003407 12.402021993163732 114.16121083130788 138.49568531794876 2.007766795202999
1.6702103808083255 12.32357502585448 107.59947014906002 147.37986821069987 2.130091309593578
