M[M_sun], R[km], Lambda[1], P_c[MeV/fm^3], rho_c[fm^-3]
0.24162668629717493 15.618656898711224 2160425.4255784233 3.5677272577965504 0.1711233750220791
0.2536305125026439 15.277637118515216 1723625.2483577027 3.7845780205661628 0.17388516180719943
0.26601229327172227 14.981851037043755 1383604.6391782174 4.010893647916446 0.17666052421692469
0.27877273730037133 14.724295194805856 1117165.6023932248 4.2469377416992105 0.17944834592402742
0.2919111739037525 14.499336903758127 906681.5948568374 4.493331870822915 0.1822551273840824
0.3054304652563676 14.302208908059717 739459.5432290465 4.750214679789602 0.18507624275122445
0.31932957340366147 14.1291817693719 605833.0744744202 5.018295961791397 0.1879189157942414
0.33360831667479085 13.977099724759974 498439.2622206698 5.297762004042035 0.19077903164314178
0.3482684248731002 13.843165612348347 411699.78773313074 5.589384540317178 0.19366376146468953
0.36331327322518703 13.725098775859902 341289.94279402756 5.893276208651504 0.1965671602934166
0.3787449762302881 13.621071259058377 283874.99532463663 6.210323139673828 0.199497374831928
0.39455531646141895 13.52949349149974 236917.39944236583 6.540824393724555 0.2024513268055769
0.4107574875079177 13.448866523110205 198328.02381748322 6.8853985379759814 0.20543131381262944
0.42734321652355933 13.377996569895757 166501.37879710167 7.244786344130091 0.20844107546165386
0.4443126965673487 13.315822735440149 140168.409526789 7.619306156956562 0.21147711343440073
0.4616692638770937 13.261400652336482 116989.23380880326 8.009787576152867 0.2145437513132912
0.47940764388688956 13.213919957502798 100110.47336277369 8.416987844367046 0.21764351129530787
0.497537987919489 13.172693145322324 84903.64873565699 8.841427943616816 0.2207750293250385
0.5160454430385905 13.137053665676225 72176.34789381792 9.283820008207938 0.22393944674855706
0.5349375757031896 13.10643108080884 61481.570178254005 9.745120545832293 0.2271407684622237
0.5542148617718877 13.08035089339123 52484.09608800108 10.226135458317229 0.23038033949232306
0.5738638837238318 13.058320261946452 44890.530856755664 10.727449477507394 0.23365631806705592
0.5938960327845172 13.039939020101166 38133.415909414725 11.2500785954527 0.2369720354277071
0.6142981646712176 13.024843525950185 33027.83470471617 11.795063493925623 0.2403304820357961
0.6350672176455479 13.012719971280998 28406.227242322922 12.363378420583844 0.2437332823062367
0.6562023174294578 13.003235990910943 24470.899837939345 12.955867051723184 0.24718015290540896
0.6777055432752881 12.996147658145665 21117.712440584502 13.573544016834983 0.25067240871389757
0.6995590922650917 12.991189124233681 18250.936922365923 14.2177487382618 0.25421436227079747
0.7217578903211043 12.988073799133563 15798.88769240587 14.889664695130735 0.2578079863333195
0.7443098604264011 12.986665151350818 13695.842994192282 15.59052470472039 0.26145524399271
0.7671945458095488 12.986724919683464 11891.621187022129 16.321183791286487 0.26515395259762176
0.790407037079513 12.988086216908709 10338.609921869289 17.08344531451244 0.26891077412128966
0.813935982681029 12.99054581355111 9001.171545675888 17.878756138357215 0.2727281250294973
0.8377852290404276 12.993995190190912 7846.622878662404 18.70864066111 0.276608557192648
0.8619324675405219 12.99824081315101 6849.16076407165 19.574217556516103 0.28055054835507426
0.886365050596587 13.00315639911423 5986.493939450906 20.477511426090707 0.284560046170877
0.9110883322453585 13.008616234675793 5207.849841399792 21.420406028700654 0.2886409336702085
0.9360742357006403 13.014496718449752 4589.752264896647 22.40471558293818 0.2927958289875806
0.9613089943545938 13.02067958904246 4026.323640992013 23.43179218530748 0.2970231756440377
0.9867977469580435 13.027057614887283 3536.102794747848 24.504364650826986 0.3013316611694489
1.012503588489143 13.033512646291921 3109.555279417515 25.624652429454038 0.30572503278619756
1.0384242312738645 13.039950110019372 2737.4043926275135 26.794156402158322 0.3102011729351679
1.0645451234205539 13.046294753519792 2412.170493330435 28.015998132572673 0.3147691618572207
1.0908375430592694 13.052411346615626 2128.3943794749875 29.292802221671774 0.31943347218933676
1.1172982645854128 13.058269172624751 1879.723529230274 30.626384287180475 0.3241924030911485
1.1438940876238182 13.063743643287598 1661.909311670607 32.02067523190968 0.3290577713797559
1.170620774749864 13.068767546641828 1471.17545883853 33.47783377663785 0.33402870192512313
1.1974421678502527 13.073245074351405 1303.5816973082065 35.00161224925245 0.33911384122395827
1.2243550062225828 13.077150338627426 1156.3388057638253 36.59504483025045 0.34431633355747837
1.2513182998637178 13.080340478465104 1026.7856157490237 38.261967100859465 0.34964332519094593
1.2783280025378976 13.082821255784832 912.5885198197974 40.005823323239596 0.35509866866912726
1.3053434927296346 13.084455457756821 812.0454218014661 41.83133242042717 0.36069257297627966
1.3323585499413424 13.085245582499795 723.3545638288749 43.74159867000311 0.3664250584195794
1.3593326313344085 13.085070821588964 644.9790103609905 45.74232601593166 0.3723096047921086
1.386238934965957 13.083880765771475 575.626960318181 47.83803951220276 0.378351859861429
1.4130625175324203 13.081639992574829 514.3093560404767 50.033177542218034 0.38455605373850876
1.4397793104739012 13.078295921777903 460.01045613473013 52.33401162797789 0.39093471769421706
1.4663429894916693 13.073749367163437 411.8580140012395 54.746281016839625 0.39749617491017764
1.4927388456489397 13.067989205879382 369.1041676927242 57.27612276039034 0.4042493978506896
1.518936322050116 13.060935022558 331.1644158932142 59.930107294726 0.4112040618023782
1.5449063032946733 13.052543708100211 297.39359575945474 62.71527740867303 0.4183706026214892
1.5706139022452452 13.042767245119492 267.3611289941612 65.63919093566474 0.42576027917749415
1.596029048421618 13.031550314427758 240.61619566325643 68.7099675462358 0.4333852410426604
1.6211229216211198 13.01885675682324 216.77774977523538 71.93634006491149 0.44125860204447925
1.6458638873814535 13.004633354798155 195.51304106226456 75.32771078833852 0.44939452037229155
1.6702114160933925 12.98882355658832 176.50833158746508 78.89421334164473 0.45780828601223106
1.6941524686876843 12.971427711174256 159.53297483628793 82.6463932537767 0.46651482518972526
1.7176469367821596 12.952362621709005 144.33681379748543 86.59513272879083 0.47552833228886104
1.7406520212142704 12.93159207551783 130.74427714305554 90.75416033124604 0.48487219232445905
1.763134425571076 12.909069160088515 118.55718551752182 95.13507146175716 0.4945586742458051
1.7850848432065178 12.884813217452692 107.61800561986395 99.75385418127439 0.504614762253947
1.8064376014510246 12.858708764427336 97.81182173210455 104.62491652311584 0.5150582832347501
1.8271934729837034 12.830798482283328 88.98948857211504 109.76507528787218 0.5259133105018124
1.8472853978132273 12.800964000525273 81.07057110241381 115.19271962057233 0.5372064550812904
1.8667172767652 12.769279052395445 73.9324352823671 120.92721590733106 0.5489643438407104
1.885415586242825 12.735600630899224 67.51196595429143 126.98965095455245 0.56121605903014
1.9033915957436411 12.700014479709816 61.71595043752082 133.4030065833761 0.5739933498299153
1.9205749786708664 12.66239122967866 56.49623477934255 140.19224711006905 0.5873304967901646
1.9369674931611693 12.622806673881179 51.78055150679777 147.3832749563203 0.6012602439127294
1.9525146718367654 12.5811624034317 47.51426733640863 155.00708640889104 0.615827716056078
1.9671833330771022 12.537435379496003 43.6606891628657 163.09407694667829 0.631070104433668
1.9809681198509095 12.491685277459203 40.17462185747983 171.68026317449588 0.6470374527176997
1.9938386781261566 12.44387768546779 37.0155692242253 180.8032360623436 0.6637780804331026
2.005733582765173 12.393916112780358 34.154312204338915 190.50431699653035 0.6813451654319398
2.0166578842976493 12.34188546188181 31.555566630940348 200.82896585746903 0.6997971901309368
2.026586547111589 12.287779771745598 29.200834546744105 211.82723963192132 0.7191984478804779
2.0354783244700623 12.231556999196147 27.062310050196583 223.55424754760497 0.7396194173821705
2.04332486794545 12.173253488526038 25.11932193650449 236.0685353028236 0.7611302599910398
2.0500905381638934 12.112836309610618 23.35197824756107 249.43759383796947 0.783817394464162
2.055753372454812 12.050320805450495 21.743449194162412 263.7337628643808 0.8077685051861493
2.060306595505963 11.985759849867836 20.279759326332314 279.0371914283975 0.8330803721802422
2.063736596948878 11.919172276678841 18.948552951139625 295.4368363789749 0.859860027784615
2.0660062436009086 11.850538499919809 17.735446699147797 313.03115153159337 0.8882246118902625
2.067128510189712 11.779947451460355 16.630716193186693 331.92828738407144 0.9182992379479963
