M[M_sun], R[km], Lambda[1], P_c[MeV/fm^3], rho_c[fm^-3]
0.24162668629717493 15.618656898711224 2160425.4255784233 3.5677272577965504 0.1711233750220791
0.25364385480212115 15.27727536887037 1723192.7173797023 3.784816750747104 0.1738881374637376
0.26603958342204653 14.981278136860057 1383094.5310297152 4.011395483964767 0.17666658860940526
0.27881440497887455 14.723537353387153 1116422.9565350064 4.24771963841556 0.17945741474764387
0.29196800411143414 14.498475585871052 905946.8746475092 4.4944143218846895 0.18226718072787904
0.30550470682062364 14.301223245587302 738697.887582355 4.7516344117202856 0.18509157856567496
0.31942016581754645 14.128149273726631 605119.8299505677 5.020063407536474 0.18793725372601797
0.3337172291044424 13.97597295366485 497681.38994029246 5.299923662866769 0.19080079596066624
0.3483983760158321 13.842048811985897 411018.8628335303 5.591945783485644 0.19368854219691817
0.3634596074202429 13.72403866022574 340652.9551668376 5.896294539016469 0.19659550909095114
0.37891404565847964 13.620015753844438 279400.839052325 6.213835045506226 0.19952939918450957
0.39474496666061953 13.528478954042614 236405.3903815038 6.544826203040012 0.20248641726709388
0.4109704164200696 13.447884651665591 197878.03869781503 6.8899674537638536 0.20547022461675007
0.4275789989669864 13.37705213388387 166090.55064286664 7.24996519482722 0.20848391876624547
0.444572913971625 13.31497002986295 139813.4844328321 7.625080605079519 0.21152308175441742
0.4619531337936316 13.260586756699915 117982.51661803908 8.016258273328235 0.21459380738727665
0.47971696744891434 13.213174829617142 99817.06430050274 8.42420519306493 0.21769777566784754
0.49787406089373454 13.171996936176503 84645.99869242201 8.849365312930486 0.22083249927024645
0.516412067153312 13.136416144245572 71944.40567622328 9.292605759019052 0.22400129898199503
0.5353300981643718 13.105856201496735 61280.42722286987 9.754814181582228 0.22720713622370814
0.554635572301857 13.079830536183534 52303.17901806748 10.236800095184261 0.23045136181356915
0.5743173922039364 13.057864638479563 44733.84304307317 10.73903876799843 0.23373072490192126
0.5943742167665811 13.039527157140688 38330.79932108083 11.26276669523669 0.23705131090476514
0.6148101737160803 13.02452286668347 32904.93913307863 11.808925272893314 0.2404147847797872
0.6356141665177459 13.012441824965784 28294.706902937083 12.378493415937871 0.2438227793153054
0.6567825578257829 13.003023760704194 24372.92072146081 12.97216585867693 0.24727331020231624
0.6783137286674039 12.99599652755742 21029.528661457112 13.591257896264402 0.2507710348487283
0.7002017463912377 12.991066237877591 18174.36658235893 14.236972558535458 0.2543186524340009
0.722435639552018 12.987990640981536 15731.218472859784 14.91049941548225 0.25791814735352525
0.7450211444696756 12.98664827519518 13634.563342197165 15.612874637287042 0.26156948202269453
0.7679419999806245 12.986757372928567 11837.380627338238 16.345351339168033 0.2652744217623809
0.7911855642936017 12.988134507120124 10289.917321409006 17.109551625111376 0.2690377202693938
0.8147579198544016 12.990668310833502 8957.215897048958 17.90693038499119 0.2728618098152203
0.838640910200086 12.994132725997387 7808.254017004923 18.738858456771435 0.2767478217991211
0.8628218094628552 12.998398655865843 6815.2675293335615 19.606669093506596 0.28069613793543724
0.8872949340409375 13.003343600337884 5956.117631684265 20.51245322190399 0.2847131665379419
0.9120552330589936 13.008846013109034 5211.761161292875 21.458004754918758 0.2888019205277725
0.9370751328416719 13.014728193431202 4565.852903830688 22.44481471065003 0.2929623779351145
0.9623528551916221 13.02092913769631 4005.1253361809013 23.47489442438671 0.29719822664386153
0.9878772635700079 13.027323294169598 3516.942762807346 24.550672623220446 0.30151562076034144
1.0136187266794108 13.03378737330521 3092.217383537153 25.674099473561643 0.30591625138381656
1.039581762965708 13.040237221022961 2721.7739857184315 26.847120071306605 0.31040126014006625
1.0657318238681457 13.046563436996944 2398.6220125160585 28.072838491776345 0.31497943906199755
1.0920631564924161 13.052706070766096 2115.8878068544705 29.35331797790643 0.31965129175491785
1.1185594463972026 13.058539380546904 1868.777549326089 30.69129712542306 0.32442138733429626
1.1451904633130157 13.063993128433415 1652.289515864275 32.09019335478887 0.32929790332454323
1.1719523595348424 13.069004222559837 1462.3006339886374 33.55192698486969 0.3342784036761939
1.198807718470008 13.073458012274603 1295.6085317281586 35.08104965379271 0.33937651918524386
1.2257532148054513 13.077326581856461 1149.232252584619 36.679596126603386 0.34458908295125357
1.2527481100859008 13.08049216432728 1020.2962157926981 38.35260389909575 0.3499304426981968
1.2797887214551507 13.082936805993675 906.8201877428927 40.102309587084534 0.3553971649354854
1.306831993080802 13.084525042506732 806.8534002942641 41.93420096262264 0.3610039070179489
1.3338683660591175 13.0852398045077 718.7000853469556 43.85173086800841 0.3667524282682298
1.3608760228667545 13.085033994342204 640.7114382782216 45.85962583022062 0.3726506967180856
1.3878061273381372 13.08377662363545 571.8841552053168 47.963198913484895 0.378708560926642
1.414662745530895 13.081490932530913 510.8822079225324 50.167181770612416 0.38493154835404103
1.4413847558839403 13.078037037750343 456.9432457632564 52.47683980362123 0.3913268703514407
1.4679797867264124 13.073442201673366 409.0821625303901 54.898564711424875 0.39790609522837583
1.4943870228025637 13.067580259444354 366.58914492866273 57.438544661703915 0.4046782811567567
1.5205990693371294 13.060441501709823 328.8806629558588 60.29703413530794 0.412082870639742
1.543085635877606 13.050327304660806 299.00260476685 63.061706993187734 0.6393902663804197
1.5577528272810077 13.031356745138726 278.6009936639902 66.5133544760542 0.8692716313518482
1.5665413230645087 13.00247067113912 263.6844620491571 70.47515913390484 1.0876590986888486
1.5708387199275413 12.964123664162297 252.15409707001007 74.94796466716969 1.2963849131989378
1.571625967318965 12.916991024115484 242.8570452391005 79.94440624613226 1.495761910490945
