M[M_sun], R[km], Lambda[1], P_c[MeV/fm^3], rho_c[fm^-3]
0.24162668629717493 15.618656898711224 2160425.4255784233 3.5677272577965504 0.1711233750220791
0.2536433555862457 15.277294250352547 1723239.4364708734 3.784809530237031 0.17388804746356284
0.26603822972746904 14.981307428960207 1383090.099412619 4.011380305031491 0.1766664051809546
0.2788125793893783 14.723557809270991 1116437.5627459341 4.247695987552733 0.17945714043327615
0.2919665850376223 14.49847834717953 906032.9553605658 4.494381578496978 0.18226681612265752
0.3055012728325276 14.301287421800264 738725.9335490487 4.751591464043342 0.1850911146487971
0.31941726470695964 14.128187656773525 605142.8453693896 5.02000993923027 0.18793669897170423
0.3337147703308971 13.975965529462748 497703.0630911134 5.299858266289256 0.1908001375256432
0.34839448794924366 13.84207931300995 411035.419178613 5.591868295382058 0.19368779247819973
0.36345637505173034 13.724042334310653 340693.71365252614 5.896203218549101 0.19659465138979615
0.3789080824907376 13.62006355748055 283331.04676945804 6.213728787608069 0.19952843024042122
0.394739922251685 13.528513053664298 236429.69565419306 6.544705118058139 0.20248535551538066
0.41096371143942706 13.447923670403304 197894.10732879755 6.889829204217472 0.20546904722559892
0.4275701494181865 13.377115207754633 166106.05509166245 7.249808483451396 0.20848262233319498
0.4445645151194464 13.31497261594432 139825.28207223595 7.624905865030382 0.2115216907112688
0.46194495490930226 13.260609186577211 118000.25889625547 8.016062456801693 0.21459229258813298
0.4797081250892602 13.213198366455662 99826.52811849557 8.42398677317801 0.2176961334556433
0.4978642876842017 13.172014196085287 84653.75446096595 8.849125095049114 0.22083075999014812
0.5164004053372782 13.136436241413968 71947.82741625007 9.292339855777136 0.2239994270065948
0.5353180538086506 13.105875313000299 61287.38983437992 9.754520790165921 0.227205127510771
0.5546235141285433 13.079826567083957 52308.12581837888 10.236477303236752 0.2304492121451203
0.574303944281129 13.05786209559159 44738.477489610144 10.738687978058778 0.23372847272184757
0.5943600815027993 13.039533692187884 38334.550341316055 11.262382632090722 0.237048911271279
0.6147946157598978 13.024518240221372 32906.828226704594 11.808505667783004 0.24041223288062086
0.6355952322328756 13.01244015558272 28297.819266555 12.378035858567664 0.24382007008416431
0.6567655760961514 13.003041157049463 24375.896766719467 12.971672450215808 0.24727049008188412
0.6782959353711306 12.995996041308798 21032.784197578087 13.590721630432494 0.25076804906425043
0.7001827405956969 12.991070228474074 18040.620473381205 14.236390560097396 0.25431549506407
0.7224140407876869 12.988004041605485 15733.027612107302 14.909868624468931 0.25791481212365935
0.7450008301459434 12.986646972267724 13540.948483305374 15.612197951540148 0.2615660232540198
0.7679188408734181 12.98676332441311 11838.279011103215 16.344619595282975 0.2652707742026416
0.7911626100410016 12.988129334598604 10291.582060205306 17.108761150793246 0.2690338764604618
0.8147350374147494 12.990659071783092 8958.398857413067 17.906077264483834 0.27285776181941396
0.8386153737945592 12.99411635766556 7809.5242154716525 18.737946473928115 0.2767436317098287
0.8627937088700732 12.998399958858883 6816.263972187298 19.605686390817933 0.2806917291682314
0.8872671623196223 13.003347217765722 5956.798997504631 20.511395069883847 0.28470852955172055
0.9120267183379862 13.008834993653762 5212.536680694706 21.45686610022698 0.2887970451381219
0.9370443924424915 13.014720545941467 4566.491184584282 22.44360029637768 0.2929573339496098
0.9623221441615788 13.020918321350731 4005.7585874180486 23.473589011194438 0.29719292497301164
0.987844981789496 13.027321659124697 3517.6380857297554 24.549270066982288 0.30151004907023193
1.0135852723599241 13.033775518445227 3093.1529435374 25.67260520320851 0.3059104847067436
1.0395461523541178 13.040231048800642 2722.2455413017506 26.845515819988382 0.3103951995674628
1.0656961681135708 13.046555770414068 2399.03026645043 28.071116750481153 0.31497306959227617
1.0920249937358428 13.052683872969554 2116.315037441766 29.351484848561753 0.31964469361482417
1.118521071947952 13.058525168124095 1869.1356274307757 30.689330723510825 0.32441445072413116
1.1451508914590909 13.063982071910152 1652.5813441786497 32.088100097971775 0.3292907111002972
1.1719118259834294 13.068998317913831 1462.621743443139 33.549682320912204 0.3342708389272226
1.198766289171741 13.07345387236701 1295.866574292856 35.078642989068356 0.33936856099744866
1.2257101686252492 13.077320525003008 1149.4367443576841 36.677034444743384 0.34458081936211304
1.252704178716249 13.08048659540095 1020.4802702990489 38.34985772844276 0.34992174343158855
1.2797441206327724 13.082934714679135 907.0035957812281 40.099386086006746 0.3553881205998293
1.3067868400184082 13.084521704672207 807.0376076615315 41.93108804732988 0.36099449620341423
1.3338224314045048 13.085238797517531 718.7881282576866 43.848393639903655 0.36674250830041516
1.360828475546993 13.085039008327309 640.8237802972102 45.85607128151894 0.37264036057331
1.3877589298239519 13.083779706166858 572.0113039370912 47.95941186269153 0.3786977817575975
1.414613806118968 13.081493358469062 510.978156503207 50.16312069448223 0.3849201687711844
1.4413372899805914 13.078046858803788 457.04168656979203 52.47251114860677 0.3913149854865779
1.467929293738594 13.073452561828876 409.15160303229584 54.89394931208618 0.3978936714034176
1.4943383641028432 13.067589690934323 366.65385966458007 57.43362180024171 0.40466528209023833
1.5205488008442172 13.06044977628898 328.9468920393604 60.0981530462931 0.41163958275502865
1.546531535110604 13.051969904026175 295.3919954669879 62.89464471152915 0.4188271066675909
1.5722479734090538 13.042095142384024 265.5597862387632 65.83071886830582 0.42623921835057227
1.5976710096430904 13.030775364181201 239.00660792272961 68.9145653388106 0.43388818209731755
1.6227579202807128 13.017961471299097 215.31336685152988 72.15499362014319 0.4417872364430675
1.6475097752140206 13.00362708614515 194.16879813413166 75.561489880231 0.4499506752917331
1.6718583159114186 12.98770139599949 175.2982850985813 79.14404880622143 0.4583929727886826
1.69579646133887 12.970159620287358 158.42284822470396 82.91273345425168 0.4671268741947083
1.7192617748262884 12.950921131925204 143.3377910576173 86.88033426304521 0.47617417344212265
1.7422643190874318 12.930025660479485 129.82471231690775 91.05849956729747 0.4855495096444205
1.7647442750820281 12.907391502725234 117.72538560622193 95.46115853016242 0.49527418208559043
1.7866697360755601 12.882963586925031 106.85797537842271 100.10213043102954 0.5053663272913812
1.8080110461204109 12.856714860229802 97.12019386908459 104.99785303257354 0.515851321876847
1.8287236824724244 12.828590550110667 88.3623353072698 110.16485736095613 0.5267516887134127
1.848804999698534 12.798635867558545 80.49706362901371 115.62067621054143 0.5380904657197007
1.8681927099398046 12.766737615585072 73.40684918634115 121.38567933489301 0.5498976073711236
1.8868656769557048 12.732901143053054 67.0345374501834 127.48119076004652 0.5622025754977018
1.9047903837111855 12.697098041987287 61.28099501659586 133.9297314453574 0.5750349821573993
1.921935642750603 12.659295662772887 56.09550969578836 140.75677263771126 0.58843040719622
1.938251581494398 12.619418303891026 51.411388288932166 147.9900757019973 0.6024274553372587
1.9537524695593629 12.57759085014395 47.17982028027496 155.65824222322038 0.6170622821318414
1.9683719586781279 12.533675912988455 43.35492280100252 163.79478033741785 0.6323820510727362
1.980631369339221 12.489359097520163 40.14416616012525 172.74251791909785 0.9452520859850924
1.9859906165633152 12.44417466332303 38.017783417635336 183.40984333024969 1.3696056271300112
