M[M_sun], R[km], Lambda[1], P_c[MeV/fm^3], rho_c[fm^-3]
0.24162668629717493 15.618656898711224 2160425.4255784233 3.5677272577965504 0.1711233750220791
0.2536419132402569 15.277347615550898 1723153.9201090776 3.784801476632128 0.17388794707926292
0.2660378000452792 14.981290873731028 1382971.9217057328 4.011363374817409 0.17666620058930896
0.27881119201327054 14.723628578953582 1116591.5858933113 4.24766960802679 0.17945683447052832
0.29196571666266813 14.498479907697583 905963.453662627 4.494345057515746 0.18226640945305544
0.3054987891987329 14.301326914703163 738735.4333287412 4.751543561638412 0.18509059721140073
0.3194138991020422 14.128227664956704 605164.0079095341 5.019950302620833 0.1879360802188637
0.33371032917735627 13.976071380130014 497737.6848532576 5.299785325512954 0.1907994031330565
0.34839008542908056 13.84211850907724 411055.2928829561 5.591781868406746 0.19368695627343832
0.36345184421588317 13.724062269424557 340701.61874863214 5.896101363801501 0.19659369474845192
0.3789032308723272 13.620080555639058 283348.9505333834 6.21361027262734 0.1995273495264983
0.39473337093022937 13.528547386196811 236451.69271837527 6.544570065975688 0.202484171291064
0.41095645824386506 13.447950334397929 197902.12012872036 6.889675008035966 0.2054677340262113
0.4275634312507504 13.377121455446302 166119.25357738184 7.2496336963686545 0.20848117636445354
0.44455602498111707 13.3149979705504 139835.49200122303 7.624710970215615 0.21152013922322632
0.46193562428442964 13.260628510144457 118003.0885452782 8.015844055059588 0.2145906030740876
0.47969715814715 13.213221686623926 99832.9439495528 8.423743161634821 0.2176943018374012
0.49785219477930037 13.172049375319233 84661.80127534429 8.84885717200039 0.22082882011280064
0.5163882806001625 13.136461699616948 71958.41908815893 9.292043285706916 0.22399733913481146
0.5353047537273412 13.105888498801017 61292.946873950284 9.754193562482282 0.2272028871368371
0.5546086709793865 13.079873576320571 52314.47308587549 10.236117285185932 0.23044681456534533
0.5742894617174765 13.057893392899002 44743.79675317684 10.738296733949142 0.23372596081347147
0.5943431118585573 13.03957626080483 38341.317791429174 11.261954278633379 0.2370462349111259
0.6147775701145365 13.024534968833787 32912.45341850265 11.808037674768473 0.2404093867022634
0.6355761298755506 13.012478235940835 28304.037041908687 12.37752553794589 0.24381704843789548
0.6567466366377752 13.003034578887835 24378.780901365633 12.971122145440194 0.2472673447654498
0.6782758809139677 12.9960047341619 21035.905460314847 13.590123527706664 0.2507647189885143
0.7001607310204238 12.99107319875461 18178.88919440046 14.235741452878727 0.254311973625729
0.7223916903545186 12.987994706566232 15734.77294465765 14.909165100204559 0.25791109232567816
0.7449771555350433 12.986640179463992 13639.336463760697 15.611443242147967 0.2615621656802255
0.7678937498455194 12.986754789299493 11840.080577924324 16.343803481352715 0.2652667060793877
0.791135270874589 12.988130364134333 10292.9142998487 17.10787953692382 0.2690295894707543
0.8147056326836588 12.990654748464717 8959.8787470388 17.90512578377519 0.27285324711148556
0.8385850065815845 12.994118106866383 7810.0245116726865 18.736929346370605 0.2767389585349779
0.8627630238226501 12.998391541142231 6817.301832160921 19.604590392599718 0.2806868121154361
0.8872354530459746 13.003328408258302 5957.608574199 20.510214926666364 0.2847033579811575
0.9119938892373105 13.008829732187172 5213.318602933927 21.45559617652603 0.2887916076925878
0.9370103508539106 13.014730180438374 4567.3641198366595 22.44224588188909 0.29295170848291086
0.9622865998061745 13.020919751525454 4006.4739986616246 23.47213311083261 0.2971870121290521
0.9878077448410851 13.02730953693735 3518.1095532607496 24.547705828877756 0.3015038350948213
1.0135473510190185 13.033766862451577 3093.619999805973 25.67093868185536 0.3059040532798879
1.0395072225020472 13.040223070182545 2722.7363136225576 26.84372664420096 0.310388440383514
1.0656586482826613 13.046557608693155 2399.3144857547363 28.069196546358107 0.31496596592225623
1.0919842696871511 13.052674719067706 2116.6895715491296 29.34944042105357 0.3196373349310796
1.1184796073148258 13.05851520414824 1869.5167936369246 30.68713766727422 0.32440671457615006
1.1451078339380787 13.063968492967364 1652.9485204130742 32.08576557000825 0.32928268989215626
1.1718671357456598 13.068985361478976 1462.8971400479036 33.547178941073405 0.33426240227905657
1.1987201908516734 13.073448399797712 1296.0590166480742 35.075958943738705 0.3393596855871899
1.225663356993802 13.077314508906895 1149.648076042505 36.6741775219944 0.34457160337156695
1.2526566550952396 13.080484293132193 1020.7251028840576 38.346795062463904 0.3499120415771707
1.2796950460897139 13.08292323378012 907.1871729532756 40.09612565966598 0.35537803392996903
1.3067366698977305 13.084519990895457 807.1911407437198 41.92761638526156 0.36098400084302723
1.3337713873002326 13.085232390047524 718.9396941010457 43.84467182480437 0.3667314451411591
1.3607760525733144 13.085039307441125 640.9779481249595 45.85210711086398 0.3726288333035373
1.3877066737597132 13.083782854204356 572.1396295505468 47.955188406860714 0.3786857604389418
1.4145602855799104 13.081497903992986 511.1101722090301 50.15859164922654 0.38490747788726687
1.4412828689354322 13.07805362853176 457.1215128670816 52.467683702690856 0.3913017311287805
1.4678748131800532 13.073462450486437 409.2542849446844 54.88880209344656 0.39787981601654676
1.4942825318244977 13.067601949594032 366.7479668273475 57.42813170581397 0.404650785216173
1.520492877386073 13.060468322894085 329.0363158505213 60.09229508704635 0.41162440079435464
1.5464758309276512 13.051989604330062 295.4709777725615 62.88839184204025 0.41881119261761646
1.572191820687656 13.042118163186439 265.63182198461584 65.8240417991505 0.42622252151718754
1.5976135026148686 13.030800869710948 239.06594552758438 68.90743232984164 0.43387064777786777
1.6226944223255826 13.017963849630897 215.36950087532827 72.14737025248621 0.44176880557706905
1.6474523498490514 13.003663584862268 194.21771133125378 75.55333880456081 0.4499312840758805
1.6718022230082883 12.98774194175487 175.34089657085008 79.13537201806184 0.4583727299411751
1.6957399196576286 12.970204148910911 158.46083491192903 82.90344631363868 0.46710553237262814
1.7192032600009655 12.950970337481586 143.37418390434948 86.87038897122946 0.4761516522493366
1.7422078486655144 12.9300839751365 129.8656060228421 91.0478919842888 0.48552591167673714
1.7646886396453914 12.907447026267388 117.75085598191625 95.44978648937749 0.495249229288855
1.786617589917391 12.883026160434653 106.88727360797314 100.08998403112938 0.5053401158873533
1.8079575871547071 12.856784299826534 97.14649248019852 104.98486929986147 0.515823750893218
1.8286701400449439 12.828666964591724 88.38390025173696 110.15092999975509 0.5267225089641915
1.8487520139705627 12.798715942060406 80.51424587805492 115.60574871747315 0.5380596306701034
1.8681418829036487 12.766828361503093 73.42959516026059 121.36968694695992 0.5498650527298482
1.886815451262422 12.732996690107548 67.05141587126357 127.46404370767635 0.5621681615004136
1.9047422734525665 12.697198463874109 61.2969557145965 133.9113945148545 0.5749987793630202
1.9218878731945808 12.659404307815567 56.10826276115266 140.7370775422995 0.5883920336606916
1.9382069447505315 12.619533522291158 51.42337985536866 147.96890452325957 0.6023867315216248
1.9537094704601254 12.577720445322777 47.19556355528463 155.6355351618435 0.6170192499775233
1.9683307206652632 12.53380592298961 43.36550392324502 163.7703775552956 0.6323364327075854
1.9820544524080062 12.487832125007781 39.90204377163082 172.4070407021684 0.6483793679583361
1.9948494948680588 12.439774665908036 36.769053562681336 181.58509023656188 0.6652022386524632
2.0066867296641617 12.389624368113763 33.92600919694999 191.34631504857055 0.6828588354283402
2.017547508956637 12.337388257370579 31.34906382439296 201.73669689700327 0.7014083231858265
2.027390999413651 12.283027823650174 29.00922942903582 212.80634316846505 0.7209140100943845
2.0362104403552452 12.226585406440996 26.886531426024366 224.6102481028281 0.7414447394816814
2.0439633097836998 12.168016259124448 24.956672214842357 237.2099410202679 0.7630789863699778
2.0506320942080274 12.107337528293444 23.201471425190462 250.67184549473455 0.7858980637685792
2.056209099961915 12.044595533224031 21.60567009404472 265.06919092190384 0.8099907350606024
2.060673625130602 11.97979304389116 20.154563183170538 280.4838501264204 0.8354573306168807
2.063994340279993 11.912938025590625 18.832669741159574 297.00490747507655 0.862402946739723
2.0661600659382855 11.84405022158932 17.62836010681123 314.73285489951894 0.8909487042830186
2.0671652689354096 11.773186530821315 16.532658802287866 333.77720321067045 0.9212211136746167
