M[M_sun], R[km], Lambda[1], P_c[MeV/fm^3], rho_c[fm^-3]
0.24162668629717493 15.618656898711224 2160425.4255784233 3.5677272577965504 0.1711233750220791
0.25364197517315085 15.277364768918307 1723229.7799630756 3.784802871186523 0.1738879644617107
0.2660378426299759 14.981270750695424 1383006.3497329939 4.01136630643316 0.1766662360161552
0.2788114797653961 14.723605237050212 1116453.2660426411 4.247674175868656 0.17945688745061036
0.29196495075751827 14.498477267116643 905969.0106568269 4.494351381430421 0.18226647987131303
0.3054999378454264 14.301274831419393 738702.0761695482 4.7515518563323145 0.18509068680992555
0.31941539792318546 14.128200226190677 605180.2766860551 5.019960629176767 0.1879361873608672
0.3337111151515316 13.976088962119478 497747.50390669215 5.2997979557771195 0.19079953029885924
0.34839107366833844 13.842105249383367 411059.38966988534 5.59179683389524 0.1936871010686564
0.36345205871881364 13.724073809851241 340702.01027780893 5.896119000706147 0.19659386039799273
0.3789040927956762 13.620079093077102 283344.5288357072 6.213630794351721 0.19952753665991488
0.3947348023355762 13.528533681172457 236441.45795072915 6.544593451194546 0.20248437634784147
0.41095748390134235 13.447947238328473 197904.30348650058 6.889701708160865 0.20546796141567922
0.4275672332794901 13.377089208971524 166110.60064721233 7.249663961915903 0.20848142674356954
0.4445577913896349 13.315008222631702 139835.90967168883 7.624744717517379 0.2115204078734478
0.4619369958237652 13.260632221768118 118002.77220158729 8.015881872697538 0.21459089562409137
0.4796996669417163 13.213214790466475 99834.8522013406 8.423785344463337 0.21769461899330114
0.49785421016812165 13.172045573037309 84662.24895363978 8.848903564470952 0.2208291560141095
0.5163898231409902 13.136464322357961 71955.05789766053 9.292094638525302 0.22399770066185437
0.5353069662541022 13.10588673978217 61290.91800336205 9.754250223783371 0.2272032750700969
0.5546115570204381 13.079847165156355 52314.65201282217 10.236179624256495 0.23044722971923673
0.5742916546339204 13.057892339452303 44741.75931965911 10.738364479919182 0.2337263957635842
0.5943462626614633 13.039565019203264 38338.46620308605 11.262028450204147 0.2370466983364423
0.6147812327926602 13.024531827277844 32911.83669636429 11.808118710044779 0.2404098795319477
0.6355789842578243 13.012453590963974 28302.7837130863 12.37761390236197 0.24381757165016
0.6567497962003029 13.003046636032419 24378.89370644972 12.971217433216994 0.2472678893913074
0.6782795221426883 12.995999808173472 21035.236186952774 13.5902270918086 0.25076529560568744
0.7001647456038351 12.99105790504165 18042.49571872703 14.235853848514811 0.25431258337754026
0.7223955874708111 12.988010949345153 15735.29619703388 14.909286918253489 0.2579117364236225
0.7449814352641111 12.986654894524166 13639.423281427114 15.611573922994623 0.2615628336340296
0.7678985363026903 12.98675780619541 11758.37955869499 16.34394479448524 0.26526741048991076
0.7911403191941867 12.988121709936754 10292.479945545052 17.108032191452697 0.26903033177803504
0.8147121889864075 12.990648645286312 8959.546678751427 17.905290535819386 0.2728540288481549
0.8385913690593142 12.99411920335098 7809.883015632534 18.73710546523387 0.27673976771002823
0.8627688633867687 12.99839691584374 6817.24334188793 19.60478016796823 0.2806876635178296
0.8872413224440414 13.003330611228687 5957.954136461058 20.51041927177684 0.2847042534531158
0.9119994214512679 13.008824968732464 5213.15113239885 21.455816067145022 0.28879254920054087
0.9370158643278523 13.014719045779001 4567.17337614676 22.44248040210698 0.2929526825463804
0.9622917617150911 13.020918869117983 4006.3960542882223 23.472385203309205 0.2971880359515035
0.9878139223546683 13.027310938363609 3518.136193061488 24.54797667998864 0.30150491105770577
1.0135530353379785 13.033767981220615 3093.5245028419176 25.67122724327221 0.30590516689396935
1.039513090615083 13.040230141680167 2722.6798580342197 26.844036443131294 0.31038961074808746
1.0656620665276524 13.046552062697486 2399.350322992242 28.069529032705873 0.31496719593383277
1.0919907341714297 13.052675759312093 2116.869083516337 29.34979441655649 0.3196386090975358
1.1184868824806036 13.058516629401291 1869.4471441828236 30.687517397621765 0.3244080540995569
1.1451146063494246 13.063970365381751 1652.8509629190814 32.086169795985874 0.32928407877280075
1.171875126821855 13.068989065198485 1462.8388285396838 33.54761240343125 0.3342638630918944
1.1987276510110156 13.073442324190108 1296.0435960502368 35.076423687937876 0.33936122237026406
1.225671393210431 13.077315088837818 1149.5913341432843 36.67467219956005 0.34457319912481926
1.252665628040762 13.080478082646778 1020.7245544102697 38.347325363935546 0.3499137214559792
1.2797039479391044 13.08292628648137 907.1815420560097 40.096690202845664 0.3553797804379653
1.3067455655669067 13.08451815923155 807.1771228543723 41.92821750333101 0.36098581811402014
1.3337800091084822 13.085233771588378 718.8963605358216 43.84531625605321 0.3667333607241059
1.3607856202763913 13.085034595838932 640.9544998701615 45.85279350520176 0.37263082924503194
1.3877152893276266 13.08378095419633 572.1093898474388 47.95591969553976 0.3786878419225875
1.414570339510989 13.081498758453188 511.10341560136254 50.159375849498026 0.3849096753028482
1.4412919408908156 13.078052005312323 457.1020664341111 52.46851956986644 0.39130402610687226
1.467884577483125 13.073459287745091 409.239784679951 54.88969332793994 0.39788221505951793
1.494292252096605 13.06760001038216 366.73417925155877 57.429082307741965 0.4046532953289985
1.5205025373961456 13.060463351176383 329.01692432261825 60.093309383058724 0.4116270295258843
1.546484835305751 13.051986424459141 295.44887788094684 62.88947451482649 0.41881394810593375
1.57220035503372 13.042114240145008 265.61327149353986 65.82519791992083 0.4262254125394947
1.5976228044268053 13.030796874714202 239.03731227997608 68.90866739411761 0.4338736838053914
1.6227048247271767 13.017956513718442 215.35884257342147 72.1486902195759 0.4417719968355321
1.647462597770899 13.00365703015894 194.21306737070242 75.55475014113992 0.4499346416121559
1.6718108912324428 12.987734909164088 175.32885391261135 79.1368743786599 0.4583762349312623
1.695749509377631 12.97019616747638 158.45421617553944 82.90505435278916 0.4671092276419126
1.7192142339613883 12.950961551538642 143.3667596880248 86.87211096477706 0.47615555171748497
1.7422178043169838 12.930072766761391 129.85835935609828 91.04972864907191 0.48552999757982757
1.7647003949050866 12.907435340591203 117.7481204743636 95.45175551437059 0.49525354976935176
1.7866266606604038 12.883015039704555 106.88445512660205 100.09208713068651 0.5053446542849572
1.8079668611795532 12.856772218589626 97.14232130015729 104.98711737716198 0.5158285246900778
1.828679516976646 12.828654861590968 88.38056110293358 110.15334445686277 0.5267275724632725
1.8487617769148894 12.798702542708464 80.51079521640253 115.60833334068803 0.5380649696097805
1.868150765066122 12.766812485234924 73.42419362370501 121.37245594748487 0.5498706894001915
1.8868242815938376 12.732979619925807 67.04760825713429 127.46701262794518 0.5621741200997037
1.9047501128621769 12.69718120606576 61.29399238737225 133.91456945177117 0.5750050476743029
1.9218968232618254 12.659385965383052 56.106078367528326 140.74048763232273 0.5883986778128486
1.9382154695689018 12.619514648248986 51.42325546430294 147.97257018227964 0.6023937825991278
1.9537167738523986 12.577698497618652 47.1928604696897 155.63946674338007 0.617026700718092
1.968338003206938 12.533783142880033 43.363980469931995 163.77461123247033 0.6323443599887983
1.9820620509986588 12.487808678216377 39.90109428162177 172.41159062366313 0.648387768890898
1.9948557488102352 12.439750173937465 36.76715435993771 181.58998524648092 0.6652111549809039
2.0066926507608773 12.389596798863531 33.923421334305424 191.3515869257055 0.6828683127450924
2.0175523431278255 12.337359993475328 31.345990146330227 201.74238069650974 0.7014184113692898
2.0273958086142327 12.282997414438078 29.008233886817113 212.81246327405637 0.7209247168529622
2.036215010025546 12.226554085218615 26.88524112519076 224.61686114398546 0.741456170280756
2.043967331799856 12.16798419206469 24.955673811338556 237.217079206013 0.7630911576323982
2.0506359055191528 12.107303284347042 23.20028475993081 250.67957587390114 0.7859110954404877
2.056211811363724 12.04455940125997 21.60482183409675 265.0775555812628 0.8100046543397521
2.060675784235633 11.97975542195791 20.15302175926509 280.49289634617617 0.8354721685227693
2.0639966053858427 11.912898929461722 18.832014109785383 297.01472183344015 0.8624188477588197
2.0661612839077663 11.844009814656724 17.627953358651347 314.7435161807431 0.8909657708973459
2.067165652321562 11.77314487642764 16.531745138696973 333.78878171073916 0.9212394009905912
