M[M_sun], R[km], Lambda[1], P_c[MeV/fm^3], rho_c[fm^-3]
0.24162668629717493 15.618656898711224 2160425.4255784233 3.5677272577965504 0.1711233750220791
0.2536448629361256 15.277246025195325 1723201.5696657263 3.7848366002688443 0.17388838487845037
0.26604105985605747 14.981260706124775 1383049.1145680773 4.0114372117778405 0.1766670928654002
0.2788186039116398 14.723473035146228 1116412.652306247 4.247784656398232 0.17945816885826285
0.29197317013935997 14.498353935445204 905806.0996619074 4.4945043363251225 0.18226818305956452
0.30550989831616754 14.301148148686538 738591.3297362032 4.751752479217333 0.18509285391997826
0.3194284021012914 14.128050260534406 605041.6006379114 5.020210397977946 0.18793877880858134
0.3337248333922984 13.97598415194907 497656.83093527955 5.300103446328643 0.1908026060818126
0.3484090437246396 13.84196040076444 410959.5034682298 5.592158809019682 0.19369060327756127
0.3634732340604526 13.723910915672906 340627.2261049324 5.89654559279361 0.1965978670411547
0.3789276153859006 13.619938355391552 283267.1668582205 6.2141271658777 0.1995320629705616
0.39476022894669777 13.528400098890238 236372.18383982533 6.545159086886234 0.2024893362087212
0.41098780428591014 13.447827879551603 197839.90614269392 6.890347527714023 0.20547346148600157
0.4275964376316333 13.37700796748781 166051.37550843594 7.250396025734255 0.2084874829199269
0.44459328826711203 13.31490009547811 139779.14447500935 7.625561002334025 0.21152690602545773
0.46197702455904427 13.260542045589494 117963.03973371266 8.016796616627962 0.2145979719079319
0.479742444997423 13.213120165917902 99794.12447532003 8.424805680666863 0.2177022904951478
0.497902142742661 13.171940121297496 84627.50235666649 8.850025730877771 0.2208372809783597
0.5164417811122554 13.136363673205894 71925.76432160685 9.293336795481977 0.22400644552426882
0.5353624228430888 13.105806069179879 61263.28032634406 9.75562079357951 0.22721265871640614
0.5546701367295246 13.079777249513917 52293.73596219863 10.237687540961712 0.23045727185625325
0.5743553408115377 13.057809755469687 44317.13640051482 10.740003191673535 0.2337369168006565
0.594413834397912 13.039527409168958 38320.71209609727 11.263822601128629 0.23705790822388595
0.6148531667167768 13.024487518809206 32894.41226436425 11.810078899302663 0.2404218007531392
0.6356589202128006 13.01243279443652 28285.077888712967 12.379751390378889 0.2438302278753161
0.6568312824120334 13.003000332271725 24364.729143866403 12.973522404298038 0.24728106366080876
0.6783646777305616 12.995973461473639 21022.55140453076 13.592732277418389 0.25077924380798333
0.700255379736707 12.991049533763148 18167.732525984673 14.23857268127763 0.2543273331779712
0.7224916304866319 12.987993242435158 15725.035418254505 14.91223369387458 0.2579273171371267
0.7450809347916276 12.986654980820866 13630.23368027867 15.614735103831302 0.26157899149357255
0.7680035647090638 12.986760217067134 11832.785117777497 16.34736318999108 0.26528445033414416
0.7912510727242144 12.9881467971754 10287.014602159365 17.11172495814324 0.2690482884519754
0.8148287462102964 12.990671600315924 8953.821895145951 17.909275967678468 0.27287293943735424
0.8387124016468799 12.99413048014321 7755.822252087257 18.741365885201056 0.27675934213537695
0.8628951053955636 12.99841602976875 6812.133048731994 19.60937097241304 0.2807082595621046
0.887378091357893 13.003362643524031 5953.430274144092 20.515362556497333 0.28472591569322936
0.9121364647511429 13.00885890722593 5209.6381425668615 21.46113544102265 0.2888153252190634
0.9371587160265289 13.014748306727109 4563.732926372312 22.448153706452594 0.29297624622274243
0.9624442419888021 13.020959696281377 4003.197459821016 23.478483634701117 0.2972128034934066
0.9879645373005397 13.027359116956275 3515.3219215454315 24.554528943603632 0.3015309400905426
1.0137109305005922 13.033804264391385 3090.852218914687 25.678207976038976 0.30593210688612954
1.0396764438706934 13.04026759040534 2720.441228849407 26.851530986615124 0.3104179237838303
1.0658295690454642 13.046595854250874 2397.3470355703375 28.077572469063252 0.3149969521024729
1.0921648520047298 13.052724049550145 2114.9287003096133 29.35835823826874 0.3196694335974865
1.1186656272621112 13.058549211931759 1867.7424925693501 30.696703848726973 0.3244404599010977
1.1452982086446328 13.064006084594565 1651.503386386268 32.09594889366485 0.3293176787892233
1.1720608375254926 13.069020058173823 1461.470357625445 33.558098855970535 0.33429920351815023
1.1989210641197554 13.073476055814895 1294.920867479377 35.08766698951098 0.3393984009205004
1.2258682125243503 13.077341104228607 1148.599028931817 36.68663972282658 0.3446118045023443
1.252866411804309 13.080501581583219 1019.7627608318888 38.36010632816502 0.34995407795807054
1.2799111303033652 13.082944421656922 906.3594514214608 40.11034811200846 0.35542203344610235
1.3069561168875654 13.084527638918717 806.4753923520907 41.9427603398792 0.3610297833121354
1.3339949313454267 13.085237716833374 718.3283765400466 43.860907069811404 0.36677970468557036
1.3610035257143969 13.085032690384503 640.3602840082386 45.86939962811526 0.3726791175946931
1.3879370963012505 13.083765941710256 571.5766091391523 47.97361205740421 0.3787382000956724
1.4147870630986064 13.081459981697868 510.62133008356756 50.178348453188896 0.38496283862921415
1.4415195636824656 13.07801951886912 456.70505511187423 52.48874229681672 0.3913595501382767
1.468114853530766 13.073414270862438 408.8493425634102 54.91125572232222 0.397940257147283
1.4945259637027066 13.06754690087584 366.376092858021 57.45208116693359 0.40471402498852166
1.520738050116752 13.060395171223174 328.7221128831467 60.11784940704234 0.41169062943557405
1.5467216315565835 13.051902094303026 295.1612332947037 62.91566902038896 0.41888061520514575
1.5724382409575244 13.04201634001949 265.3475253800385 65.85316962686626 0.4262953592360903
1.5978518708320635 13.03067704850833 238.81085507611627 68.93854929158857 0.43394713930478884
1.6229496737078117 13.017855720339211 215.14545424244739 72.18062652157212 0.4418492086045382
1.6477014614849503 13.003508806780882 194.00865113669457 75.58889734145015 0.4500158769924628
1.6720509907034462 12.987568003074855 175.15308080683727 79.1732241123736 0.45846103844414837
1.6959880470481594 12.970009651146206 158.29850514357554 82.94396126789555 0.4671986356195117
1.7194678393335157 12.95079318069012 143.21631811557828 86.9137753431867 0.4762499010353186
1.7424498566832485 12.929847790296792 129.719498263172 91.09416783329156 0.48562885840724057
1.7649318819356261 12.907186659078763 117.6288419073094 95.49939760183516 0.49535808714721025
1.7868577485541746 12.882748566313358 106.78035251509597 100.14297360468093 0.50545446508819
1.8081947350290088 12.856477830706478 97.04316948221765 105.04151210899727 0.5159440320171458
1.8289088358130121 12.828345550709818 88.2960493365259 110.21156336404661 0.5268493385417156
1.8489805031116169 12.798357489095476 80.42801570081328 115.6708721716785 0.5381941532541153
1.8683557421309256 12.766411045662464 73.35265033393596 121.43945658511458 0.550007078145411
1.8870314851670564 12.732583618995411 66.97603764624925 127.53875719868591 0.5623179636732644
1.9049536080884153 12.696756048423392 61.23078290293312 133.99139358121127 0.5751567223594981
1.922092940220152 12.658928925357142 56.04985920590102 140.82300248311037 0.5885594481209948
1.9384044099460258 12.619028986169122 51.36742839162356 148.06126988958837 0.6025644008992218
1.9538981709369003 12.577174091966935 47.14440608895658 155.7346018825934 0.617206991330063
1.9685111913834006 12.533235942361285 43.32229573470407 163.87676822391884 0.6325352051260869
1.9822233954738393 12.487223709193124 39.86162666755292 172.52169016418304 0.6485910556544333
1.9950070863426852 12.439129735103934 36.72808058828814 181.70843636232823 0.6654269153308375
2.0068418351954 12.388961988966892 33.88788550541075 191.47915881562116 0.6830976502615885
2.0176850142420713 12.33667631550719 31.31488479758781 201.87992187597717 0.701662533395526
2.0275179841808346 12.282282853628825 28.978761889413693 212.96056393124368 0.7211838100921306
2.036323426531484 12.22580039465587 26.858120764134664 224.77689206754664 0.7417327875419275
2.0440634916303675 12.167195722988447 24.932101864031694 237.38982002093582 0.7633856965900832
2.0507187303947267 12.106474242306177 23.178230658002292 250.86640442331222 0.7862256611049749
2.0562867993143468 12.043714316382111 21.584940790602364 265.27996461665134 0.8103414485423759
2.060727494132463 11.978853190982147 20.133548553666405 280.7118179908998 0.8358312509736826
2.0640280366617474 11.911944468148727 18.81390783288719 297.25223554824254 0.8628036625347718
2.066184457004104 11.843029622923428 17.611711368024785 315.0015291852777 0.8913787989703535
2.0671714883568386 11.772125110690865 16.517227893957944 334.0689957154854 0.9216819766277511
