M[M_sun], R[km], Lambda[1], P_c[MeV/fm^3], rho_c[fm^-3]
0.24162668629717493 15.618656898711224 2160425.4255784233 3.5677272577965504 0.1711233750220791
0.2536439181027996 15.277301639005659 1723244.294453848 3.784818909960347 0.17388816437728905
0.266039857099915 14.98125379024819 1382971.9516793557 4.011400023063942 0.17666664346174
0.2788146495644425 14.723519786817215 1116436.1650442705 4.247726710967536 0.17945749677858866
0.29196895918645266 14.49844072340023 905931.2052627637 4.494424113480714 0.1822672897595733
0.30550473395807964 14.301229222627597 725511.4328948603 4.751647254832677 0.18509171729580023
0.3194205584979423 14.128158275376508 605114.3393354487 5.0200793967727755 0.18793741962051588
0.3337196215994929 13.975948369583733 497683.60423172836 5.299943219181845 0.19080099286030924
0.3483995373983193 13.842038976640099 411012.9219100411 5.591968955708668 0.19368876639455038
0.3634621334475867 13.724004263005135 340655.01547648944 5.896321847745459 0.19659576558031297
0.3789153974730564 13.620012075618773 283315.66819052835 6.213866821216869 0.1995296889407302
0.3947474383840891 13.528465912183053 236411.1012196428 6.54486241274292 0.20248673477727147
0.41097188688445857 13.447903063263793 197870.458761309 6.890008796486228 0.20547057670872262
0.42757876892553837 13.377084176792595 166068.10587869244 7.250012058524709 0.20848430645760468
0.4445746038060008 13.314931509355898 139803.44903943845 7.625132860227556 0.21152349773899576
0.4619557212209357 13.260579077424051 117981.05732854414 8.016316831381728 0.21459426038116255
0.4797203649706303 13.213165813108764 99815.19642917058 8.424270510650803 0.217698266764781
0.4978768965588484 13.171994736444335 84647.71559934114 8.849437149214205 0.22083301939563388
0.5164147460990285 13.136418949844757 71940.23445803292 9.292685276535188 0.22400185879026596
0.5353337397877865 13.10584518159822 61279.49372768762 9.754901919479911 0.22720773692379806
0.554639815034108 13.079834216909422 52302.569625928736 10.236896625373454 0.23045200466697263
0.5743220576722715 13.057869529066357 44732.02751268375 10.739143671056487 0.2337313984120489
0.5943784787336813 13.039523721079027 38330.67465328791 11.262881548752288 0.237052028511609
0.6148152396983563 13.024504861994403 32903.74866897418 11.809050755365206 0.2404155479225792
0.635619404073303 13.0124369772622 28293.299338762845 12.378630248194666 0.24382358950925126
0.6567886399582347 13.003036561379467 24372.64776179339 12.972313412363256 0.24727415355868004
0.6783198818228316 12.995977757838128 21028.938934120448 13.591418266672083 0.25077192774819246
0.7002070037790404 12.991070182184023 18173.02658862027 14.237146605543186 0.2543195966475122
0.7224411196883828 12.988005011424317 15730.456133993059 14.91068805421752 0.2579191447576265
0.7450283920700517 12.98664320944614 13634.432804965107 15.613077001137453 0.2615705163724646
0.7679489764914698 12.986762976141817 11836.752956111555 16.345570168555003 0.26527551257199067
0.7911926065950676 12.988136162150415 10289.367940350285 17.109788018292544 0.2690388697693844
0.8147655067984249 12.990672367934303 8956.688949669395 17.907185513037234 0.27286302037955623
0.8386501313681406 12.994127252438188 7807.970263500567 18.73913118809067 0.27674907485841804
0.8628276924598094 12.998408570587948 6814.971336667789 19.606962974252426 0.28069745639300286
0.8873087266457325 13.003357923701106 5955.786138526456 20.512769666513528 0.2847145532472864
0.9120642456404721 13.008845744675806 5211.603034618423 21.458345274686174 0.2888033785348065
0.9370828326718955 13.014733969466576 4565.3669686053145 22.44517788709995 0.29296388636332615
0.9623614290338476 13.020935506640757 4004.6258270336857 23.475284815094415 0.29719981213652186
0.9878861703753661 13.027327302175587 3516.8041443722786 24.551092065709444 0.3015172870062315
1.0136277899658415 13.033793820715788 3092.009013563233 25.674546344235257 0.3059179759438085
1.0395924279631061 13.040240940879801 2721.6281502859974 26.847599833202317 0.31040307259411776
1.0657425887844114 13.046567507887906 2398.504077276573 28.07335339062648 0.3149813438967394
1.0920728386385308 13.05270246586147 2115.9316178329736 29.353866188830878 0.3196532649776426
1.1185709934406065 13.058535392580318 1868.7183398607913 30.69188519343324 0.324423461782308
1.1452017726387362 13.063987191048769 1652.2000224476596 32.09081936056882 0.3293000542187441
1.1719643558786685 13.069005168971406 1462.1312491216186 33.55259827129913 0.33428066598067363
1.1988194885466381 13.0734619381865 1295.5088817085596 35.08176938915512 0.33937889915496666
1.225765945455744 13.077328941381785 1149.1781469841578 36.680362222303856 0.3445915542573942
1.2527611334075779 13.080494750416953 1020.2557697264946 38.35342344965113 0.3499330342142948
1.279802180756337 13.08293763744776 906.7622201590026 40.10318389099855 0.3553998697397093
1.3068453211046964 13.08452002348191 806.7959611463352 41.93513191416868 0.3610067214255111
1.3338816893858516 13.085234807836637 718.6566225766663 43.852728904517406 0.366755394948881
1.360889469658391 13.085033344471293 640.6770246205797 45.86068886050259 0.37265378786574377
1.3878204880087683 13.0837790350806 571.8463526965203 47.964331477973175 0.3787117845707754
1.4146774260803807 13.081488511216557 510.8597883769711 50.16839628800274 0.3849349515656113
1.4413999296038387 13.078033909564407 456.914836895864 52.47813434593088 0.39133042467959994
1.4679941637630594 13.073437523625342 409.0513340504899 54.89994501063405 0.39790981074560555
1.4944025260179021 13.06757482355003 366.5547165372707 57.44001691408506 0.40468216871418267
1.5206143901637983 13.060432318652902 328.86050597803006 60.104976686703935 0.41165726745306214
1.546597813446495 13.051946915397307 295.3176499276632 62.90192838554413 0.41884564419703674
1.5723134152427687 13.042068269001577 265.48963830060126 65.83849669731028 0.42625866776946575
1.5977376237666623 13.030741937411033 238.94183519877964 68.9228742993951 0.43390860713390705
1.6228254628134449 13.017922163870233 215.25790061023187 72.1638738097562 0.44180870590278176
1.6475761094513333 13.003586604916718 194.11559966167275 75.57098481047002 0.4499732635057579
1.6719258133425372 12.987654424285319 175.24980810067623 79.15415615169753 0.45841655311004276
1.6958632869580135 12.970110343864636 158.377726961622 82.92355182076197 0.4671517347694407
1.7193432198081633 12.950899751323902 143.29226981345093 86.89191933651564 0.47620040793356855
1.7423292639395012 12.929961081568788 129.79004548855855 91.07085617008384 0.48557699853731817
1.7648090397958776 12.907318707587594 117.68874292197637 95.47440568858995 0.49530324930912717
1.7867356165164248 12.882885375550174 106.83484588269113 100.11627967948905 0.5053968607557091
1.808074940824261 12.856632750161921 97.09046640916476 105.01297773673292 0.5158834392178321
1.82878568618736 12.828502287052448 88.33673648415856 110.18103754469588 0.526785517173558
1.8488657972296751 12.798541136453121 80.47334273086926 115.63806533171417 0.5381263856435192
1.8682523943808569 12.766635711800083 73.38649214927814 121.40430903006614 0.5499355306034744
1.8869233530550393 12.732789908523642 67.01700075266606 127.50116561521997 0.5622426648726527
1.9048470282533612 12.696979364505129 61.263348373736 133.95109248428815 0.5750771554807924
1.9219902672285354 12.659166998817039 56.080298359941374 140.77971592648825 0.5884751094476494
1.9383059163442034 12.619294772721812 51.3973871460796 148.01473862406266 0.6024748956949083
1.9538030370150012 12.577444336754073 47.16634327539463 155.6846944469235 0.6171124117436637
1.9684201634590406 12.533522607205057 43.34298939744487 163.8231821486164 0.6324351058920906
1.9821375300133488 12.487527425817667 39.8827091717477 172.46393199413117 0.6484844115085802
1.9949268811466643 12.439458725945958 36.74731988599325 181.64629669981986 0.6653137270739633
2.006766932552954 12.389301663790535 33.90704237581909 191.4122340886207 0.6829773388772185
2.0176156920963995 12.337035040105826 31.33152707574235 201.80776689456872 0.7015344654210279
2.0274537609507988 12.282654801372262 28.99406402849862 212.8828690474852 0.7210478875413323
2.0362665681010594 12.22619586800907 26.872341682440755 224.69293805574245 0.7415876710338625
2.044014314446936 12.167607531749864 24.945413855728173 237.29919783573263 0.763231177439616
2.0506753614306206 12.106908960787123 23.18975353376432 250.76845926455744 0.7860608567091698
2.056251238607135 12.04416966078245 21.595573959865412 265.17378479892596 0.8101647853487434
2.06069989123395 11.979329909666388 20.142966352504335 280.5969669689351 0.8356428685663192
2.0640078439812006 11.912435495055423 18.82277398917468 297.1276300423057 0.8626017792882007
2.0661720041742297 11.843544529274707 17.62031442812145 314.866168479831 0.8911621131043351
2.0671684729452595 11.772660860862857 16.524931195247024 333.9219869311295 0.9214497879958398
