M[M_sun], R[km], Lambda[1], P_c[MeV/fm^3], rho_c[fm^-3]
0.24162668629717493 15.618656898711224 2160425.4255784233 3.5677272577965504 0.1711233750220791
0.25364466549971354 15.277306482804608 1723089.2701207167 3.7848423036660868 0.1738884559685456
0.2660421433631107 14.981222441554413 1382999.9972087357 4.011449201559593 0.17666723775483678
0.2788185514290399 14.72344535075581 1116354.6026619151 4.247803338302987 0.17945838554020496
0.29197432383917443 14.498331176405424 905770.6405491519 4.494530200689322 0.1822684710652627
0.3055117371413122 14.301138473615355 725363.7668231514 4.75178640438192 0.18509322037650297
0.3194292551824017 14.128065526832664 605039.2903629529 5.020252633958222 0.18793921702317828
0.33372842235156625 13.975873111890966 497618.61749130633 5.300155105229155 0.19080312620122314
0.3484121323094091 13.841933363797382 410946.32477441337 5.592220019936908 0.19369119551002398
0.36347711297197216 13.723905036170553 340611.505528603 5.896617731088997 0.19659854457929107
0.3789311998111635 13.61992489820059 283256.78291183535 6.214211104693477 0.19953282839149256
0.394765916166004 13.52837067104185 236361.92366582013 6.5452547391888105 0.20249017495019486
0.4109929502316862 13.447802770780767 197829.62609801767 6.890456740290665 0.2054743915861335
0.4276029427839135 13.376974330219374 166043.35671653255 7.250519823620571 0.2084885070681137
0.4446008407062668 13.314853506516155 139775.59033526736 7.625699043472811 0.2115280049216826
0.4619815171030299 13.260493916986876 117949.82210130044 8.016951309081698 0.214599168579125
0.4797518795460221 13.213072264388867 99789.1054124887 8.424978230940573 0.21770358783198523
0.4979098050338145 13.171924817425044 84623.63283331445 8.85021550284009 0.22083865500845018
0.5164509276740356 13.136340599100677 71921.87200595869 9.293546860622193 0.224007924395952
0.5353719175763642 13.105791820139624 61259.17990426717 9.75585257647728 0.22721424562481413
0.5546819862400025 13.07975098578941 52291.90866266141 10.237940172958568 0.23045893953567487
0.5743654437244112 13.057818217535054 44716.82676724778 10.740280324416217 0.2337386960787095
0.5944255426485598 13.03951019672935 38316.812337516494 11.264126023034137 0.23705980400944238
0.614864717762887 13.024474392418696 32890.88302957734 11.810410403206484 0.2404238168499765
0.6356720637374662 13.012430029542099 28282.867339762324 12.380112880982546 0.24383236828800406
0.6568448913368606 13.003008239299719 24362.17529411046 12.973912221555512 0.2472832916964004
0.6783801885739814 12.995958296506439 21020.5136001946 13.593155957609262 0.25078160274577543
0.7002701618342377 12.991059726672502 18166.208641781304 14.239032496577247 0.25432982769841295
0.7225074303728919 12.987990682864503 15723.164117943454 14.912732062469496 0.25792995219974946
0.7450981267229964 12.98664569477909 13628.49459283384 15.61526973608241 0.26158172417900466
0.7680216038730356 12.986763653017109 11831.86899974238 16.347941327035937 0.26528733220231104
0.7912702551583574 12.988136663582496 10286.083143272073 17.112349502147953 0.26905132539798204
0.8148465148585756 12.990679918753038 8952.683048055607 17.90995001324467 0.2728761377353693
0.8387323655901859 12.994148932962345 7804.358163393344 18.74208644243319 0.27676265272303224
0.862914686540164 12.998416610524046 6811.157556413145 19.61014741182418 0.28071174295606766
0.8874006500901941 13.00336652866531 5952.716983727792 20.516198615881695 0.2847295794350847
0.9121592907402352 13.00886115396363 5208.928685068466 21.46203511416388 0.28881917735892054
0.9371821763448283 13.014763570726561 4563.110517630931 22.449113245256274 0.2929802316006544
0.9624699111043671 13.02096333623252 4002.7551896227696 23.479515082775062 0.297216992510508
0.9879923931760807 13.027358210729473 3514.9258279185146 24.555637156951423 0.3015353424960798
1.0137374814277043 13.033811700205339 3090.743354525111 25.679388664406716 0.30593666338992836
1.039704978918049 13.04026662390934 2720.1174010269274 26.852798586768312 0.3104227125489529
1.0658592097026545 13.046593863614756 2397.037720370258 28.0789329159258 0.3150019849869851
1.0921947722464314 13.052727265627304 2104.0247716406343 29.359806709531345 0.31967464720466604
1.1186960632493275 13.058560519566994 1867.4885993163964 30.698257640937936 0.32444594100380514
1.1453282108177845 13.064020464123354 1651.1842699663139 32.09760293484245 0.32932336191179307
1.1720948133434768 13.069027537478547 1461.2988302008926 33.55987255159735 0.3343051810552883
1.1989534767936558 13.073487087788953 1294.7077171377275 35.08956871296464 0.33940468940440327
1.2259025701353095 13.077350877220036 1148.4305425830069 36.6886639545878 0.3446183343606617
1.2529004805870818 13.080509643716038 1019.6304129318435 38.3622612847209 0.3499608637096768
1.2799446559188223 13.082944672126741 906.2268700330906 40.11265829177346 0.3554291803705141
1.3069981082985054 13.084551899798665 806.3363192432527 41.9452202160398 0.3610372198904385
1.3340302031090479 13.085244301118244 718.1165140446275 43.86354422754296 0.36678754368218613
1.3610406403979283 13.085032655496152 640.2109251509803 45.872208540702196 0.372687285530934
1.3879811308273777 13.083782799107023 571.4766774577521 47.97660472507509 0.37874671819391786
1.4148253706897904 13.081455692670177 510.5678076331662 50.18155769885146 0.38497183128922685
1.4415581117271896 13.078013242897532 456.6088030206818 52.4921630248971 0.39136894217594936
1.468153047372245 13.073408193979292 408.77716751896753 54.91490308276845 0.39795007518564074
1.4945641740054685 13.067534599687235 366.31243594879385 57.45597153702379 0.4047242977089653
1.5207770300525758 13.06038153739066 328.66363179263004 60.12200050128796 0.4117013877469478
1.5467613905066224 13.051887270288715 295.11776040135936 62.920100011404685 0.41889189242956015
1.5724785792265503 13.041999366288882 265.3050067395439 65.85790127843082 0.4263071913133042
1.5978921364366412 13.030657285107713 238.77017834181333 68.94360410526433 0.4339595650171545
1.6230011266670035 13.017843786041926 215.09874417441878 72.18602889842319 0.441862269824762
1.6477434227177439 13.0034817767033 193.97021290082722 75.59467376058889 0.4500296189567025
1.6720914659379238 12.987541004714679 175.13281731250675 79.17937315758113 0.45847538409626787
1.6960279683475885 12.969978269250765 158.26265268319432 82.9505429479044 0.4672137603010031
1.7195080295636165 12.950756911000731 143.1920281806614 86.9208235473335 0.4762658617499287
1.7424899261411941 12.92981006061274 129.69755197363918 91.10168549501643 0.48564558243742656
1.7649711122021483 12.907146491513844 117.6017685472016 95.50745716070064 0.4953757716189731
1.7868822525475083 12.882670613151555 106.75792473127981 100.15158207896995 0.5054730418022376
1.8082329637927903 12.856429678591983 97.02434333133182 105.05071414900162 0.5159635725683832
1.828945557976455 12.828291556650198 88.27861275839032 110.22140767306874 0.5268699203732182
1.8490186798916772 12.798299026246625 80.41559400306174 115.68145215059516 0.5382160078396871
1.868389437915315 12.766349534353155 73.3381129861836 121.45079148720153 0.5500301518522819
1.8870662963007798 12.732516003062463 66.9640792935065 127.55086757196393 0.5623422016265567
1.904987991955547 12.696684323178657 61.21770034765915 134.00439060604882 0.5751823825220679
1.922126088519942 12.658850656298798 56.03949770951799 140.83696239265896 0.5885866473334808
1.9384373019534658 12.618946032578162 51.3600544990635 148.07627630594027 0.6025932664876904
1.9539287868277535 12.577086349024162 47.13477667462422 155.75069720745424 0.617237493581839
1.9685407626569937 12.533143537008097 43.31521931634845 163.89405002093886 0.632567487666542
1.9822506298284008 12.487126042034168 39.854890825554335 172.54031760529912 0.6486254491877719
1.9950342957912546 12.439027392491985 36.72280685419416 181.7284769897053 0.6654634196114839
2.0068672870547823 12.388851286221009 33.88390857572395 191.50074280812106 0.6831364520637667
2.0177075875533457 12.336560475514183 31.309403796425936 201.90319283847177 0.7017038370584627
2.027538760507059 12.282163630415596 28.974276271129664 212.98562174420988 0.7212276472367536
2.036341593695477 12.225673474370174 26.85414993971411 224.80396873867934 0.7417795902125845
2.044079689459037 12.167061529038296 24.9272384446883 237.41904749603555 0.7634355321200098
2.050732228975399 12.106334864156391 23.174188574864345 250.89799392842505 0.7862788142099378
2.0562973948380083 12.043567778182133 21.580913539838054 265.31415048433917 0.8103982320867417
2.0607365027523525 11.978700119986563 20.13084013736079 280.74886057337676 0.8358920094305303
2.064035225160576 11.911783645950782 18.81099150848429 297.29242453867494 0.8628687759003804
2.0661843528261743 11.842858998598071 17.609863238972462 315.0451874108323 0.8914486872025543
2.0671727964108304 11.771954185277714 16.51485722525161 334.11641121307883 0.9217568656186768
