M[M_sun], R[km], Lambda[1], P_c[MeV/fm^3], rho_c[fm^-3]
0.24162668629717493 15.618656898711224 2160425.4255784233 3.5677272577965504 0.1711233750220791
0.2536421026750411 15.277363971765762 1723236.4157913548 3.7848045238829697 0.1738879850617746
0.26603813890038164 14.98127279220992 1383068.7796465016 4.0113697807140545 0.17666627800078943
0.27881163552316657 14.723606577287923 1116461.5246385795 4.24767958925697 0.179456950237757
0.2919657555492426 14.498464110237228 905965.7835918245 4.494358875959584 0.18226656332463467
0.30549980775597596 14.301290426583828 738685.2396512779 4.751561686455357 0.18509079299401549
0.3194152416429979 14.128210765438528 605153.7405815569 5.019972867285704 0.1879363143359709
0.33371195842301554 13.97601751079855 497737.6126634948 5.299812924042634 0.19079968100445613
0.3483921127767273 13.8420952251202 411052.98215265863 5.591814569669635 0.1936872726671526
0.36345367721269106 13.724047087414974 340686.04793579766 5.89613990241775 0.19659405671129138
0.3789052591660863 13.620071366245934 283336.0808831583 6.213655114911102 0.1995277584341326
0.3947359828735177 13.528526114919003 236434.11456099828 6.544621165331075 0.2024846193633789
0.41095893813844914 13.447967776180874 197901.98585309734 6.889733350852993 0.20546823089812372
0.4275644122725152 13.377142153688643 166111.91239917782 7.249699830058048 0.20848172347151728
0.444558879105004 13.315008365529634 139830.82512859337 7.624784711955642 0.2115207262548927
0.4619394742877333 13.260615401761408 118000.20551794884 8.015926690974943 0.21459124232970112
0.47970150228734376 13.213209247036941 99835.09336215691 8.42383533602133 0.21769499485993032
0.49785649410479865 13.172039408713783 84659.20998632276 8.848958544968152 0.2208295540964006
0.5163928390907053 13.13644674368525 71953.96130505446 9.29215549764368 0.22399812911384187
0.5353102034864925 13.105875634965598 61290.34529898994 9.75431737410943 0.22720373481677386
0.5546138529359377 13.079846500529937 52313.77171641581 10.23625350344486 0.23044772172581088
0.5742943912799909 13.057873667606904 44741.035528661516 10.738444766957583 0.23372691123124054
0.594348340245616 13.039559358717465 38336.422288846676 11.262116352386295 0.23704724755086706
0.6147838764106982 13.024535384402949 32910.78679095235 11.808214746584738 0.2404104635943441
0.635583855308588 13.012444273686226 28302.464169240167 12.377718624863256 0.24381819171986083
0.6567536261755026 13.003031244392398 24376.95963174565 12.971330360781927 0.2472685348389604
0.6782837556748041 12.995982617105193 21034.08340618566 13.59034982788022 0.2507659789672512
0.7001692098573503 12.991068775902306 18041.761688382987 14.235987051093158 0.2543133060080287
0.7224004538089112 12.988011083216056 15734.982942295803 14.909431287612446 0.2579124997588437
0.7449863330684654 12.986652579539141 13638.75174767218 15.611728795919097 0.26156362524168825
0.7679032343770061 12.986749459036071 11839.050902696245 16.34411226805995 0.2652682453036769
0.7911460166947635 12.988137559554017 10293.314471289234 17.108213106073993 0.2690312115045756
0.8147179720412727 12.990659792707367 8959.486999149087 17.90548578759591 0.2728549553038734
0.8385976790236133 12.994121834610688 7809.86834945189 18.73731418819437 0.27674072668403554
0.8627744342534429 12.998393875184812 6816.857956017428 19.60500507571012 0.28068867253702556
0.887248671839889 13.00332775564188 5957.84531965266 20.510661446617334 0.2847053147008166
0.91200589005683 13.008838071320046 5213.194445560025 21.456076665509357 0.28879366500727105
0.9370237116770761 13.01471383072728 4566.918499657925 22.442758338517503 0.29295383693599675
0.9622989170073899 13.020920206414345 4006.1396408333985 23.47268396523765 0.29718924931246576
0.9878217023167535 13.027315180961066 3517.9221359469793 24.548297673464635 0.30150618621240316
1.0135607504699076 13.033776466129952 3093.395325888752 25.671569225880738 0.3059064866707178
1.0395219516274747 13.040226682812206 2722.565222810567 26.844403595125414 0.31039099778220836
1.0656708546891045 13.046552813004823 2399.3141195511507 28.069923072438275 0.3149686536581445
1.09199999698595 13.052684075903365 2116.575676410375 29.350213947618748 0.3196401191517665
1.1184962894344488 13.05852263724875 1869.3455614927793 30.68796742808009 0.3244096416111599
1.145123517094546 13.06398179515093 1652.8112457585667 32.086648857192216 0.3292857247799201
1.171884821816892 13.068985916397537 1462.845086309714 33.54812611388313 0.33426559434908293
1.198737712970803 13.073447756868003 1296.0029661675424 35.07697447181996 0.33936304366324427
1.2256806523698625 13.07732136264908 1149.60999001942 36.675258458730625 0.3445750903061526
1.2526741360594214 13.080487620925798 1020.6285998879398 38.347953842550275 0.3499157123384545
1.2797124465634555 13.082929915510036 907.1188893437134 40.09735926279304 0.355381850285924
1.3067553489894588 13.0845232477487 807.1149278415562 41.92892990979017 0.3609879718266753
1.33378976926371 13.08522756381577 718.8756774828927 43.84607999494074 0.3667356309510563
1.3607969117544592 13.085033329590656 640.9257683583752 45.853606976454536 0.3726331947089333
1.3877264531920939 13.08378368833383 572.0808205124453 47.9567863731495 0.3786903087668344
1.4145812341932513 13.081496582192402 511.0738286336834 50.16030523517202 0.38491227954392715
1.4413021663556558 13.078050424074746 457.0595163153059 52.469510188455516 0.39130674597436516
1.4678951108546756 13.07345804854339 409.2140726829867 54.89074956502163 0.39788505825978177
1.4943037028156025 13.067596538813252 366.7196838790532 57.43020890409347 0.4046562701640665
1.5205138948638997 13.060460526821359 328.9979577345015 60.09451146645516 0.41163014494237715
1.5464964254929272 13.051982350044915 295.43508747577704 62.89075763501142 0.418817213748817
1.5722118706933845 13.042109936985664 265.59978973720695 65.82656808710291 0.4262288388112041
1.5976352214446286 13.030791893597712 239.0398748251761 68.91013112138917 0.4338772819309059
1.6227161852106806 13.017950773018606 215.3421537808701 72.15025456969738 0.441775778934043
1.6474741714624999 13.003650156423113 194.200335418734 75.55642277819332 0.4499386207760673
1.671823515762188 12.987725197302112 175.32655386743235 79.13865489318647 0.45838038885128235
1.6957613162935674 12.970188219801798 158.44656494496385 82.90696011287157 0.46711360707303146
1.7192258785665178 12.950955371058736 143.35955148673222 86.87415177868772 0.4761601731568931
1.7422289575681977 12.93006133908159 129.84506654613585 91.05190536636255 0.48553483997457836
1.7647097077524363 12.90742431039037 117.73657175865881 95.45408909950609 0.4952586701762033
1.7866379544577027 12.883002278169513 106.87676072076603 100.09457961544247 0.5053500329589272
1.8079781652819922 12.856758734562337 97.13438281502961 104.98978168367141 0.5158341823505351
1.8286905755655547 12.82863765382874 88.37665965737038 110.15620595031393 0.5267335734683904
1.8487722593442073 12.798686402802764 80.50482145000072 115.61139650847593 0.5380712970574124
1.8681606675261986 12.766795286941802 73.4219551724248 121.37573763236979 0.5498773697080138
1.8868346236155147 12.732960135945511 67.04383838376576 127.47053125044988 0.5621811819469951
1.9047603794848478 12.697160192128582 61.288913676728704 133.91833223774105 0.5750124765821422
1.9219063989745777 12.659363446614194 56.103153839834775 140.74452911370815 0.5884065521554851
1.938224464070177 12.619494717402205 51.42035978947233 147.97691455558893 0.6024021392173343
1.953726153820397 12.577671901813694 47.190904115200745 155.64412627933345 0.6170355310051497
1.9683459822385125 12.533757036871583 43.36003317085319 163.77962406994965 0.6323537390391483
1.9820691256919891 12.487780589261286 39.89948179249821 172.41698299723538 0.6483977253191092
1.9948631213999224 12.439720879035919 36.76502212265812 181.59578660879427 0.6652217222427982
2.0066992191331186 12.389566975055974 33.92284375705616 191.35783494053186 0.6828795448762794
2.017559219222532 12.337326599573792 31.344073740758706 201.7491169107782 0.7014303674851436
2.027402037091887 12.282961977680282 29.006157020642657 212.81971658693655 0.7209374060898942
2.036220258861658 12.226516739775837 26.882803011416517 224.6246986722936 0.7414697176350218
2.0439720004274338 12.167945534217319 24.95426066413596 237.22553912347715 0.7631055825688158
2.050639501076708 12.107263301961225 23.199402209782413 250.68873764649152 0.785926540118158
2.056214680127025 12.044517732008423 21.60418829399636 265.0874690898674 0.8100211509940329
2.060678098187434 11.979711979779795 20.15199531877041 280.50361762691387 0.8354897539185353
2.0639971797586414 11.91285282674789 18.830609473848508 297.0263534987806 0.8624376931408461
2.0661624258753433 11.843961940297307 17.62735735531505 314.756151605785 0.8909859977276412
2.0671650991779504 11.77309504047503 16.531175485431056 333.80250421018275 0.9212610745823168
