M[M_sun], R[km], Lambda[1], P_c[MeV/fm^3], rho_c[fm^-3]
0.24162668629717493 15.618656898711224 2160425.4255784233 3.5677272577965504 0.1711233750220791
0.2536439336764776 15.277293764103398 1723250.5347795696 3.7848185390894424 0.17388815975456215
0.2660397909744716 14.981265609880587 1383040.8631497389 4.011399243418669 0.176666634040187
0.2788146610714383 14.723523536124787 1116367.4178992556 4.247725496170664 0.17945748268877562
0.29196925344373775 14.498428278864555 905883.7204836947 4.494422431654405 0.182267271032047
0.3055040104937461 14.301244066652952 738670.0979982022 4.751645048870416 0.18509169346719767
0.31942115160263146 14.128135705411125 605110.4590941803 5.020076650424271 0.18793739112609015
0.33371814770932196 13.976012763426764 497716.982660196 5.299939860142533 0.19080095904035704
0.34839933790219013 13.842040667483806 411013.93896407814 5.59196497559124 0.19368872788581937
0.3634625041838904 13.723983943532295 340659.92927068565 5.896317157130245 0.19659572152506222
0.37891516262824293 13.620014789795714 283315.6014452093 6.213861363340136 0.1995296391714661
0.39474673364138047 13.528468419132686 236406.30652921868 6.544856193270697 0.20248668024090216
0.41097196844425643 13.447877007372604 197869.30529925332 6.890001695351186 0.20547051623247672
0.42757913666803865 13.377092654173433 166089.2238835622 7.2500040090900715 0.20848423986669481
0.4445742172171799 13.314932496884603 139804.42424058515 7.625123884740502 0.21152342628834758
0.46195471192872556 13.260584968770385 117983.99821750523 8.016306773287479 0.21459418257367194
0.47971948747332804 13.213163603771578 99814.77607343413 8.424259291517226 0.21769818241258054
0.4978765422346672 13.171992662867657 84648.03930161189 8.84942481040749 0.2208329300574013
0.51641378705407 13.136419013244947 71941.63296477801 9.292671618374028 0.22400176263595992
0.5353328207047576 13.105848200158931 61278.91660071276 9.754886849357668 0.2272076337457641
0.5546384173547165 13.07983570389452 52302.55930818337 10.236880045056388 0.23045189424852897
0.5743212870607167 13.057862348277165 44732.54033436722 10.739125652585779 0.23373128272788551
0.5943756372441911 13.039553377511798 38330.30789531691 11.262861821154967 0.23705190525322395
0.6148138868260171 13.024520853173318 32903.102922826874 11.809029202099214 0.24041541684276113
0.6356179120090729 13.012452944868075 28293.277502893336 12.378606745447167 0.24382345034773933
0.656787712151125 13.003016305517406 24372.141147456518 12.972288068062637 0.24727400870105062
0.6783189513859808 12.995975965811972 21030.30825933405 13.591390720922103 0.25077177438083653
0.6988130534820074 12.990347764537487 18329.52935447651 14.262014272274195 0.3419689015474163
0.7141423584505642 12.979451728514537 16494.100786990828 15.025025247828832 0.45031684341875694
0.7261210868696968 12.960978136893845 15106.050927623079 15.884493124050499 0.5530138370903077
0.7356524916591981 12.93473164245998 13991.269322321185 16.84247227919976 0.6482882614077584
0.743492837488409 12.901120327119207 13041.324324042687 17.896603414341527 0.7372063250618438
0.7501348770021639 12.860651972064387 12196.946875184714 19.04645192363312 0.8209827573282705
0.755949779058218 12.81369818926898 11423.898791279025 20.290268561704238 0.8979402439451306
0.7612562351948532 12.760784727327781 10694.484264678544 21.630589218761017 0.9705808699561737
0.7663180001954177 12.702389527980923 9992.92185881386 23.062538741772688 1.0371951767985474
0.7713179291042014 12.638948989485565 9313.327362704993 24.59150916545964 1.1016697567175788
0.7764269774636828 12.571108675476374 8651.515758541122 26.217034748085442 1.1637588311881786
0.7816991706928647 12.499031620614549 8008.654803678105 27.939541795664184 1.2236826758613566
0.7873251779958493 12.423687154310837 7383.0265074419685 29.76438732590749 1.282178972205075
0.793324215812205 12.345239838641499 6777.951941827735 31.69364643534392 1.3394469725617855
0.7998105401746091 12.264364815091962 6196.488618636597 33.729771625005455 1.3957546111651031
0.8068295201939532 12.18156994627548 5640.434812791997 35.87434978326879 1.4513480042394973
0.8143920942359664 12.097136096592726 5113.744565415285 38.133205558181764 1.506816540067132
0.8225484859583843 12.011708040079428 4617.855227156837 40.51090429941963 1.5627243588134916
0.8313085109595972 11.925683343758932 4154.0818093597 43.01191581454408 1.619887956899801
0.840667864079388 11.839522812431158 3724.762262577575 45.64077389117856 1.6797757485060996
0.8506047692325563 11.753549919595295 3329.6930267498437 48.40659496107926 1.7454597574363508
0.8610561364850359 11.6682886745359 2970.039757111975 51.32037498755671 1.8240253101978958
0.871860109165713 11.584217206106262 2646.207069144576 54.400045798778045 1.9355988015094807
0.8830664638500939 11.50066632284032 2354.3878469087167 57.63929409229767 1.9706670841617688
0.8950807848292868 11.416846047603352 2085.2404503402568 61.022105097592245 1.9940449248430574
0.907955468067073 11.333779495062164 1839.8949019378133 64.54665336096919 2.0182393786296946
0.9216501787888293 11.251965248186679 1618.2764226969043 68.22742939923042 2.043382992942313
0.9361459548747616 11.172177378350405 1419.9168174840356 72.06662356739986 2.06950260255106
0.9513808819796012 11.094533019938224 1243.3956524026053 76.0762033536196 2.0966812001980415
0.9672926894358549 11.019302438926166 1087.4396446060866 80.26609632595378 2.124975225566293
0.9838178442127257 10.946563002443675 950.2914850576985 84.64590730628538 2.1544368944619703
1.0008764265399945 10.876406680807646 830.2096586593435 89.22642901210334 2.185125514417056
1.0184168896127295 10.808806381552928 725.1948099102578 94.01964823528516 2.2171073834391652
1.0363572013811275 10.743619134819586 633.7356661021553 99.03877786914991 2.25045586213641
1.0546336327451002 10.680852879087572 554.2108893012031 104.29424649449045 2.285220774991501
1.0731694587621115 10.62028668202572 485.1207612389964 109.80375620366318 2.3215042932997036
1.091884565356653 10.561804035472964 425.15806500468125 115.58120909294367 2.35937678525774
1.1107411696140965 10.50524739888494 373.07426564434246 121.6451563937374 2.3989406944193745
1.1296491849773715 10.450382072872952 327.8787527224905 128.01061631827432 2.4402677111146973
1.1485351144185927 10.397082069600142 288.67523811951145 134.69869589153177 2.483471915200007
1.1673790754539068 10.345140347596082 254.54179011591793 141.73056661448274 2.5286633653444075
1.186076972881606 10.294365877219697 224.8862936320827 149.12804439491995 2.5759518771359713
1.2045801687865307 10.244557662376609 199.05742816766085 156.91482512001807 2.6254559373398636
1.2228578208001657 10.195598347297379 176.52952958381047 165.11983846708148 2.67732834833155
1.2408216850310467 10.147265086510146 156.87788504563235 173.7681098561377 2.7316840366603357
1.2584242903453247 10.099427031309048 139.70338336293753 182.89322881783042 2.788696898353005
1.2756380089033197 10.051855815557532 124.65538354553922 192.52781433749084 2.848524074693635
1.2923930676596063 10.004551012896851 111.46606575783844 202.7081344973743 2.9113411464712375
1.3086428569452584 9.957191629617455 99.89376692334666 213.47434309060858 2.977342995910006
1.3243456879665538 9.90967890264046 89.6942648003482 224.8686774422636 3.046727878711555
1.3394570658921197 9.861988175919484 80.72224146797498 236.9392566532838 3.1197266422482244
1.3539516598884527 9.814009657739323 72.80164266032826 249.73565785952835 3.1965647588219004
1.3677692882099401 9.765479108359813 65.79811759956401 263.31536102501633 3.2775132003592238
1.3808774921890277 9.716406851908028 59.60087943615668 277.7383294401108 3.3628413074122623
1.3932446009846937 9.666738160506254 54.104489418255476 293.0726645271254 3.4528611919302423
1.4048317259119958 9.616307704678372 49.226340012944306 309.39109802806905 3.5478950782689287
1.4156083973177485 9.565019644095381 44.884241203051275 326.77474062910125 3.6483035061937232
1.4255466068824785 9.512874964796872 41.017392695777126 345.31224840348307 3.7544740759210296
1.4346214334801672 9.459786508045024 37.569053824819385 365.10028141964347 3.8668201515758636
1.442807419432836 9.405710184997051 34.48628859442869 386.2473071347303 3.9858090412825464
1.4500779593770485 9.350561725226223 31.730560363618096 408.8711135979235 4.1119329998485314
1.456417813968443 9.294345937292691 29.260688967153314 433.10325399692937 4.245741671185332
1.4617975724482923 9.237010094977599 27.043650722327897 459.0884148836542 4.387827184452514
1.4662045869815294 9.17852225112276 25.058977692682518 486.9875952389337 4.5388431675997785
1.4696306917135187 9.11892751036834 23.272322668144025 516.979521554886 4.699505797058284
1.4720592221044972 9.058159810932462 21.66687558050968 549.2612948069406 4.870584226135985
1.4734767673746758 8.996241329436351 20.22175483000738 584.0550480889895 5.052949580718864
1.4738875808180825 8.933213271185677 18.920043843333666 621.6058536109243 5.247532175302852
