M[M_sun], R[km], Lambda[1], P_c[MeV/fm^3], rho_c[fm^-3]
0.24162668629717493 15.618656898711224 2160425.4255784233 3.5677272577965504 0.1711233750220791
0.2536442550901399 15.277288616383197 1723256.9561538517 3.7848246200144238 0.17388823555035848
0.2660404578730217 14.981262507272145 1383018.7488680764 4.011412026760232 0.17666678851932557
0.27881614636999924 14.723480036338325 1116415.4674379209 4.2477454144334645 0.17945771371060792
0.2919707438042708 14.498397473816219 905887.5899721285 4.49445000753391 0.18226757809586533
0.305506209711864 14.301223822272894 738634.8927570722 4.75168121872406 0.18509208417064824
0.31942340951281484 14.128093706255763 605123.7045387015 5.020121680713892 0.18793785833272506
0.33372188845616363 13.975925235227983 497672.9796466259 5.299994936424247 0.19080151356712582
0.348402611466924 13.842014059110562 410998.4697636197 5.592030235402984 0.19368935929245035
0.3634643393542426 13.724018018146785 340629.968332436 5.896394066660597 0.1965964438756471
0.3789196747948747 13.61997994823355 279376.01481827366 6.213950853337431 0.19953045521248847
0.3947511672108116 13.52845670746381 236405.5686577206 6.544958170847373 0.20248757444648466
0.4109777382997917 13.447848961950207 197864.5827657594 6.890118129222416 0.20547150783218368
0.4275857916813864 13.377039407576659 166074.49381619046 7.250135991895074 0.2084853317266163
0.4445808857090755 13.314931834461484 139799.41072600358 7.625271051716548 0.21152459783210498
0.4619625817450408 13.260559236737828 117975.00851652194 8.016471691433473 0.2145954583488618
0.47972757511865494 13.213142824555199 99809.5564174817 8.42444324688389 0.21769956549977298
0.49788494043220266 13.171975785543545 84639.93455276744 8.849627124742758 0.2208343948996309
0.5164241296303016 13.136389468869298 71937.70861313061 9.292895565825129 0.22400333923997715
0.5353431418671307 13.105839558048354 61274.58383974188 9.755133948398079 0.2272093255165919
0.5546485492595334 13.079807764647391 52297.52575059529 10.237151906430718 0.23045370473922855
0.5743318127409184 13.05783815065641 44728.411397211035 10.739421095067005 0.23373317956013162
0.5943892239159546 13.03954537211325 38323.91011828975 11.263185287869609 0.2370539262791106
0.6148268158382398 13.024500775881485 32899.634608085486 11.80938260399924 0.24041756611595133
0.6356315246132852 13.012431071846715 28290.537311610893 12.37899211270675 0.24382573213587874
0.6568023764416835 13.003026448891573 24369.82522166536 12.972703631010035 0.24727638388844833
0.6783345777551097 12.995980991252758 21026.972320917834 13.591842380781308 0.2507742891019257
0.7002241003801435 12.99105999958267 18171.718054019548 14.23760688922871 0.2543220937089703
0.7224580836341161 12.988004168266293 15729.203170101087 14.911186927712624 0.25792178248984693
0.745045234154425 12.986647675366186 13633.315068110765 15.613612172579913 0.2615732518138852
0.767966077724423 12.986762047749435 11835.48393593945 16.34614888546746 0.26527839733065206
0.7912120042084697 12.988144723563808 10288.30698266191 17.110413185243793 0.269041909744569
0.8147873808161153 12.990667540390977 8955.92510473302 17.907860227169945 0.2728662218498716
0.8386692786887701 12.994131300733018 7806.978558060445 18.73985245674207 0.27675238871467683
0.8628511734050633 12.998406951066846 6814.187897189967 19.6077401759086 0.2807009432066787
0.8873306693171807 13.003355663739617 5954.986812207719 20.513606541966496 0.2847182205652809
0.9120883342876094 13.008846492267958 5210.84917714034 21.45924582089429 0.2888072344128832
0.9371072783916455 13.014740412248083 4565.040419257874 22.44613835265872 0.2929678755904511
0.9623919866586641 13.020946879392039 4004.3153425046776 23.476317253475226 0.2972040051755537
0.9879131274290284 13.027343203103243 3516.3733617974685 24.552201336679182 0.30152169361319864
1.0136553760736113 13.033796651496825 3091.6688070679957 25.67572815388143 0.3059225367748368
1.0396195091905436 13.040251185324717 2721.2499930768586 26.8488686297614 0.31040786587904634
1.0657703086707924 13.046573976951663 2398.1539499712576 28.074715113497774 0.3149863815017628
1.092102917405534 13.052707775477485 2115.6167191098198 29.355316011737358 0.31965848344991016
1.1186012882225471 13.05854144830085 1868.5107929618025 30.693440426231867 0.32442894796678173
1.1452333547196871 13.063993179546994 1644.1323013176652 32.09247492720497 0.3293057425826391
1.1719961732125208 13.069006836572546 1461.9538273844778 33.554373591857505 0.3342866489939985
1.198852027083569 13.073465470054956 1295.400599647945 35.08367284302082 0.339385193360873
1.2257989404002174 13.077336714710702 1148.9916541107543 36.682388285689164 0.34459809002424735
1.2527960604441255 13.080491636734234 1020.0959177794475 38.35558034503594 0.3499398260710874
1.2798375702059868 13.082937422309579 906.6448065361211 40.10549613437267 0.35540702304823824
1.3068805147071434 13.084522358445604 806.6714419548059 41.93759397461082 0.3610141646072282
1.333919176253392 13.085236813680975 718.5403211806004 43.85536838649138 0.3667632408543472
1.3609273906851302 13.085030171483302 640.5794485887104 45.863500233296016 0.37266196295593096
1.3878576082281986 13.08377188208154 571.7476445871129 47.96732675007151 0.37872031008206214
1.4147149717230223 13.081481833407068 510.78777721820745 50.171608304350194 0.38494395198938836
1.4414378493778532 13.078029010268063 456.8268962678144 52.48155800742636 0.3913398247713314
1.4680334237769115 13.073432490941682 408.9841488234383 54.90359547724204 0.3979196371451922
1.4944420665142975 13.067566815571071 366.49752055283784 57.44391057376611 0.4046924501209585
1.5206537840194763 13.06042103741296 328.80530334684556 60.109131265361306 0.41166803479491904
1.5466378490558663 13.051932045119585 295.2666822775384 62.906363067942706 0.41885693081631403
1.5723549077468475 13.04204972442308 265.4441924756369 65.84323226018819 0.42627050962740015
1.5977782486136232 13.030723094172824 238.8993677431636 68.92793325813733 0.43392104303565
1.6228652970349842 13.017900737930102 215.21323738075475 72.16928058017176 0.44182177774524006
1.6476169803418028 13.003561063080566 194.08621808499473 75.57676588739965 0.4499870165507717
1.671966652204551 12.987625507575116 175.22116694636594 79.16031011884995 0.4584309102450034
1.6959033249144673 12.970074742429881 158.34866115086254 82.93013872119519 0.4671668714474521
1.7193837079077732 12.950864991821566 143.26896632899653 86.89897307864354 0.4762163811889811
1.7423642129344845 12.929917116130932 129.77368237647497 91.07837968994367 0.48559373559969815
1.7648485958562754 12.907276875399024 117.66775735027899 95.48247146474841 0.49532094742301913
1.786775220697753 12.882839382756613 106.81017146098216 100.12489473510273 0.5054154516719698
1.8081141933055278 12.856583189550225 97.07721729018651 105.02218674623282 0.515902994568808
1.8288236407087783 12.828447843822838 88.32508047768586 110.19088923713542 0.5268061144418225
1.848902867992093 12.7984824985034 80.45585170974226 115.64865315387927 0.5381482564305357
1.8682798732539538 12.766542907971019 73.38139574494006 121.41565224614378 0.5499586212345836
1.8869586302065964 12.732722556688966 67.00343724210433 127.51332438834213 0.5622670619169723
1.904882105486918 12.69690680049125 61.253274552517404 133.96409884169785 0.5751028340687573
1.9220236629236214 12.659089763598692 56.07041386179203 140.79368573924884 0.5885023279553583
1.938337203884223 12.619202265348878 51.38848295686342 148.02975555201994 0.6025037815029728
1.9538331790183492 12.577358695462149 47.15885922308675 155.70080091358508 0.6171429351102675
1.9684493988234415 12.53342895684068 43.33695621786299 163.84047576070418 0.6324674105031904
1.9821651722684395 12.487427907229227 39.87596642270983 172.48257198698926 0.648518828217338
1.9949560055472595 12.439352661085412 36.743953948656554 181.6663506462345 0.6653502556154213
2.006790506137541 12.389192847391952 33.90075567829022 191.43383221905734 0.683016166095335
2.0176397886773967 12.336918203504434 31.32688625862175 201.83105286859995 0.7015757957279615
2.027473663307288 12.282534539499231 28.989248320817882 212.90794278761527 0.7210917525495757
2.036284311299753 12.226071861944385 26.867788602816795 224.7200316472585 0.7416345029518049
2.0440291215385993 12.167474456665659 24.93993116449171 237.32844327457929 0.7632810435993813
2.05068911836817 12.106768846076706 23.186243590601343 250.8000678463167 0.7861140419128625
2.0562618655770657 12.044023615195538 21.592048112914988 265.20805600982203 0.8102218146347898
2.0607088385282246 11.979173827696155 20.140559975459762 280.63403107648054 0.8357036623292892
2.064015069959145 11.912278589342616 18.820102608965126 297.16784190013334 0.8626669297030869
2.066175415566184 11.84337860061656 17.617079488645008 314.9098509980703 0.8912320402243461
2.0671681997268574 11.772486624129362 16.52257183346768 333.9694282248129 0.9215247177296289
