M[M_sun], R[km], Lambda[1], P_c[MeV/fm^3], rho_c[fm^-3]
0.24162668629717493 15.618656898711224 2160425.4255784233 3.5677272577965504 0.1711233750220791
0.2536437960597653 15.277280778358168 1723253.827225284 3.7848162092531736 0.173888130714277
0.2660395837656401 14.981259171035385 1383014.909636424 4.011394345636527 0.17666657485338028
0.2788142978837215 14.723537852092827 1116441.4274069588 4.247717864741685 0.17945739417569978
0.2919678765049599 14.498460562428246 905884.2832302427 4.494411866322681 0.18226715338462618
0.3055050504935001 14.301202852931736 725499.5492231587 4.751631190892604 0.18509154377458895
0.3194200478548804 14.12813169725551 605144.6601957871 5.0200593977178265 0.18793721212260184
0.3337182382969333 13.975937676699951 497673.1500931685 5.299918758489942 0.1908007465817294
0.3483980848263043 13.842051270444914 411020.36673257867 5.591939972305822 0.19368848597215477
0.3634592767470304 13.724037967607453 340654.22546290694 5.896287690477951 0.19659544476802807
0.37891351086287695 13.620017331833447 283313.00013716414 6.213827076732614 0.19952932651888927
0.394746283022412 13.528452392830632 236420.42521415584 6.54481712230511 0.20248633764131627
0.41096937151289775 13.447919539040818 197877.9406938809 6.889957085765678 0.20547013631852684
0.4275770897931104 13.37707415315283 166087.53931407002 7.249953442274742 0.20848382154039075
0.4445720855653687 13.314963322150794 139812.43650918535 7.625067500455747 0.21152297743318596
0.4619529048348549 13.260584392364363 117986.44124068378 8.016243588058876 0.2145936937848456
0.4797167974475651 13.213202507109015 99820.68426393118 8.42418881263788 0.21769765250993553
0.4978731112345805 13.172030861323849 84650.19655771417 8.84934729774303 0.22083236883259197
0.5164121509913251 13.136409685166067 71941.84030288899 9.292585817531664 0.2240011585926806
0.5353289444719525 13.105853817905915 61279.528200147186 9.754792178588252 0.22720698557956454
0.5546347577826146 13.079834180011757 52303.98464144051 10.236775887261384 0.23045120059824634
0.5743164512767734 13.057851940846373 44331.61242241754 10.73901246033001 0.23373055599854092
0.5943732551000206 13.039528257758898 38332.00841440676 11.26273789219722 0.2370511309428533
0.6148089767157785 13.024510984366238 32904.90061511716 11.808893804330541 0.24041459339842142
0.6356130170333496 13.012435499053202 28294.799571045332 12.378459101084394 0.24382257613451172
0.6567815162892712 13.00303021050286 24179.183965130695 12.972128855111793 0.24727309870511194
0.6783134858334564 12.995988825292702 21029.98214789351 13.591217678534335 0.25077081092718223
0.7002004778755814 12.99105917492679 18173.561768451906 14.23692891100267 0.2543184156440053
0.7224340552053033 12.987991231834826 15731.130979071879 14.910452108654 0.2579178972244918
0.7450202437226764 12.986644167391391 13635.563218971753 15.612823888491647 0.2615692226285155
0.7679403785454896 12.986746386889862 11837.73817005846 16.345296461169433 0.26527414820932177
0.791183789546723 12.988135207339969 10290.015791750051 17.109492342492402 0.2690374319980925
0.8147562906747304 12.99067417831239 8957.389126378885 17.906866404075018 0.27286150623034794
0.8386400288138949 12.994125608370515 7808.522918079328 18.738790061336676 0.27674750755748717
0.8628193987380333 12.998400153246072 6815.504514371798 19.606595394259802 0.28069580729339655
0.8872938172936066 13.003352056087003 5956.16216560871 20.512373864138382 0.2847128187799084
0.9120531048440144 13.008844099112006 5211.810781016725 21.457919359638176 0.28880155488991044
0.9370714998835852 13.014736976403205 4565.7728778331475 22.44472363357625 0.29296199965280145
0.9623504919859895 13.020925989027818 4005.1103547225607 23.474796522587816 0.29719782903556674
0.9878743104646419 13.027323901779878 3516.9915515960183 24.55056743589061 0.30151520290101474
1.0136161677046334 13.033787326932384 3092.1600434475326 25.673987407861453 0.3059158189006969
1.0395785694912452 13.040237790563747 2721.796797300129 26.846999757238194 0.3104008056151807
1.0657291303405654 13.046564021922453 2398.6483019120747 28.072709366165956 0.31497896137021664
1.0920599643847455 13.052701881959575 2115.941763647537 29.353180498390962 0.319650796913075
1.1185568552012701 13.058528738604648 1868.8599777480279 30.6911496506749 0.324420867107566
1.1451859448720298 13.063986400066018 1652.3446967256386 32.09003636612632 0.32929736392696146
1.171949345421551 13.06900459340868 1462.2921808182405 33.5517586408818 0.3342778363395977
1.1988049112473598 13.073462344323966 1295.6145481917492 35.08086915995512 0.3393759223410549
1.2257501309067858 13.077324802055905 1149.2628091777622 36.67940400668458 0.344588463202135
1.252744124325561 13.080493552709353 1020.3152128659493 38.352397942718326 0.34992979027354326
1.2797851942492873 13.082934345972884 906.860884142823 40.10209033112409 0.35539648663079243
1.3068280596998896 13.084524057902206 806.8723875628781 41.93396750079139 0.36100320122746365
1.333864259233371 13.085240233073565 718.6328639054515 43.85148058289484 0.3667516842914343
1.3608728425231755 13.085036002720175 640.7306481274098 45.85935924624189 0.3726499215280881
1.387801795038804 13.083776285906934 571.8721990826998 47.96291489201915 0.3787077525098664
1.4146593147210358 13.081487593969422 510.9057733682512 50.16687719737999 0.3849306949062791
1.4413812532071575 13.078037785076964 456.95466797446795 52.476515162109834 0.3913259790074831
1.4679755864212112 13.073443656352028 409.07845195987346 54.89821856420696 0.3979051634623184
1.4943842993908834 13.067578488593627 366.58497930306794 57.43817545492067 0.40467730624743387
1.5205962021262744 13.060437795244834 328.89477148156953 60.10301183195443 0.411652175176677
1.5465784410870975 13.051953949388913 295.33712709875385 62.89983106246399 0.4188403063430532
1.5722941730483344 13.042077347174754 265.50654836845337 65.83625708031035 0.4262530673314556
1.5977184262062407 13.030751128025589 238.96296320288354 68.92048174068151 0.4339027257605667
1.6228055901128022 13.017933179045837 215.27605344233527 72.16131676282984 0.4418025237807365
1.6475574556837704 13.003598401924869 194.13098528934606 75.56825074566638 0.44996675923038276
1.6719067445366924 12.9876658639016 175.2648049859313 79.15124573870777 0.45840976314983495
1.6958436246722186 12.970124229434811 158.3905329730147 82.92043666479496 0.46714457615010135
1.7193242999758105 12.950916661997502 143.30298434924066 86.88858340207479 0.476192853683371
1.7423105954232454 12.929980235120619 129.79678334450355 91.06729806859262 0.4855690830711903
1.7647902407862048 12.90733715972379 117.69939982436752 95.47059114469002 0.4952948793480645
1.7867181062216335 12.88290693342889 106.84149410323187 100.11220537178333 0.5053880685764389
1.8080573492034904 12.856656047781371 97.10359519328036 105.00862253852075 0.5158741909452996
1.8287691245857307 12.828527824332138 88.3443004028711 110.17637841189676 0.5267757761662406
1.8488487652322774 12.798568100932595 80.47530976160355 115.63305807352069 0.5381160423759634
1.8682362584548644 12.766665067471232 73.39112163734278 121.3989445363183 0.5499246104600715
1.8869064779402211 12.732823095978814 67.0194554513682 127.49541376858849 0.5622311209623582
1.9048301032364094 12.6970137247675 61.265972499996934 133.9449414714943 0.5750650114716648
1.9219742604703134 12.659203117286586 56.08426680387673 140.77310928654194 0.5884622372006557
1.9382895238191218 12.61932361396696 51.40198015477705 148.00763679475807 0.6024612349729028
1.9537892866042352 12.577485271172087 47.17120073788583 155.67707736615668 0.61709797661313
1.9684068446308054 12.533566426716853 43.347377030433975 163.8150036589033 0.6324198284053385
1.9821241017967712 12.487574839365658 39.885862880106615 172.45511679504742 0.648468135207306
1.9949159249105333 12.439507119564347 36.75175602432062 181.63681283661245 0.6652964520856298
2.0067554775100005 12.389353401435624 33.90903979707307 191.40201997694226 0.6829589768461543
2.0176045046429323 12.33709033113594 31.33234421842923 201.79675459986643 0.7015149196842047
2.0274443376741362 12.282712585905486 28.995866963851647 212.8710113173905 0.7210271431519572
2.0362576019940857 12.226256117596881 26.873995268748168 224.680125141662 0.7415655236068421
2.0440055297966704 12.167671705757162 24.946444755874897 237.28536731868812 0.7632075951375621
2.0506685507614937 12.106975690563443 23.191808489874507 250.7535112271249 0.786035704855736
2.05624419525112 12.044240172392746 21.596738077970084 265.1575776215643 0.8101378156639965
2.060694880433654 11.979400134509023 20.144311952371236 280.57943904978936 0.8356141186993328
2.064005036793367 11.912511551808683 18.824760208549204 297.10861358098765 0.8625709692134746
2.066170309327646 11.843623472225108 17.621364707865173 314.84551078126555 0.8911290441919884
2.067166561723549 11.77274237798113 16.526058114224348 333.8995517533988 0.9214143534247234
