M[M_sun], R[km], Lambda[1], P_c[MeV/fm^3], rho_c[fm^-3]
0.24162668629717493 15.618656898711224 2160425.4255784233 3.5677272577965504 0.1711233750220791
0.25364048240233805 15.277368259866961 1723180.6044451213 3.784773044757961 0.17388759268966741
0.26603429726353894 14.981395656797694 1383120.4782107724 4.011303606002008 0.176665478318448
0.2788065305726299 14.723680735650959 1116564.041741805 4.247576480875963 0.17945575433591834
0.29195863378982057 14.49857613729747 906037.5277752436 4.494216129003536 0.18226497380414922
0.30548978827227147 14.301433222898757 738813.1180734267 4.751374454859919 0.18508877053544787
0.31940299335540434 14.128342481759868 605274.4643254997 5.019739772634514 0.18793389588899853
0.33369747115151704 13.976149612714572 497817.6691314523 5.299527830610791 0.19079681058665302
0.348373800695855 13.842215031868799 411137.114583158 5.591476766451038 0.1936840043280862
0.3634326547171694 13.724221928788104 340765.3791302841 5.895741801415622 0.19659031766243223
0.3788828753865641 13.620219340670198 283417.1591241319 6.213191899726565 0.199523534469397
0.394710291664815 13.52865954318734 236508.91604758584 6.544093317697658 0.20247999085272103
0.4109312233521738 13.448091197831129 197960.9816238533 6.889130682337083 0.2054630983201422
0.4275352660641891 13.37723649555275 166162.3909332041 7.249016686739852 0.20847607200192048
0.4445246349999405 13.315104968434934 139876.6628667405 7.6240229827062995 0.21151466240027766
0.46190110935151557 13.260750594681772 118047.2794265433 8.015073091594656 0.21458463904838915
0.479660265945283 13.213316255887214 99868.34515435819 8.422883212022505 0.2176878362185041
0.4978120664229308 13.172130869980023 84692.34351279763 8.847911407581151 0.2208219723743113
0.5163446587760935 13.136540427331981 71984.29548828922 9.290996403806398 0.22398996902096635
0.5352583113231536 13.105974162091192 61318.024790745076 9.753038466976934 0.2271949787415798
0.554559154368189 13.079929371430653 52339.360529659476 10.234846448851245 0.23043835129111118
0.5742331331388697 13.057953560172928 44760.68054971265 10.736915678851242 0.2337170940119456
0.5942852390380526 13.03962339161837 38357.11188487618 11.260442239666208 0.2370367876642967
0.6147170452646188 13.024564213821135 32927.18401615069 11.806385722120265 0.24039934007394015
0.6355116660773574 13.012496730736034 28315.76066566906 12.37572418480689 0.2438063824922937
0.656673587773661 13.003104859936363 24389.547761551978 12.969179663737998 0.24725624233659216
0.6782027110175394 12.996012523592718 21045.351298863116 13.588012339426127 0.2507529644577895
0.7000843572243104 12.991078799073776 18187.87139553967 14.233450241532296 0.254299543692352
0.7223120461229174 12.988009825575647 15743.395738009549 14.906681822339191 0.2578979622995253
0.744891347549259 12.986646940750429 13646.735984101992 15.608779305189964 0.2615485494015554
0.7678050169642701 12.986744348741558 11846.690210374512 16.340922818029732 0.26525234669521797
0.7910432301297609 12.988124438786063 10299.459160539609 17.10476769417617 0.26901445763323084
0.8146096859116514 12.990634623957357 8965.103955893695 17.90176735050592 0.27283731158576235
0.8384846677817315 12.994108064610776 7814.767863940606 18.733339216823587 0.2767224637472922
0.8626582033365082 12.998368848510637 6821.488920463085 19.600721897582208 0.28066945661802467
0.887125818465133 13.003311163420697 5961.679173417008 20.50604945303292 0.2846851042298288
0.911878169869935 13.008798482722371 5216.47915073991 21.451113836792604 0.28877241561187655
0.9368914900088328 13.014689903708721 4570.16800158738 22.43746534495763 0.29293185285412254
0.9621624938583502 13.020875136877232 4008.983983836688 23.466994399980777 0.29716614229742305
0.9876790409612218 13.027277810351123 3520.5125500355102 24.54218476452626 0.30148190252712515
1.0134188406564097 13.033740174937861 3095.5080324693504 25.665056631435178 0.30588135331449745
1.0393693498677639 13.040190739477548 2724.6107317421915 26.837411718331722 0.31036458373070586
1.0655168265735135 13.046521674679177 2401.064429480814 28.06241919499368 0.314940893552541
1.0918374426381963 13.052650090636153 2118.188199143023 29.34222465938302 0.31961136261956585
1.1183289294768102 13.058482812128428 1870.8542496655598 30.679397371710103 0.32437941018198896
1.1449541910409842 13.06394720753672 1653.9610487719185 32.07752599764045 0.32925437953306574
1.1717081694052591 13.068954790611706 1463.932104516544 33.53834347226504 0.33423262583819746
1.1985574689703218 13.073424915683674 1297.0520723334757 35.066485891862946 0.3393283607727869
1.2254972998811353 13.077290560375337 1150.4661976984175 36.66409437034787 0.34453907668519357
1.2524865917828532 13.080467041523741 1021.4593439243594 38.335985836655865 0.3498778003194287
1.2795211835048321 13.082908261325244 907.8858530080801 40.08461852983273 0.3553424347145487
1.3065598482417402 13.084505685280817 807.8858435309461 41.91536380117906 0.3609469594250875
1.3335897826400942 13.085232153733127 719.5185130794907 43.831536461819844 0.36669240004925957
1.3605929679543765 13.085043137579142 641.4725689289543 45.838116484035325 0.3725881504612025
1.3875192544918578 13.083795738978258 570.3279421346962 47.94028277855609 0.3786433342091453
1.4143704210903802 13.081520205655108 511.51238087793763 50.14260763370564 0.38486268891430236
1.4410974130312488 13.078102824286885 457.48999669700726 52.450646666237034 0.3912549538099042
1.4676793115417923 13.073502348632001 409.5808582186163 54.87063662497162 0.3978309178424005
1.494085734713613 13.067651331553558 367.05489766895454 57.40875628716128 0.40459962343601286
1.5202954746049986 13.060527775045548 329.31032468254153 60.07162154634075 0.4115708215752503
1.546276197969851 13.052061318547763 295.7151082471298 62.86632475250582 0.41875503012033993
1.5719900982772341 13.042200047604233 265.84518486333616 65.8004778173246 0.42616359687985395
1.5974121672506274 13.030897618987067 239.2684172668944 68.88225946637526 0.4338087679973423
1.6224995047577992 13.018102672754882 215.53617659616475 72.12046706788472 0.44170376227696423
1.6472513713546357 13.003788066186212 194.38181877805192 75.52457352126883 0.44986285214861765
1.6715999818306466 12.987881582155515 175.4823978215591 79.10475167281939 0.458301293026044
1.6955385571038324 12.970361289827052 158.60373293639495 82.87067228272484 0.4670302177450416
1.7190108665527228 12.95117156479822 143.4937817731946 86.83529261436047 0.47607217626876447
1.7420168906681892 12.930292714227106 129.97348971289395 91.01045869016993 0.4854426363760229
1.7644957870290534 12.907663606768878 117.85510124376178 95.40965580995973 0.49516117361746714
1.786421950755996 12.883256413370614 106.98076832064282 100.04712102843621 0.5052476193871002
1.8077644114110658 12.857031246101428 97.22881606947898 104.93905179950166 0.5157264573351666
1.828492263148305 12.828960139508293 88.46784107385528 110.10172190493833 0.526619311793246
1.848567425728747 12.79900769802033 80.58488536887116 115.55307287140978 0.5379508205491735
1.8679609123997103 12.767140905867027 73.49335501026484 121.31325377669046 0.5497501754756293
1.8866390037659522 12.733335172406626 67.10894574501475 127.40353651794902 0.5620467240534261
1.9045701781307711 12.697558035407221 61.3479761305028 133.84668906405716 0.5748710307122822
1.9217223778891594 12.659789798432373 56.15767869388019 140.66758015997965 0.5882566263314137
1.9380543617454005 12.619972344848398 51.46933474646232 147.89419922548714 0.6022430321645392
1.9535487384058081 12.578119960844088 47.234752462991544 155.55541097933414 0.6168674066311244
1.9681849953655675 12.534267708353307 43.40289953522273 163.68409746710705 0.6321748789343712
1.9819175879701376 12.48832087419151 39.9375098657334 172.3143164166469 0.6482081627033843
1.9947176179135626 12.440291182113391 36.79854246263654 181.48533406048557 0.6650205313945425
2.0065662510139664 12.390168936847916 33.95575166938323 191.23887950328628 0.6826656972600872
2.017434747301003 12.3379639320826 31.37206929042007 201.62086775870478 0.701202737890949
2.027289223697157 12.28363380219385 29.03478306946981 212.68162361966918 0.7206958207054998
2.0361189249638785 12.227221134434537 26.908499182237353 224.47548440344593 0.7412117972190306
2.0438829055213485 12.168686896607209 24.976856506766367 237.06447693489997 0.7628309567418671
2.050563516088925 12.10804154325338 23.220630004712724 250.51431504177725 0.7856325030329037
2.056151058472876 12.045323744394668 21.62344351783304 264.8987366431869 0.8097070892376326
2.060626874371362 11.980558411912344 20.16966166352534 280.29925537089986 0.8351541404756084
2.063941916840009 11.91387891352055 18.850119660841617 296.8287436843076 0.9315822225307396
2.064510630624252 11.849563014101662 17.810309445243153 315.5761963479947 1.3674788656775296
