M[M_sun], R[km], Lambda[1], P_c[MeV/fm^3], rho_c[fm^-3]
0.24162668629717493 15.618656898711224 2160425.4255784233 3.5677272577965504 0.1711233750220791
0.25364531817637703 15.277269223787624 1723163.4724683608 3.7848473678977044 0.17388851909174965
0.26604267675879395 14.981224784426807 1382960.3064170275 4.011459847697677 0.1766673664071326
0.27881959825271313 14.723435955681063 1116371.3751655647 4.247819926638746 0.1794585779399017
0.2919762781035665 14.49830255777764 905765.1818268232 4.49455316663304 0.1822687267963761
0.30551274736860423 14.301148199122826 738594.9174349359 4.7518165278720925 0.18509354576768838
0.31943095319574105 14.128037750130638 605006.0450795892 5.0202901370173825 0.18793960613189192
0.3337336851691272 13.975756116157985 497596.2134852194 5.300200975371845 0.19080358803744768
0.3484147612380636 13.841886110162227 410921.6519149912 5.592274371818098 0.19369172137942617
0.36348047421529983 13.723848049677311 340607.1367776651 5.89668178599021 0.19659914619647872
0.3789349925679149 13.619891673939199 283241.36348721565 6.2142856379537665 0.19953350804508252
0.39476948625107133 13.528358102416101 236355.09603772586 6.545339673551579 0.20249091970981564
0.41099745153169265 13.447768509918234 197824.43956479436 6.8905537156578704 0.20547521746905478
0.4276085187808427 13.37694655426764 166036.1420555182 7.250629750216635 0.20848941646267116
0.4446059728973684 13.314852350369158 139767.41303503077 7.625821617589969 0.2115289806904701
0.46198775320605223 13.26047401069511 117943.46928758975 8.017088669032674 0.21460023116939658
0.47975665685440905 13.213082640907466 99778.81965142941 8.425131448099924 0.2177047398108299
0.497917471305484 13.171903155610499 84615.64378473478 8.850384012369377 0.2208398750894408
0.5164592478889173 13.136323336801048 71916.47318832952 9.29373338996076 0.22400923757412425
0.5353799316093643 13.105779393420397 61252.93133735596 9.756058390656985 0.22721565473763217
0.5546901334411133 13.079745014459155 52283.61818428425 10.238164411649667 0.23046041922772562
0.5743758689756605 13.057788281878171 44714.40776166342 10.740526408270577 0.23374027601328173
0.5944355193485528 13.039486288453338 38313.80008188258 11.264395451169717 0.23706148740130914
0.614874989045963 13.024473513914087 32888.11792201769 11.810704767680095 0.24042560707711233
0.6356832391457574 13.01240760151325 28280.414894993442 12.380433873192553 0.24383426890669807
0.6568571656551436 13.003004010268505 24360.532061785605 12.974258367428302 0.24728527012426546
0.6783920920931036 12.995961857121593 21018.259333579455 13.59353217336897 0.2507836974143312
0.7002844241715439 12.9910544237327 18164.522151855406 14.23944079995487 0.25433204276416377
0.722522430805822 12.987999867046055 15722.03235576782 14.91317460086085 0.25793229206704066
0.7451134621795976 12.986643701402011 13627.527713104875 15.615744476321229 0.26158415073619784
0.7680372398187997 12.986756837443263 11830.670053801987 16.34845469932147 0.26528989123439617
0.7912864242801141 12.98814689781866 10284.98396763431 17.11290408367354 0.2690540221401439
0.8148650939352655 12.9906741175001 8951.829307282424 17.910548552096927 0.27287897775942566
0.838753232733057 12.994129919033703 7803.662029846872 18.742726283591548 0.2767655924620922
0.8629352687048509 12.998423498950018 6810.518925937938 19.61083687647191 0.2807148361491194
0.8874207399121217 13.003370977572866 5952.171651403917 20.516941023296212 0.28473283277948724
0.9121794737787652 13.008866039825786 5208.391728298296 21.462834010956783 0.28882259800363763
0.9372045613010596 13.014766259968635 4563.1806164204745 22.449965303085495 0.29298377056378877
0.9624911869164641 13.020977540516595 4002.178067170478 23.480430996683264 0.29722071230903374
0.9880156111237997 13.027356405789874 3514.934206442674 24.556621239256334 0.30153925178791136
1.0137615801024749 13.033816970753783 3090.306550399504 25.68043710528829 0.3059407095252087
1.0397300627217088 13.04028066782707 2719.834774107988 26.85392420655196 0.31042696493780564
1.0658840551862898 13.046602846199038 2396.749374580115 28.08014098508544 0.31500645416011536
1.0922198924243915 13.052736121054046 2114.4941113329032 29.361092945733436 0.3196792768652405
1.1187223532500497 13.058562875147672 1867.2606985349448 30.699637404207134 0.32445080820814365
1.1453559113870007 13.064021685904416 1650.8478179235442 32.099071721102845 0.32932840851671413
1.1721233758426666 13.069027410821226 1461.1305808035172 33.56144759378001 0.3343104891098375
1.1989819750920971 13.073486434410215 1294.542003108616 35.09125744708076 0.3394102735903084
1.2259319757441516 13.077349750889384 1148.3157068068267 36.690461479089834 0.34462413289645444
1.2529308579278173 13.08051172607884 1019.4846064579299 38.36417489626593 0.3499668894889807
1.2799760503589042 13.082950776000624 906.085807079706 40.11470974627487 0.35543552688539476
1.3070305621085665 13.08455163319371 806.2340517470319 41.94740460542777 0.36104382363049187
1.3340615497769976 13.085245499774945 718.0419992302828 43.865886049076515 0.36679450478688475
1.3610727973002432 13.085029413006351 640.1785885288685 45.87470288636824 0.3726945387492996
1.3880146495300907 13.083782635752083 571.3768661697261 47.97926225181911 0.3787542823728996
1.4148603554404826 13.081452327067844 510.4526333820151 50.18440755559377 0.38497981690187955
1.4415924073480453 13.07800765778473 456.5437064072341 52.495200686459036 0.391377282456485
1.4681885125362637 13.073401721147745 408.7170266407082 54.91814200335089 0.3979587937773415
1.4945992899323846 13.06752679260685 366.2596994012974 57.459426260821736 0.4047334200831773
1.5208123127473903 13.060371293546607 328.60559165854994 60.12568676009818 0.4117109413532352
1.546797602539856 13.051876488321618 295.08126547785764 62.92403483197684 0.4189019068607484
1.5725147228295604 13.04198501111597 265.2642713226195 65.86210310064371 0.4263176984870011
1.5979285076839107 13.030638653556702 238.73005838142132 68.94809291234552 0.4339705993755371
1.6230367558213978 13.01782373244892 215.0556298161705 72.19082636057972 0.4418738685546303
1.647778926216777 13.003462029333345 193.94108708927453 75.59980339358364 0.4500418222320334
1.6721275333624106 12.987514906538113 175.10386049176986 79.18483370348008 0.45848812348737744
1.6960634892771518 12.96995326915135 158.24172934254653 82.95638770005644 0.4672271915244258
1.7195436617010686 12.950727104864205 143.17125022087686 86.92708260271128 0.47628003543084557
1.7425253316759142 12.92977539177299 129.68034818223913 91.10836145854057 0.48566043399893394
1.7650057160848776 12.907108437042451 117.58422822266823 95.51461436611203 0.49539147612577206
1.7869173637915199 12.882628469543969 106.7421621627316 100.15922675892602 0.5054895386899277
1.8082676314913348 12.856384375165781 97.01058834019614 105.05888595750258 0.5159809254208638
1.8289706151783494 12.828227475095199 88.26229916764386 110.23014986375672 0.5268881979684562
1.8490507584953635 12.798247588185285 80.40565975006142 115.6908476741864 0.5382354157492807
1.8684235121328125 12.766292702448569 73.32862627385289 121.46085744242697 0.5500506424483599
1.8870995009033023 12.732454304639804 66.95790923580083 127.56162220713911 0.562363726177375
1.9050192287046144 12.696618223617847 61.207771348603096 134.01593266289518 0.5752051701260594
1.922155759028451 12.658781817416962 56.03083559378633 140.84935957552415 0.5886108017601125
1.9384644411615604 12.618874571351299 51.35282360014228 148.08960288176053 0.6026189008193192
1.9539552482535232 12.57700994000134 47.12817549551793 155.76499083356003 0.6172645814341216
1.9596916636365573 12.542415057703758 44.96317800674336 166.1247536493814 2.1559848899925287
