M[M_sun], R[km], Lambda[1], P_c[MeV/fm^3], rho_c[fm^-3]
0.24162668629717493 15.618656898711224 2160425.4255784233 3.5677272577965504 0.1711233750220791
0.25364496044284907 15.277270717317133 1723280.7290722397 3.7848379482768686 0.1738884016807201
0.26604147057662825 14.981246472570353 1382865.6564019083 4.011440045581641 0.1766671271102467
0.27881719011726114 14.723471286168234 1116317.9505358385 4.247789071892373 0.17945822007134088
0.29197348948670815 14.498346191959785 905829.1592525783 4.494510449398824 0.18226825113005896
0.305510331112693 14.301164845936153 738608.1017727563 4.751760497464694 0.18509294053235284
0.31942874002292926 14.128034045366897 605040.0459701202 5.020220380487742 0.18793888238097337
0.3337254366272907 13.97594282492374 497675.41715591453 5.300115655944359 0.19080272901238343
0.3484097921367279 13.841953059649901 410943.36005261476 5.5921732762506835 0.19369074325200103
0.3634739889265434 13.723904825997165 340628.7200100026 5.89656264270327 0.19659802717751437
0.37892763248766037 13.619958036055326 283266.0149452551 6.214147004829598 0.19953224387791524
0.3947632519003515 13.528373470097602 236394.45171265022 6.545181694307309 0.2024895344452629
0.41098899475596984 13.447801699524593 197840.20505741885 6.8903733400871365 0.20547368131500274
0.42759869139160583 13.376997579624405 166058.8071373824 7.2504252853217075 0.20848772497699528
0.4445954298289742 13.314880455017981 139778.9973412238 7.625593628288277 0.211527165749032
0.4619785591991149 13.260512646210518 117960.4221249087 8.016833178086364 0.2145982547403713
0.47974478306328244 13.213105899219894 99791.9574939147 8.424846462780456 0.21770259711962966
0.49790423242663195 13.17192895610837 84625.30987888362 8.850070583295423 0.22083760572902744
0.5164436185727884 13.136364618391424 71925.38938313538 9.29338644413792 0.2240067950539019
0.5353643124700718 13.105804924805296 61261.20008625209 9.755675575164782 0.2272130337801365
0.5546737700412853 13.079783208445392 52294.80064814089 10.237747326715262 0.23045766699411727
0.5743577285899852 13.057807455023255 44718.65767478496 10.74006869155148 0.23373733733016225
0.5944166765606944 13.039496069080691 38320.2986080527 11.26389431435892 0.23705835628944655
0.6148559327026253 13.024487271644619 32893.802490363196 11.810157249610056 0.24042227725373275
0.6356617288484382 13.012415829811847 28284.461685168735 12.379836827926564 0.24383073375737563
0.6568345208567935 13.00300541807225 24364.29084027277 12.973614536738193 0.247281590252056
0.6783678863395927 12.995968110084121 21021.81176996564 13.592832413219389 0.2507798013372953
0.7002587141501694 12.991057028138266 18167.008873783307 14.238681357451414 0.25432792275151794
0.7224952476648153 12.988000923365966 15724.75803615158 14.912351481941228 0.2579279399270356
0.7450855916475706 12.986649479542136 13630.146574117547 15.614861462643695 0.2615796373560044
0.7680087304688555 12.986759624939317 11751.299017432526 16.3474998309447 0.26528513145502725
0.7912558275022128 12.988148367278441 10287.118426849205 17.111872567141646 0.2690490062245501
0.81483285976741 12.990673360174474 8953.53176136097 17.90943527610502 0.2728736953444471
0.8387171295706349 12.994132263649808 7805.07904548074 18.74153618640972 0.27676012458131455
0.8629006299895963 12.998418782201739 6811.95770539907 19.609554481054932 0.2807090828496479
0.8873826246778921 13.003378062109938 5953.342302145046 20.515560155967073 0.2847267816047441
0.9121413516794363 13.008863895738305 5209.352218841915 21.461348075214843 0.2888162356570983
0.9371640152533288 13.014761226951036 4563.588613456042 22.448380489529455 0.29297718815053303
0.9624490472924287 13.020967513781638 4003.0838897490376 23.47872741306876 0.2972137935497912
0.9879724381574057 13.027349435939032 3515.2404566500827 24.55479086493166 0.3015319805796389
1.013717827086097 13.033805316093536 3090.7176931059707 25.678487026357576 0.305933183795051
1.0396851065586104 13.040265559918442 2720.4816525229635 26.851830577922904 0.3104190555858439
1.0658372721696896 13.046591726175585 2397.280879044698 28.077894004018685 0.31499814160008716
1.0921708405553632 13.052727294777775 2114.797702651138 29.35870057715881 0.31967066580729364
1.118672004992498 13.058553053000425 1867.6850344124266 30.697071079421477 0.32444175533116854
1.1453056941445277 13.06401577820931 1651.4283456907913 32.0963398174456 0.32931902196482954
1.1720703384474966 13.069019777871862 1461.4530766723258 33.55851805912365 0.3343006162759979
1.1989287379245144 13.07348145774213 1294.8846670386788 35.0881164509897 0.33939988716776126
1.2258765801169658 13.077346784926592 1148.6150171479217 36.68711813814584 0.34461334779610714
1.25287494141826 13.080497972655305 1019.7357685383556 38.36061563920162 0.3499556817296989
1.2799187183291532 13.082944776453681 906.3317304482497 40.11089410868552 0.35542372257741545
1.3069636737092971 13.08452834846626 806.4323922140733 41.94334171599268 0.36103154090020456
1.334003416033432 13.085239144924575 718.2997061482257 43.861530344791106 0.36678155738114415
1.3610125005641547 13.085028868560478 640.3231798845661 45.87006349578343 0.3726810480316925
1.3879454801946751 13.083767261514579 571.559881258683 47.974319353869056 0.3787402132897316
1.4147965128965367 13.081456175005524 510.6040241769223 50.179106935729315 0.3849649639808789
1.4415289124232467 13.078018307681287 456.6907129266425 52.489550761155364 0.39136176987844523
1.4681241366343252 13.073415769897467 408.8374940797396 54.912117748953094 0.39794257756794116
1.494534513725298 13.067542724669728 366.36062247684794 57.453000626410244 0.4047164528681177
1.5207468734318357 13.060393554032458 328.70126621478835 60.11883048595103 0.411693172078973
1.5467331715713548 13.051898455474536 295.1532493971729 62.916716249913705 0.41888328048754464
1.5724477731668054 13.042012711828546 265.34491344885254 65.85428791423483 0.42629815565131907
1.597862076971286 13.030670916999359 238.80241879582988 68.93974395472361 0.43395007601847246
1.6229595838901294 13.017851145164363 215.13521865824436 72.18190332730866 0.44185229551264693
1.6477115396462219 13.003502422126926 194.00778181663597 75.59026254773184 0.4500191247858539
1.6720602233378947 12.98756315301202 175.14665475744627 79.17467738452083 0.45846442891144135
1.695997401439447 12.970001045118796 158.2923757773961 82.94551678803981 0.4672022102002728
1.719477573782152 12.950783380004216 143.21147681486238 86.9154411205373 0.4762536732014397
1.7424578221890692 12.929830742093705 129.72400819500942 91.09594456114806 0.48563281097273125
1.7649409341491504 12.90717603338643 117.61760630323047 95.50130240009216 0.49536226669990685
1.7868659084390843 12.882739453204302 106.76557010347622 100.1450081320256 0.5054588555099343
1.8082036731480144 12.856466931485276 97.03802125366042 105.04368691779139 0.5159486502281787
1.8289172957663797 12.828332078176047 88.28888500232465 110.21388996449785 0.5268542028443652
1.8489898473705355 12.79834290380741 80.42231824771973 115.67337263741435 0.5381993183534812
1.8683635473091185 12.766397289860567 73.34845883705498 121.44213546634442 0.5500125313658946
1.8870387446569512 12.732568151643328 66.97231728062177 127.54161935164174 0.5623236920457981
1.9049610292572108 12.6967386762322 61.22609416018249 133.99446528130207 0.5751627868492318
1.9220998642098732 12.658910496766573 56.045842508129994 140.82630174662023 0.5885658763409585
1.9384119580912273 12.619010149177004 51.36658753061851 148.0648164790065 0.6025712229404214
1.9539054883675453 12.57715329691022 47.14134724054403 155.7384058188323 0.617214200170015
1.9685185811699784 12.533213885330888 43.32101247544999 163.88085256426166 0.6325428347077905
1.9822298311137958 12.487200773191173 39.86027687520179 172.52609252563983 0.648599184133519
1.9950136149428386 12.439106742692713 36.726242339776654 181.71317270720706 0.6654355426487075
2.006847126460668 12.388936881153274 33.88566376976989 191.48425990900844 0.6831068205583493
2.0176894192824424 12.336649368930209 31.31342625888474 201.88542165585548 0.7016722949623014
2.02752266896965 12.282254421212215 28.97740877659651 212.9664860023723 0.7211941704012639
2.036327511530268 12.22577079030017 26.857612550383646 224.7832912597361 0.7417438486979702
2.0440668770763604 12.167164784095453 24.93003090506002 237.39672751678998 0.7633974745050479
2.0507212425358534 12.106441777618954 23.17704016702441 250.87387014133262 0.7862382230647823
2.0562895260922587 12.043679844105561 21.584648906196342 265.2880439359246 0.810354868485043
2.060730372365274 11.978816592410023 20.133173388299056 280.7205724395207 0.8358456103070009
2.064029991606091 11.911906756862669 18.813138498790494 297.2617335881925 0.8628190510613601
2.06618519820608 11.842990137315304 17.61096124613257 315.01184710878397 0.8913953159365077
2.067170877793105 11.77208661653286 16.516871713450197 334.080201593077 0.9216996754162878
