M[M_sun], R[km], Lambda[1], P_c[MeV/fm^3], rho_c[fm^-3]
0.24162668629717493 15.618656898711224 2160425.4255784233 3.5677272577965504 0.1711233750220791
0.2536342709957173 15.277538302287578 1723521.0641964863 3.784642752807529 0.1738859686633602
0.2660193502955455 14.981728824334844 1383478.3483619213 4.011029717484997 0.17666216853735786
0.27878325324929404 14.72412229384965 1116988.2953023869 4.247149741210875 0.17945080479888628
0.29192678545016165 14.4991066360313 906557.5644042233 4.493625352105395 0.18225839536627628
0.30544981980696895 14.30196255248781 739210.7057672251 4.750599594905837 0.18508040056910133
0.31935353766433794 14.128907438466978 605632.125132064 5.018775134333673 0.18792388739431112
0.33363759772952783 13.976783199335111 498216.469862254 5.298348033978855 0.19078493199220606
0.34830508632307855 13.84282584467185 411496.0045621347 5.590078878702814 0.19367047937957646
0.36335337043124566 13.72477628943595 341102.49174756184 5.89409443649786 0.19657484526250504
0.3787907515686884 13.620781196016482 283713.0628956426 6.211275141016541 0.1995060559378893
0.3946060412612811 13.529237374323815 236781.35105018993 6.541909168089853 0.20246083881130217
0.4108153424953243 13.448620606667873 198210.92915593518 6.886637002706883 0.20544186109797935
0.42740587476870756 13.377747595347493 166382.86234077957 7.246190099474307 0.20845268836986489
0.44438322077998765 13.315580986466374 140077.85035473347 7.620871311988025 0.21148957307484256
0.46174507812334564 13.261198229786222 118222.0939092977 8.01154139890748 0.21455731855020294
0.47949186267687927 13.213739193392776 100034.66700624298 8.418943985189344 0.21765821873965685
0.49762843755542335 13.172513680488338 84835.82063258947 8.843579180813457 0.22079060520149513
0.5161449585470148 13.136868236971893 72112.40443379297 9.286201113264589 0.22395620987660048
0.5350440984971183 13.106267852425455 61428.73215729759 9.747747632350071 0.22715875488712234
0.5543282223066349 13.080222718306297 52433.11157875448 10.229025617654987 0.2303995868260577
0.5739872576172573 13.058183343971587 44849.43895954854 10.730590147400983 0.23367648214063053
0.5940275364436732 13.039847226015025 38432.46549359502 11.253516946153242 0.2369935183051055
0.6144367054698593 13.024772028222912 32993.18597856423 11.798819797751598 0.24035332663031259
0.6352146425470989 13.012635236680644 28374.7369102701 12.367474212899317 0.24375753379645657
0.656358039280956 13.003170627268789 24447.94810724768 12.9602835266496 0.24720539566502758
0.6778702221258435 12.996106272924727 21094.09965981664 13.57834380264182 0.25069913263533045
0.6997336895806736 12.991137884112444 18229.29825882336 14.222957519041724 0.25424262016074317
0.7219408033915364 12.98805829380276 15780.460025686023 14.895309803079837 0.25783783414698597
0.7445036208808035 12.986654971400778 13679.507158992723 15.596580218879401 0.26148619576430954
0.7673960600044784 12.98673598748719 11876.719479803403 16.327731594002934 0.2651865917519176
0.790614730315118 12.98808504939474 10324.712996707458 17.09051820044515 0.2689451671705003
0.8141625600078825 12.990586519127568 8989.146251341423 17.88638907360913 0.2727643427614866
0.8380174610840976 12.994033966828368 7836.398075858693 18.71687094493309 0.2766466750082471
0.862174815566977 12.99828602428917 6839.458827839395 19.583008851940683 0.28058998935326446
0.886617220999467 13.003201679175804 5977.645447378077 20.4869770841826 0.28460152615230916
0.9113506172545357 13.008680124166826 5231.317465276446 21.43059116022235 0.2886845434539028
0.9363469912856333 13.014567353312644 4583.5771605071295 22.415577803951063 0.2928409444696573
0.9615927510058545 13.020742197456281 4020.5958522385067 23.443467573648782 0.2970705928651876
0.9870911479175803 13.027125893722053 3530.8902235309097 24.51690804207721 0.3013814901082586
1.0128058047886392 13.033583232044176 3104.910127432459 25.63812253401542 0.30577739107501534
1.0387361692416743 13.040024015723917 2733.109445249426 26.80850187391844 0.31025536754429506
1.064868862915432 13.046364412910123 2408.607470109871 28.031393178594385 0.31482611482673406
1.0911689369872009 13.0524903310289 2124.8484977725498 29.309192353261263 0.31949246659946684
1.1176394784613566 13.05834242505859 1876.6514390695288 30.643964808629065 0.32425441951974776
1.144249408807398 13.063818448495196 1659.3500744501198 32.03952843789028 0.32912297310011446
1.1709821510300482 13.068834046321676 1468.6892675944164 33.49789955680756 0.33409632567316355
1.1978122022540536 13.073296072663316 1301.380804580146 35.02312467802381 0.3391849769938725
1.2247342179072476 13.077192440451764 1154.2693507734232 36.61794158091463 0.3443901949307802
1.2517107657760256 13.08039960986427 1024.9809935738867 38.28651105691693 0.34972107506316585
1.2787248247898628 13.082857568138126 911.0236417128349 40.03195061305773 0.355179497775261
1.3057464611808847 13.084469649428113 810.6296675331918 41.85928528648503 0.3607774255793097
1.3327696320622326 13.08524818661112 722.0408433604848 43.77141936333583 0.3665137009422912
1.3597511856079108 13.085062642959665 643.8241971906966 45.77408664149321 0.3724019603768867
1.3866638465716217 13.083853023453269 574.6344104450501 47.872067025236156 0.3784491701546725
1.4134950217266262 13.081587632678339 513.3919203789408 50.06945889956296 0.38465771810007743
1.4402175905559633 13.078235082857578 459.1589115857896 52.37268094750195 0.39104088915748814
1.4667859728609793 13.073664266159629 411.1209581489823 54.78750912525689 0.39760715356332327
1.4931858877942685 13.067879684001314 368.41573577432155 57.320094302114825 0.40436550694703155
1.519387301405582 13.060803032751648 330.51612255711785 59.97702196706479 0.4113256496592549
1.5453611061176333 13.052382855090192 296.8266910755903 62.7653513200726 0.41849804470705354
1.5710701509725984 13.042580974755195 266.852228903822 65.69265810069508 0.4258939804055779
1.5964878496634032 13.031337826124908 240.16202568945948 68.76708153265653 0.43352563829819585
1.621582467294854 13.018610195075405 216.37083017467165 71.99737581004818 0.44140616696464957
1.646314994979513 13.004347617569556 195.13368921023348 75.39296660413174 0.4495497624116107
1.6706788100740466 12.988522460085097 176.17568322514708 78.96401313015144 0.4579717558231766
1.694611569127192 12.971072140888214 159.2202775874114 82.72073338816509 0.4666856586020362
1.7181021189671075 12.95197251406921 144.05364138422368 86.67473459484789 0.47570859135061705
1.741105379509833 12.931161689581714 130.48657005966226 90.8392146719446 0.4850616814681288
1.7635928335104314 12.908616921322652 118.32130900019311 95.22607865036808 0.4947583643385352
1.785528635908392 12.884296675694358 107.40970470468696 99.85105095869432 0.5048245086828563
1.8068754632183175 12.858139269167033 97.61542520718177 104.72923037831721 0.5152804982623898
1.8276241551277497 12.830189356519911 88.8209163361782 109.87664292607349 0.5261472855149546
1.8477084581306666 12.800305493057127 80.91007202413884 115.31214050936511 0.5374531374285557
1.8671295979481188 12.76856856681499 73.78702092530769 121.05514497515439 0.5492247605420254
1.8858186767251108 12.734837466446853 67.37588519117335 127.12680438150863 0.5614913248636747
1.9037719590409943 12.699169744371344 61.59516988206586 133.55016827162484 0.5742846763281759
1.9209448109887706 12.661483789392555 56.38094354872391 140.34975375003626 0.5876373796215687
1.9373217858546659 12.621846247752023 51.675001041845455 147.55256956279487 0.601585890511215
1.952863913508813 12.580175039097801 47.420252110711786 155.18901409841268 0.6161730478649333
1.9675177368511048 12.53639429559091 43.57636894782122 163.28956730089737 0.6314361472253962
1.9812850016638621 12.490567805688952 40.09584188080083 171.890335940725 0.6474253291116607
1.994134888859439 12.442699547763347 36.9425663083133 181.02921921238 0.6641897118743277
2.00600932909783 12.39267723524732 34.08703332195147 190.7476733741546 0.6817826501106157
2.016915884462752 12.340580791714109 31.49784416347369 201.09130885380222 0.7002628230714255
2.0268172527866035 12.286395110202875 29.14627044943151 212.11035089573255 0.7196947434916674
2.035689960219104 12.230111313965683 27.010877996589986 223.85941426786195 0.7401469053231239
2.043510853502743 12.171738854155363 25.071293214450534 236.39859504979353 0.7616941269813543
2.0502504894525515 12.111251933515494 23.308073747039934 249.79423732999223 0.7844186147764092
2.055881843865883 12.048652529111187 21.702854429943546 264.119622521972 0.8084105980743547
2.060411578204362 11.98402917568963 20.243971777050795 279.4551911958421 0.8337672111239793
2.063812795781883 11.917365341987182 18.914952336654345 295.8902288545873 0.8605958842951559
2.066052773511829 11.848659711453676 17.704423463228345 313.5227647626618 0.8890115879803223
2.0671356420061953 11.77797894067036 16.601632386122276 332.46293286380006 0.919145074378663
