M[M_sun], R[km], Lambda[1], P_c[MeV/fm^3], rho_c[fm^-3]
0.24162668629717493 15.618656898711224 2160425.4255784233 3.5677272577965504 0.1711233750220791
0.25364800256731335 15.27717642528409 1723049.51766628 3.784883570841032 0.17388897034397335
0.2660464761190356 14.981134296204761 1382882.6649382014 4.011535954902746 0.17666828611779045
0.2788277410921638 14.723266308470905 1116199.8230440868 4.2479385143644635 0.17945995337881213
0.29198449738226334 14.49818846510745 905727.3609241656 4.494717348194403 0.18227055499616643
0.3055252748848694 14.300946303396483 738419.9127178399 4.752031879709225 0.18509587197853455
0.31944482483181014 14.127874491157632 604880.5398464558 5.0205582470215 0.18794238787666562
0.33374731767477284 13.975686145890219 497543.2989570031 5.300528904157976 0.19080688973619175
0.34843432307922323 13.841746358572344 410832.3604051132 5.592662939740715 0.19369548088096886
0.3635034396625673 13.723725082983366 340496.79214878636 5.897139725153103 0.19660344725800685
0.378960646791501 13.619736465751496 283161.94820585113 6.214818492372101 0.19953836703577923
0.3947966685372813 13.528226785441372 236267.11266178737 6.545946891575843 0.20249624419157708
0.4110301406966613 13.447606160932073 197743.03127091896 6.891247022725051 0.2054811219629739
0.4276437789481918 13.376805107785842 165967.95225023225 7.2514156549951 0.20849591805149326
0.44464479592764894 13.314708064994374 139702.5310057068 7.626697949385184 0.2115359568550395
0.4620311031657078 13.260348220608252 117890.02729340637 8.018070717288628 0.21460782810660828
0.4798048150147248 13.212981128139967 99739.58627797665 8.42622687398927 0.21771297588214047
0.49796788854582913 13.171807605817056 84577.1653885597 8.851588778090969 0.22084859810802193
0.5165134510976402 13.136244223229674 71882.1585776081 9.295066997806487 0.2240186262564989
0.5354377995905342 13.105700899403002 61226.590148870804 9.757529886806319 0.22722572937917881
0.5547538335653189 13.079685705960475 52258.06575910804 10.239767645392511 0.23047099854485048
0.5744444150988115 13.057736734103917 44689.6475683807 10.742285839242664 0.23375157210512604
0.5945076483255773 13.039416853328369 38289.81799989567 11.266321799721958 0.23707352326192332
0.6149539625554999 13.024411822972377 32590.4361949559 11.812809418868301 0.2404384068678696
0.6357659942980891 13.012363891121748 28263.929267931373 12.382728922574946 0.24384785806439072
0.6569439533315476 13.002962279702482 24345.512348158474 12.976733275438784 0.24729941568356958
0.6784845048018558 12.99593838927548 21005.242072456145 13.59622209534185 0.250798674179203
0.7003826375169029 12.991017826967843 18152.385754873325 14.242360165431917 0.2543478804643564
0.7226248710371065 12.987995334261274 15712.2335559965 14.916338766785453 0.2579490222050254
0.7452220163799823 12.986650595995162 13618.83597578705 15.619138904764775 0.2616015008027879
0.7681511242840117 12.986766178959416 11821.56732889544 16.352125373485684 0.2653081886244679
0.7914053733255484 12.988153471248248 10276.571863459347 17.116869434564617 0.2690733042987467
0.8149899041441693 12.990692587018865 8945.33453329194 17.91482823303438 0.27289928453946205
0.8388808680816435 12.99416827730685 7797.225028006153 18.7473013091411 0.2767866123373106
0.8630699980357066 12.998453325155804 6805.491864180689 19.615766754655755 0.28073695340341887
0.8875602667922701 13.003404872949943 5947.483349275224 20.52224949291138 0.2847560953164321
0.9123255657035368 13.008911044814448 5204.233577935094 21.468546436857693 0.2888470569571011
0.9235510255988973 13.004155928022428 4878.132194892955 22.802022273668904 1.4455366740136955
