M[M_sun], R[km], Lambda[1], P_c[MeV/fm^3], rho_c[fm^-3]
0.24162668629717493 15.618656898711224 2160425.4255784233 3.5677272577965504 0.1711233750220791
0.25364506118725744 15.277245787728777 1723192.0249038027 3.7848412671972134 0.1738884430494611
0.2660418556886411 14.98122697526176 1382993.6598638406 4.01144702267462 0.17666721142429778
0.278817827474381 14.723479586671676 1116324.0609895708 4.24779994326572 0.1794583461628889
0.2919743649680967 14.49835372572333 905846.405181319 4.494525500389566 0.18226841872633404
0.30551095962831987 14.30114856548972 738575.8571335291 4.751780239197456 0.1850931537807443
0.31942898625423677 14.1280686535089 605038.9774409215 5.020244958451903 0.18793913738683776
0.33372846042398635 13.975897685460618 497638.80461176595 5.300145717296473 0.19080303168031842
0.3484114787342263 13.841893287789663 410947.7199211456 5.592208896115044 0.1936910878839874
0.36347667575367043 13.723880146520754 340618.0215758851 5.896604621431084 0.19659842145060966
0.378931213930488 13.619917363895631 283260.7241690211 6.214195850520596 0.19953268929180312
0.3947653128693591 13.528370222221751 236374.3867606697 6.545237356315362 0.20249002252587783
0.4109919408543827 13.44778578659362 197823.60117177208 6.890436893096 0.2054742225590952
0.42760222515345003 13.376973087996449 166053.05873047336 7.250497325821185 0.20848832094958505
0.4445987840778119 13.31487420365412 139776.35924922873 7.625673957228777 0.2115278052190497
0.46198052225609804 13.260496762805 117951.81367613259 8.016923196769556 0.21459895110766278
0.47974977481795217 13.21310128734804 99789.67480153662 8.424946873297129 0.21770335206634372
0.49790867762429464 13.171923267021066 84619.9208620288 8.85018101546814 0.22083840530514195
0.5164492833500632 13.136347501812066 71923.69962360545 9.293508685330549 0.22400765563951885
0.5353695528283003 13.105816488743857 61259.81561235882 9.755810454370447 0.22721395723457422
0.5546807878239034 13.079761167125596 51807.01442382641 10.23789428011378 0.23045863670088176
0.5743636911762865 13.057804172334775 44718.084582304306 10.740229960773616 0.2337383727285233
0.594422677501199 13.039494144179782 38317.34361950997 11.264070881792216 0.23705945948596502
0.6148630146478339 13.024472507779928 32892.04394942509 11.810350158543892 0.24042345046191194
0.6356697773172032 13.012433848831208 28283.747880359177 12.380047186747522 0.24383197930756376
0.6568423887364131 13.002997004119683 24363.108127106698 12.9738413794312 0.24728288679186802
0.6783768143864481 12.995973660878397 21021.15608973359 13.593078961462986 0.25078117405186146
0.7002681072094579 12.991042664978673 18165.30111236106 14.238948933473234 0.2543293743644954
0.7225048098354645 12.988002665073664 15724.962271492304 14.912641492936176 0.25792947332448635
0.7450954148538772 12.986638374720162 13629.05578672769 15.615172576222838 0.2615812275622512
0.7680183916410308 12.986764488001585 11832.016846915527 16.347836260880708 0.2652868084738787
0.7912670073890259 12.988147891115464 10286.488837281393 17.11223600226771 0.2690507734864987
0.8148447845443098 12.990672678069538 8952.980317272879 17.909827517236998 0.27287555650057177
0.8387290609550385 12.994147004489593 7804.754742090189 18.74195549366405 0.2767620510811928
0.8629115666864954 12.998424754922555 6811.156908412869 19.610006307334924 0.28071110990921433
0.8873963034210504 13.003366201132835 5952.908981889296 20.516046676376497 0.2847289136126143
0.9121542700210077 13.00886871840469 5209.048945251861 21.461871613823458 0.2888184772978104
0.9371774744750373 13.014763733002306 4563.352711639687 22.448938865241097 0.2929795073253483
0.9624655249263968 13.020966828848652 4002.778758334029 23.479327634319915 0.29721623122663526
0.9879874393000073 13.027352451292929 3515.002827928668 24.555435757537236 0.301534542431816
1.0137330792483825 13.033809778669939 3090.434097884843 25.679174093726502 0.30593583532034946
1.039699745307683 13.040271632737285 2720.178716187375 26.852568221123818 0.3104218422690298
1.06586504955028 13.046580026518555 2395.346001995415 28.07868567671455 0.3150010703416348
1.0921890121633258 13.052725323482415 2114.7069614172433 29.359543473143315 0.3196736997152971
1.1186898221822372 13.058559071038498 1867.5234325878926 30.697975263935444 0.32444494490063125
1.1453236874248107 13.064013307924911 1651.2522162142284 32.09730233899251 0.3293223290940602
1.1720889787420512 13.069021005430074 1461.3161960035063 33.55955021018119 0.33430409473148104
1.1989475312969158 13.073478116042779 1294.7828278141424 35.08922310421209 0.3394035465699533
1.225895923262319 13.077350206580396 1148.46387203941 36.68829608160396 0.3446171476593613
1.2528944800846262 13.08050468390344 1019.6704951011563 38.36186965425117 0.3499596305028718
1.2799382303352205 13.082943565971458 906.2428813988528 40.11223845149778 0.3554278815249607
1.306991819148288 13.084544944375454 806.3779723431924 41.9447731703929 0.3610358684037208
1.3340247552432072 13.085242617261391 718.162470180593 43.86306496320776 0.3667861190607246
1.3610345285354788 13.085032520573948 640.289746502874 45.871698062098275 0.37268580112849703
1.3879740128026599 13.083781186353828 571.4754716208059 47.976060851283066 0.3787451701535395
1.414818802629806 13.08145565232505 510.57875592460164 50.180974464629166 0.3849701970026623
1.4415508810152864 13.078014803970998 456.6268682840299 52.491541356312766 0.3913672353069359
1.4681463123082859 13.073408700545604 408.7885617825932 54.91424022646355 0.39794829089568007
1.4945569584186256 13.06753717109587 366.33628834993857 57.45526451658098 0.4047224307854622
1.5207698518650472 13.06038552105086 328.66851264000576 60.12124609725605 0.4116994325724813
1.5467540992138025 13.051890678390528 295.1224761911313 62.919294739331384 0.41888984294811166
1.572471349816478 13.04200307340208 265.311832932203 65.85704136467918 0.42630504099311095
1.597885687701073 13.030659587382544 238.7821897670346 68.9426854603648 0.4339573068098258
1.6229937989696361 13.017848238815848 215.10656006202933 72.18504708768198 0.4418598961202496
1.647735963556984 13.003486427049493 193.97684689877622 75.59362397163758 0.4500271215336656
1.6720833249870186 12.987546824496457 175.13124711372026 79.17825564782456 0.45847277695879096
1.6960210203337238 12.96998283800149 158.26890071650018 82.94934681120004 0.4672110115823402
1.7194997237923761 12.950764674594536 143.1923107939151 86.9195426245381 0.47626296109002314
1.7424818257785362 12.92981759565798 129.70088772092905 91.10031925302096 0.48564254305188226
1.7649639095463074 12.907153262567912 117.60541858758383 95.5059924340931 0.49537255768173866
1.7868754102272233 12.88267652151848 106.76201441961358 100.15001759224998 0.5054696657077693
1.808226544839177 12.85643686140529 97.02683496297688 105.04904178727585 0.5159600213047532
1.8289397019107658 12.828300634598694 88.28400084481348 110.21961858482216 0.5268661798656059
1.8490119505436524 12.79830911100227 80.41776048225279 115.67952936073027 0.53821203601933
1.8683839646971556 12.766359995062665 73.33808497736467 121.44873149657573 0.5500259584662701
1.8870599441101223 12.732528433547945 66.96668921095628 127.5486666461482 0.562337796647792
1.9049806176292579 12.696697373034429 61.218785112113814 134.00202853855166 0.575177719067413
1.9221207773350062 12.65886392101418 56.041516517314335 140.83442532847494 0.5885817041676535
1.938430239590422 12.618960837749198 51.3620001093937 148.0735490471317 0.6025880204696826
1.9539233373208267 12.577101828270521 47.136766354528895 155.74777204776655 0.6172319501114182
1.9685357582407443 12.533160109227737 43.31653113739251 163.8909092285962 0.632561620640344
1.982246187017574 12.487142649112135 39.856733374333785 172.53693225131886 0.6486191985017943
1.9950295183376057 12.439046540973058 36.724636503499035 181.72483479860708 0.6654567853098966
2.0068618271675973 12.388871797271507 33.88340182015151 191.49682012031312 0.6831294002008488
2.0177029086607883 12.33658136052925 31.310026389370798 201.89896355417488 0.7016963304960202
2.0275365445549296 12.282184953471456 28.97486964738122 212.98106771052548 0.721219680227282
2.0363386295942516 12.225696694870434 26.854854460061937 224.79904778860643 0.7417710842332323
2.044076846122852 12.167086530559232 24.92899585077427 237.41373564879518 0.7634264749325104
2.0507297145164425 12.106359649234069 23.174943518116688 250.89225279401919 0.7862691540674762
2.0562962123637902 12.043594636591378 21.582746703726848 265.3079374730986 0.8103879121263813
2.0607364841403295 11.978726417866648 20.13236074011792 280.7421283664804 0.8358809670443129
2.0640332735741875 11.911813511629516 18.81154976708929 297.2851204844777 0.8628569420238323
2.0661865626207234 11.842894068330311 17.60968016112076 315.037252835451 0.8914359855079798
2.0671727907521658 11.771985223049555 16.515096626796602 334.10779376586083 0.9217432550491527
